        4096     0.02000
       0.003       0.003       0.003       0.003       0.003       0.003       0.004       0.003       0.003       0.005
       0.004       0.004       0.015       0.004       0.001      -0.015       0.003       0.002      -0.009       0.002
       0.002      -0.029      -0.014      -0.002      -0.021       0.014       0.004      -0.007      -0.008      -0.000
      -0.013      -0.019      -0.002      -0.015      -0.026      -0.006      -0.019      -0.036      -0.014      -0.033
      -0.105      -0.113      -0.039       0.053       0.171       0.096       0.104       0.194       0.003       0.030
       0.192       0.042       0.041       0.246       0.162       0.076       0.120      -0.118      -0.288      -0.207
      -0.007       0.030       0.213       0.095       0.094       0.354       0.240       0.138       0.214       0.150
       0.246       0.439       0.212       0.037      -0.202      -0.484      -0.345      -0.009       0.142       0.385
       0.332       0.284       0.537       0.599       0.365       0.420      -0.026      -0.652      -0.552      -0.515
      -0.446      -0.323      -0.441      -0.628      -0.494      -0.599      -0.795      -0.444      -0.557      -0.846
      -0.462      -0.385      -0.729      -0.657      -0.586      -0.952      -0.969      -0.724      -0.169       0.528
       0.799       1.070       0.850       0.744       0.851       0.877       0.724       0.948       1.209       0.904
       0.748       0.160       0.014      -0.091       0.087       0.730       0.589       0.330      -0.162      -0.227
      -0.896      -1.127      -0.927      -0.072       0.373      -0.476      -0.629      -1.195      -1.593      -0.903
      -0.181       0.189       0.974       1.602       1.646       0.368      -0.911      -1.868      -1.367      -0.536
      -0.685      -0.540       0.083       0.804       1.461       1.337       1.630       1.696       2.164       1.856
       1.726       0.743      -0.603      -1.216      -1.353      -0.960      -0.433      -0.105       0.589       2.082
       1.861       0.741       0.620       0.450      -0.886      -2.005      -2.619      -2.709      -1.987      -1.130
      -0.089       0.624       0.578       1.126       1.109       0.492       1.515       2.395       1.589       0.325
      -1.282      -2.668      -1.657       0.941       1.825       0.521      -1.251      -2.234      -0.865       1.696
       2.541       1.255      -0.028      -0.051       0.864       2.595       2.188       0.743       0.876       2.300
       2.795       0.963      -0.854      -0.753       0.153      -0.695      -2.035      -2.716      -3.568      -2.139
      -0.526      -2.021      -3.038      -2.237      -2.309      -3.289      -3.352      -1.468       0.684       1.526
       1.256       2.579       3.670       3.834       1.575      -0.224      -1.125      -0.652       0.765       0.087
      -1.247      -2.983      -2.954      -1.305      -0.470       0.815       1.749       3.920       4.195       2.686
       0.018      -0.872      -0.399       0.693       1.486       0.608       0.072      -0.166      -0.398      -0.759
       0.378       1.148       1.470       3.164       3.604       1.667       0.032      -0.679       0.039       1.557
       0.632      -1.472      -0.809      -0.031      -1.510      -2.768      -3.174      -2.181      -1.619      -5.152
      -6.785      -5.438      -4.920      -4.147      -2.782      -1.909      -0.608      -2.703      -2.631       0.187
       1.912       0.082       1.083       4.372       5.133       3.840       0.032      -2.716      -3.246      -1.492
      -1.565      -1.536       0.065       2.588       5.889       8.057       6.561       3.495       3.393       2.511
       3.947       2.198      -0.747      -4.499      -7.022      -4.903      -2.614      -2.925      -1.788      -0.097
       1.038       0.983       4.666       8.372       8.387       6.805       1.802      -1.133      -2.161      -6.657
      -6.144      -1.398       3.448       5.856       5.859       5.753       4.964       4.714       1.834      -4.760
      -8.100      -8.957      -3.289      -0.002      -0.635      -3.245      -4.127      -2.385      -4.041      -5.360
      -2.124       1.976       0.826      -2.086      -0.219      -0.530      -2.017      -3.649      -6.137      -4.152
      -5.824      -4.410       3.208       8.113       8.994       6.768       0.600      -6.007      -5.452      -1.107
       1.566       0.672       1.251       0.603       3.136       5.710       5.107       8.338       4.517      -2.823
      -7.897      -9.398      -4.517       3.552       6.543      10.230      10.658       2.507      -4.613      -3.521
      -3.812      -4.552      -4.847      -4.664      -4.043      -3.607       2.094       7.792      10.871       8.324
       2.328      -0.245      -2.652      -4.228      -2.716      -2.189       0.853      -1.845      -6.256     -10.243
      -9.101      -0.424       6.175       7.534       5.194       2.651       3.635       6.152       2.684      -3.208
      -1.448       3.232       6.043       2.347       0.879       2.981       5.970       8.998       6.045      -5.043
     -10.708      -6.757       0.126       3.370       1.370       1.504      -3.360      -3.430      -4.800      -2.977
       4.461       6.746       4.718       0.451       0.115      -4.067      -8.028      -9.726      -4.402       2.856
       4.378       1.472      -2.859       2.824      12.159      15.173       7.984      -1.701      -3.216       1.369
       1.332      -7.260      -9.520      -2.137       7.256       8.755       2.967      -6.444     -11.225     -15.732
     -12.938      -7.716      -9.261      -4.438       1.166      -2.471      -3.796      -3.108      -1.146      11.136
      12.577       2.905      -4.368      -9.859      -4.176      -0.298       5.842      10.766       9.185      -0.835
     -14.564     -18.014     -12.716      -2.099      -1.223       2.260      10.733      16.116      12.417       9.022
      -0.225      -6.527     -11.647     -17.706     -11.825       2.724      15.268      16.770       6.343      -3.460
      -4.932      -1.244       7.600       5.316       5.074      10.952      11.654       8.632       9.765       7.895
      -3.964      -6.641      -9.133     -12.517      -3.269       6.186       9.330      19.177      17.325      -0.733
     -17.134     -19.954     -16.379     -13.529      -6.670      -6.487     -10.758      -9.582       0.692       6.970
      -1.441     -10.012      -7.583      -8.372      -3.580       5.048       4.395      10.437      14.779      18.689
      11.019      -4.535     -12.821      -8.749      -5.172      -6.355       0.086      12.235      19.746      22.381
      19.241       1.914     -14.601     -26.904     -24.188      -7.925       0.890       5.977       5.444       6.698
       7.595       5.948       7.861       6.669       6.410      12.520      11.704       2.016      -5.397       1.418
       7.051       2.234      -6.564      -4.711      -4.702      -9.514      -4.406       3.715       3.990     -12.013
     -22.386     -18.346      -5.960       4.032       0.583      -6.427       1.716       8.393       8.900      17.034
      18.244      14.873       1.851     -16.376     -21.623     -20.713     -10.341       6.232      16.582      13.052
       1.364       0.365       4.132       4.241       4.449      -4.847     -12.971      -7.511      -0.804       3.554
      -4.465      -9.811       2.596      11.268      13.723       3.096     -20.231     -23.867     -13.079      -0.330
       8.128      13.146       1.816      -5.423      -8.222      -3.365      -0.461      -4.795       6.026       5.974
      -4.725     -10.516     -11.143      -4.417      -5.574      -4.463      -8.196      -4.516      -3.119       2.780
       5.627       1.304       1.092     -13.440     -19.788      -9.768       6.187      12.366       2.559       5.026
      15.473      11.217       6.816       0.075      -7.802      -0.255       8.090      -0.172      -3.324      11.708
      25.721      22.079      14.953      15.733      11.712       4.602       3.016      16.994      11.731      -2.436
      -8.539     -14.831      -9.486       3.014      -9.287     -10.076      -7.735     -11.847      -7.249      -8.705
       5.453      16.621      20.656      13.453       2.061     -11.911     -15.517      -1.454       5.630      21.411
      28.345      25.176       5.195     -12.620     -15.414      -6.908      -7.979     -12.072       3.955      19.747
      19.743       6.738      -5.343      -8.767      -8.674      -4.609      -2.578      -4.729       5.720       2.962
     -12.740     -16.755     -15.364     -16.004     -10.540      -2.518      -1.017       8.583      17.100       4.672
     -11.932     -25.862     -16.677      -6.468       1.100      10.051      21.403      24.931      27.305      35.078
      32.532      25.543       9.395     -12.281     -30.538     -32.998     -23.913     -17.467      -3.030       4.436
       7.976       4.761      -1.102      -9.228      -4.293       2.573       8.629      15.307      13.179      11.494
       5.662       7.394       9.278       5.483       3.539      -1.624     -11.368     -13.745      -8.204      -6.282
      -7.912      -2.643       5.526      -0.573     -13.274     -24.053     -15.791      10.445      24.682      19.450
       6.258     -10.515     -19.798     -30.215     -32.334     -21.343     -15.055      -8.080       4.220      16.632
      20.206      25.162      17.338       3.353      -6.760     -15.748     -14.136     -13.715      -6.480      -1.029
      -0.340       3.470      -2.192      -2.977       6.141       6.505      -6.307     -11.868      -0.878      11.276
      15.380      15.214      15.054       3.273     -10.549      -9.348      -8.313       1.548       4.159       9.406
      10.619      -0.674     -10.506     -13.393     -12.939      -5.854      -3.942     -16.639      -9.992      -2.268
      10.287      28.203      29.257      19.035       7.199      -5.758     -10.400     -16.441     -13.015      -5.456
     -16.606     -19.644     -24.385     -27.324     -16.856       6.866      29.967      37.324      25.127      -2.734
     -13.747      -7.930      -7.107      -4.669      -3.791      -6.384      -5.817      -6.090      -9.412       0.845
      11.774      -0.564       3.835      16.313      23.321      19.614      12.740       4.219       4.344       0.007
      -9.960     -21.602     -14.361      -1.943      -3.390      -7.086     -16.412      -3.930      -1.728       0.165
      -2.480      -4.244       1.564       8.785      13.228      -3.210     -10.540      -6.433       2.034      -2.774
       6.184       9.743       5.590      -1.793      -2.459       1.782      -9.373      -5.859      -9.128     -18.606
     -16.174      -4.280       7.536      13.664      17.542      25.586      19.560      -1.709     -24.030     -26.834
      -7.610       1.899      -0.954      -9.678      -2.621       5.419       1.008      -2.699      -8.807       0.787
       4.806      -1.625      -7.094     -10.956      -7.379       3.468      16.557       2.678      -9.895      -4.834
      -3.551       5.027      12.296       5.340      -5.696      -3.615      -8.836     -21.785     -19.853     -14.085
      -3.905      12.609      23.178      22.934      22.910      27.187      17.339       2.697      -9.451      -1.968
      12.885      20.180      15.717      11.785      19.145       5.864      -6.385      -5.871     -14.503     -21.039
     -19.481      -7.379       5.760       8.249       5.592       6.413      -8.158     -16.930     -12.705      -9.966
     -13.761     -22.707     -17.382      -7.028       2.136       7.549      11.662      15.423       4.811       6.102
      14.321       4.027      -4.985     -13.353      -5.901      -1.971      -4.098      -5.458     -13.325      -9.855
       8.836      30.440      37.254      29.045      12.855      11.613       5.307     -15.561     -30.441     -30.063
     -15.429      -4.369       3.116      -5.796     -11.042     -20.546     -15.850      -7.741     -11.192       1.381
      17.298      18.123       4.696      -4.488       3.508      11.011       7.171      -9.915     -22.920     -13.886
      -4.580      -3.309      -2.329      -0.985      14.175      23.143      16.543       3.166      -6.502     -20.983
     -29.116     -16.453       4.942      14.371      16.595      -1.151     -18.370     -12.156       8.110      19.600
      24.376      22.449      21.260      19.523      -0.333     -15.362     -21.456     -20.834      -4.808       0.573
      -8.306       2.176      11.318       8.502      13.201       3.934      -5.814      -6.341      -7.246      -5.573
       3.286       3.697      -0.858      10.961      21.426      22.966       8.051     -17.004     -25.059     -15.403
       4.816      11.106       9.604       2.350      -4.677       5.227      18.202      23.653       8.701      -6.530
     -13.090     -26.187     -27.294     -14.763      -4.760      10.819      24.041      23.921      15.006      -2.543
     -11.000      -0.739      -3.123      -9.403       2.139       2.149       1.138      11.455       3.407      -8.216
      -1.264      -2.336     -19.440     -20.687     -19.545     -15.608      -5.388       6.539      20.027      22.378
      13.236      -5.552     -17.748     -21.969     -10.576      -3.342      -3.524      -7.204      -3.243      14.088
      18.800      12.451      12.208      23.527      14.525      -8.481     -19.550     -11.434      -0.856      -9.179
     -22.434     -16.437       2.557       8.092      14.318      18.942      20.313      17.408       5.157       9.035
      12.496      24.396      25.740      12.189      10.764       9.713      -6.396     -19.991      -9.424      -6.698
      -8.310      -8.576     -25.753     -26.435      -7.624       0.954       5.997      15.229      11.450      -2.020
      -3.113      -6.918      -3.075       1.881      -2.886       0.089      -4.309      -9.516      -4.801      10.722
      28.379      38.003      30.275      11.571      -1.779      -9.648     -11.576     -21.652     -21.534      -9.586
      -8.247      -2.189      12.723       9.076      -3.575       2.588       8.503       7.074      12.165       6.545
      -3.816      -4.073     -12.479      -8.900      -6.349       2.109      13.820      11.224       1.501      -2.530
       0.008       1.648      10.313      10.395       7.491      -2.613      -9.022       1.877       6.599      -2.290
     -11.780     -16.615     -18.109      -8.043      -4.941     -15.712     -23.739     -22.073     -18.705     -11.827
      -1.541      -0.022      -2.515       3.369      10.358      17.253      19.952      17.703      24.272      22.906
       8.374     -11.713     -24.773     -26.977     -17.970      -3.342       8.123      15.035      11.316      -0.742
      -7.299       4.812       9.502      -7.591     -22.621     -23.324      -7.980      11.632      25.191      27.498
      20.838      10.657      -3.346     -22.786     -27.746     -16.202      -6.010       6.208      10.182       2.455
      -3.198       3.845      12.187      12.142      14.678       8.330      -2.147      -7.554      -4.295     -10.463
     -20.880     -19.680     -14.303      -3.174       3.805       2.049       0.253       6.359       4.252      -1.222
       3.548       1.089      -1.806       4.780      -1.907     -13.713      -7.103       8.950      19.778      13.237
       4.983      -0.592       1.754       8.902      -0.801      -7.168      -8.316      -5.138       9.583      18.174
      20.018      17.095       4.320      -8.920     -13.933     -12.450      -6.750      -3.939       0.566       6.197
       7.899       0.447      -9.289      -2.801       1.259       3.655      11.633      11.179       7.932       8.052
       6.117       2.520       4.631       0.705      -8.673      -4.793      -5.676      -3.461      -4.253      -8.541
      -3.560       3.084      -0.288      -5.840       0.111       0.805       3.570       5.271      -0.392     -10.293
     -17.751     -16.412      -6.517       6.909      13.079      12.131       2.996       0.485      -2.974      -6.183
      -4.841      -1.756       7.063      11.416       7.117       0.225       0.062       0.190       0.752       1.914
       0.331      -5.320      -8.452      -5.710      -7.155      -5.687      -1.101       1.196       2.141       1.445
      -7.983     -12.154      -7.848      -1.772       3.598       8.980      10.716      11.338       6.434       3.398
       0.489      -4.176       2.331      11.533      10.139       4.582      -0.525       0.052       1.899       0.294
      -5.074      -3.561       1.484      -1.336       4.249      10.191       3.563      -2.034      -0.872      -8.726
     -13.805     -12.798     -12.078      -4.722       1.373       5.071       9.792      10.122      -0.799      -7.393
      -6.238      -2.077       2.997       6.014       3.341       2.231       4.206       0.708       2.761       5.016
       7.074       8.024       6.545       1.869      -1.454      -4.962      -3.954      -1.838      -4.318       0.933
       3.247      -1.347       0.888       5.733       4.121      -2.007      -5.143      -6.449      -2.447      -2.465
      -8.719      -4.037       7.204      16.455      19.832      16.097       7.483      -2.171      -6.950      -6.472
     -12.544     -14.226     -10.862      -9.783      -4.293       2.121       1.309       3.547       1.476      -2.868
      -3.110      -2.949      -8.723     -13.995      -8.400      -1.614       1.316       6.212       3.718       0.677
      -1.542      -6.034      -5.583      -4.045      -3.440      -8.079      -5.984       0.230       4.863      10.083
      14.056      15.414      12.058       4.275      -5.310     -10.298      -9.839      -3.119       1.149       3.002
       4.069       5.501       0.477      -2.938       1.004       4.977       3.540      -1.397      -6.258      -5.611
      -1.685      -3.412      -0.498       7.678      12.688      12.986       9.338       7.259       3.981      -0.020
      -0.298      -0.136      -0.759      -1.201      -0.013       2.697       1.773       0.168      -1.418       1.069
       0.669      -0.932      -5.142      -8.024      -5.990      -1.054       2.093       1.467       0.125       0.577
       0.690      -1.867      -1.691      -0.217      -1.544      -3.332       1.170       5.235       4.880       4.100
       1.699       0.356       1.905      -0.178      -3.960      -4.957      -1.704       1.559       0.831      -3.235
      -2.763       2.426       5.969       5.635       3.010      -1.578      -4.065      -2.361       0.831       1.742
      -0.194      -3.843      -6.076      -6.051      -3.187       1.439       4.489       3.531       1.155       3.526
       4.994       5.120       6.860       5.023       1.311      -3.257      -8.848     -10.260      -5.393      -0.249
       2.634      -1.125      -5.952      -9.233      -7.063      -2.280       1.979       4.698       2.796      -1.041
      -4.114      -2.931      -1.943       1.351       0.326      -1.207      -2.838      -4.560       0.344       5.918
       8.876       9.223       6.468       1.495      -5.006      -7.405      -4.443       1.497       6.919       5.975
       3.196      -0.222      -3.968      -3.517      -4.229      -6.995      -7.611      -5.933      -0.601       4.194
       4.585      -0.422      -4.984      -4.194      -4.393      -3.820      -4.742      -3.707      -2.829      -0.619
       2.543       6.672      10.542      13.454      11.172       6.051       2.090      -0.091       1.795       2.249
      -0.430      -3.664      -6.192     -10.042     -10.281      -5.426      -0.339       1.273       0.986       2.031
       2.256       1.837       0.294       1.108       2.034       3.641       2.164      -0.849      -0.472      -0.897
      -1.118      -0.447       0.809       2.457       1.372       0.784       1.552       0.168       1.348       3.796
       2.710       2.819       0.886      -2.920      -2.140       0.955       0.616      -1.168      -2.583      -2.534
      -0.643       2.747       4.653       3.482       2.151      -0.437      -0.415      -0.527      -3.551      -2.673
      -0.384       3.261       7.371       6.437       4.421       1.764      -1.895      -2.743      -2.647      -2.387
      -0.609      -0.312      -1.724      -1.856       0.290      -0.175      -2.732      -3.480      -3.594      -0.865
       0.227      -0.296       0.764       0.652      -1.590      -2.298      -1.792      -2.197      -1.407      -2.118
      -2.412      -0.483       2.022       2.936       2.789       1.060      -0.771      -2.522      -4.056      -4.252
      -0.805       1.817       3.840       4.318       1.184      -1.877      -1.768      -1.777      -0.729      -0.859
      -1.098       2.595       4.178       3.509       2.710       0.753       1.385       1.746       0.228      -1.227
      -1.510       0.740       3.067       4.237       4.662       3.473       1.717      -0.584      -1.575       0.210
       1.087       2.401       1.385      -0.118      -1.334      -2.574      -2.904      -2.387       0.013       0.271
      -0.467       1.050       0.664      -1.188      -1.669      -3.225      -2.584      -1.377      -2.268      -1.396
       1.064       1.888       2.780       2.898       2.106       1.204       1.269       2.569       1.143      -0.399
      -2.716      -3.545      -0.802       1.743       3.191       2.915       0.319      -0.727      -1.895      -4.002
      -3.955      -3.349      -1.683       0.010      -0.245       0.344       0.941       0.496      -0.098      -0.749
      -0.566      -1.096      -0.709      -0.059       1.502       3.164       3.095       1.949      -0.204      -0.413
       0.234       0.741       1.503       0.126      -2.536      -2.686      -0.603       1.437       1.924       0.304
      -2.934      -4.598      -4.907      -4.210      -1.819      -0.407      -1.253      -2.495      -3.355      -2.366
      -0.239       0.798       1.847       1.711      -0.934      -2.173      -1.964      -0.982      -0.248       0.171
       1.435       1.461       0.521      -1.073      -1.335       0.153       1.536       1.585       0.421       0.136
      -0.832      -1.816      -0.650      -0.308      -0.664      -0.861       0.290       1.344       1.649       1.746
       2.017       2.666       2.398       2.753       3.060       2.605       1.607       1.508      -0.163      -1.703
      -2.069      -1.952      -0.366      -1.595      -3.500      -3.351      -1.683       0.194       1.568       2.126
       1.930       3.056       1.723      -0.422      -0.603      -1.257      -1.608       0.276       0.418      -0.864
      -0.486      -0.412      -0.900      -0.924      -0.563      -0.535       0.571       0.487      -0.168       0.081
       0.464       1.579       2.493       1.904       0.486      -1.002      -1.627      -0.665       1.411       2.577
       2.196       0.866       0.703       0.419       0.502       0.903       0.492       0.111      -0.880      -1.611
      -2.262      -1.525      -0.452       1.418       2.650       1.501       0.962       0.563      -0.557      -1.827
      -1.504      -1.634      -2.223      -1.391      -1.591      -1.238       0.402       0.998       1.960       2.478
       1.744       0.226      -1.355      -1.302      -0.310       0.055       0.118       0.151       0.549       1.593
       2.477       1.471       0.491       0.436       0.619       0.475       0.453       0.590      -0.036      -0.282
      -1.169      -1.685      -1.314      -0.497       0.151       0.381      -0.148      -1.332      -1.877      -1.450
      -0.482      -0.269      -0.545      -0.833      -0.897      -1.117      -1.295      -0.620      -0.006      -0.113
      -0.507      -0.630      -0.725      -0.451       0.450       0.845       1.340       1.210       0.677       0.424
       0.522       0.958       1.215       0.890       0.430       0.092      -0.362      -0.369      -0.212      -0.124
      -0.020      -0.016      -0.267      -0.430      -0.522      -0.585      -0.459      -0.280      -0.154      -0.095
      -0.127      -0.189      -0.102      -0.052      -0.022      -0.160      -0.268      -0.038       0.076       0.083
       0.105       0.064      -0.109      -0.100      -0.012      -0.023       0.175       0.341       0.399       0.432
       0.343       0.187       0.055      -0.068      -0.145      -0.113      -0.127      -0.090      -0.001       0.023
       0.038       0.055       0.039       0.038       0.052       0.041       0.037       0.019       0.000       0.000
       0.000       0.000       0.000       0.000       0.000       0.000       0.000       0.000       0.000       0.000
       0.000       0.000       0.000       0.000       0.000       0.000       0.000       0.000       0.000       0.000
       0.000       0.000       0.000       0.000       0.000       0.000       0.000       0.000       0.000       0.000
       0.000       0.000       0.000       0.000       0.000       0.000       0.000       0.000       0.000       0.000
       0.000       0.000       0.000       0.000       0.000       0.000       0.000       0.000       0.000       0.000
       0.000       0.000       0.000       0.000       0.000       0.000       0.000       0.000       0.000       0.000
       0.000       0.000       0.000       0.000       0.000       0.000       0.000       0.000       0.000       0.000
       0.000       0.000       0.000       0.000       0.000       0.000       0.000       0.000       0.000       0.000
       0.000       0.000       0.000       0.000       0.000       0.000       0.000       0.000       0.000       0.000
       0.000       0.000       0.000       0.000       0.000       0.000       0.000       0.000       0.000       0.000
       0.000       0.000       0.000       0.000       0.000       0.000       0.000       0.000       0.000       0.000
       0.000       0.000       0.000       0.000       0.000       0.000       0.000       0.000       0.000       0.000
       0.000       0.000       0.000       0.000       0.000       0.000       0.000       0.000       0.000       0.000
       0.000       0.000       0.000       0.000       0.000       0.000       0.000       0.000       0.000       0.000
       0.000       0.000       0.000       0.000       0.000       0.000       0.000       0.000       0.000       0.000
       0.000       0.000       0.000       0.000       0.000       0.000       0.000       0.000       0.000       0.000
       0.000       0.000       0.000       0.000       0.000       0.000       0.000       0.000       0.000       0.000
       0.000       0.000       0.000       0.000       0.000       0.000       0.000       0.000       0.000       0.000
       0.000       0.000       0.000       0.000       0.000       0.000       0.000       0.000       0.000       0.000
       0.000       0.000       0.000       0.000       0.000       0.000       0.000       0.000       0.000       0.000
       0.000       0.000       0.000       0.000       0.000       0.000       0.000       0.000       0.000       0.000
       0.000       0.000       0.000       0.000       0.000       0.000       0.000       0.000       0.000       0.000
       0.000       0.000       0.000       0.000       0.000       0.000       0.000       0.000       0.000       0.000
       0.000       0.000       0.000       0.000       0.000       0.000       0.000       0.000       0.000       0.000
       0.000       0.000       0.000       0.000       0.000       0.000       0.000       0.000       0.000       0.000
       0.000       0.000       0.000       0.000       0.000       0.000       0.000       0.000       0.000       0.000
       0.000       0.000       0.000       0.000       0.000       0.000       0.000       0.000       0.000       0.000
       0.000       0.000       0.000       0.000       0.000       0.000       0.000       0.000       0.000       0.000
       0.000       0.000       0.000       0.000       0.000       0.000       0.000       0.000       0.000       0.000
       0.000       0.000       0.000       0.000       0.000       0.000       0.000       0.000       0.000       0.000
       0.000       0.000       0.000       0.000       0.000       0.000       0.000       0.000       0.000       0.000
       0.000       0.000       0.000       0.000       0.000       0.000       0.000       0.000       0.000       0.000
       0.000       0.000       0.000       0.000       0.000       0.000       0.000       0.000       0.000       0.000
       0.000       0.000       0.000       0.000       0.000       0.000       0.000       0.000       0.000       0.000
       0.000       0.000       0.000       0.000       0.000       0.000       0.000       0.000       0.000       0.000
       0.000       0.000       0.000       0.000       0.000       0.000       0.000       0.000       0.000       0.000
       0.000       0.000       0.000       0.000       0.000       0.000       0.000       0.000       0.000       0.000
       0.000       0.000       0.000       0.000       0.000       0.000       0.000       0.000       0.000       0.000
       0.000       0.000       0.000       0.000       0.000       0.000       0.000       0.000       0.000       0.000
       0.000       0.000       0.000       0.000       0.000       0.000       0.000       0.000       0.000       0.000
       0.000       0.000       0.000       0.000       0.000       0.000       0.000       0.000       0.000       0.000
       0.000       0.000       0.000       0.000       0.000       0.000       0.000       0.000       0.000       0.000
       0.000       0.000       0.000       0.000       0.000       0.000       0.000       0.000       0.000       0.000
       0.000       0.000       0.000       0.000       0.000       0.000       0.000       0.000       0.000       0.000
       0.000       0.000       0.000       0.000       0.000       0.000       0.000       0.000       0.000       0.000
       0.000       0.000       0.000       0.000       0.000       0.000       0.000       0.000       0.000       0.000
       0.000       0.000       0.000       0.000       0.000       0.000       0.000       0.000       0.000       0.000
       0.000       0.000       0.000       0.000       0.000       0.000       0.000       0.000       0.000       0.000
       0.000       0.000       0.000       0.000       0.000       0.000       0.000       0.000       0.000       0.000
       0.000       0.000       0.000       0.000       0.000       0.000       0.000       0.000       0.000       0.000
       0.000       0.000       0.000       0.000       0.000       0.000       0.000       0.000       0.000       0.000
       0.000       0.000       0.000       0.000       0.000       0.000       0.000       0.000       0.000       0.000
       0.000       0.000       0.000       0.000       0.000       0.000       0.000       0.000       0.000       0.000
       0.000       0.000       0.000       0.000       0.000       0.000       0.000       0.000       0.000       0.000
       0.000       0.000       0.000       0.000       0.000       0.000       0.000       0.000       0.000       0.000
       0.000       0.000       0.000       0.000       0.000       0.000       0.000       0.000       0.000       0.000
       0.000       0.000       0.000       0.000       0.000       0.000       0.000       0.000       0.000       0.000
       0.000       0.000       0.000       0.000       0.000       0.000       0.000       0.000       0.000       0.000
       0.000       0.000       0.000       0.000       0.000       0.000       0.000       0.000       0.000       0.000
       0.000       0.000       0.000       0.000       0.000       0.000       0.000       0.000       0.000       0.000
       0.000       0.000       0.000       0.000       0.000       0.000       0.000       0.000       0.000       0.000
       0.000       0.000       0.000       0.000       0.000       0.000       0.000       0.000       0.000       0.000
       0.000       0.000       0.000       0.000       0.000       0.000       0.000       0.000       0.000       0.000
       0.000       0.000       0.000       0.000       0.000       0.000       0.000       0.000       0.000       0.000
       0.000       0.000       0.000       0.000       0.000       0.000       0.000       0.000       0.000       0.000
       0.000       0.000       0.000       0.000       0.000       0.000       0.000       0.000       0.000       0.000
       0.000       0.000       0.000       0.000       0.000       0.000       0.000       0.000       0.000       0.000
       0.000       0.000       0.000       0.000       0.000       0.000       0.000       0.000       0.000       0.000
       0.000       0.000       0.000       0.000       0.000       0.000       0.000       0.000       0.000       0.000
       0.000       0.000       0.000       0.000       0.000       0.000       0.000       0.000       0.000       0.000
       0.000       0.000       0.000       0.000       0.000       0.000       0.000       0.000       0.000       0.000
       0.000       0.000       0.000       0.000       0.000       0.000       0.000       0.000       0.000       0.000
       0.000       0.000       0.000       0.000       0.000       0.000       0.000       0.000       0.000       0.000
       0.000       0.000       0.000       0.000       0.000       0.000       0.000       0.000       0.000       0.000
       0.000       0.000       0.000       0.000       0.000       0.000       0.000       0.000       0.000       0.000
       0.000       0.000       0.000       0.000       0.000       0.000       0.000       0.000       0.000       0.000
       0.000       0.000       0.000       0.000       0.000       0.000       0.000       0.000       0.000       0.000
       0.000       0.000       0.000       0.000       0.000       0.000       0.000       0.000       0.000       0.000
       0.000       0.000       0.000       0.000       0.000       0.000       0.000       0.000       0.000       0.000
       0.000       0.000       0.000       0.000       0.000       0.000       0.000       0.000       0.000       0.000
       0.000       0.000       0.000       0.000       0.000       0.000       0.000       0.000       0.000       0.000
       0.000       0.000       0.000       0.000       0.000       0.000       0.000       0.000       0.000       0.000
       0.000       0.000       0.000       0.000       0.000       0.000       0.000       0.000       0.000       0.000
       0.000       0.000       0.000       0.000       0.000       0.000       0.000       0.000       0.000       0.000
       0.000       0.000       0.000       0.000       0.000       0.000       0.000       0.000       0.000       0.000
       0.000       0.000       0.000       0.000       0.000       0.000       0.000       0.000       0.000       0.000
       0.000       0.000       0.000       0.000       0.000       0.000       0.000       0.000       0.000       0.000
       0.000       0.000       0.000       0.000       0.000       0.000       0.000       0.000       0.000       0.000
       0.000       0.000       0.000       0.000       0.000       0.000       0.000       0.000       0.000       0.000
       0.000       0.000       0.000       0.000       0.000       0.000       0.000       0.000       0.000       0.000
       0.000       0.000       0.000       0.000       0.000       0.000       0.000       0.000       0.000       0.000
       0.000       0.000       0.000       0.000       0.000       0.000       0.000       0.000       0.000       0.000
       0.000       0.000       0.000       0.000       0.000       0.000       0.000       0.000       0.000       0.000
       0.000       0.000       0.000       0.000       0.000       0.000       0.000       0.000       0.000       0.000
       0.000       0.000       0.000       0.000       0.000       0.000       0.000       0.000       0.000       0.000
       0.000       0.000       0.000       0.000       0.000       0.000       0.000       0.000       0.000       0.000
       0.000       0.000       0.000       0.000       0.000       0.000       0.000       0.000       0.000       0.000
       0.000       0.000       0.000       0.000       0.000       0.000       0.000       0.000       0.000       0.000
       0.000       0.000       0.000       0.000       0.000       0.000       0.000       0.000       0.000       0.000
       0.000       0.000       0.000       0.000       0.000       0.000       0.000       0.000       0.000       0.000
       0.000       0.000       0.000       0.000       0.000       0.000       0.000       0.000       0.000       0.000
       0.000       0.000       0.000       0.000       0.000       0.000       0.000       0.000       0.000       0.000
       0.000       0.000       0.000       0.000       0.000       0.000       0.000       0.000       0.000       0.000
       0.000       0.000       0.000       0.000       0.000       0.000       0.000       0.000       0.000       0.000
       0.000       0.000       0.000       0.000       0.000       0.000       0.000       0.000       0.000       0.000
       0.000       0.000       0.000       0.000       0.000       0.000       0.000       0.000       0.000       0.000
       0.000       0.000       0.000       0.000       0.000       0.000       0.000       0.000       0.000       0.000
       0.000       0.000       0.000       0.000       0.000       0.000       0.000       0.000       0.000       0.000
       0.000       0.000       0.000       0.000       0.000       0.000       0.000       0.000       0.000       0.000
       0.000       0.000       0.000       0.000       0.000       0.000       0.000       0.000       0.000       0.000
       0.000       0.000       0.000       0.000       0.000       0.000       0.000       0.000       0.000       0.000
       0.000       0.000       0.000       0.000       0.000       0.000       0.000       0.000       0.000       0.000
       0.000       0.000       0.000       0.000       0.000       0.000       0.000       0.000       0.000       0.000
       0.000       0.000       0.000       0.000       0.000       0.000       0.000       0.000       0.000       0.000
       0.000       0.000       0.000       0.000       0.000       0.000       0.000       0.000       0.000       0.000
       0.000       0.000       0.000       0.000       0.000       0.000       0.000       0.000       0.000       0.000
       0.000       0.000       0.000       0.000       0.000       0.000       0.000       0.000       0.000       0.000
       0.000       0.000       0.000       0.000       0.000       0.000       0.000       0.000       0.000       0.000
       0.000       0.000       0.000       0.000       0.000       0.000       0.000       0.000       0.000       0.000
       0.000       0.000       0.000       0.000       0.000       0.000       0.000       0.000       0.000       0.000
       0.000       0.000       0.000       0.000       0.000       0.000       0.000       0.000       0.000       0.000
       0.000       0.000       0.000       0.000       0.000       0.000       0.000       0.000       0.000       0.000
       0.000       0.000       0.000       0.000       0.000       0.000       0.000       0.000       0.000       0.000
       0.000       0.000       0.000       0.000       0.000       0.000       0.000       0.000       0.000       0.000
       0.000       0.000       0.000       0.000       0.000       0.000       0.000       0.000       0.000       0.000
       0.000       0.000       0.000       0.000       0.000       0.000       0.000       0.000       0.000       0.000
       0.000       0.000       0.000       0.000       0.000       0.000       0.000       0.000       0.000       0.000
       0.000       0.000       0.000       0.000       0.000       0.000       0.000       0.000       0.000       0.000
       0.000       0.000       0.000       0.000       0.000       0.000       0.000       0.000       0.000       0.000
       0.000       0.000       0.000       0.000       0.000       0.000       0.000       0.000       0.000       0.000
       0.000       0.000       0.000       0.000       0.000       0.000       0.000       0.000       0.000       0.000
       0.000       0.000       0.000       0.000       0.000       0.000       0.000       0.000       0.000       0.000
       0.000       0.000       0.000       0.000       0.000       0.000       0.000       0.000       0.000       0.000
       0.000       0.000       0.000       0.000       0.000       0.000       0.000       0.000       0.000       0.000
       0.000       0.000       0.000       0.000       0.000       0.000       0.000       0.000       0.000       0.000
       0.000       0.000       0.000       0.000       0.000       0.000       0.000       0.000       0.000       0.000
       0.000       0.000       0.000       0.000       0.000       0.000       0.000       0.000       0.000       0.000
       0.000       0.000       0.000       0.000       0.000       0.000       0.000       0.000       0.000       0.000
       0.000       0.000       0.000       0.000       0.000       0.000       0.000       0.000       0.000       0.000
       0.000       0.000       0.000       0.000       0.000       0.000       0.000       0.000       0.000       0.000
       0.000       0.000       0.000       0.000       0.000       0.000       0.000       0.000       0.000       0.000
       0.000       0.000       0.000       0.000       0.000       0.000       0.000       0.000       0.000       0.000
       0.000       0.000       0.000       0.000       0.000       0.000       0.000       0.000       0.000       0.000
       0.000       0.000       0.000       0.000       0.000       0.000       0.000       0.000       0.000       0.000
       0.000       0.000       0.000       0.000       0.000       0.000       0.000       0.000       0.000       0.000
       0.000       0.000       0.000       0.000       0.000       0.000       0.000       0.000       0.000       0.000
       0.000       0.000       0.000       0.000       0.000       0.000       0.000       0.000       0.000       0.000
       0.000       0.000       0.000       0.000       0.000       0.000       0.000       0.000       0.000       0.000
       0.000       0.000       0.000       0.000       0.000       0.000       0.000       0.000       0.000       0.000
       0.000       0.000       0.000       0.000       0.000       0.000       0.000       0.000       0.000       0.000
       0.000       0.000       0.000       0.000       0.000       0.000       0.000       0.000       0.000       0.000
       0.000       0.000       0.000       0.000       0.000       0.000       0.000       0.000       0.000       0.000
       0.000       0.000       0.000       0.000       0.000       0.000       0.000       0.000       0.000       0.000
       0.000       0.000       0.000       0.000       0.000       0.000       0.000       0.000       0.000       0.000
       0.000       0.000       0.000       0.000       0.000       0.000       0.000       0.000       0.000       0.000
       0.000       0.000       0.000       0.000       0.000       0.000       0.000       0.000       0.000       0.000
       0.000       0.000       0.000       0.000       0.000       0.000       0.000       0.000       0.000       0.000
       0.000       0.000       0.000       0.000       0.000       0.000       0.000       0.000       0.000       0.000
       0.000       0.000       0.000       0.000       0.000       0.000       0.000       0.000       0.000       0.000
       0.000       0.000       0.000       0.000       0.000       0.000       0.000       0.000       0.000       0.000
       0.000       0.000       0.000       0.000       0.000       0.000       0.000       0.000       0.000       0.000
       0.000       0.000       0.000       0.000       0.000       0.000       0.000       0.000       0.000       0.000
       0.000       0.000       0.000       0.000       0.000       0.000       0.000       0.000       0.000       0.000
       0.000       0.000       0.000       0.000       0.000       0.000       0.000       0.000       0.000       0.000
       0.000       0.000       0.000       0.000       0.000       0.000       0.000       0.000       0.000       0.000
       0.000       0.000       0.000       0.000       0.000       0.000       0.000       0.000       0.000       0.000
       0.000       0.000       0.000       0.000       0.000       0.000       0.000       0.000       0.000       0.000
       0.000       0.000       0.000       0.000       0.000       0.000       0.000       0.000       0.000       0.000
       0.000       0.000       0.000       0.000       0.000       0.000       0.000       0.000       0.000       0.000
       0.000       0.000       0.000       0.000       0.000       0.000       0.000       0.000       0.000       0.000
       0.000       0.000       0.000       0.000       0.000       0.000       0.000       0.000       0.000       0.000
       0.000       0.000       0.000       0.000       0.000       0.000       0.000       0.000       0.000       0.000
       0.000       0.000       0.000       0.000       0.000       0.000       0.000       0.000       0.000       0.000
       0.000       0.000       0.000       0.000       0.000       0.000       0.000       0.000       0.000       0.000
       0.000       0.000       0.000       0.000       0.000       0.000       0.000       0.000       0.000       0.000
       0.000       0.000       0.000       0.000       0.000       0.000       0.000       0.000       0.000       0.000
       0.000       0.000       0.000       0.000       0.000       0.000       0.000       0.000       0.000       0.000
       0.000       0.000       0.000       0.000       0.000       0.000       0.000       0.000       0.000       0.000
       0.000       0.000       0.000       0.000       0.000       0.000       0.000       0.000       0.000       0.000
       0.000       0.000       0.000       0.000       0.000       0.000       0.000       0.000       0.000       0.000
       0.000       0.000       0.000       0.000       0.000       0.000       0.000       0.000       0.000       0.000
       0.000       0.000       0.000       0.000       0.000       0.000       0.000       0.000       0.000       0.000
       0.000       0.000       0.000       0.000       0.000       0.000       0.000       0.000       0.000       0.000
       0.000       0.000       0.000       0.000       0.000       0.000       0.000       0.000       0.000       0.000
       0.000       0.000       0.000       0.000       0.000       0.000       0.000       0.000       0.000       0.000
       0.000       0.000       0.000       0.000       0.000       0.000       0.000       0.000       0.000       0.000
       0.000       0.000       0.000       0.000       0.000       0.000       0.000       0.000       0.000       0.000
       0.000       0.000       0.000       0.000       0.000       0.000       0.000       0.000       0.000       0.000
       0.000       0.000       0.000       0.000       0.000       0.000       0.000       0.000       0.000       0.000
       0.000       0.000       0.000       0.000       0.000       0.000       0.000       0.000       0.000       0.000
       0.000       0.000       0.000       0.000       0.000       0.000       0.000       0.000       0.000       0.000
       0.000       0.000       0.000       0.000       0.000       0.000       0.000       0.000       0.000       0.000
       0.000       0.000       0.000       0.000       0.000       0.000       0.000       0.000       0.000       0.000
       0.000       0.000       0.000       0.000       0.000       0.000       0.000       0.000       0.000       0.000
       0.000       0.000       0.000       0.000       0.000       0.000       0.000       0.000       0.000       0.000
       0.000       0.000       0.000       0.000       0.000       0.000       0.000       0.000       0.000       0.000
       0.000       0.000       0.000       0.000       0.000       0.000       0.000       0.000       0.000       0.000
       0.000       0.000       0.000       0.000       0.000       0.000       0.000       0.000       0.000       0.000
       0.000       0.000       0.000       0.000       0.000       0.000       0.000       0.000       0.000       0.000
       0.000       0.000       0.000       0.000       0.000       0.000       0.000       0.000       0.000       0.000
       0.000       0.000       0.000       0.000       0.000       0.000       0.000       0.000       0.000       0.000
       0.000       0.000       0.000       0.000       0.000       0.000       0.000       0.000       0.000       0.000
       0.000       0.000       0.000       0.000       0.000       0.000       0.000       0.000       0.000       0.000
       0.000       0.000       0.000       0.000       0.000       0.000