        2048     0.02000
      -0.025      -0.025      -0.025      -0.014      -0.025      -0.025       0.021      -0.022      -0.024       0.049
       0.024      -0.020      -0.068      -0.241      -0.111      -0.001       0.044      -0.185      -0.358      -0.055
       0.167       0.537       0.490      -0.339       0.158       0.287       0.837       0.195      -0.135      -0.960
      -1.173      -0.253       0.405       0.330       0.455       0.173       1.627       0.898       0.786       1.914
       1.681       1.037      -0.726      -0.465      -1.629      -2.234      -1.027      -1.389      -2.458      -2.091
      -1.658      -2.470      -2.486      -2.332      -3.522      -3.882      -2.647      -2.684      -1.504      -2.387
      -1.412       0.438      -1.635      -1.789       0.184       3.669       4.746       5.505       5.871       4.341
       4.799       4.580       5.409       2.732       0.700       1.570       1.752       2.467       1.493      -1.793
      -5.173      -8.391      -5.847      -5.000      -8.224      -7.769      -7.649      -9.677      -7.508       1.843
       3.651       0.367      -0.186      -2.473      -4.358      -5.884      -7.677     -10.011     -11.772      -8.291
      -5.430      -4.408      -1.786       0.425       4.132       3.944       8.416       9.658       7.737       2.301
       7.013       9.484       8.241       6.744       3.967      -2.930      -8.289     -12.400     -16.370     -18.083
      -6.899       6.621      15.784      19.267      14.983      11.759      13.583       7.972       6.981       3.554
       1.180       0.503      -6.715     -13.799     -10.696      -2.673       4.215       5.870       5.402       5.762
       8.883      12.800      14.055       9.633       6.499       1.258     -12.953     -20.398     -15.054      -8.016
      -8.236     -12.246     -15.511     -15.712     -12.540      -6.220      -4.095     -12.014      -9.848       4.877
      16.951      26.455      23.746      20.105      18.916      19.929      23.996       9.710     -11.664     -23.782
     -26.319     -21.089     -19.295     -19.526     -18.856     -24.449     -18.106     -19.954     -19.398     -21.206
     -17.031      -7.632      -9.084     -17.889     -19.339     -23.551      -8.069       8.785      25.510      21.815
      20.478      19.056      16.950      13.843      16.454      14.799       6.210       1.727      12.284      20.293
      14.239       1.418       1.321     -11.896     -14.542       8.370       6.028     -20.272     -30.041     -29.689
     -33.160     -29.123     -19.585     -29.255     -32.093     -24.033      -3.743      11.182       6.488      15.123
      14.665      12.633      12.646      20.355      39.266      34.276      40.280      46.994      31.375      20.592
      -7.521     -43.985     -50.353     -28.795      -7.813     -13.769     -23.579     -37.782     -45.776     -29.098
     -23.121     -31.568     -29.426     -25.676      -6.669      -1.779      -3.268      14.318      34.463      28.119
      17.662       0.726     -27.072     -42.955     -26.544      -5.247      11.173      26.567      33.387      27.445
      49.271      64.129      49.421       4.184     -36.397     -62.035     -68.103     -51.191     -15.541      -3.141
     -11.792     -37.566     -14.334       7.282      16.090      38.224      50.102      48.633      52.339      44.271
      10.611       2.120       6.803      14.739      48.984      35.496      10.915     -21.860     -81.373     -81.106
     -64.231     -39.322      -2.528      -2.066     -17.867     -24.814     -16.585      32.384      39.895      35.349
      28.160      -2.732     -12.302      17.680       6.763      -9.194     -45.505     -65.141     -31.646      -4.888
      -7.335     -11.289      -6.152      47.467      86.709      78.516      45.039       7.551     -28.362     -62.628
     -47.283     -12.527      38.344      41.144       1.506     -17.030     -34.269     -25.329      -9.871      -3.072
      25.627      30.836      20.768     -10.929     -36.194     -56.947     -48.035       2.018      29.215      44.552
      43.717      25.805      67.014      83.901      67.131      17.504     -22.823     -45.141     -44.167     -16.620
      21.330      12.335      19.740      35.395      34.116      -6.407     -70.874     -77.899     -66.167     -55.739
     -31.730       6.290      15.131      34.153      60.175      53.098      51.829      73.610      63.642      32.870
     -29.244     -26.502     -28.707     -25.702      -1.852       6.578       2.937      -3.140       8.452      11.558
     -24.230     -28.827      -3.171      18.070      12.722      16.259      19.479      44.346      44.561      11.129
     -30.024     -67.168     -76.243     -76.423     -66.294     -45.773     -12.040      13.974      31.483      45.263
       7.809       1.995      10.599      -3.721      -4.095     -13.955       6.922      29.909      37.688      58.258
      50.875      27.955      33.088      24.312       7.537       4.108       5.701     -31.209     -63.327     -48.589
     -37.717     -56.109     -46.946      -1.981      67.226      89.563      89.155      63.660      14.351     -28.124
     -43.290     -41.240     -36.094     -14.533       3.449      19.598      18.196      10.460       1.945     -32.757
     -23.768      37.463      52.791      60.241      29.917       7.195     -11.032     -23.950     -27.386     -52.527
     -82.034     -73.294     -53.432     -29.564     -54.146     -51.170     -28.556       9.538      30.789      21.022
      14.137       3.274     -18.806     -13.701     -47.110     -63.107     -29.703       4.914      43.378      78.701
      64.651      49.335      -5.217     -49.062     -55.225     -50.465     -22.726     -16.323      10.113      23.757
      18.457      49.170      52.235      17.251      18.966       0.534      -8.019     -22.184     -38.112     -32.673
     -18.776     -22.176     -17.551     -21.737     -45.913     -46.746     -15.613      -2.885      11.749      11.922
      43.394      61.708      42.624      14.464     -36.279     -53.096     -25.630      -0.336       7.182      -8.249
     -29.601     -45.643     -45.337     -42.279     -40.857     -34.240     -27.455     -15.044      -6.555     -16.752
     -34.973     -21.021      -7.851      29.750      38.343      30.141      -3.813     -26.145     -58.428     -67.418
     -43.721     -12.663       4.917      24.754      51.160      56.086      63.615      56.393      23.802      56.010
      91.767      75.756      48.595       4.012     -11.737      -8.660     -13.582      -5.911      -9.367     -16.479
       1.396      21.374      27.420       0.397       1.203       6.388       4.327       2.488     -14.504     -38.537
     -23.530      -2.207     -15.137     -22.728      11.136      42.576      45.360      24.795      26.774      34.896
      40.932      39.512      43.520      12.121       3.792      20.101      24.058      31.577      24.119     -14.711
     -48.913     -61.811     -38.624       8.112      71.369     113.975     106.284      70.565      40.684      36.324
      -4.060     -16.259       5.939      23.648      20.651      14.031     -23.023     -61.320     -60.404     -28.450
     -46.425     -54.990     -68.710     -70.775     -71.435     -59.377     -31.109       9.423      24.977      22.931
      31.665      -4.645     -20.965      21.955      49.486      55.688      44.199      18.002      16.106      13.691
      30.711      25.542      11.798     -13.524     -38.098     -32.706     -27.843     -30.408     -19.713     -22.209
      30.313      50.264      24.988      31.915      28.665       9.298     -16.033     -19.432      19.869       1.410
     -13.581     -14.094      11.043      48.055      57.162      48.901      51.116      43.441      48.419       9.864
     -27.580     -26.923       7.062      32.863      17.743      10.579      17.911       8.740      32.848      69.744
      42.650      -1.094     -30.947     -12.923     -13.171     -39.841     -68.732     -65.554     -24.666      22.778
      40.573      19.785      -5.087       6.924      22.613      47.054      48.514      33.165     -15.215     -42.349
     -33.668     -27.001      -8.323       6.554      18.142      19.115      29.593      33.069       9.460      -5.998
       7.752      28.180      26.223       6.345      15.024      25.995      29.626      39.945      54.363      43.989
      31.704     -15.313     -66.771     -91.627     -83.615     -80.255     -78.932     -64.744     -23.051      17.489
      27.735      23.409      30.147       7.340       5.476      10.319       4.624      -4.347      -8.513     -17.645
     -15.921     -16.608     -11.956      -3.200      17.084      45.940      52.873      36.759      26.123      28.452
      15.113     -14.220     -15.505       5.155       1.870      -3.784      -5.273     -19.204     -45.438     -51.425
     -32.552     -24.419     -28.127     -15.461     -23.534     -10.861      -0.497       8.866      22.365      18.430
      33.564      35.919       5.743      -3.312      -1.462      -0.926       1.900      19.141      24.428      -0.197
     -16.616      -6.811      -6.166      -7.755      -3.829       5.005      13.690      19.027      23.626       5.585
      -8.145      -7.719       1.811      12.633       4.261      -0.498     -10.135     -34.484     -19.700     -10.475
       1.509      20.299      23.250      11.765       6.322      10.204      11.329      -9.348     -18.686     -13.689
      -2.144      12.625      13.608       3.866      -1.306      -4.143       3.750       5.537       3.164      13.738
      11.143       2.716       5.526       1.178     -13.923     -29.060     -33.337     -31.038     -30.887     -14.399
       9.351      28.332      24.039      12.369       8.969      10.317       4.012      -3.568     -19.772     -28.335
     -22.604      -5.778      11.104      24.747      22.604      24.073      22.941      35.000      45.159      26.724
       0.507      -2.689      -1.560       2.486       9.596      10.681      11.546       6.624       3.889      -4.651
     -19.788     -17.349     -13.077     -22.029     -15.218      -6.911       4.519      -0.754      -4.012       8.645
       7.553      -4.193      -5.006     -13.070     -18.749     -18.655      -7.797     -20.094     -29.154     -18.734
      -8.935      -4.263     -14.706     -28.771     -29.686     -25.833     -14.499      -9.207     -19.824     -29.969
     -21.943      -5.022       3.831      13.966       2.732     -15.791     -18.087     -14.620     -10.266      -5.296
       0.747       1.817       0.789      12.942      16.247       8.603      -1.017      -2.612      -3.164      -8.434
     -14.853     -10.838     -10.527     -15.238     -10.175       2.868      13.606      28.001      32.999      23.214
      10.165       2.569       2.814      -0.473      -6.776      -2.497       7.755      14.945      27.911      41.759
      40.839      29.741      23.091      13.762      14.569      13.279       8.916       2.228      -3.176      -4.492
      -3.164      -5.715      -3.276       0.961       2.099      -2.173       0.706      -4.560     -11.706     -14.463
     -13.037     -11.110      -9.268      -0.964       3.280      -0.233       0.149      -2.613      -6.686      -8.186
      -4.443      -8.362     -15.172     -11.653      -6.535      -0.792       3.645       9.380      11.884       2.663
       0.160       4.133       0.202       0.956      -4.489     -10.697     -15.498     -15.955     -11.747     -13.177
     -17.295     -20.162     -18.751     -11.202      -3.266       6.604       5.359       2.067       1.769       9.360
      14.655      17.053      16.626      10.184       4.013       5.494       6.404       0.952       0.462      -2.040
      -6.575      -6.652      -6.471      -7.003      -6.248     -10.984     -13.272     -13.860     -10.491      -1.595
       5.383       3.939       0.984      -2.135      -4.177      -6.473       0.263       3.076       1.541       4.658
      13.820      16.683      11.228       7.578       5.604       0.434       1.810       5.649       7.487       7.401
       8.287       7.524       0.764      -6.788      -7.857      -6.449      -7.297      -9.783      -8.307     -12.596
     -12.211      -8.704      -5.676      -3.087      -5.833      -2.950      -3.349      -3.773      -2.601      -4.171
      -4.239      -1.359       1.635       5.764       7.096       7.478       5.289       9.501      13.475      17.340
      15.299      10.901       8.883       3.766       1.270       5.011       5.253       4.128       1.451       2.224
       4.525      -0.651       2.113       2.087      -3.540      -3.346       2.349       7.037       5.600       0.475
      -2.580      -1.992       2.788       5.246       8.126       3.242       2.282       6.243       4.618      -1.405
      -6.280     -10.176     -11.801      -8.317      -5.330      -7.819      -9.512      -9.200     -12.169     -14.805
     -15.161     -14.950     -15.798     -11.679      -6.644      -7.466      -6.228      -1.634       6.607       7.019
       2.734       4.316       5.312       4.119       6.760       5.650       1.474      -0.896      -0.003       1.910
       3.504       1.440       3.625       5.970       3.447       2.756      -2.265      -4.836      -4.717      -4.755
      -3.302      -4.157      -3.846      -0.678      -0.587      -2.050      -5.069      -2.151       0.292       2.103
       3.192       1.271       3.632       4.603       4.744       4.184       2.585       3.532       3.875       3.756
       3.047       0.624       0.478       0.508       0.016      -3.227      -5.606      -4.509      -3.569      -3.466
      -4.169      -3.374      -2.903      -1.781       1.912       2.538       1.494       0.298       1.115       2.939
       2.122       0.928      -1.000      -1.316       0.307       0.881       1.259       0.258       0.321       0.312
       0.760       0.710       0.031       0.326       0.072       0.184       0.142      -1.174      -1.245      -1.200
      -0.839      -0.949      -1.527      -1.656      -1.591      -1.049      -1.559      -2.127      -1.867      -1.489
      -0.632      -0.526      -0.329       0.321       0.439       0.735       0.619       0.748       0.487       0.322
       0.435       0.028       0.006      -0.007      -0.028       0.097       0.007      -0.029      -0.215      -0.156
      -0.043      -0.052      -0.075      -0.117      -0.043       0.000       0.000       0.000       0.000       0.000
       0.000       0.000       0.000       0.000       0.000       0.000       0.000       0.000       0.000       0.000
       0.000       0.000       0.000       0.000       0.000       0.000       0.000       0.000       0.000       0.000
       0.000       0.000       0.000       0.000       0.000       0.000       0.000       0.000       0.000       0.000
       0.000       0.000       0.000       0.000       0.000       0.000       0.000       0.000       0.000       0.000
       0.000       0.000       0.000       0.000       0.000       0.000       0.000       0.000       0.000       0.000
       0.000       0.000       0.000       0.000       0.000       0.000       0.000       0.000       0.000       0.000
       0.000       0.000       0.000       0.000       0.000       0.000       0.000       0.000       0.000       0.000
       0.000       0.000       0.000       0.000       0.000       0.000       0.000       0.000       0.000       0.000
       0.000       0.000       0.000       0.000       0.000       0.000       0.000       0.000       0.000       0.000
       0.000       0.000       0.000       0.000       0.000       0.000       0.000       0.000       0.000       0.000
       0.000       0.000       0.000       0.000       0.000       0.000       0.000       0.000       0.000       0.000
       0.000       0.000       0.000       0.000       0.000       0.000       0.000       0.000       0.000       0.000
       0.000       0.000       0.000       0.000       0.000       0.000       0.000       0.000       0.000       0.000
       0.000       0.000       0.000       0.000       0.000       0.000       0.000       0.000       0.000       0.000
       0.000       0.000       0.000       0.000       0.000       0.000       0.000       0.000       0.000       0.000
       0.000       0.000       0.000       0.000       0.000       0.000       0.000       0.000       0.000       0.000
       0.000       0.000       0.000       0.000       0.000       0.000       0.000       0.000       0.000       0.000
       0.000       0.000       0.000       0.000       0.000       0.000       0.000       0.000       0.000       0.000
       0.000       0.000       0.000       0.000       0.000       0.000       0.000       0.000       0.000       0.000
       0.000       0.000       0.000       0.000       0.000       0.000       0.000       0.000       0.000       0.000
       0.000       0.000       0.000       0.000       0.000       0.000       0.000       0.000       0.000       0.000
       0.000       0.000       0.000       0.000       0.000       0.000       0.000       0.000       0.000       0.000
       0.000       0.000       0.000       0.000       0.000       0.000       0.000       0.000       0.000       0.000
       0.000       0.000       0.000       0.000       0.000       0.000       0.000       0.000       0.000       0.000
       0.000       0.000       0.000       0.000       0.000       0.000       0.000       0.000       0.000       0.000
       0.000       0.000       0.000       0.000       0.000       0.000       0.000       0.000       0.000       0.000
       0.000       0.000       0.000       0.000       0.000       0.000       0.000       0.000       0.000       0.000
       0.000       0.000       0.000       0.000       0.000       0.000       0.000       0.000       0.000       0.000
       0.000       0.000       0.000       0.000       0.000       0.000       0.000       0.000       0.000       0.000
       0.000       0.000       0.000       0.000       0.000       0.000       0.000       0.000       0.000       0.000
       0.000       0.000       0.000       0.000       0.000       0.000       0.000       0.000       0.000       0.000
       0.000       0.000       0.000       0.000       0.000       0.000       0.000       0.000       0.000       0.000
       0.000       0.000       0.000       0.000       0.000       0.000       0.000       0.000       0.000       0.000
       0.000       0.000       0.000       0.000       0.000       0.000       0.000       0.000       0.000       0.000
       0.000       0.000       0.000       0.000       0.000       0.000       0.000       0.000       0.000       0.000
       0.000       0.000       0.000       0.000       0.000       0.000       0.000       0.000       0.000       0.000
       0.000       0.000       0.000       0.000       0.000       0.000       0.000       0.000       0.000       0.000
       0.000       0.000       0.000       0.000       0.000       0.000       0.000       0.000       0.000       0.000
       0.000       0.000       0.000       0.000       0.000       0.000       0.000       0.000       0.000       0.000
       0.000       0.000       0.000       0.000       0.000       0.000       0.000       0.000       0.000       0.000
       0.000       0.000       0.000       0.000       0.000       0.000       0.000       0.000       0.000       0.000
       0.000       0.000       0.000       0.000       0.000       0.000       0.000       0.000       0.000       0.000
       0.000       0.000       0.000       0.000       0.000       0.000       0.000       0.000       0.000       0.000
       0.000       0.000       0.000       0.000       0.000       0.000       0.000       0.000       0.000       0.000
       0.000       0.000       0.000       0.000       0.000       0.000       0.000       0.000       0.000       0.000
       0.000       0.000       0.000       0.000       0.000       0.000       0.000       0.000       0.000       0.000
       0.000       0.000       0.000       0.000       0.000       0.000       0.000       0.000       0.000       0.000
       0.000       0.000       0.000       0.000       0.000       0.000       0.000       0.000       0.000       0.000
       0.000       0.000       0.000       0.000       0.000       0.000       0.000       0.000       0.000       0.000
       0.000       0.000       0.000       0.000       0.000       0.000       0.000       0.000       0.000       0.000
       0.000       0.000       0.000       0.000       0.000       0.000       0.000       0.000       0.000       0.000
       0.000       0.000       0.000       0.000       0.000       0.000       0.000       0.000       0.000       0.000
       0.000       0.000       0.000       0.000       0.000       0.000       0.000       0.000       0.000       0.000
       0.000       0.000       0.000       0.000       0.000       0.000       0.000       0.000       0.000       0.000
       0.000       0.000       0.000       0.000       0.000       0.000       0.000       0.000       0.000       0.000
       0.000       0.000       0.000       0.000       0.000       0.000       0.000       0.000       0.000       0.000
       0.000       0.000       0.000       0.000       0.000       0.000       0.000       0.000       0.000       0.000
       0.000       0.000       0.000       0.000       0.000       0.000       0.000       0.000       0.000       0.000
       0.000       0.000       0.000       0.000       0.000       0.000       0.000       0.000       0.000       0.000
       0.000       0.000       0.000       0.000       0.000       0.000       0.000       0.000       0.000       0.000
       0.000       0.000       0.000       0.000       0.000       0.000       0.000       0.000       0.000       0.000
       0.000       0.000       0.000       0.000       0.000       0.000       0.000       0.000       0.000       0.000
       0.000       0.000       0.000       0.000       0.000       0.000       0.000       0.000       0.000       0.000
       0.000       0.000       0.000       0.000       0.000       0.000       0.000       0.000       0.000       0.000
       0.000       0.000       0.000       0.000       0.000       0.000       0.000       0.000       0.000       0.000
       0.000       0.000       0.000       0.000       0.000       0.000       0.000       0.000       0.000       0.000
       0.000       0.000       0.000       0.000       0.000       0.000       0.000       0.000       0.000       0.000
       0.000       0.000       0.000       0.000       0.000       0.000       0.000       0.000       0.000       0.000
       0.000       0.000       0.000       0.000       0.000       0.000       0.000       0.000       0.000       0.000
       0.000       0.000       0.000       0.000       0.000       0.000       0.000       0.000       0.000       0.000
       0.000       0.000       0.000       0.000       0.000       0.000       0.000       0.000       0.000       0.000
       0.000       0.000       0.000       0.000       0.000       0.000       0.000       0.000       0.000       0.000
       0.000       0.000       0.000       0.000       0.000       0.000       0.000       0.000       0.000       0.000
       0.000       0.000       0.000       0.000       0.000       0.000       0.000       0.000       0.000       0.000
       0.000       0.000       0.000       0.000       0.000       0.000       0.000       0.000       0.000       0.000
       0.000       0.000       0.000       0.000       0.000       0.000       0.000       0.000       0.000       0.000
       0.000       0.000       0.000       0.000       0.000       0.000       0.000       0.000       0.000       0.000
       0.000       0.000       0.000       0.000       0.000       0.000       0.000       0.000       0.000       0.000
       0.000       0.000       0.000       0.000       0.000       0.000       0.000       0.000       0.000       0.000
       0.000       0.000       0.000       0.000       0.000       0.000       0.000       0.000       0.000       0.000
       0.000       0.000       0.000       0.000       0.000       0.000       0.000       0.000       0.000       0.000
       0.000       0.000       0.000       0.000       0.000       0.000       0.000       0.000       0.000       0.000
       0.000       0.000       0.000       0.000       0.000       0.000       0.000       0.000       0.000       0.000
       0.000       0.000       0.000       0.000       0.000       0.000       0.000       0.000