   0.020           0.3000000E-02
   0.040           0.3000000E-02
   0.060           0.3000000E-02
   0.080           0.2000000E-02
   0.100           0.3000000E-02
   0.120           0.3000000E-02
   0.140           0.5000000E-02
   0.160           0.3000000E-02
   0.180           0.3000000E-02
   0.200           0.8000000E-02
   0.220           0.3000000E-02
   0.240           0.3000000E-02
   0.260           0.1500000E-01
   0.280           0.3000000E-02
   0.300           0.2000000E-02
   0.320          -0.1600000E-01
   0.340           0.2000000E-02
   0.360           0.3000000E-02
   0.380           0.2500000E-01
   0.400           0.3000000E-02
   0.420           0.3000000E-02
   0.440           0.3900000E-01
   0.460           0.3000000E-02
   0.480           0.3000000E-02
   0.500           0.5100000E-01
   0.520           0.5000000E-02
   0.540           0.5000000E-02
   0.560           0.6300000E-01
   0.580           0.7000000E-02
   0.600           0.7000000E-02
   0.620           0.7800000E-01
   0.640           0.8000000E-02
   0.660           0.1100000E-01
   0.680           0.9300000E-01
   0.700          -0.1500000E-01
   0.720           0.1000000E-02
   0.740          -0.4400000E-01
   0.760           0.2900000E-01
   0.780           0.5000000E-01
   0.800           0.3200000E-01
   0.820           0.5100000E-01
   0.840           0.1390000E+00
   0.860           0.3800000E-01
   0.880           0.4400000E-01
   0.900           0.1280000E+00
   0.920           0.1600000E-01
   0.940           0.5800000E-01
   0.960           0.1870000E+00
   0.980           0.1010000E+00
   1.000           0.1690000E+00
   1.020           0.2110000E+00
   1.040           0.1300000E+00
   1.060          -0.9000000E-02
   1.080           0.1500000E-01
   1.100           0.1200000E+00
   1.120           0.2220000E+00
   1.140           0.3800000E-01
   1.160           0.8900000E-01
   1.180           0.2830000E+00
   1.200           0.1650000E+00
   1.220           0.1950000E+00
   1.240           0.3130000E+00
   1.260           0.2500000E+00
   1.280           0.1700000E-01
   1.300          -0.1710000E+00
   1.320          -0.3500000E+00
   1.340          -0.1180000E+00
   1.360          -0.1170000E+00
   1.380          -0.3830000E+00
   1.400          -0.2800000E-01
   1.420          -0.3800000E-01
   1.440          -0.9800000E-01
   1.460          -0.3040000E+00
   1.480          -0.2170000E+00
   1.500          -0.1590000E+00
   1.520          -0.4200000E+00
   1.540          -0.4790000E+00
   1.560          -0.1080000E+00
   1.580           0.3680000E+00
   1.600          -0.2450000E+00
   1.620          -0.2610000E+00
   1.640          -0.3390000E+00
   1.660          -0.2690000E+00
   1.680          -0.3450000E+00
   1.700          -0.5860000E+00
   1.720          -0.3050000E+00
   1.740          -0.3500000E-01
   1.760           0.2170000E+00
   1.780           0.4060000E+00
   1.800           0.5770000E+00
   1.820           0.3300000E+00
   1.840           0.4780000E+00
   1.860           0.7080000E+00
   1.880           0.2780000E+00
   1.900           0.5210000E+00
   1.920           0.3480000E+00
   1.940           0.2950000E+00
   1.960           0.4820000E+00
   1.980           0.6230000E+00
   2.000           0.8200000E+00
   2.020           0.6260000E+00
   2.040           0.7800000E-01
   2.060          -0.3710000E+00
   2.080          -0.3950000E+00
   2.100          -0.9000000E+00
   2.120          -0.6790000E+00
   2.140          -0.5070000E+00
   2.160          -0.1400000E-01
   2.180           0.5580000E+00
   2.200          -0.7800000E-01
   2.220          -0.3600000E+00
   2.240          -0.4820000E+00
   2.260          -0.8020000E+00
   2.280          -0.1062000E+01
   2.300          -0.3700000E+00
   2.320          -0.5820000E+00
   2.340          -0.1120000E+01
   2.360          -0.8970000E+00
   2.380          -0.5370000E+00
   2.400           0.4430000E+00
   2.420           0.3320000E+00
   2.440          -0.1710000E+00
   2.460          -0.2770000E+00
   2.480          -0.8710000E+00
   2.500          -0.1280000E+01
   2.520          -0.9850000E+00
   2.540          -0.6900000E+00
   2.560          -0.3840000E+00
   2.580           0.6590000E+00
   2.600           0.1640000E+00
   2.620          -0.9300000E-01
   2.640          -0.6220000E+00
   2.660          -0.1122000E+01
   2.680          -0.6100000E-01
   2.700           0.9600000E+00
   2.720           0.6100000E+00
   2.740           0.2110000E+00
   2.760           0.2170000E+00
   2.780          -0.6040000E+00
   2.800          -0.5680000E+00
   2.820          -0.6080000E+00
   2.840          -0.5200000E+00
   2.860          -0.2300000E+00
   2.880          -0.6690000E+00
   2.900           0.2620000E+00
   2.920           0.8500000E+00
   2.940           0.2310000E+00
   2.960           0.8000000E-01
   2.980           0.1085000E+01
   3.000           0.1298000E+01
   3.020           0.9480000E+00
   3.040           0.9330000E+00
   3.060           0.8190000E+00
   3.080           0.4740000E+00
   3.100          -0.5930000E+00
   3.120          -0.8700000E-01
   3.140           0.1116000E+01
   3.160           0.1649000E+01
   3.180           0.1944000E+01
   3.200           0.2111000E+01
   3.220           0.1041000E+01
   3.240          -0.5370000E+00
   3.260          -0.4440000E+00
   3.280          -0.1610000E+00
   3.300           0.1010000E+01
   3.320           0.2058000E+01
   3.340           0.1572000E+01
   3.360           0.7400000E+00
   3.380          -0.5700000E+00
   3.400          -0.1283000E+01
   3.420           0.1670000E+00
   3.440           0.2192000E+01
   3.460           0.1220000E+01
   3.480          -0.2930000E+00
   3.500          -0.9420000E+00
   3.520          -0.7800000E+00
   3.540          -0.3300000E+00
   3.560           0.4190000E+00
   3.580           0.1668000E+01
   3.600           0.6290000E+00
   3.620          -0.1403000E+01
   3.640          -0.2013000E+01
   3.660          -0.1857000E+01
   3.680          -0.1876000E+01
   3.700          -0.1149000E+01
   3.720           0.4670000E+00
   3.740           0.1802000E+01
   3.760           0.1712000E+01
   3.780          -0.3570000E+00
   3.800          -0.1019000E+01
   3.820          -0.5180000E+00
   3.840          -0.1800000E+00
   3.860           0.6810000E+00
   3.880           0.1730000E+01
   3.900           0.1530000E+01
   3.920           0.1030000E+00
   3.940          -0.4660000E+00
   3.960          -0.2400000E-01
   3.980           0.2370000E+00
   4.000          -0.1362000E+01
   4.020          -0.1805000E+01
   4.040          -0.1350000E+01
   4.060          -0.1662000E+01
   4.080          -0.3860000E+00
   4.100           0.9500000E+00
   4.120           0.1002000E+01
   4.140           0.9850000E+00
   4.160           0.1641000E+01
   4.180           0.1895000E+01
   4.200           0.1628000E+01
   4.220           0.6120000E+00
   4.240          -0.1332000E+01
   4.260          -0.2158000E+01
   4.280          -0.2072000E+01
   4.300          -0.9980000E+00
   4.320           0.1179000E+01
   4.340           0.3671000E+01
   4.360           0.3930000E+01
   4.380           0.2121000E+01
   4.400          -0.5880000E+00
   4.420          -0.1743000E+01
   4.440          -0.7250000E+00
   4.460          -0.7620000E+00
   4.480          -0.5270000E+00
   4.500          -0.1884000E+01
   4.520          -0.3650000E+01
   4.540          -0.2905000E+01
   4.560          -0.1575000E+01
   4.580          -0.6830000E+00
   4.600          -0.8090000E+00
   4.620          -0.3490000E+00
   4.640           0.4010000E+00
   4.660           0.1158000E+01
   4.680           0.1552000E+01
   4.700           0.2304000E+01
   4.720           0.3024000E+01
   4.740           0.1922000E+01
   4.760           0.1206000E+01
   4.780           0.9050000E+00
   4.800          -0.3560000E+00
   4.820          -0.1876000E+01
   4.840          -0.3363000E+01
   4.860          -0.4882000E+01
   4.880          -0.3787000E+01
   4.900          -0.2778000E+01
   4.920          -0.3602000E+01
   4.940          -0.2518000E+01
   4.960          -0.5970000E+00
   4.980           0.2100000E+00
   5.000          -0.7880000E+00
   5.020          -0.4660000E+00
   5.040           0.1615000E+01
   5.060           0.2657000E+01
   5.080           0.4659000E+01
   5.100           0.5383000E+01
   5.120           0.3292000E+01
   5.140          -0.2500000E-01
   5.160           0.4040000E+00
   5.180           0.3158000E+01
   5.200           0.3353000E+01
   5.220           0.3192000E+01
   5.240           0.1737000E+01
   5.260          -0.2234000E+01
   5.280          -0.5562000E+01
   5.300          -0.5810000E+01
   5.320          -0.3429000E+01
   5.340          -0.3370000E+00
   5.360           0.2222000E+01
   5.380           0.3234000E+01
   5.400           0.1471000E+01
   5.420          -0.1170000E+01
   5.440          -0.1444000E+01
   5.460          -0.5070000E+00
   5.480           0.1355000E+01
   5.500           0.2960000E+01
   5.520           0.1625000E+01
   5.540          -0.2830000E+00
   5.560          -0.1000000E+01
   5.580          -0.1556000E+01
   5.600          -0.7170000E+00
   5.620           0.6660000E+00
   5.640          -0.5400000E-01
   5.660           0.1360000E+00
   5.680           0.6010000E+00
   5.700           0.5110000E+00
   5.720           0.1375000E+01
   5.740           0.3280000E+00
   5.760          -0.1066000E+01
   5.780           0.1175000E+01
   5.800           0.2770000E+01
   5.820           0.3308000E+01
   5.840           0.3263000E+01
   5.860           0.1602000E+01
   5.880           0.4810000E+00
   5.900          -0.1420000E+00
   5.920           0.9500000E-01
   5.940           0.2856000E+01
   5.960           0.5171000E+01
   5.980           0.4091000E+01
   6.000           0.8530000E+00
   6.020          -0.2816000E+01
   6.040          -0.5880000E+01
   6.060          -0.4592000E+01
   6.080          -0.1286000E+01
   6.100           0.1596000E+01
   6.120           0.3010000E+01
   6.140           0.2165000E+01
   6.160           0.2640000E+00
   6.180          -0.4077000E+01
   6.200          -0.6836000E+01
   6.220          -0.4799000E+01
   6.240          -0.1576000E+01
   6.260          -0.1709000E+01
   6.280          -0.3769000E+01
   6.300          -0.3593000E+01
   6.320          -0.3516000E+01
   6.340           0.5110000E+00
   6.360           0.7479000E+01
   6.380           0.8266000E+01
   6.400           0.4915000E+01
   6.420          -0.4170000E+00
   6.440          -0.4856000E+01
   6.460          -0.5034000E+01
   6.480          -0.3665000E+01
   6.500          -0.3426000E+01
   6.520          -0.3008000E+01
   6.540          -0.1467000E+01
   6.560           0.2299000E+01
   6.580           0.3656000E+01
   6.600           0.2097000E+01
   6.620           0.1982000E+01
   6.640           0.1885000E+01
   6.660          -0.5040000E+00
   6.680          -0.2120000E+01
   6.700          -0.2001000E+01
   6.720          -0.3916000E+01
   6.740          -0.4353000E+01
   6.760          -0.3700000E+00
   6.780           0.1456000E+01
   6.800           0.1960000E+01
   6.820           0.1207000E+01
   6.840           0.3530000E+00
   6.860          -0.1445000E+01
   6.880          -0.4995000E+01
   6.900          -0.3187000E+01
   6.920          -0.6300000E+00
   6.940          -0.4100000E+00
   6.960           0.1082000E+01
   6.980           0.3649000E+01
   7.000           0.5714000E+01
   7.020           0.2510000E+01
   7.040          -0.3401000E+01
   7.060          -0.3720000E+01
   7.080           0.6200000E-01
   7.100           0.3268000E+01
   7.120           0.6636000E+01
   7.140           0.7079000E+01
   7.160           0.2030000E+00
   7.180          -0.3466000E+01
   7.200          -0.6360000E+00
   7.220           0.4410000E+00
   7.240           0.2038000E+01
   7.260           0.3471000E+01
   7.280          -0.1135000E+01
   7.300          -0.3981000E+01
   7.320          -0.3286000E+01
   7.340          -0.1405000E+01
   7.360           0.9820000E+00
   7.380           0.1214000E+01
   7.400           0.2324000E+01
   7.420           0.3214000E+01
   7.440           0.2008000E+01
   7.460           0.2463000E+01
   7.480          -0.5870000E+00
   7.500          -0.4052000E+01
   7.520          -0.1957000E+01
   7.540          -0.2279000E+01
   7.560          -0.6726000E+01
   7.580          -0.5617000E+01
   7.600          -0.1255000E+01
   7.620           0.1047000E+01
   7.640           0.1558000E+01
   7.660          -0.2537000E+01
   7.680          -0.4966000E+01
   7.700          -0.1711000E+01
   7.720           0.3270000E+00
   7.740           0.2743000E+01
   7.760           0.3300000E+01
   7.780          -0.6640000E+00
   7.800          -0.5500000E+00
   7.820           0.2402000E+01
   7.840           0.1601000E+01
   7.860           0.9310000E+00
   7.880           0.2731000E+01
   7.900           0.1501000E+01
   7.920          -0.2350000E+00
   7.940          -0.1790000E+01
   7.960          -0.7349000E+01
   7.980          -0.8242000E+01
   8.000          -0.1735000E+01
   8.020           0.3949000E+01
   8.040           0.4836000E+01
   8.060           0.4510000E+00
   8.080          -0.1590000E+00
   8.100           0.3321000E+01
   8.120           0.6806000E+01
   8.140           0.8635000E+01
   8.160           0.5616000E+01
   8.180          -0.5250000E+01
   8.200          -0.1194500E+02
   8.220          -0.9219000E+01
   8.240          -0.8819000E+01
   8.260          -0.6549000E+01
   8.280           0.2049000E+01
   8.300           0.8224000E+01
   8.320           0.9473000E+01
   8.340           0.7444000E+01
   8.360           0.5929000E+01
   8.380           0.4639000E+01
   8.400           0.4470000E+00
   8.420          -0.2294000E+01
   8.440          -0.2340000E+01
   8.460          -0.2589000E+01
   8.480          -0.9180000E+00
   8.500          -0.8760000E+00
   8.520          -0.8380000E+00
   8.540           0.2012000E+01
   8.560           0.2327000E+01
   8.580           0.5573000E+01
   8.600           0.6847000E+01
   8.620           0.5037000E+01
   8.640           0.1875000E+01
   8.660          -0.4630000E+01
   8.680          -0.9073000E+01
   8.700          -0.6138000E+01
   8.720           0.2493000E+01
   8.740           0.8117000E+01
   8.760           0.7125000E+01
   8.780          -0.3860000E+00
   8.800          -0.8295000E+01
   8.820          -0.4807000E+01
   8.840          -0.1436000E+01
   8.860          -0.2714000E+01
   8.880           0.1191000E+01
   8.900           0.3958000E+01
   8.920           0.4660000E+00
   8.940          -0.6006000E+01
   8.960          -0.1076400E+02
   8.980          -0.7254000E+01
   9.000          -0.2350000E+00
   9.020           0.6927000E+01
   9.040           0.1163900E+02
   9.060           0.7533000E+01
   9.080          -0.1872000E+01
   9.100          -0.6676000E+01
   9.120          -0.4987000E+01
   9.140           0.7980000E+00
   9.160           0.7621000E+01
   9.180           0.8295000E+01
   9.200          -0.9080000E+00
   9.220          -0.7567000E+01
   9.240          -0.4837000E+01
   9.260           0.8900000E-01
   9.280           0.2320000E+01
   9.300          -0.1602000E+01
   9.320          -0.5544000E+01
   9.340          -0.1643000E+01
   9.360           0.4080000E+01
   9.380           0.8444000E+01
   9.400           0.8893000E+01
   9.420           0.4266000E+01
   9.440           0.3830000E+00
   9.460          -0.2212000E+01
   9.480          -0.4457000E+01
   9.500          -0.7913000E+01
   9.520          -0.5746000E+01
   9.540          -0.2454000E+01
   9.560           0.1382000E+01
   9.580           0.8135000E+01
   9.600           0.1230800E+02
   9.620           0.1315700E+02
   9.640           0.1116600E+02
   9.660           0.7985000E+01
   9.680          -0.1930000E+00
   9.700          -0.9822000E+01
   9.720          -0.1100900E+02
   9.740          -0.7425000E+01
   9.760           0.6030000E+00
   9.780           0.5866000E+01
   9.800          -0.4930000E+00
   9.820          -0.1322900E+02
   9.840          -0.2010400E+02
   9.860          -0.1616800E+02
   9.880          -0.7417000E+01
   9.900           0.9730000E+00
   9.920           0.2570000E+01
   9.940           0.9020000E+00
   9.960          -0.1870000E+01
   9.980          -0.1604000E+01
  10.000           0.1899000E+01
  10.020           0.6387000E+01
  10.040           0.1085400E+02
  10.060           0.9271000E+01
  10.080           0.3601000E+01
  10.100          -0.2943000E+01
  10.120          -0.1064000E+02
  10.140          -0.1344600E+02
  10.160          -0.5248000E+01
  10.180           0.5551000E+01
  10.200           0.9372000E+01
  10.220           0.1085700E+02
  10.240           0.3331000E+01
  10.260          -0.6160000E+01
  10.280          -0.3970000E+01
  10.300           0.3012000E+01
  10.320           0.6976000E+01
  10.340           0.9135000E+01
  10.360           0.8179000E+01
  10.380           0.7881000E+01
  10.400           0.8658000E+01
  10.420           0.7282000E+01
  10.440           0.7296000E+01
  10.460           0.6654000E+01
  10.480           0.1730000E+01
  10.500           0.3176000E+01
  10.520           0.2096000E+01
  10.540          -0.3147000E+01
  10.560          -0.6109000E+01
  10.580          -0.1156000E+02
  10.600          -0.1099900E+02
  10.620          -0.8971000E+01
  10.640          -0.9705000E+01
  10.660          -0.4907000E+01
  10.680           0.9300000E-01
  10.700           0.1311000E+01
  10.720          -0.3073000E+01
  10.740          -0.9442000E+01
  10.760          -0.1226600E+02
  10.780          -0.5833000E+01
  10.800           0.4440000E+01
  10.820           0.7062000E+01
  10.840           0.7107000E+01
  10.860           0.2590000E+01
  10.880          -0.4190000E+01
  10.900          -0.5980000E+00
  10.920           0.8010000E+01
  10.940           0.9220000E+01
  10.960           0.1092600E+02
  10.980           0.1181700E+02
  11.000           0.6934000E+01
  11.020           0.8460000E+00
  11.040          -0.7330000E+00
  11.060           0.1069000E+01
  11.080          -0.3361000E+01
  11.100          -0.6313000E+01
  11.120           0.1295000E+01
  11.140           0.4845000E+01
  11.160           0.1025000E+01
  11.180           0.7400000E-01
  11.200           0.6501000E+01
  11.220          -0.1243000E+01
  11.240          -0.1101700E+02
  11.260          -0.5146000E+01
  11.280          -0.3826000E+01
  11.300          -0.7369000E+01
  11.320          -0.2710000E+01
  11.340           0.5986000E+01
  11.360           0.4107000E+01
  11.380           0.6098000E+01
  11.400           0.1166200E+02
  11.420           0.1854000E+01
  11.440          -0.8831000E+01
  11.460          -0.1126000E+02
  11.480          -0.7868000E+01
  11.500           0.4885000E+01
  11.520           0.1266800E+02
  11.540           0.1030800E+02
  11.560           0.1126500E+02
  11.580           0.1294600E+02
  11.600           0.1284800E+02
  11.620           0.1672300E+02
  11.640           0.7555000E+01
  11.660          -0.5798000E+01
  11.680          -0.8120000E+01
  11.700          -0.8336000E+01
  11.720          -0.1349700E+02
  11.740          -0.1809600E+02
  11.760          -0.1930700E+02
  11.780          -0.1090300E+02
  11.800           0.5376000E+01
  11.820           0.1299100E+02
  11.840           0.7525000E+01
  11.860          -0.5389000E+01
  11.880          -0.2105700E+02
  11.900          -0.2270000E+02
  11.920          -0.1203400E+02
  11.940           0.4098000E+01
  11.960           0.1878600E+02
  11.980           0.1913900E+02
  12.000           0.1357500E+02
  12.020           0.1666700E+02
  12.040           0.1572200E+02
  12.060           0.9934000E+01
  12.080           0.1200500E+02
  12.100           0.1121300E+02
  12.120           0.3989000E+01
  12.140          -0.2088000E+01
  12.160          -0.1564900E+02
  12.180          -0.2075300E+02
  12.200          -0.1353700E+02
  12.220          -0.4840000E+01
  12.240           0.1196300E+02
  12.260           0.1550300E+02
  12.280          -0.5280000E+00
  12.300          -0.1336700E+02
  12.320          -0.1235300E+02
  12.340          -0.9409000E+01
  12.360          -0.4977000E+01
  12.380          -0.8110000E+00
  12.400           0.1182000E+01
  12.420           0.8265000E+01
  12.440           0.1238100E+02
  12.460           0.1099000E+02
  12.480           0.4424000E+01
  12.500          -0.7473000E+01
  12.520          -0.1075800E+02
  12.540          -0.9695000E+01
  12.560          -0.8783000E+01
  12.580          -0.6275000E+01
  12.600          -0.3291000E+01
  12.620          -0.3862000E+01
  12.640          -0.2508000E+01
  12.660          -0.2628000E+01
  12.680          -0.2962000E+01
  12.700           0.2801000E+01
  12.720           0.5072000E+01
  12.740          -0.5970000E+00
  12.760          -0.5450000E+00
  12.780           0.6963000E+01
  12.800           0.9225000E+01
  12.820           0.1363100E+02
  12.840           0.1878800E+02
  12.860           0.1297300E+02
  12.880           0.1300000E-01
  12.900          -0.1496300E+02
  12.920          -0.2088100E+02
  12.940          -0.1098400E+02
  12.960           0.2861000E+01
  12.980           0.1652500E+02
  13.000           0.1905400E+02
  13.020           0.8808000E+01
  13.040          -0.1200000E+01
  13.060          -0.2000000E+01
  13.080          -0.3261000E+01
  13.100          -0.1014100E+02
  13.120          -0.9294000E+01
  13.140          -0.1471000E+01
  13.160          -0.3455000E+01
  13.180          -0.3841000E+01
  13.200          -0.5174000E+01
  13.220          -0.6189000E+01
  13.240           0.6464000E+01
  13.260           0.1870300E+02
  13.280           0.9944000E+01
  13.300          -0.2818000E+01
  13.320          -0.1460000E+01
  13.340           0.2983000E+01
  13.360           0.4923000E+01
  13.380           0.5917000E+01
  13.400           0.1068000E+01
  13.420          -0.2105000E+01
  13.440          -0.2700000E+01
  13.460          -0.1282000E+01
  13.480          -0.4867000E+01
  13.500          -0.1132700E+02
  13.520          -0.8637000E+01
  13.540          -0.6970000E+00
  13.560          -0.1759000E+01
  13.580           0.7926000E+01
  13.600           0.3026100E+02
  13.620           0.2941000E+02
  13.640           0.7959000E+01
  13.660          -0.1090400E+02
  13.680          -0.2005200E+02
  13.700          -0.2178300E+02
  13.720          -0.1127100E+02
  13.740          -0.1332000E+01
  13.760          -0.3858000E+01
  13.780          -0.6588000E+01
  13.800          -0.7975000E+01
  13.820           0.4300000E+00
  13.840           0.1336600E+02
  13.860           0.1206900E+02
  13.880           0.8460000E+01
  13.900          -0.1864000E+01
  13.920          -0.1138700E+02
  13.940          -0.9459000E+01
  13.960          -0.6901000E+01
  13.980          -0.5323000E+01
  14.000          -0.2927000E+01
  14.020          -0.4810000E+00
  14.040           0.1155300E+02
  14.060           0.1085100E+02
  14.080          -0.7891000E+01
  14.100          -0.1444600E+02
  14.120          -0.1363400E+02
  14.140          -0.1620700E+02
  14.160          -0.9433000E+01
  14.180           0.3946000E+01
  14.200           0.1421300E+02
  14.220           0.1975800E+02
  14.240           0.2472200E+02
  14.260           0.2718300E+02
  14.280           0.2189900E+02
  14.300           0.8504000E+01
  14.320          -0.1360000E+01
  14.340           0.4570000E+00
  14.360           0.6227000E+01
  14.380           0.1324400E+02
  14.400           0.6877000E+01
  14.420          -0.1080900E+02
  14.440          -0.1928900E+02
  14.460          -0.2022200E+02
  14.480          -0.2358700E+02
  14.500          -0.2470000E+02
  14.520          -0.1610700E+02
  14.540          -0.7047000E+01
  14.560          -0.8957000E+01
  14.580           0.1611000E+01
  14.600           0.1295900E+02
  14.620           0.1264500E+02
  14.640           0.1093300E+02
  14.660           0.3615000E+01
  14.680          -0.1005600E+02
  14.700          -0.1333100E+02
  14.720           0.1221000E+01
  14.740           0.7946000E+01
  14.760          -0.3903000E+01
  14.780          -0.1079700E+02
  14.800          -0.9265000E+01
  14.820          -0.5163000E+01
  14.840           0.2849000E+01
  14.860           0.1754000E+02
  14.880           0.2237600E+02
  14.900           0.1423500E+02
  14.920          -0.2088000E+01
  14.940          -0.1196700E+02
  14.960          -0.1089200E+02
  14.980          -0.4368000E+01
  15.000          -0.1415000E+01
  15.020          -0.3704000E+01
  15.040           0.3547000E+01
  15.060           0.1974900E+02
  15.080           0.1995800E+02
  15.100           0.8585000E+01
  15.120           0.4323000E+01
  15.140          -0.5058000E+01
  15.160          -0.6674000E+01
  15.180           0.1145500E+02
  15.200           0.1817700E+02
  15.220           0.7238000E+01
  15.240          -0.1441000E+01
  15.260           0.2349000E+01
  15.280           0.3308000E+01
  15.300          -0.5005000E+01
  15.320          -0.3616000E+01
  15.340          -0.9862000E+01
  15.360          -0.2286500E+02
  15.380          -0.2408300E+02
  15.400          -0.1301300E+02
  15.420          -0.1054400E+02
  15.440          -0.1211400E+02
  15.460           0.4905000E+01
  15.480           0.1601500E+02
  15.500           0.1183600E+02
  15.520           0.1586800E+02
  15.540           0.1664200E+02
  15.560           0.1047000E+02
  15.580           0.2476000E+01
  15.600          -0.5822000E+01
  15.620          -0.3723000E+01
  15.640           0.1178000E+01
  15.660           0.1781000E+01
  15.680          -0.7300000E-01
  15.700          -0.1248500E+02
  15.720          -0.2578600E+02
  15.740          -0.2087200E+02
  15.760          -0.4825000E+01
  15.780          -0.2331000E+01
  15.800          -0.9670000E+00
  15.820           0.7050000E+01
  15.840           0.2926000E+01
  15.860          -0.5624000E+01
  15.880          -0.6345000E+01
  15.900          -0.1536000E+01
  15.920          -0.9629000E+01
  15.940          -0.2451500E+02
  15.960          -0.2292600E+02
  15.980          -0.1085200E+02
  16.000           0.6272000E+01
  16.020           0.1991400E+02
  16.040           0.1107400E+02
  16.060          -0.3810000E+01
  16.080          -0.1689600E+02
  16.100          -0.1288400E+02
  16.120           0.4362000E+01
  16.140           0.1469200E+02
  16.160           0.2497700E+02
  16.180           0.2372300E+02
  16.200           0.7661000E+01
  16.220          -0.6206000E+01
  16.240          -0.1629800E+02
  16.260          -0.8270000E+01
  16.280           0.1227000E+01
  16.300           0.5844000E+01
  16.320           0.1165700E+02
  16.340           0.9361000E+01
  16.360           0.6570000E+00
  16.380          -0.7193000E+01
  16.400          -0.6298000E+01
  16.420          -0.3639000E+01
  16.440          -0.4736000E+01
  16.460          -0.4626000E+01
  16.480          -0.1228800E+02
  16.500          -0.1063200E+02
  16.520          -0.9129000E+01
  16.540          -0.1673200E+02
  16.560          -0.1437200E+02
  16.580          -0.1245000E+01
  16.600           0.1396600E+02
  16.620           0.2536700E+02
  16.640           0.3194300E+02
  16.660           0.2256500E+02
  16.680           0.1480000E+01
  16.700          -0.1119800E+02
  16.720          -0.1407900E+02
  16.740          -0.8455000E+01
  16.760          -0.3790000E+00
  16.780          -0.2735000E+01
  16.800           0.1095000E+01
  16.820           0.8653000E+01
  16.840           0.1005400E+02
  16.860           0.3958000E+01
  16.880          -0.1577800E+02
  16.900          -0.2871700E+02
  16.920          -0.2280700E+02
  16.940          -0.1649000E+02
  16.960          -0.1002400E+02
  16.980          -0.4042000E+01
  17.000           0.5721000E+01
  17.020           0.1412500E+02
  17.040           0.1139400E+02
  17.060          -0.3310000E+00
  17.080          -0.4416000E+01
  17.100          -0.2720000E+01
  17.120          -0.6405000E+01
  17.140          -0.3886000E+01
  17.160          -0.7245000E+01
  17.180          -0.9101000E+01
  17.200           0.4214000E+01
  17.220          -0.2037000E+01
  17.240          -0.6607000E+01
  17.260           0.3735000E+01
  17.280          -0.8200000E-01
  17.300          -0.5329000E+01
  17.320          -0.8150000E+00
  17.340           0.6058000E+01
  17.360           0.7573000E+01
  17.380           0.1660400E+02
  17.400           0.2389200E+02
  17.420           0.2439400E+02
  17.440           0.3117500E+02
  17.460           0.2486100E+02
  17.480          -0.1638000E+01
  17.500          -0.2579400E+02
  17.520          -0.2908900E+02
  17.540          -0.1778400E+02
  17.560          -0.8835000E+01
  17.580           0.1122000E+01
  17.600          -0.2380000E+01
  17.620          -0.1578600E+02
  17.640          -0.1725500E+02
  17.660          -0.2300000E+01
  17.680           0.1550600E+02
  17.700           0.2166900E+02
  17.720           0.1099200E+02
  17.740           0.8986000E+01
  17.760           0.8841000E+01
  17.780           0.3306000E+01
  17.800          -0.7640000E+00
  17.820          -0.1962600E+02
  17.840          -0.3599700E+02
  17.860          -0.3017100E+02
  17.880          -0.1031100E+02
  17.900           0.9167000E+01
  17.920           0.1890800E+02
  17.940           0.2313100E+02
  17.960           0.1579100E+02
  17.980           0.6537000E+01
  18.000          -0.1258500E+02
  18.020          -0.2273400E+02
  18.040          -0.1508600E+02
  18.060          -0.1358900E+02
  18.080           0.7634000E+01
  18.100           0.3060200E+02
  18.120           0.2137400E+02
  18.140          -0.3284000E+01
  18.160          -0.1664000E+02
  18.180          -0.8614000E+01
  18.200           0.3367000E+01
  18.220           0.9127000E+01
  18.240           0.7161000E+01
  18.260          -0.3000000E-01
  18.280          -0.5185000E+01
  18.300          -0.6754000E+01
  18.320           0.3180000E+00
  18.340          -0.1809000E+01
  18.360          -0.1053000E+01
  18.380           0.1641800E+02
  18.400           0.1455300E+02
  18.420          -0.7008000E+01
  18.440          -0.1288100E+02
  18.460          -0.2045300E+02
  18.480          -0.2139300E+02
  18.500          -0.6662000E+01
  18.520           0.4290000E+00
  18.540           0.4990000E+01
  18.560           0.1678000E+01
  18.580          -0.8431000E+01
  18.600          -0.1503000E+01
  18.620           0.8188000E+01
  18.640           0.7882000E+01
  18.660           0.3191000E+01
  18.680          -0.7263000E+01
  18.700          -0.2106200E+02
  18.720          -0.1710600E+02
  18.740          -0.2076700E+02
  18.760          -0.2952900E+02
  18.780          -0.8411000E+01
  18.800           0.1295800E+02
  18.820           0.2955600E+02
  18.840           0.3188000E+02
  18.860           0.1540500E+02
  18.880           0.5012000E+01
  18.900           0.6877000E+01
  18.920           0.1385000E+02
  18.940           0.6067000E+01
  18.960          -0.1185000E+02
  18.980          -0.2130400E+02
  19.000          -0.1772000E+02
  19.020          -0.1083600E+02
  19.040          -0.8441000E+01
  19.060           0.8744000E+01
  19.080           0.1602600E+02
  19.100           0.9841000E+01
  19.120           0.1020300E+02
  19.140           0.9818000E+01
  19.160           0.9200000E+01
  19.180           0.1442400E+02
  19.200           0.1371500E+02
  19.220           0.6780000E+01
  19.240           0.9295000E+01
  19.260           0.1840900E+02
  19.280           0.7430000E+01
  19.300          -0.1741800E+02
  19.320          -0.2518200E+02
  19.340          -0.1483300E+02
  19.360          -0.1477000E+01
  19.380           0.9226000E+01
  19.400          -0.3203000E+01
  19.420          -0.2090400E+02
  19.440          -0.2443600E+02
  19.460          -0.1196500E+02
  19.480           0.2346000E+01
  19.500           0.1188900E+02
  19.520           0.1736100E+02
  19.540           0.8288000E+01
  19.560          -0.1020000E+00
  19.580          -0.7372000E+01
  19.600          -0.1181400E+02
  19.620          -0.1191300E+02
  19.640          -0.2113000E+02
  19.660          -0.1510300E+02
  19.680           0.4533000E+01
  19.700           0.1804700E+02
  19.720           0.1945600E+02
  19.740           0.9402000E+01
  19.760           0.3740000E+01
  19.780          -0.7040000E+00
  19.800           0.1895000E+01
  19.820           0.3724000E+01
  19.840           0.6429000E+01
  19.860           0.1120100E+02
  19.880           0.7552000E+01
  19.900          -0.1769000E+01
  19.920          -0.2107100E+02
  19.940          -0.3156000E+02
  19.960          -0.6840000E+01
  19.980           0.1765900E+02
  20.000           0.2667200E+02
  20.020           0.2057300E+02
  20.040           0.4772000E+01
  20.060           0.1434000E+01
  20.080           0.2464000E+01
  20.100          -0.1749000E+01
  20.120          -0.2754000E+01
  20.140          -0.9549000E+01
  20.160          -0.9658000E+01
  20.180           0.6500000E-01
  20.200           0.1420000E+01
  20.220          -0.6734000E+01
  20.240          -0.6957000E+01
  20.260           0.1614000E+01
  20.280           0.6607000E+01
  20.300           0.1952000E+02
  20.320           0.1519900E+02
  20.340          -0.7834000E+01
  20.360          -0.1029300E+02
  20.380          -0.8026000E+01
  20.400           0.1624000E+01
  20.420           0.1361500E+02
  20.440           0.7883000E+01
  20.460           0.2614000E+01
  20.480          -0.9793000E+01
  20.500          -0.1992500E+02
  20.520          -0.1628700E+02
  20.540          -0.2316000E+01
  20.560           0.1367000E+01
  20.580          -0.9352000E+01
  20.600          -0.6169000E+01
  20.620           0.5940000E+00
  20.640           0.5443000E+01
  20.660           0.1337500E+02
  20.680           0.2401000E+01
  20.700          -0.4189000E+01
  20.720           0.3520000E+01
  20.740           0.9167000E+01
  20.760           0.3733000E+01
  20.780          -0.4419000E+01
  20.800          -0.7862000E+01
  20.820          -0.1578500E+02
  20.840          -0.1694500E+02
  20.860          -0.2518000E+01
  20.880           0.7780000E+01
  20.900           0.1811300E+02
  20.920           0.1246700E+02
  20.940          -0.4732000E+01
  20.960          -0.1053300E+02
  20.980          -0.2798000E+01
  21.000           0.7541000E+01
  21.020           0.1089000E+01
  21.040          -0.1508000E+01
  21.060           0.1232000E+01
  21.080          -0.1091300E+02
  21.100          -0.1660600E+02
  21.120          -0.4573000E+01
  21.140           0.2003800E+02
  21.160           0.3282000E+02
  21.180           0.1649000E+02
  21.200          -0.6955000E+01
  21.220          -0.1781800E+02
  21.240          -0.9353000E+01
  21.260           0.5026000E+01
  21.280           0.1193000E+02
  21.300           0.1085900E+02
  21.320           0.5828000E+01
  21.340           0.7119000E+01
  21.360           0.9351000E+01
  21.380           0.3780000E+01
  21.400           0.9890000E+01
  21.420           0.9911000E+01
  21.440           0.1507000E+01
  21.460          -0.5919000E+01
  21.480          -0.9824000E+01
  21.500          -0.8634000E+01
  21.520          -0.1399000E+02
  21.540          -0.2188500E+02
  21.560          -0.2786600E+02
  21.580          -0.1842000E+02
  21.600           0.8338000E+01
  21.620           0.2043700E+02
  21.640           0.2855500E+02
  21.660           0.3190800E+02
  21.680           0.2164800E+02
  21.700           0.2557000E+01
  21.720          -0.1042600E+02
  21.740          -0.9360000E+01
  21.760          -0.1516300E+02
  21.780          -0.2284500E+02
  21.800          -0.2062900E+02
  21.820          -0.1188700E+02
  21.840          -0.5973000E+01
  21.860          -0.5060000E+00
  21.880           0.7192000E+01
  21.900           0.8974000E+01
  21.920           0.1614100E+02
  21.940           0.2067200E+02
  21.960           0.1428000E+01
  21.980          -0.1368400E+02
  22.000          -0.4364000E+01
  22.020           0.1487600E+02
  22.040           0.2574700E+02
  22.060           0.2078500E+02
  22.080           0.9097000E+01
  22.100          -0.2963000E+01
  22.120          -0.1559000E+02
  22.140          -0.1539100E+02
  22.160          -0.1587600E+02
  22.180          -0.1286900E+02
  22.200          -0.9440000E+01
  22.220          -0.1454400E+02
  22.240          -0.8137000E+01
  22.260           0.5058000E+01
  22.280           0.1293700E+02
  22.300           0.1604000E+02
  22.320           0.1460500E+02
  22.340           0.7563000E+01
  22.360          -0.1386000E+02
  22.380          -0.2221000E+02
  22.400          -0.1517400E+02
  22.420           0.4839000E+01
  22.440           0.2826400E+02
  22.460           0.2609000E+02
  22.480           0.6407000E+01
  22.500          -0.7780000E+01
  22.520          -0.4722000E+01
  22.540           0.4223000E+01
  22.560           0.6989000E+01
  22.580           0.2163000E+01
  22.600          -0.5893000E+01
  22.620          -0.2927000E+01
  22.640           0.3080000E+00
  22.660           0.1353000E+01
  22.680           0.4952000E+01
  22.700           0.2953000E+01
  22.720          -0.5243000E+01
  22.740          -0.1654500E+02
  22.760          -0.1070800E+02
  22.780           0.2667000E+01
  22.800           0.4719000E+01
  22.820           0.8971000E+01
  22.840           0.1408900E+02
  22.860           0.1227500E+02
  22.880           0.1399500E+02
  22.900           0.1152900E+02
  22.920           0.4412000E+01
  22.940          -0.3630000E+00
  22.960          -0.6000000E+01
  22.980          -0.1948000E+02
  23.000          -0.3103700E+02
  23.020          -0.2607300E+02
  23.040          -0.1222600E+02
  23.060           0.2889000E+01
  23.080           0.2336800E+02
  23.100           0.3076500E+02
  23.120           0.2683600E+02
  23.140           0.1423100E+02
  23.160          -0.4019000E+01
  23.180          -0.1500300E+02
  23.200          -0.1047800E+02
  23.220          -0.2670000E+00
  23.240          -0.6991000E+01
  23.260          -0.6762000E+01
  23.280           0.1021000E+01
  23.300          -0.6793000E+01
  23.320          -0.4976000E+01
  23.340           0.2541000E+01
  23.360           0.7370000E+00
  23.380           0.3410000E+00
  23.400           0.3584000E+01
  23.420          -0.1954000E+01
  23.440          -0.1086100E+02
  23.460          -0.4123000E+01
  23.480           0.1020000E+01
  23.500          -0.1550000E+00
  23.520          -0.3606000E+01
  23.540          -0.8566000E+01
  23.560          -0.7415000E+01
  23.580          -0.5924000E+01
  23.600          -0.1515000E+01
  23.620           0.1347000E+01
  23.640          -0.4733000E+01
  23.660           0.1388000E+01
  23.680           0.9298000E+01
  23.700           0.1147000E+02
  23.720           0.1573100E+02
  23.740           0.1346500E+02
  23.760           0.6490000E+01
  23.780           0.6504000E+01
  23.800           0.7143000E+01
  23.820           0.6271000E+01
  23.840           0.4830000E+01
  23.860           0.4090000E+00
  23.880          -0.3364000E+01
  23.900           0.1044000E+01
  23.920          -0.2349000E+01
  23.940          -0.8126000E+01
  23.960           0.5200000E-01
  23.980          -0.1949000E+01
  24.000          -0.8826000E+01
  24.020          -0.3297000E+01
  24.040          -0.5672000E+01
  24.060          -0.8350000E+01
  24.080          -0.6075000E+01
  24.100          -0.6598000E+01
  24.120          -0.6265000E+01
  24.140          -0.3241000E+01
  24.160           0.3576000E+01
  24.180           0.6262000E+01
  24.200           0.4515000E+01
  24.220           0.1341000E+01
  24.240          -0.1663000E+01
  24.260          -0.6596000E+01
  24.280          -0.1147900E+02
  24.300          -0.3202000E+01
  24.320           0.1429000E+01
  24.340           0.1835000E+01
  24.360           0.1197200E+02
  24.380           0.7211000E+01
  24.400          -0.4081000E+01
  24.420          -0.9194000E+01
  24.440          -0.1270200E+02
  24.460          -0.8226000E+01
  24.480           0.7281000E+01
  24.500           0.1990400E+02
  24.520           0.1850900E+02
  24.540           0.1431200E+02
  24.560           0.1373300E+02
  24.580           0.9457000E+01
  24.600           0.2710000E+01
  24.620          -0.5144000E+01
  24.640          -0.1133400E+02
  24.660          -0.1593200E+02
  24.680          -0.1594800E+02
  24.700          -0.8989000E+01
  24.720          -0.1398000E+01
  24.740           0.1020000E+00
  24.760          -0.2495000E+01
  24.780          -0.6979000E+01
  24.800          -0.5760000E+01
  24.820          -0.8870000E+00
  24.840           0.4619000E+01
  24.860           0.1122700E+02
  24.880           0.1024600E+02
  24.900           0.6171000E+01
  24.920           0.3079000E+01
  24.940           0.3577000E+01
  24.960           0.5161000E+01
  24.980           0.2813000E+01
  25.000           0.1744000E+01
  25.020          -0.2960000E+00
  25.040           0.9610000E+00
  25.060           0.3138000E+01
  25.080          -0.2010000E+00
  25.100           0.2895000E+01
  25.120           0.7741000E+01
  25.140           0.7283000E+01
  25.160           0.2170000E+01
  25.180           0.2095000E+01
  25.200           0.1630000E+00
  25.220          -0.6304000E+01
  25.240          -0.5230000E+01
  25.260          -0.4214000E+01
  25.280          -0.3099000E+01
  25.300           0.5454000E+01
  25.320           0.1019000E+02
  25.340           0.8307000E+01
  25.360           0.4802000E+01
  25.380           0.2041000E+01
  25.400          -0.1908000E+01
  25.420          -0.3704000E+01
  25.440          -0.5387000E+01
  25.460          -0.5374000E+01
  25.480          -0.7092000E+01
  25.500          -0.1289400E+02
  25.520          -0.1473200E+02
  25.540          -0.1243400E+02
  25.560          -0.7271000E+01
  25.580          -0.1469000E+01
  25.600           0.2056000E+01
  25.620           0.6485000E+01
  25.640           0.1236100E+02
  25.660           0.9488000E+01
  25.680           0.2865000E+01
  25.700           0.2430000E+01
  25.720           0.7740000E+00
  25.740           0.3802000E+01
  25.760           0.8503000E+01
  25.780           0.4106000E+01
  25.800          -0.3690000E+01
  25.820          -0.7255000E+01
  25.840          -0.6453000E+01
  25.860          -0.3378000E+01
  25.880           0.4597000E+01
  25.900           0.6088000E+01
  25.920           0.5188000E+01
  25.940           0.7698000E+01
  25.960           0.8389000E+01
  25.980           0.8816000E+01
  26.000           0.3455000E+01
  26.020          -0.2969000E+01
  26.040          -0.6058000E+01
  26.060          -0.1152100E+02
  26.080          -0.1114300E+02
  26.100          -0.7679000E+01
  26.120          -0.4069000E+01
  26.140           0.5940000E+00
  26.160           0.1199000E+01
  26.180          -0.3709000E+01
  26.200          -0.4971000E+01
  26.220          -0.2791000E+01
  26.240          -0.5130000E+00
  26.260           0.3033000E+01
  26.280           0.3540000E+00
  26.300          -0.3898000E+01
  26.320          -0.2588000E+01
  26.340          -0.4383000E+01
  26.360          -0.3694000E+01
  26.380           0.3719000E+01
  26.400           0.4765000E+01
  26.420          -0.1780000E+01
  26.440          -0.3434000E+01
  26.460          -0.1801000E+01
  26.480          -0.7070000E+00
  26.500           0.3281000E+01
  26.520           0.6527000E+01
  26.540           0.6598000E+01
  26.560           0.1687000E+01
  26.580          -0.4271000E+01
  26.600          -0.7796000E+01
  26.620          -0.4911000E+01
  26.640           0.4120000E+00
  26.660           0.1717000E+01
  26.680          -0.2516000E+01
  26.700          -0.7105000E+01
  26.720          -0.2680000E+01
  26.740           0.3265000E+01
  26.760           0.5512000E+01
  26.780           0.5926000E+01
  26.800           0.1148000E+01
  26.820           0.9640000E+00
  26.840           0.1994000E+01
  26.860          -0.5640000E+00
  26.880          -0.3973000E+01
  26.900          -0.4255000E+01
  26.920          -0.2998000E+01
  26.940          -0.4506000E+01
  26.960          -0.4227000E+01
  26.980          -0.5220000E+00
  27.000           0.3375000E+01
  27.020           0.5678000E+01
  27.040           0.7929000E+01
  27.060           0.7505000E+01
  27.080           0.1903000E+01
  27.100           0.5890000E+00
  27.120           0.6360000E+00
  27.140          -0.1791000E+01
  27.160          -0.3430000E+01
  27.180          -0.3304000E+01
  27.200          -0.3782000E+01
  27.220          -0.4786000E+01
  27.240          -0.2915000E+01
  27.260           0.2530000E+00
  27.280           0.1938000E+01
  27.300          -0.2380000E+00
  27.320           0.4400000E-01
  27.340           0.2998000E+01
  27.360           0.5077000E+01
  27.380           0.6928000E+01
  27.400           0.7460000E+01
  27.420           0.7054000E+01
  27.440           0.3367000E+01
  27.460          -0.3047000E+01
  27.480          -0.8986000E+01
  27.500          -0.1237400E+02
  27.520          -0.1009300E+02
  27.540          -0.4146000E+01
  27.560          -0.1047000E+01
  27.580          -0.2624000E+01
  27.600           0.1312000E+01
  27.620           0.5407000E+01
  27.640           0.6417000E+01
  27.660           0.1151800E+02
  27.680           0.1341500E+02
  27.700           0.7785000E+01
  27.720           0.4766000E+01
  27.740           0.4451000E+01
  27.760           0.2034000E+01
  27.780          -0.8620000E+00
  27.800          -0.2744000E+01
  27.820          -0.5464000E+01
  27.840          -0.6803000E+01
  27.860          -0.3178000E+01
  27.880           0.1038000E+01
  27.900           0.2188000E+01
  27.920           0.1317000E+01
  27.940          -0.9830000E+00
  27.960          -0.3007000E+01
  27.980          -0.5365000E+01
  28.000          -0.6172000E+01
  28.020          -0.5277000E+01
  28.040          -0.4577000E+01
  28.060          -0.2545000E+01
  28.080           0.8770000E+00
  28.100           0.4378000E+01
  28.120           0.3706000E+01
  28.140           0.1451000E+01
  28.160           0.6280000E+00
  28.180           0.1202000E+01
  28.200          -0.1435000E+01
  28.220          -0.6049000E+01
  28.240          -0.6063000E+01
  28.260          -0.2155000E+01
  28.280           0.9140000E+00
  28.300           0.1460000E+01
  28.320          -0.4390000E+00
  28.340          -0.2783000E+01
  28.360          -0.3540000E+01
  28.380          -0.2415000E+01
  28.400          -0.1250000E+00
  28.420           0.3205000E+01
  28.440           0.6194000E+01
  28.460           0.7971000E+01
  28.480           0.6421000E+01
  28.500           0.6152000E+01
  28.520           0.5004000E+01
  28.540           0.3411000E+01
  28.560           0.4216000E+01
  28.580           0.1020000E+01
  28.600          -0.2125000E+01
  28.620          -0.1862000E+01
  28.640          -0.3528000E+01
  28.660          -0.4791000E+01
  28.680          -0.2642000E+01
  28.700          -0.5080000E+00
  28.720          -0.5350000E+00
  28.740          -0.1565000E+01
  28.760          -0.4570000E+01
  28.780          -0.4989000E+01
  28.800          -0.2413000E+01
  28.820          -0.1910000E+01
  28.840          -0.8800000E+00
  28.860           0.5620000E+00
  28.880           0.2052000E+01
  28.900           0.4367000E+01
  28.920           0.5474000E+01
  28.940           0.5789000E+01
  28.960           0.5067000E+01
  28.980          -0.4000000E-01
  29.000          -0.3032000E+01
  29.020          -0.9630000E+00
  29.040          -0.3600000E+00
  29.060          -0.2700000E+00
  29.080           0.8090000E+00
  29.100          -0.2884000E+01
  29.120          -0.6365000E+01
  29.140          -0.4615000E+01
  29.160          -0.2875000E+01
  29.180          -0.2126000E+01
  29.200          -0.4870000E+00
  29.220           0.8050000E+00
  29.240           0.1563000E+01
  29.260           0.1420000E+01
  29.280           0.8360000E+00
  29.300           0.2082000E+01
  29.320           0.4317000E+01
  29.340           0.3715000E+01
  29.360           0.2209000E+01
  29.380           0.3500000E-01
  29.400          -0.3297000E+01
  29.420          -0.4640000E+01
  29.440          -0.2606000E+01
  29.460           0.8600000E-01
  29.480           0.1405000E+01
  29.500           0.2380000E+00
  29.520          -0.8920000E+00
  29.540           0.4720000E+00
  29.560          -0.1498000E+01
  29.580          -0.1934000E+01
  29.600           0.1450000E+01
  29.620           0.1493000E+01
  29.640           0.9150000E+00
  29.660           0.2538000E+01
  29.680           0.4208000E+01
  29.700           0.3441000E+01
  29.720           0.1232000E+01
  29.740          -0.2051000E+01
  29.760          -0.3884000E+01
  29.780          -0.1881000E+01
  29.800          -0.6190000E+00
  29.820           0.2320000E+01
  29.840           0.3383000E+01
  29.860           0.3294000E+01
  29.880           0.4185000E+01
  29.900           0.3641000E+01
  29.920           0.1104000E+01
  29.940          -0.1354000E+01
  29.960          -0.1765000E+01
  29.980          -0.4160000E+01
  30.000          -0.6720000E+01
  30.020          -0.5677000E+01
  30.040          -0.4334000E+01
  30.060          -0.2786000E+01
  30.080           0.1920000E+00
  30.100           0.6470000E+00
  30.120          -0.1347000E+01
  30.140          -0.9870000E+00
  30.160          -0.2202000E+01
  30.180          -0.1874000E+01
  30.200           0.9110000E+00
  30.220           0.2685000E+01
  30.240           0.3445000E+01
  30.260           0.8670000E+00
  30.280          -0.1310000E+00
  30.300           0.8080000E+00
  30.320           0.9800000E-01
  30.340          -0.1374000E+01
  30.360          -0.6200000E+00
  30.380          -0.6600000E-01
  30.400          -0.1284000E+01
  30.420           0.7900000E-01
  30.440           0.3800000E+00
  30.460           0.9110000E+00
  30.480           0.3834000E+01
  30.500           0.4209000E+01
  30.520           0.2794000E+01
  30.540          -0.2220000E+00
  30.560          -0.3546000E+01
  30.580          -0.3865000E+01
  30.600          -0.1797000E+01
  30.620           0.9740000E+00
  30.640           0.4374000E+01
  30.660           0.5057000E+01
  30.680           0.3021000E+01
  30.700           0.2865000E+01
  30.720           0.4338000E+01
  30.740           0.2813000E+01
  30.760           0.6410000E+00
  30.780          -0.2551000E+01
  30.800          -0.6596000E+01
  30.820          -0.6106000E+01
  30.840          -0.3679000E+01
  30.860          -0.1098000E+01
  30.880           0.1780000E+01
  30.900           0.1909000E+01
  30.920           0.1864000E+01
  30.940           0.3904000E+01
  30.960           0.5275000E+01
  30.980           0.5006000E+01
  31.000           0.4198000E+01
  31.020           0.2421000E+01
  31.040           0.1542000E+01
  31.060           0.6800000E-01
  31.080          -0.2416000E+01
  31.100          -0.1360000E+01
  31.120           0.2564000E+01
  31.140           0.4409000E+01
  31.160           0.3292000E+01
  31.180           0.8930000E+00
  31.200          -0.3366000E+01
  31.220          -0.4240000E+01
  31.240          -0.2067000E+01
  31.260           0.1080000E+01
  31.280           0.3537000E+01
  31.300           0.3730000E+01
  31.320           0.2644000E+01
  31.340          -0.4770000E+00
  31.360          -0.1267000E+01
  31.380          -0.3110000E+00
  31.400          -0.3750000E+00
  31.420          -0.3500000E+00
  31.440          -0.9430000E+00
  31.460          -0.1008000E+01
  31.480          -0.1703000E+01
  31.500           0.4440000E+00
  31.520           0.2257000E+01
  31.540           0.2292000E+01
  31.560           0.2129000E+01
  31.580          -0.2000000E+00
  31.600          -0.2605000E+01
  31.620          -0.4500000E+01
  31.640          -0.4532000E+01
  31.660          -0.2849000E+01
  31.680          -0.2234000E+01
  31.700          -0.2170000E+01
  31.720          -0.6760000E+00
  31.740          -0.9240000E+00
  31.760          -0.2637000E+01
  31.780          -0.1408000E+01
  31.800           0.2210000E+00
  31.820           0.8230000E+00
  31.840           0.1300000E-01
  31.860          -0.3350000E+00
  31.880          -0.5900000E+00
  31.900          -0.1827000E+01
  31.920          -0.1056000E+01
  31.940           0.3420000E+00
  31.960          -0.1330000E+00
  31.980          -0.1156000E+01
  32.000           0.3400000E+00
  32.020           0.2210000E+00
  32.040          -0.7820000E+00
  32.060           0.5280000E+00
  32.080           0.3210000E+00
  32.100           0.4900000E-01
  32.120           0.3050000E+00
  32.140           0.1310000E+00
  32.160           0.1917000E+01
  32.180           0.4170000E+01
  32.200           0.4407000E+01
  32.220           0.2801000E+01
  32.240           0.5300000E+00
  32.260          -0.1097000E+01
  32.280          -0.1321000E+01
  32.300          -0.1563000E+01
  32.320          -0.1958000E+01
  32.340          -0.2045000E+01
  32.360          -0.2334000E+01
  32.380          -0.3008000E+01
  32.400          -0.1527000E+01
  32.420          -0.6050000E+00
  32.440           0.1350000E+00
  32.460           0.1333000E+01
  32.480           0.6070000E+00
  32.500           0.1640000E+00
  32.520          -0.1205000E+01
  32.540          -0.2566000E+01
  32.560          -0.1284000E+01
  32.580           0.5800000E+00
  32.600           0.1330000E+00
  32.620          -0.1028000E+01
  32.640          -0.1355000E+01
  32.660          -0.1773000E+01
  32.680          -0.1001000E+01
  32.700          -0.1410000E+00
  32.720          -0.2970000E+00
  32.740          -0.4530000E+00
  32.760           0.6190000E+00
  32.780           0.2012000E+01
  32.800           0.1501000E+01
  32.820          -0.1060000E+00
  32.840          -0.1557000E+01
  32.860          -0.1152000E+01
  32.880          -0.4690000E+00
  32.900           0.1599000E+01
  32.920           0.1985000E+01
  32.940           0.4700000E-01
  32.960          -0.1091000E+01
  32.980          -0.1746000E+01
  33.000          -0.1045000E+01
  33.020          -0.7550000E+00
  33.040          -0.2650000E+00
  33.060           0.6050000E+00
  33.080           0.1905000E+01
  33.100           0.2187000E+01
  33.120           0.5190000E+00
  33.140          -0.4910000E+00
  33.160          -0.1533000E+01
  33.180          -0.3820000E+00
  33.200          -0.3860000E+00
  33.220          -0.1517000E+01
  33.240          -0.1679000E+01
  33.260          -0.2570000E+01
  33.280          -0.2481000E+01
  33.300          -0.1397000E+01
  33.320          -0.2870000E+00
  33.340           0.4520000E+00
  33.360           0.6360000E+00
  33.380          -0.2030000E+00
  33.400           0.3180000E+00
  33.420           0.2086000E+01
  33.440           0.4307000E+01
  33.460           0.5764000E+01
  33.480           0.3222000E+01
  33.500           0.5960000E+00
  33.520          -0.3230000E+00
  33.540          -0.1249000E+01
  33.560          -0.1620000E+01
  33.580          -0.1009000E+01
  33.600          -0.8730000E+00
  33.620          -0.7480000E+00
  33.640           0.5920000E+00
  33.660           0.1307000E+01
  33.680           0.2921000E+01
  33.700           0.2880000E+01
  33.720           0.1837000E+01
  33.740           0.2230000E+01
  33.760           0.2254000E+01
  33.780           0.2207000E+01
  33.800           0.2236000E+01
  33.820           0.2151000E+01
  33.840           0.2085000E+01
  33.860           0.2269000E+01
  33.880           0.5570000E+00
  33.900          -0.1696000E+01
  33.920          -0.1483000E+01
  33.940          -0.1328000E+01
  33.960          -0.1017000E+01
  33.980          -0.8290000E+00
  34.000          -0.1854000E+01
  34.020          -0.1860000E+01
  34.040          -0.4880000E+00
  34.060           0.1760000E+00
  34.080           0.6250000E+00
  34.100          -0.8730000E+00
  34.120          -0.3033000E+01
  34.140          -0.3315000E+01
  34.160          -0.3510000E+01
  34.180          -0.2299000E+01
  34.200          -0.5300000E-01
  34.220           0.1820000E+01
  34.240           0.2707000E+01
  34.260           0.3885000E+01
  34.280           0.3798000E+01
  34.300           0.2144000E+01
  34.320           0.1308000E+01
  34.340           0.2610000E+00
  34.360           0.6100000E+00
  34.380           0.9220000E+00
  34.400          -0.5170000E+00
  34.420          -0.6830000E+00
  34.440          -0.9770000E+00
  34.460          -0.1758000E+01
  34.480          -0.9800000E+00
  34.500           0.1030000E+00
  34.520          -0.4500000E-01
  34.540           0.4200000E-01
  34.560          -0.2620000E+00
  34.580          -0.5900000E-01
  34.600           0.4670000E+00
  34.620           0.6810000E+00
  34.640           0.1035000E+01
  34.660           0.1195000E+01
  34.680           0.1252000E+01
  34.700           0.3560000E+00
  34.720          -0.3340000E+00
  34.740          -0.1256000E+01
  34.760          -0.2104000E+01
  34.780          -0.2661000E+01
  34.800          -0.2827000E+01
  34.820          -0.1490000E+01
  34.840          -0.1335000E+01
  34.860          -0.1502000E+01
  34.880          -0.1138000E+01
  34.900          -0.4800000E+00
  34.920           0.1400000E-01
  34.940          -0.2640000E+00
  34.960          -0.3780000E+00
  34.980          -0.3930000E+00
  35.000          -0.3440000E+00
  35.020          -0.9700000E-01
  35.040           0.6080000E+00
  35.060           0.4320000E+00
  35.080           0.9200000E-01
  35.100           0.1340000E+00
  35.120           0.2300000E-01
  35.140          -0.2080000E+00
  35.160          -0.8760000E+00
  35.180          -0.1034000E+01
  35.200          -0.6930000E+00
  35.220          -0.2440000E+00
  35.240           0.1360000E+00
  35.260           0.5030000E+00
  35.280           0.3020000E+00
  35.300          -0.5500000E-01
  35.320           0.3540000E+00
  35.340           0.1670000E+00
  35.360          -0.4100000E-01
  35.380          -0.2730000E+00
  35.400          -0.4860000E+00
  35.420          -0.3000000E+00
  35.440          -0.1700000E-01
  35.460           0.1590000E+00
  35.480           0.2310000E+00
  35.500           0.3850000E+00
  35.520           0.8000000E-01
  35.540          -0.5000000E-02
  35.560          -0.6400000E-01
  35.580          -0.2230000E+00
  35.600          -0.3240000E+00
  35.620          -0.4980000E+00
  35.640          -0.2630000E+00
  35.660           0.1600000E-01
  35.680           0.8800000E-01
  35.700           0.1530000E+00
  35.720           0.4790000E+00
  35.740           0.3470000E+00
  35.760           0.7900000E-01
  35.780           0.9900000E-01
  35.800           0.1000000E-02
  35.820           0.6600000E-01
  35.840           0.7400000E-01
  35.860           0.2220000E+00
  35.880           0.3990000E+00
  35.900           0.4070000E+00
  35.920           0.3280000E+00
  35.940           0.3790000E+00
  35.960           0.3420000E+00
  35.980           0.1700000E+00
  36.000           0.1960000E+00
  36.020           0.1010000E+00
  36.040           0.1000000E+00
  36.060           0.1130000E+00
  36.080           0.1560000E+00
  36.100           0.3070000E+00
  36.120           0.3180000E+00
  36.140           0.2660000E+00
  36.160           0.2020000E+00
  36.180           0.1400000E+00
  36.200           0.2600000E-01
  36.220           0.5000000E-02
  36.240           0.7000000E-02
  36.260           0.1900000E-01
  36.280           0.4100000E-01
  36.300           0.1800000E-01
  36.320           0.2400000E-01
  36.340           0.1400000E-01
  36.360          -0.1000000E-02
  36.380          -0.4000000E-02
  36.400           0.0000000E+00
  36.420           0.0000000E+00
  36.440           0.0000000E+00
  36.460           0.0000000E+00
  36.480           0.0000000E+00
  36.500           0.0000000E+00
  36.520           0.0000000E+00
  36.540           0.0000000E+00
  36.560           0.0000000E+00
  36.580           0.0000000E+00
  36.600           0.0000000E+00
  36.620           0.0000000E+00
  36.640           0.0000000E+00
  36.660           0.0000000E+00
  36.680           0.0000000E+00
  36.700           0.0000000E+00
  36.720           0.0000000E+00
  36.740           0.0000000E+00
  36.760           0.0000000E+00
  36.780           0.0000000E+00
  36.800           0.0000000E+00
  36.820           0.0000000E+00
  36.840           0.0000000E+00
  36.860           0.0000000E+00
  36.880           0.0000000E+00
  36.900           0.0000000E+00
  36.920           0.0000000E+00
  36.940           0.0000000E+00
  36.960           0.0000000E+00
  36.980           0.0000000E+00
  37.000           0.0000000E+00
  37.020           0.0000000E+00
  37.040           0.0000000E+00
  37.060           0.0000000E+00
  37.080           0.0000000E+00
  37.100           0.0000000E+00
  37.120           0.0000000E+00
  37.140           0.0000000E+00
  37.160           0.0000000E+00
  37.180           0.0000000E+00
  37.200           0.0000000E+00
  37.220           0.0000000E+00
  37.240           0.0000000E+00
  37.260           0.0000000E+00
  37.280           0.0000000E+00
  37.300           0.0000000E+00
  37.320           0.0000000E+00
  37.340           0.0000000E+00
  37.360           0.0000000E+00
  37.380           0.0000000E+00
  37.400           0.0000000E+00
  37.420           0.0000000E+00
  37.440           0.0000000E+00
  37.460           0.0000000E+00
  37.480           0.0000000E+00
  37.500           0.0000000E+00
  37.520           0.0000000E+00
  37.540           0.0000000E+00
  37.560           0.0000000E+00
  37.580           0.0000000E+00
  37.600           0.0000000E+00
  37.620           0.0000000E+00
  37.640           0.0000000E+00
  37.660           0.0000000E+00
  37.680           0.0000000E+00
  37.700           0.0000000E+00
  37.720           0.0000000E+00
  37.740           0.0000000E+00
  37.760           0.0000000E+00
  37.780           0.0000000E+00
  37.800           0.0000000E+00
  37.820           0.0000000E+00
  37.840           0.0000000E+00
  37.860           0.0000000E+00
  37.880           0.0000000E+00
  37.900           0.0000000E+00
  37.920           0.0000000E+00
  37.940           0.0000000E+00
  37.960           0.0000000E+00
  37.980           0.0000000E+00
  38.000           0.0000000E+00
  38.020           0.0000000E+00
  38.040           0.0000000E+00
  38.060           0.0000000E+00
  38.080           0.0000000E+00
  38.100           0.0000000E+00
  38.120           0.0000000E+00
  38.140           0.0000000E+00
  38.160           0.0000000E+00
  38.180           0.0000000E+00
  38.200           0.0000000E+00
  38.220           0.0000000E+00
  38.240           0.0000000E+00
  38.260           0.0000000E+00
  38.280           0.0000000E+00
  38.300           0.0000000E+00
  38.320           0.0000000E+00
  38.340           0.0000000E+00
  38.360           0.0000000E+00
  38.380           0.0000000E+00
  38.400           0.0000000E+00
  38.420           0.0000000E+00
  38.440           0.0000000E+00
  38.460           0.0000000E+00
  38.480           0.0000000E+00
  38.500           0.0000000E+00
  38.520           0.0000000E+00
  38.540           0.0000000E+00
  38.560           0.0000000E+00
  38.580           0.0000000E+00
  38.600           0.0000000E+00
  38.620           0.0000000E+00
  38.640           0.0000000E+00
  38.660           0.0000000E+00
  38.680           0.0000000E+00
  38.700           0.0000000E+00
  38.720           0.0000000E+00
  38.740           0.0000000E+00
  38.760           0.0000000E+00
  38.780           0.0000000E+00
  38.800           0.0000000E+00
  38.820           0.0000000E+00
  38.840           0.0000000E+00
  38.860           0.0000000E+00
  38.880           0.0000000E+00
  38.900           0.0000000E+00
  38.920           0.0000000E+00
  38.940           0.0000000E+00
  38.960           0.0000000E+00
  38.980           0.0000000E+00
  39.000           0.0000000E+00
  39.020           0.0000000E+00
  39.040           0.0000000E+00
  39.060           0.0000000E+00
  39.080           0.0000000E+00
  39.100           0.0000000E+00
  39.120           0.0000000E+00
  39.140           0.0000000E+00
  39.160           0.0000000E+00
  39.180           0.0000000E+00
  39.200           0.0000000E+00
  39.220           0.0000000E+00
  39.240           0.0000000E+00
  39.260           0.0000000E+00
  39.280           0.0000000E+00
  39.300           0.0000000E+00
  39.320           0.0000000E+00
  39.340           0.0000000E+00
  39.360           0.0000000E+00
  39.380           0.0000000E+00
  39.400           0.0000000E+00
  39.420           0.0000000E+00
  39.440           0.0000000E+00
  39.460           0.0000000E+00
  39.480           0.0000000E+00
  39.500           0.0000000E+00
  39.520           0.0000000E+00
  39.540           0.0000000E+00
  39.560           0.0000000E+00
  39.580           0.0000000E+00
  39.600           0.0000000E+00
  39.620           0.0000000E+00
  39.640           0.0000000E+00
  39.660           0.0000000E+00
  39.680           0.0000000E+00
  39.700           0.0000000E+00
  39.720           0.0000000E+00
  39.740           0.0000000E+00
  39.760           0.0000000E+00
  39.780           0.0000000E+00
  39.800           0.0000000E+00
  39.820           0.0000000E+00
  39.840           0.0000000E+00
  39.860           0.0000000E+00
  39.880           0.0000000E+00
  39.900           0.0000000E+00
  39.920           0.0000000E+00
  39.940           0.0000000E+00
  39.960           0.0000000E+00
  39.980           0.0000000E+00
  40.000           0.0000000E+00
  40.020           0.0000000E+00
  40.040           0.0000000E+00
  40.060           0.0000000E+00
  40.080           0.0000000E+00
  40.100           0.0000000E+00
  40.120           0.0000000E+00
  40.140           0.0000000E+00
  40.160           0.0000000E+00
  40.180           0.0000000E+00
  40.200           0.0000000E+00
  40.220           0.0000000E+00
  40.240           0.0000000E+00
  40.260           0.0000000E+00
  40.280           0.0000000E+00
  40.300           0.0000000E+00
  40.320           0.0000000E+00
  40.340           0.0000000E+00
  40.360           0.0000000E+00
  40.380           0.0000000E+00
  40.400           0.0000000E+00
  40.420           0.0000000E+00
  40.440           0.0000000E+00
  40.460           0.0000000E+00
  40.480           0.0000000E+00
  40.500           0.0000000E+00
  40.520           0.0000000E+00
  40.540           0.0000000E+00
  40.560           0.0000000E+00
  40.580           0.0000000E+00
  40.600           0.0000000E+00
  40.620           0.0000000E+00
  40.640           0.0000000E+00
  40.660           0.0000000E+00
  40.680           0.0000000E+00
  40.700           0.0000000E+00
  40.720           0.0000000E+00
  40.740           0.0000000E+00
  40.760           0.0000000E+00
  40.780           0.0000000E+00
  40.800           0.0000000E+00
  40.820           0.0000000E+00
  40.840           0.0000000E+00
  40.860           0.0000000E+00
  40.880           0.0000000E+00
  40.900           0.0000000E+00
  40.920           0.0000000E+00
  40.940           0.0000000E+00
  40.960           0.0000000E+00
