   0.020          -0.1000000E+00
   0.040          -0.1000000E+00
   0.060          -0.1000000E+00
   0.080          -0.1090000E+00
   0.100          -0.1000000E+00
   0.120          -0.1000000E+00
   0.140          -0.1350000E+00
   0.160          -0.1000000E+00
   0.180          -0.1000000E+00
   0.200          -0.1810000E+00
   0.220          -0.1020000E+00
   0.240          -0.1010000E+00
   0.260          -0.2440000E+00
   0.280          -0.1010000E+00
   0.300          -0.9500000E-01
   0.320           0.1260000E+00
   0.340           0.9500000E-01
   0.360          -0.8900000E-01
   0.380          -0.9900000E-01
   0.400          -0.2790000E+00
   0.420          -0.2040000E+00
   0.440          -0.1970000E+00
   0.460          -0.3200000E+00
   0.480          -0.1370000E+00
   0.500          -0.1590000E+00
   0.520          -0.3250000E+00
   0.540          -0.1510000E+00
   0.560          -0.2070000E+00
   0.580          -0.6920000E+00
   0.600          -0.2270000E+00
   0.620          -0.2300000E+00
   0.640          -0.5580000E+00
   0.660          -0.2530000E+00
   0.680          -0.3550000E+00
   0.700          -0.1259000E+01
   0.720          -0.5760000E+00
   0.740          -0.3500000E-01
   0.760           0.1274000E+01
   0.780           0.3840000E+00
   0.800           0.5600000E-01
   0.820           0.5110000E+00
   0.840           0.5240000E+00
   0.860           0.4550000E+00
   0.880           0.1110000E+01
   0.900           0.1548000E+01
   0.920           0.1133000E+01
   0.940           0.1771000E+01
   0.960           0.2117000E+01
   0.980           0.7240000E+00
   1.000          -0.6080000E+00
   1.020          -0.1730000E+01
   1.040          -0.2709000E+01
   1.060          -0.2217000E+01
   1.080           0.2180000E+00
   1.100           0.8010000E+00
   1.120          -0.9710000E+00
   1.140          -0.3246000E+01
   1.160          -0.2832000E+01
   1.180          -0.4450000E+00
   1.200           0.8660000E+00
   1.220          -0.1255000E+01
   1.240          -0.1087000E+01
   1.260           0.1463000E+01
   1.280           0.3883000E+01
   1.300           0.3045000E+01
   1.320           0.4660000E+00
   1.340          -0.1290000E+00
   1.360           0.3940000E+00
   1.380          -0.1231000E+01
   1.400          -0.3914000E+01
   1.420          -0.3857000E+01
   1.440          -0.3294000E+01
   1.460          -0.4646000E+01
   1.480          -0.5446000E+01
   1.500          -0.3000000E+01
   1.520           0.1525000E+01
   1.540           0.3306000E+01
   1.560           0.1833000E+01
   1.580           0.2562000E+01
   1.600           0.4838000E+01
   1.620           0.5819000E+01
   1.640           0.2437000E+01
   1.660           0.2148000E+01
   1.680           0.3004000E+01
   1.700           0.2577000E+01
   1.720           0.2966000E+01
   1.740           0.5740000E+01
   1.760           0.5647000E+01
   1.780           0.4846000E+01
   1.800           0.5436000E+01
   1.820           0.4392000E+01
   1.840           0.5444000E+01
   1.860           0.8393000E+01
   1.880           0.6613000E+01
   1.900           0.6780000E+00
   1.920          -0.4564000E+01
   1.940          -0.4586000E+01
   1.960          -0.4636000E+01
   1.980          -0.5671000E+01
   2.000          -0.7649000E+01
   2.020          -0.9812000E+01
   2.040          -0.1033500E+02
   2.060          -0.5496000E+01
   2.080          -0.6752000E+01
   2.100          -0.1095200E+02
   2.120          -0.8754000E+01
   2.140          -0.1636000E+01
   2.160           0.5777000E+01
   2.180           0.3131000E+01
   2.200          -0.3403000E+01
   2.220          -0.8260000E+00
   2.240           0.6222000E+01
   2.260           0.1248700E+02
   2.280           0.1184100E+02
   2.300           0.6856000E+01
   2.320           0.1051700E+02
   2.340           0.1340200E+02
   2.360           0.1308900E+02
   2.380           0.8990000E+01
   2.400           0.1288000E+01
   2.420          -0.5082000E+01
   2.440          -0.8272000E+01
   2.460          -0.9799000E+01
   2.480          -0.8572000E+01
   2.500          -0.8470000E+01
   2.520          -0.1293600E+02
   2.540          -0.1602900E+02
   2.560          -0.1358300E+02
   2.580          -0.9413000E+01
   2.600          -0.6184000E+01
   2.620          -0.6079000E+01
   2.640          -0.1219000E+02
   2.660          -0.1758200E+02
   2.680          -0.1646500E+02
   2.700          -0.1316600E+02
   2.720          -0.1164400E+02
   2.740          -0.1020400E+02
   2.760          -0.1157900E+02
   2.780          -0.1106500E+02
   2.800           0.4900000E+00
   2.820           0.5780000E+01
   2.840           0.5989000E+01
   2.860           0.3760000E+01
   2.880           0.5951000E+01
   2.900           0.1330400E+02
   2.920           0.1693100E+02
   2.940           0.1582800E+02
   2.960           0.1486100E+02
   2.980           0.1770600E+02
   3.000           0.1549200E+02
   3.020           0.6802000E+01
   3.040          -0.4252000E+01
   3.060          -0.1470700E+02
   3.080          -0.1821200E+02
   3.100          -0.1047700E+02
   3.120           0.5662000E+01
   3.140           0.1480200E+02
   3.160           0.2007800E+02
   3.180           0.1343000E+02
   3.200           0.6201000E+01
   3.220          -0.1096000E+01
   3.240          -0.7827000E+01
   3.260          -0.1352500E+02
   3.280          -0.1690700E+02
   3.300          -0.8894000E+01
   3.320           0.6435000E+01
   3.340           0.1539100E+02
   3.360           0.2176200E+02
   3.380           0.1763800E+02
   3.400           0.1092500E+02
   3.420           0.1187100E+02
   3.440           0.1617600E+02
   3.460           0.1596000E+02
   3.480           0.9584000E+01
   3.500          -0.1242000E+01
   3.520          -0.7474000E+01
   3.540          -0.1333200E+02
   3.560          -0.1634200E+02
   3.580          -0.1747400E+02
   3.600          -0.2202600E+02
   3.620          -0.2102400E+02
   3.640          -0.2320000E+02
   3.660          -0.1814700E+02
   3.680          -0.6255000E+01
   3.700           0.4645000E+01
   3.720           0.2737000E+01
   3.740          -0.3804000E+01
   3.760           0.5610000E+00
   3.780           0.1360200E+02
   3.800           0.2004400E+02
   3.820           0.2589700E+02
   3.840           0.2288100E+02
   3.860           0.3206700E+02
   3.880           0.3727500E+02
   3.900           0.2624300E+02
   3.920           0.3976000E+01
   3.940          -0.2837000E+01
   3.960           0.1100200E+02
   3.980           0.1593500E+02
   4.000           0.1013500E+02
   4.020          -0.5160000E+01
   4.040          -0.1374400E+02
   4.060          -0.1788800E+02
   4.080          -0.2212000E+02
   4.100          -0.3142300E+02
   4.120          -0.3890400E+02
   4.140          -0.2893300E+02
   4.160          -0.1099200E+02
   4.180          -0.9590000E+00
   4.200          -0.2637000E+01
   4.220          -0.1127200E+02
   4.240          -0.1741400E+02
   4.260          -0.2269300E+02
   4.280          -0.2585200E+02
   4.300          -0.2071800E+02
   4.320           0.4320000E+00
   4.340           0.1765600E+02
   4.360           0.3564100E+02
   4.380           0.4284600E+02
   4.400           0.3340100E+02
   4.420           0.3455200E+02
   4.440           0.3565000E+02
   4.460           0.2794400E+02
   4.480           0.1649000E+02
   4.500           0.3082000E+01
   4.520           0.1235000E+01
   4.540           0.1790000E+00
   4.560          -0.3310000E+00
   4.580           0.6040000E+00
   4.600          -0.3470000E+01
   4.620          -0.3201000E+01
   4.640          -0.1686100E+02
   4.660          -0.2879500E+02
   4.680          -0.3061900E+02
   4.700          -0.1819100E+02
   4.720           0.1130000E+00
   4.740           0.8921000E+01
   4.760           0.2592000E+01
   4.780          -0.5325000E+01
   4.800          -0.1839900E+02
   4.820          -0.1687900E+02
   4.840          -0.7890000E+00
   4.860          -0.8800000E-01
   4.880          -0.5114000E+01
   4.900          -0.3375000E+01
   4.920           0.1183700E+02
   4.940           0.2708600E+02
   4.960           0.2784200E+02
   4.980           0.2100900E+02
   5.000           0.1897600E+02
   5.020           0.2066500E+02
   5.040           0.2000000E+01
   5.060          -0.3277600E+02
   5.080          -0.5515200E+02
   5.100          -0.5271200E+02
   5.120          -0.4953600E+02
   5.140          -0.2514700E+02
   5.160           0.6887000E+01
   5.180           0.1369300E+02
   5.200           0.2686500E+02
   5.220           0.4289300E+02
   5.240           0.4466200E+02
   5.260           0.2066700E+02
   5.280          -0.1586000E+02
   5.300          -0.4101700E+02
   5.320          -0.5988300E+02
   5.340          -0.5139600E+02
   5.360          -0.1243700E+02
   5.380           0.1247000E+02
   5.400           0.3023000E+02
   5.420           0.2276500E+02
   5.440           0.1443100E+02
   5.460           0.7247000E+01
   5.480          -0.6960000E+00
   5.500          -0.1873900E+02
   5.520          -0.4707200E+02
   5.540          -0.4721200E+02
   5.560          -0.1977800E+02
   5.580           0.1505600E+02
   5.600           0.2696800E+02
   5.620           0.2775800E+02
   5.640           0.1485800E+02
   5.660           0.9637000E+01
   5.680           0.7730000E+01
   5.700           0.6635000E+01
   5.720           0.1601100E+02
   5.740           0.1591800E+02
   5.760           0.1565200E+02
   5.780           0.2732100E+02
   5.800           0.3835900E+02
   5.820           0.2954000E+02
   5.840           0.1261000E+02
   5.860          -0.2071000E+01
   5.880          -0.5823000E+01
   5.900           0.1746400E+02
   5.920           0.3751200E+02
   5.940           0.2691900E+02
   5.960           0.3456600E+02
   5.980           0.4965700E+02
   6.000           0.5640400E+02
   6.020           0.4654900E+02
   6.040           0.3323000E+01
   6.060          -0.1854600E+02
   6.080          -0.2043000E+02
   6.100          -0.3094400E+02
   6.120          -0.5489500E+02
   6.140          -0.5189100E+02
   6.160          -0.4567100E+02
   6.180          -0.1574000E+02
   6.200           0.2209100E+02
   6.220           0.2214000E+02
   6.240           0.2623500E+02
   6.260           0.3673100E+02
   6.280           0.2920800E+02
   6.300           0.1001400E+02
   6.320          -0.1010000E+01
   6.340          -0.4834000E+01
   6.360          -0.3242500E+02
   6.380          -0.3504900E+02
   6.400          -0.2272000E+02
   6.420          -0.2350000E+01
   6.440           0.2426300E+02
   6.460           0.2298300E+02
   6.480           0.2516000E+01
   6.500          -0.1659500E+02
   6.520          -0.6231000E+01
   6.540           0.2368000E+02
   6.560           0.2234000E+01
   6.580          -0.3968300E+02
   6.600          -0.3761200E+02
   6.620          -0.1757700E+02
   6.640          -0.1752500E+02
   6.660          -0.4347400E+02
   6.680          -0.5591200E+02
   6.700          -0.1257200E+02
   6.720           0.1778300E+02
   6.740           0.1426700E+02
   6.760           0.9190000E+01
   6.780           0.7198000E+01
   6.800           0.2552500E+02
   6.820           0.2084600E+02
   6.840           0.1316200E+02
   6.860          -0.2429300E+02
   6.880          -0.3808600E+02
   6.900          -0.1009200E+02
   6.920           0.2099100E+02
   6.940           0.4678400E+02
   6.960           0.7156900E+02
   6.980           0.8048700E+02
   7.000           0.6647400E+02
   7.020           0.3245700E+02
   7.040          -0.1952100E+02
   7.060          -0.3734100E+02
   7.080          -0.6462000E+02
   7.100          -0.4986900E+02
   7.120          -0.2086900E+02
   7.140          -0.6179000E+01
   7.160          -0.9077000E+01
   7.180          -0.1791000E+02
   7.200           0.5449000E+01
   7.220           0.1228700E+02
   7.240          -0.2184000E+01
   7.260          -0.1120600E+02
   7.280          -0.3294500E+02
   7.300          -0.1519600E+02
   7.320           0.1348600E+02
   7.340           0.2824400E+02
   7.360           0.4755800E+02
   7.380           0.4492900E+02
   7.400           0.4188100E+02
   7.420           0.5351200E+02
   7.440           0.3757100E+02
   7.460           0.1303100E+02
   7.480           0.1857000E+01
   7.500           0.4735000E+01
   7.520           0.2914100E+02
   7.540           0.1338000E+02
   7.560          -0.2014100E+02
   7.580          -0.6632200E+02
   7.600          -0.8519500E+02
   7.620          -0.9598800E+02
   7.640          -0.9060000E+02
   7.660          -0.4689200E+02
   7.680           0.1979000E+02
   7.700           0.4646800E+02
   7.720           0.5882000E+02
   7.740           0.2859600E+02
   7.760          -0.1849900E+02
   7.780          -0.3112100E+02
   7.800          -0.3868700E+02
   7.820          -0.1535500E+02
   7.840           0.5655000E+01
   7.860           0.9914000E+01
   7.880           0.2954000E+02
   7.900           0.5741700E+02
   7.920           0.4171500E+02
   7.940          -0.6488000E+01
   7.960          -0.1681700E+02
   7.980          -0.3854200E+02
   8.000          -0.2614800E+02
   8.020          -0.3565000E+01
   8.040          -0.4466000E+01
   8.060           0.1439600E+02
   8.080           0.6730700E+02
   8.100           0.1065030E+03
   8.120           0.7559200E+02
   8.140           0.1876400E+02
   8.160          -0.2768100E+02
   8.180          -0.4511700E+02
   8.200          -0.3049300E+02
   8.220          -0.4373000E+01
   8.240          -0.1177100E+02
   8.260          -0.2336000E+02
   8.280          -0.2876000E+02
   8.300          -0.2178400E+02
   8.320          -0.1628600E+02
   8.340          -0.3170800E+02
   8.360          -0.4457400E+02
   8.380          -0.2352400E+02
   8.400           0.2215700E+02
   8.420           0.6110400E+02
   8.440           0.7014900E+02
   8.460           0.5948800E+02
   8.480           0.7435700E+02
   8.500           0.9759300E+02
   8.520           0.1131200E+03
   8.540           0.8780000E+02
   8.560           0.4363700E+02
   8.580           0.9262000E+01
   8.600          -0.9045000E+01
   8.620          -0.1730500E+02
   8.640          -0.3206300E+02
   8.660           0.7200000E+01
   8.680           0.2612000E+02
   8.700           0.1590000E+00
   8.720           0.5179000E+01
   8.740           0.1749000E+01
   8.760          -0.4766000E+01
   8.780          -0.1678000E+01
   8.800          -0.2396000E+01
   8.820          -0.8223000E+01
   8.840          -0.3114800E+02
   8.860          -0.2960000E+00
   8.880           0.2507500E+02
   8.900           0.2479700E+02
   8.920           0.1047300E+02
   8.940           0.1604600E+02
   8.960           0.1478100E+02
   8.980          -0.2695800E+02
   9.000          -0.5501100E+02
   9.020          -0.8080100E+02
   9.040          -0.5832700E+02
   9.060           0.4120300E+02
   9.080           0.1021810E+03
   9.100           0.7784900E+02
   9.120           0.3843600E+02
   9.140           0.1395200E+02
   9.160           0.1654600E+02
   9.180           0.4071300E+02
   9.200           0.3941800E+02
   9.220          -0.3119000E+02
   9.240          -0.8499500E+02
   9.260          -0.8226800E+02
   9.280          -0.4001700E+02
   9.300           0.3430000E+01
   9.320           0.9595000E+01
   9.340          -0.1352600E+02
   9.360          -0.4606200E+02
   9.380          -0.5178300E+02
   9.400          -0.5260500E+02
   9.420          -0.5899200E+02
   9.440          -0.4583900E+02
   9.460          -0.1496000E+01
   9.480           0.2644900E+02
   9.500           0.1690800E+02
   9.520           0.1511800E+02
   9.540           0.1608200E+02
   9.560          -0.1528300E+02
   9.580           0.1445000E+01
   9.600           0.1850900E+02
   9.620          -0.1144200E+02
   9.640          -0.2601200E+02
   9.660          -0.2320900E+02
   9.680          -0.2522700E+02
   9.700          -0.4490400E+02
   9.720          -0.4789000E+02
   9.740          -0.1924500E+02
   9.760           0.2231900E+02
   9.780           0.5292100E+02
   9.800           0.6229400E+02
   9.820           0.4679500E+02
   9.840           0.2595000E+02
   9.860           0.4799200E+02
   9.880           0.5999400E+02
   9.900           0.3589100E+02
   9.920           0.2083800E+02
   9.940          -0.4749000E+01
   9.960          -0.2829700E+02
   9.980          -0.5349600E+02
  10.000          -0.7951500E+02
  10.020          -0.3206700E+02
  10.040           0.2614500E+02
  10.060           0.6722300E+02
  10.080           0.6427700E+02
  10.100           0.2048700E+02
  10.120           0.1274900E+02
  10.140          -0.1494800E+02
  10.160          -0.4981100E+02
  10.180          -0.9091900E+02
  10.200          -0.1069310E+03
  10.220          -0.9486800E+02
  10.240          -0.8070600E+02
  10.260          -0.9155200E+02
  10.280          -0.1058250E+03
  10.300          -0.7718000E+02
  10.320           0.5992000E+01
  10.340           0.7959000E+02
  10.360           0.8774100E+02
  10.380           0.7794100E+02
  10.400           0.4785500E+02
  10.420           0.1790200E+02
  10.440           0.1919700E+02
  10.460           0.2466900E+02
  10.480           0.3813000E+02
  10.500           0.4125600E+02
  10.520           0.4673800E+02
  10.540           0.3466300E+02
  10.560          -0.1613900E+02
  10.580          -0.3123400E+02
  10.600          -0.3808800E+02
  10.620          -0.5084800E+02
  10.640          -0.3419000E+02
  10.660          -0.1437100E+02
  10.680           0.2548100E+02
  10.700           0.5171800E+02
  10.720           0.5861300E+02
  10.740           0.4726100E+02
  10.760           0.2912000E+02
  10.780           0.2964300E+02
  10.800           0.2686000E+01
  10.820          -0.2942300E+02
  10.840          -0.2278500E+02
  10.860           0.2072700E+02
  10.880           0.4721400E+02
  10.900           0.3375000E+02
  10.920          -0.6390000E+00
  10.940          -0.2494500E+02
  10.960          -0.2789900E+02
  10.980          -0.8830100E+02
  11.000          -0.1360790E+03
  11.020          -0.1391000E+03
  11.040          -0.8901500E+02
  11.060          -0.2647500E+02
  11.080           0.1552200E+02
  11.100           0.3731000E+01
  11.120          -0.5795000E+01
  11.140          -0.1371900E+02
  11.160          -0.2335800E+02
  11.180          -0.1782600E+02
  11.200          -0.4165800E+02
  11.220          -0.3689900E+02
  11.240           0.2576700E+02
  11.260           0.7207300E+02
  11.280           0.6403700E+02
  11.300           0.4675000E+02
  11.320           0.4422300E+02
  11.340           0.5301000E+01
  11.360          -0.4735100E+02
  11.380          -0.6695200E+02
  11.400          -0.3357800E+02
  11.420           0.1822400E+02
  11.440           0.6017000E+02
  11.460           0.5711700E+02
  11.480           0.1620900E+02
  11.500          -0.1789600E+02
  11.520          -0.1821900E+02
  11.540          -0.2219500E+02
  11.560          -0.3059400E+02
  11.580          -0.2537000E+01
  11.600           0.1188500E+02
  11.620          -0.1026000E+02
  11.640          -0.3702400E+02
  11.660          -0.2262100E+02
  11.680           0.9710000E+00
  11.700           0.2270900E+02
  11.720           0.5250000E+02
  11.740           0.6030300E+02
  11.760           0.5142100E+02
  11.780           0.4108500E+02
  11.800           0.1427800E+02
  11.820           0.1565400E+02
  11.840           0.5119800E+02
  11.860           0.8628400E+02
  11.880           0.1011920E+03
  11.900           0.5050100E+02
  11.920          -0.3941000E+01
  11.940           0.1240000E+00
  11.960           0.1650800E+02
  11.980           0.1850200E+02
  12.000          -0.3425700E+02
  12.020          -0.7259100E+02
  12.040          -0.7924300E+02
  12.060          -0.6107900E+02
  12.080          -0.1191900E+02
  12.100           0.3809400E+02
  12.120           0.5854000E+02
  12.140           0.6670300E+02
  12.160           0.4252500E+02
  12.180          -0.1444100E+02
  12.200          -0.5343700E+02
  12.220          -0.2469300E+02
  12.240           0.7260000E+00
  12.260          -0.8908000E+01
  12.280          -0.7893000E+01
  12.300          -0.2793300E+02
  12.320          -0.4981000E+02
  12.340          -0.7424600E+02
  12.360          -0.8498400E+02
  12.380          -0.9390600E+02
  12.400          -0.3153000E+02
  12.420           0.9741000E+01
  12.440           0.9306000E+01
  12.460          -0.1523800E+02
  12.480          -0.3100000E-01
  12.500           0.3657200E+02
  12.520           0.3483700E+02
  12.540           0.3929800E+02
  12.560           0.1295400E+02
  12.580          -0.2589200E+02
  12.600          -0.2994200E+02
  12.620           0.1450000E+00
  12.640           0.1271700E+02
  12.660           0.3666200E+02
  12.680           0.5625500E+02
  12.700           0.4581400E+02
  12.720          -0.9264000E+01
  12.740          -0.8069000E+02
  12.760          -0.9632700E+02
  12.780          -0.6894200E+02
  12.800           0.1002000E+02
  12.820           0.5945000E+02
  12.840           0.1893500E+02
  12.860          -0.2297300E+02
  12.880          -0.3669200E+02
  12.900          -0.4041600E+02
  12.920          -0.3693800E+02
  12.940          -0.2464200E+02
  12.960           0.4996000E+01
  12.980           0.2581900E+02
  13.000           0.4302700E+02
  13.020           0.1274400E+02
  13.040          -0.4344600E+02
  13.060          -0.5982000E+02
  13.080          -0.3301900E+02
  13.100          -0.1528700E+02
  13.120          -0.6350000E+01
  13.140          -0.1974400E+02
  13.160          -0.2715100E+02
  13.180          -0.1092000E+01
  13.200           0.1131500E+02
  13.220           0.1367600E+02
  13.240           0.8081000E+01
  13.260           0.7726000E+01
  13.280          -0.1222600E+02
  13.300          -0.6501300E+02
  13.320          -0.6648600E+02
  13.340          -0.3732700E+02
  13.360          -0.2018200E+02
  13.380           0.1810000E+01
  13.400           0.2240000E+01
  13.420           0.1210500E+02
  13.440           0.5020300E+02
  13.460           0.7101200E+02
  13.480           0.5432700E+02
  13.500           0.2767600E+02
  13.520           0.1953500E+02
  13.540           0.2642900E+02
  13.560           0.1814700E+02
  13.580           0.5763000E+01
  13.600           0.1488900E+02
  13.620           0.2111400E+02
  13.640           0.2598900E+02
  13.660          -0.4640000E+01
  13.680          -0.1033500E+02
  13.700           0.5872000E+01
  13.720          -0.1211000E+01
  13.740          -0.5663000E+01
  13.760          -0.4063000E+02
  13.780          -0.6339800E+02
  13.800          -0.3706500E+02
  13.820           0.1792500E+02
  13.840           0.3844900E+02
  13.860          -0.6860000E+00
  13.880          -0.1712100E+02
  13.900          -0.2224200E+02
  13.920          -0.2961200E+02
  13.940          -0.2203000E+01
  13.960           0.1485000E+02
  13.980           0.7782000E+01
  14.000          -0.2503000E+01
  14.020           0.1852700E+02
  14.040           0.2012800E+02
  14.060           0.2987900E+02
  14.080           0.3200800E+02
  14.100           0.2635100E+02
  14.120          -0.2676000E+02
  14.140          -0.4794200E+02
  14.160          -0.2048900E+02
  14.180           0.4215000E+01
  14.200           0.2325700E+02
  14.220           0.5336900E+02
  14.240           0.9530300E+02
  14.260           0.1026840E+03
  14.280           0.1037340E+03
  14.300           0.6734400E+02
  14.320           0.1068500E+02
  14.340          -0.3612900E+02
  14.360          -0.6530400E+02
  14.380          -0.1021270E+03
  14.400          -0.1369650E+03
  14.420          -0.1223180E+03
  14.440          -0.7990500E+02
  14.460          -0.2994500E+02
  14.480           0.3725000E+01
  14.500           0.3536200E+02
  14.520           0.4993700E+02
  14.540           0.2825100E+02
  14.560          -0.2810200E+02
  14.580          -0.2282000E+02
  14.600           0.2676100E+02
  14.620           0.7078100E+02
  14.640           0.7276700E+02
  14.660           0.1387600E+02
  14.680          -0.5778200E+02
  14.700          -0.5070100E+02
  14.720           0.1198200E+02
  14.740           0.6477000E+02
  14.760           0.8198800E+02
  14.780           0.5862700E+02
  14.800           0.3110000E+02
  14.820           0.1115700E+02
  14.840          -0.1554300E+02
  14.860          -0.4117100E+02
  14.880          -0.3398300E+02
  14.900          -0.1111500E+02
  14.920          -0.1639000E+01
  14.940           0.3291000E+01
  14.960           0.2319000E+01
  14.980           0.2168300E+02
  15.000           0.3417600E+02
  15.020           0.3208300E+02
  15.040          -0.2631300E+02
  15.060          -0.7725700E+02
  15.080          -0.9291000E+02
  15.100          -0.1048380E+03
  15.120          -0.5865100E+02
  15.140           0.1190400E+02
  15.160           0.4321000E+02
  15.180           0.4705900E+02
  15.200           0.7104700E+02
  15.220           0.8532700E+02
  15.240           0.5460900E+02
  15.260           0.1322700E+02
  15.280           0.1181600E+02
  15.300           0.5768000E+01
  15.320           0.2575800E+02
  15.340           0.3184300E+02
  15.360          -0.1463800E+02
  15.380          -0.3799400E+02
  15.400          -0.2611300E+02
  15.420           0.1843900E+02
  15.440           0.6318100E+02
  15.460           0.7661000E+02
  15.480           0.5263600E+02
  15.500           0.2080600E+02
  15.520           0.4853000E+01
  15.540          -0.1084500E+02
  15.560          -0.6134000E+01
  15.580           0.1325700E+02
  15.600           0.2829600E+02
  15.620           0.2538900E+02
  15.640           0.1111400E+02
  15.660           0.2124100E+02
  15.680           0.3648100E+02
  15.700           0.2720700E+02
  15.720          -0.1704900E+02
  15.740          -0.6214000E+02
  15.760          -0.6908700E+02
  15.780          -0.4667600E+02
  15.800           0.1058300E+02
  15.820           0.1434500E+02
  15.840           0.2867900E+02
  15.860           0.5206900E+02
  15.880           0.6698900E+02
  15.900           0.3308100E+02
  15.920          -0.2714500E+02
  15.940          -0.6573000E+02
  15.960          -0.6458800E+02
  15.980          -0.2728500E+02
  16.000           0.3015500E+02
  16.020           0.6275100E+02
  16.040           0.8366100E+02
  16.060           0.8125200E+02
  16.080           0.5508200E+02
  16.100          -0.5052000E+01
  16.120          -0.8426000E+01
  16.140          -0.8478000E+01
  16.160           0.1493600E+02
  16.180           0.3166000E+02
  16.200           0.8279000E+01
  16.220          -0.3471600E+02
  16.240          -0.6245300E+02
  16.260          -0.6195700E+02
  16.280          -0.3851800E+02
  16.300           0.2220900E+02
  16.320           0.7844800E+02
  16.340           0.8120900E+02
  16.360           0.3265200E+02
  16.380          -0.8732000E+01
  16.400          -0.4927100E+02
  16.420          -0.5558400E+02
  16.440          -0.5678600E+02
  16.460          -0.2663000E+02
  16.480           0.2473500E+02
  16.500           0.5454800E+02
  16.520           0.5436700E+02
  16.540           0.3173500E+02
  16.560           0.1834100E+02
  16.580           0.3225100E+02
  16.600           0.3756400E+02
  16.620          -0.2976000E+01
  16.640          -0.6502600E+02
  16.660          -0.6333700E+02
  16.680           0.1045000E+01
  16.700           0.4380300E+02
  16.720           0.4796500E+02
  16.740           0.3563900E+02
  16.760           0.2592100E+02
  16.780           0.1673000E+01
  16.800          -0.9649000E+01
  16.820          -0.2598000E+02
  16.840          -0.1991200E+02
  16.860          -0.2863000E+01
  16.880           0.1479800E+02
  16.900          -0.7716000E+01
  16.920          -0.2237000E+02
  16.940          -0.2997100E+02
  16.960          -0.4498400E+02
  16.980          -0.5965800E+02
  17.000          -0.3805500E+02
  17.020           0.9349000E+01
  17.040           0.6046800E+02
  17.060           0.4216300E+02
  17.080          -0.2737700E+02
  17.100          -0.8470200E+02
  17.120          -0.8970300E+02
  17.140          -0.6277000E+02
  17.160          -0.5136100E+02
  17.180          -0.3904500E+02
  17.200           0.2051000E+01
  17.220           0.3741800E+02
  17.240           0.2219700E+02
  17.260          -0.6760000E+01
  17.280          -0.3485200E+02
  17.300          -0.4177900E+02
  17.320          -0.1559500E+02
  17.340          -0.1987600E+02
  17.360          -0.5400400E+02
  17.380          -0.5273300E+02
  17.400          -0.2608900E+02
  17.420          -0.2924000E+01
  17.440          -0.8633000E+01
  17.460          -0.7250000E+01
  17.480          -0.1403000E+01
  17.500           0.2017500E+02
  17.520           0.6191100E+02
  17.540           0.9336700E+02
  17.560           0.9829100E+02
  17.580           0.7939600E+02
  17.600           0.4206100E+02
  17.620           0.1153900E+02
  17.640          -0.8070000E+00
  17.660          -0.9440000E+01
  17.680          -0.1402600E+02
  17.700          -0.4631900E+02
  17.720          -0.4434200E+02
  17.740          -0.7110000E+00
  17.760           0.2384700E+02
  17.780           0.7222000E+01
  17.800          -0.2865200E+02
  17.820          -0.3825400E+02
  17.840          -0.2472800E+02
  17.860           0.4836000E+01
  17.880           0.3687700E+02
  17.900           0.2336000E+02
  17.920          -0.1021000E+02
  17.940          -0.2177700E+02
  17.960          -0.3231200E+02
  17.980          -0.4559900E+02
  18.000          -0.6289200E+02
  18.020          -0.7718200E+02
  18.040          -0.3638800E+02
  18.060           0.1426600E+02
  18.080           0.4749700E+02
  18.100           0.6142500E+02
  18.120           0.5508200E+02
  18.140           0.4536900E+02
  18.160           0.3539900E+02
  18.180           0.1147600E+02
  18.200          -0.2440200E+02
  18.220          -0.4371800E+02
  18.240          -0.1721200E+02
  18.260           0.2999200E+02
  18.280           0.5216700E+02
  18.300           0.2751400E+02
  18.320          -0.1223800E+02
  18.340          -0.3477900E+02
  18.360          -0.4606200E+02
  18.380          -0.7687000E+01
  18.400           0.4051900E+02
  18.420           0.5739800E+02
  18.440           0.4692600E+02
  18.460           0.3156900E+02
  18.480           0.7549000E+01
  18.500          -0.2860400E+02
  18.520          -0.5275600E+02
  18.540          -0.7411900E+02
  18.560          -0.7960100E+02
  18.580          -0.5131300E+02
  18.600          -0.1846500E+02
  18.620          -0.2384800E+02
  18.640          -0.2372100E+02
  18.660           0.4027000E+01
  18.680           0.7898000E+01
  18.700          -0.8245000E+01
  18.720          -0.3129500E+02
  18.740          -0.5513700E+02
  18.760          -0.5197300E+02
  18.780          -0.4720000E+00
  18.800           0.4928900E+02
  18.820           0.4288800E+02
  18.840           0.1756000E+02
  18.860           0.4799000E+01
  18.880          -0.2992000E+01
  18.900          -0.1634700E+02
  18.920          -0.2891300E+02
  18.940          -0.3073700E+02
  18.960          -0.1755200E+02
  18.980           0.7605000E+01
  19.000           0.2301700E+02
  19.020           0.2127100E+02
  19.040          -0.5093000E+01
  19.060          -0.2956100E+02
  19.080          -0.3575600E+02
  19.100          -0.2717100E+02
  19.120          -0.1263700E+02
  19.140          -0.1352400E+02
  19.160          -0.1219900E+02
  19.180          -0.9310000E+00
  19.200           0.7960000E+01
  19.220           0.2110500E+02
  19.240           0.2665600E+02
  19.260           0.1551200E+02
  19.280          -0.3697000E+01
  19.300          -0.1746000E+01
  19.320          -0.6534000E+01
  19.340          -0.4488000E+01
  19.360           0.9003000E+01
  19.380           0.1023900E+02
  19.400          -0.2724000E+01
  19.420          -0.1795700E+02
  19.440          -0.8861000E+01
  19.460          -0.9811000E+01
  19.480           0.5536000E+01
  19.500           0.2889100E+02
  19.520           0.2813900E+02
  19.540           0.1984100E+02
  19.560           0.5370000E+00
  19.580          -0.1452400E+02
  19.600          -0.2511500E+02
  19.620          -0.1164600E+02
  19.640           0.2877200E+02
  19.660           0.5432700E+02
  19.680           0.4384600E+02
  19.700           0.1714000E+02
  19.720          -0.1779100E+02
  19.740          -0.3467200E+02
  19.760          -0.5145200E+02
  19.780          -0.6393100E+02
  19.800          -0.7317300E+02
  19.820          -0.7143800E+02
  19.840          -0.5851000E+02
  19.860          -0.5119700E+02
  19.880          -0.4063400E+02
  19.900          -0.1964000E+02
  19.920          -0.2186000E+01
  19.940           0.1260800E+02
  19.960           0.5150000E+01
  19.980          -0.2204100E+02
  20.000          -0.3307700E+02
  20.020          -0.2649900E+02
  20.040          -0.2054000E+02
  20.060          -0.4000000E+00
  20.080           0.2763500E+02
  20.100           0.3424800E+02
  20.120           0.1598200E+02
  20.140          -0.1050000E+00
  20.160          -0.3399000E+01
  20.180          -0.4098000E+01
  20.200           0.1461300E+02
  20.220           0.3827800E+02
  20.240           0.4754600E+02
  20.260           0.4464100E+02
  20.280           0.2542700E+02
  20.300          -0.8889000E+01
  20.320          -0.1771200E+02
  20.340          -0.7360000E+01
  20.360           0.2345400E+02
  20.380           0.4677600E+02
  20.400           0.3534900E+02
  20.420           0.1814300E+02
  20.440           0.2403500E+02
  20.460           0.3491600E+02
  20.480           0.3927800E+02
  20.500           0.3404500E+02
  20.520           0.4395700E+02
  20.540           0.4448800E+02
  20.560           0.3083300E+02
  20.580           0.2683300E+02
  20.600           0.1213100E+02
  20.620           0.1048600E+02
  20.640           0.3047500E+02
  20.660           0.3226200E+02
  20.680           0.5365000E+01
  20.700          -0.2323700E+02
  20.720          -0.2577100E+02
  20.740          -0.2393400E+02
  20.760          -0.4027600E+02
  20.780          -0.4898800E+02
  20.800          -0.4921100E+02
  20.820          -0.4618400E+02
  20.840          -0.2335700E+02
  20.860          -0.8001000E+01
  20.880           0.4621000E+01
  20.900           0.2580200E+02
  20.920           0.5245500E+02
  20.940           0.5210800E+02
  20.960           0.3734200E+02
  20.980           0.1606900E+02
  21.000          -0.1451000E+01
  21.020          -0.1326400E+02
  21.040          -0.8036000E+01
  21.060          -0.1445000E+01
  21.080           0.1025600E+02
  21.100           0.2292300E+02
  21.120           0.2133100E+02
  21.140           0.3999000E+01
  21.160          -0.5362000E+01
  21.180          -0.4951000E+01
  21.200          -0.7785000E+01
  21.220          -0.8735000E+01
  21.240          -0.4849000E+01
  21.260          -0.9869000E+01
  21.280          -0.2370800E+02
  21.300          -0.1563600E+02
  21.320          -0.2989000E+01
  21.340           0.8604000E+01
  21.360           0.1498500E+02
  21.380           0.1351100E+02
  21.400           0.3091000E+01
  21.420           0.3092000E+01
  21.440           0.1146400E+02
  21.460           0.1127700E+02
  21.480           0.2969000E+01
  21.500           0.1370000E+00
  21.520           0.6828000E+01
  21.540          -0.9440000E+00
  21.560          -0.1459900E+02
  21.580          -0.2846400E+02
  21.600          -0.3852500E+02
  21.620          -0.3190700E+02
  21.640          -0.1220100E+02
  21.660          -0.1000500E+02
  21.680           0.4132000E+01
  21.700           0.2738000E+02
  21.720           0.4561300E+02
  21.740           0.5116900E+02
  21.760           0.4016600E+02
  21.780           0.2308600E+02
  21.800           0.1652000E+01
  21.820          -0.1692000E+02
  21.840          -0.2469300E+02
  21.860          -0.2325300E+02
  21.880          -0.1141200E+02
  21.900           0.3775000E+01
  21.920           0.1490400E+02
  21.940           0.2554800E+02
  21.960           0.1846600E+02
  21.980          -0.5663000E+01
  22.000          -0.2668200E+02
  22.020          -0.3170600E+02
  22.040          -0.2017000E+02
  22.060          -0.8110000E+00
  22.080           0.1773200E+02
  22.100           0.3177300E+02
  22.120           0.2778700E+02
  22.140           0.2609700E+02
  22.160           0.2434900E+02
  22.180           0.1408900E+02
  22.200           0.5290000E+00
  22.220          -0.1360500E+02
  22.240          -0.2527200E+02
  22.260          -0.2735400E+02
  22.280          -0.2790000E+01
  22.300           0.2368700E+02
  22.320           0.3401900E+02
  22.340           0.3481700E+02
  22.360           0.3175900E+02
  22.380           0.2062000E+02
  22.400          -0.1123000E+01
  22.420          -0.2793400E+02
  22.440          -0.4863400E+02
  22.460          -0.5582500E+02
  22.480          -0.4997000E+02
  22.500          -0.3902600E+02
  22.520          -0.2544700E+02
  22.540          -0.1354900E+02
  22.560          -0.1332700E+02
  22.580          -0.2406100E+02
  22.600          -0.3290100E+02
  22.620          -0.2904600E+02
  22.640          -0.2234200E+02
  22.660          -0.1824700E+02
  22.680          -0.2276200E+02
  22.700          -0.1438600E+02
  22.720          -0.7754000E+01
  22.740           0.6790000E+00
  22.760          -0.3774000E+01
  22.780          -0.1478300E+02
  22.800          -0.2831300E+02
  22.820          -0.4452600E+02
  22.840          -0.5744200E+02
  22.860          -0.5757400E+02
  22.880          -0.3885100E+02
  22.900          -0.7960000E+01
  22.920           0.1882000E+02
  22.940           0.2863200E+02
  22.960           0.1982200E+02
  22.980           0.7471000E+01
  23.000           0.4628000E+01
  23.020          -0.1835000E+01
  23.040          -0.5523000E+01
  23.060           0.3667000E+01
  23.080           0.7137000E+01
  23.100           0.7620000E+01
  23.120           0.6480000E+01
  23.140           0.1084000E+02
  23.160           0.2316100E+02
  23.180           0.3032500E+02
  23.200           0.2369000E+02
  23.220           0.7927000E+01
  23.240          -0.3232000E+01
  23.260          -0.1621000E+01
  23.280          -0.7380000E+00
  23.300          -0.5874000E+01
  23.320          -0.1240900E+02
  23.340          -0.2144000E+02
  23.360          -0.2753600E+02
  23.380          -0.3731900E+02
  23.400          -0.4303100E+02
  23.420          -0.3671700E+02
  23.440          -0.1682600E+02
  23.460           0.1742000E+01
  23.480           0.8607000E+01
  23.500           0.6760000E+01
  23.520           0.2610000E+01
  23.540           0.1696000E+01
  23.560           0.1186400E+02
  23.580           0.2002600E+02
  23.600           0.2088400E+02
  23.620           0.1586900E+02
  23.640           0.1612400E+02
  23.660           0.1332600E+02
  23.680           0.4205000E+01
  23.700          -0.2959000E+01
  23.720          -0.1277900E+02
  23.740          -0.8673000E+01
  23.760           0.3926000E+01
  23.780           0.9687000E+01
  23.800          -0.5520000E+00
  23.820          -0.9810000E+01
  23.840          -0.5243000E+01
  23.860           0.2808000E+01
  23.880           0.5875000E+01
  23.900           0.7712000E+01
  23.920           0.7329000E+01
  23.940           0.1027700E+02
  23.960           0.1306800E+02
  23.980           0.8396000E+01
  24.000          -0.3560000E+00
  24.020          -0.5237000E+01
  24.040          -0.3906000E+01
  24.060          -0.4156000E+01
  24.080          -0.4783000E+01
  24.100          -0.4360000E+00
  24.120           0.5403000E+01
  24.140           0.1229200E+02
  24.160           0.9579000E+01
  24.180           0.2052000E+01
  24.200          -0.2707000E+01
  24.220          -0.6484000E+01
  24.240          -0.1019500E+02
  24.260          -0.1151000E+02
  24.280          -0.2835000E+01
  24.300           0.8163000E+01
  24.320           0.1294600E+02
  24.340           0.1401200E+02
  24.360           0.8653000E+01
  24.380           0.2657000E+01
  24.400          -0.3023000E+01
  24.420          -0.4330000E+01
  24.440          -0.4599000E+01
  24.460           0.4468000E+01
  24.480           0.2060000E+02
  24.500           0.2477700E+02
  24.520           0.1273200E+02
  24.540           0.2715000E+01
  24.560          -0.2809000E+01
  24.580          -0.8543000E+01
  24.600          -0.4377000E+01
  24.620           0.5391000E+01
  24.640           0.7484000E+01
  24.660           0.5481000E+01
  24.680           0.3622000E+01
  24.700          -0.6132000E+01
  24.720          -0.1089100E+02
  24.740          -0.3631000E+01
  24.760           0.5654000E+01
  24.780           0.1048100E+02
  24.800           0.1314900E+02
  24.820           0.1493900E+02
  24.840           0.2016300E+02
  24.860           0.1614500E+02
  24.880           0.1205700E+02
  24.900           0.3855000E+01
  24.920          -0.4181000E+01
  24.940          -0.7570000E+01
  24.960          -0.4668000E+01
  24.980           0.7203000E+01
  25.000           0.1592100E+02
  25.020           0.2619300E+02
  25.040           0.3190100E+02
  25.060           0.2914700E+02
  25.080           0.1852000E+02
  25.100           0.2715000E+01
  25.120          -0.1146100E+02
  25.140          -0.1350800E+02
  25.160          -0.5435000E+01
  25.180           0.4548000E+01
  25.200           0.4221000E+01
  25.220          -0.2131000E+01
  25.240          -0.1043900E+02
  25.260          -0.8116000E+01
  25.280          -0.2100000E-01
  25.300          -0.2158000E+01
  25.320          -0.1212400E+02
  25.340          -0.1903700E+02
  25.360          -0.1756700E+02
  25.380          -0.3143000E+01
  25.400           0.5991000E+01
  25.420           0.3587000E+01
  25.440          -0.4587000E+01
  25.460          -0.1174200E+02
  25.480          -0.1864300E+02
  25.500          -0.2423600E+02
  25.520          -0.2453600E+02
  25.540          -0.1644600E+02
  25.560          -0.3372000E+01
  25.580           0.8518000E+01
  25.600           0.1132300E+02
  25.620           0.2609000E+01
  25.640          -0.5780000E+01
  25.660          -0.2655000E+01
  25.680           0.9727000E+01
  25.700           0.1584400E+02
  25.720           0.7999000E+01
  25.740          -0.6867000E+01
  25.760          -0.1722200E+02
  25.780          -0.1521400E+02
  25.800          -0.4305000E+01
  25.820           0.9088000E+01
  25.840           0.1757600E+02
  25.860           0.1543300E+02
  25.880           0.1214000E+02
  25.900           0.1139800E+02
  25.920           0.1069100E+02
  25.940           0.8199000E+01
  25.960           0.3080000E+01
  25.980           0.1995000E+01
  26.000           0.3160000E+00
  26.020          -0.5142000E+01
  26.040          -0.1089500E+02
  26.060          -0.1163700E+02
  26.080          -0.6888000E+01
  26.100           0.2428000E+01
  26.120           0.3729000E+01
  26.140          -0.1268000E+01
  26.160          -0.7753000E+01
  26.180          -0.1339700E+02
  26.200          -0.7170000E+01
  26.220           0.3898000E+01
  26.240           0.1639700E+02
  26.260           0.2519200E+02
  26.280           0.2263300E+02
  26.300           0.1330300E+02
  26.320           0.3023000E+01
  26.340          -0.6391000E+01
  26.360          -0.6375000E+01
  26.380           0.1950000E+00
  26.400           0.8013000E+01
  26.420           0.1068900E+02
  26.440           0.8608000E+01
  26.460           0.8934000E+01
  26.480           0.8003000E+01
  26.500           0.5218000E+01
  26.520           0.6620000E+00
  26.540          -0.8963000E+01
  26.560          -0.1281500E+02
  26.580          -0.6564000E+01
  26.600          -0.9100000E-01
  26.620           0.4556000E+01
  26.640           0.5240000E+01
  26.660           0.3741000E+01
  26.680           0.2308000E+01
  26.700          -0.1737000E+01
  26.720          -0.8999000E+01
  26.740          -0.1581200E+02
  26.760          -0.1897200E+02
  26.780          -0.1148300E+02
  26.800          -0.3007000E+01
  26.820           0.3406000E+01
  26.840           0.4967000E+01
  26.860          -0.2704000E+01
  26.880          -0.1392600E+02
  26.900          -0.2170800E+02
  26.920          -0.2097100E+02
  26.940          -0.1337600E+02
  26.960          -0.5038000E+01
  26.980          -0.3832000E+01
  27.000          -0.4370000E+01
  27.020          -0.6230000E+01
  27.040          -0.7725000E+01
  27.060          -0.1204100E+02
  27.080          -0.1217900E+02
  27.100          -0.5322000E+01
  27.120           0.2697000E+01
  27.140           0.4718000E+01
  27.160           0.3573000E+01
  27.180           0.1866000E+01
  27.200           0.2263000E+01
  27.220           0.2899000E+01
  27.240           0.8275000E+01
  27.260           0.1113500E+02
  27.280           0.1073400E+02
  27.300           0.6641000E+01
  27.320           0.1120000E+00
  27.340           0.3176000E+01
  27.360           0.8378000E+01
  27.380           0.8406000E+01
  27.400          -0.1118000E+01
  27.420          -0.1137800E+02
  27.440          -0.1261400E+02
  27.460          -0.3217000E+01
  27.480           0.4058000E+01
  27.500           0.1096100E+02
  27.520           0.1497000E+02
  27.540           0.2099000E+02
  27.560           0.2084100E+02
  27.580           0.1081200E+02
  27.600          -0.1354000E+01
  27.620          -0.5350000E+01
  27.640           0.2732000E+01
  27.660           0.1080400E+02
  27.680           0.1550000E+02
  27.700           0.2104600E+02
  27.720           0.2411700E+02
  27.740           0.2142400E+02
  27.760           0.1616600E+02
  27.780           0.1147700E+02
  27.800           0.1027200E+02
  27.820           0.1225400E+02
  27.840           0.8477000E+01
  27.860          -0.1853000E+01
  27.880          -0.9764000E+01
  27.900          -0.1067900E+02
  27.920          -0.6526000E+01
  27.940          -0.7444000E+01
  27.960          -0.8249000E+01
  27.980          -0.6450000E+01
  28.000           0.5970000E+00
  28.020           0.4874000E+01
  28.040           0.4340000E+01
  28.060           0.1636000E+01
  28.080          -0.1018000E+01
  28.100           0.3790000E+00
  28.120           0.2011000E+01
  28.140           0.2602000E+01
  28.160           0.2184000E+01
  28.180           0.2791000E+01
  28.200           0.3869000E+01
  28.220           0.1645000E+01
  28.240          -0.4149000E+01
  28.260          -0.1035900E+02
  28.280          -0.1171100E+02
  28.300          -0.6324000E+01
  28.320           0.4892000E+01
  28.340           0.1327200E+02
  28.360           0.1186100E+02
  28.380           0.5690000E+01
  28.400           0.6960000E+00
  28.420          -0.1489000E+01
  28.440          -0.1216000E+01
  28.460          -0.2213000E+01
  28.480          -0.5899000E+01
  28.500          -0.4294000E+01
  28.520          -0.2223000E+01
  28.540          -0.4230000E+00
  28.560          -0.7820000E+00
  28.580          -0.1516000E+01
  28.600          -0.6490000E+00
  28.620          -0.5520000E+00
  28.640          -0.1350000E+00
  28.660          -0.1146000E+01
  28.680          -0.2676000E+01
  28.700           0.1597000E+01
  28.720           0.5073000E+01
  28.740           0.2333000E+01
  28.760          -0.2613000E+01
  28.780          -0.5617000E+01
  28.800          -0.7713000E+01
  28.820          -0.7711000E+01
  28.840          -0.6208000E+01
  28.860          -0.3725000E+01
  28.880           0.6800000E-01
  28.900           0.5996000E+01
  28.920           0.8144000E+01
  28.940           0.4313000E+01
  28.960          -0.1098000E+01
  28.980          -0.3326000E+01
  29.000          -0.1006000E+01
  29.020           0.2263000E+01
  29.040           0.3870000E+01
  29.060           0.2607000E+01
  29.080          -0.5310000E+00
  29.100          -0.2947000E+01
  29.120          -0.5306000E+01
  29.140          -0.7158000E+01
  29.160          -0.6840000E+01
  29.180          -0.3024000E+01
  29.200           0.1641000E+01
  29.220           0.3087000E+01
  29.240           0.9500000E+00
  29.260          -0.6180000E+00
  29.280          -0.6400000E-01
  29.300          -0.1476000E+01
  29.320          -0.3942000E+01
  29.340          -0.6262000E+01
  29.360          -0.6886000E+01
  29.380          -0.6695000E+01
  29.400          -0.7640000E+01
  29.420          -0.7920000E+01
  29.440          -0.5521000E+01
  29.460          -0.2716000E+01
  29.480          -0.2329000E+01
  29.500          -0.4710000E+01
  29.520          -0.6510000E+01
  29.540          -0.5490000E+01
  29.560          -0.3988000E+01
  29.580          -0.5343000E+01
  29.600          -0.8196000E+01
  29.620          -0.9424000E+01
  29.640          -0.7931000E+01
  29.660          -0.5938000E+01
  29.680          -0.5352000E+01
  29.700          -0.4826000E+01
  29.720          -0.2976000E+01
  29.740          -0.2600000E-01
  29.760           0.2074000E+01
  29.780           0.2159000E+01
  29.800           0.1716000E+01
  29.820           0.1409000E+01
  29.840           0.5100000E+00
  29.860          -0.5540000E+00
  29.880          -0.1239000E+01
  29.900          -0.1085000E+01
  29.920          -0.2220000E+00
  29.940          -0.1880000E+00
  29.960          -0.7570000E+00
  29.980          -0.8200000E+00
  30.000          -0.1370000E+00
  30.020           0.3600000E+00
  30.040           0.5520000E+00
  30.060           0.1330000E+01
  30.080           0.2849000E+01
  30.100           0.3967000E+01
  30.120           0.3750000E+01
  30.140           0.2464000E+01
  30.160           0.1459000E+01
  30.180           0.1411000E+01
  30.200           0.1677000E+01
  30.220           0.2041000E+01
  30.240           0.2726000E+01
  30.260           0.3733000E+01
  30.280           0.4383000E+01
  30.300           0.4152000E+01
  30.320           0.3516000E+01
  30.340           0.2995000E+01
  30.360           0.2454000E+01
  30.380           0.1797000E+01
  30.400           0.1244000E+01
  30.420           0.1088000E+01
  30.440           0.1192000E+01
  30.460           0.1157000E+01
  30.480           0.8200000E+00
  30.500           0.4920000E+00
  30.520           0.4650000E+00
  30.540           0.6220000E+00
  30.560           0.6200000E+00
  30.580           0.3880000E+00
  30.600           0.1620000E+00
  30.620           0.8000000E-01
  30.640           0.6400000E-01
  30.660           0.2600000E-01
  30.680           0.0000000E+00
  30.700           0.0000000E+00
  30.720           0.0000000E+00
  30.740           0.0000000E+00
  30.760           0.0000000E+00
  30.780           0.0000000E+00
  30.800           0.0000000E+00
  30.820           0.0000000E+00
  30.840           0.0000000E+00
  30.860           0.0000000E+00
  30.880           0.0000000E+00
  30.900           0.0000000E+00
  30.920           0.0000000E+00
  30.940           0.0000000E+00
  30.960           0.0000000E+00
  30.980           0.0000000E+00
  31.000           0.0000000E+00
  31.020           0.0000000E+00
  31.040           0.0000000E+00
  31.060           0.0000000E+00
  31.080           0.0000000E+00
  31.100           0.0000000E+00
  31.120           0.0000000E+00
  31.140           0.0000000E+00
  31.160           0.0000000E+00
  31.180           0.0000000E+00
  31.200           0.0000000E+00
  31.220           0.0000000E+00
  31.240           0.0000000E+00
  31.260           0.0000000E+00
  31.280           0.0000000E+00
  31.300           0.0000000E+00
  31.320           0.0000000E+00
  31.340           0.0000000E+00
  31.360           0.0000000E+00
  31.380           0.0000000E+00
  31.400           0.0000000E+00
  31.420           0.0000000E+00
  31.440           0.0000000E+00
  31.460           0.0000000E+00
  31.480           0.0000000E+00
  31.500           0.0000000E+00
  31.520           0.0000000E+00
  31.540           0.0000000E+00
  31.560           0.0000000E+00
  31.580           0.0000000E+00
  31.600           0.0000000E+00
  31.620           0.0000000E+00
  31.640           0.0000000E+00
  31.660           0.0000000E+00
  31.680           0.0000000E+00
  31.700           0.0000000E+00
  31.720           0.0000000E+00
  31.740           0.0000000E+00
  31.760           0.0000000E+00
  31.780           0.0000000E+00
  31.800           0.0000000E+00
  31.820           0.0000000E+00
  31.840           0.0000000E+00
  31.860           0.0000000E+00
  31.880           0.0000000E+00
  31.900           0.0000000E+00
  31.920           0.0000000E+00
  31.940           0.0000000E+00
  31.960           0.0000000E+00
  31.980           0.0000000E+00
  32.000           0.0000000E+00
  32.020           0.0000000E+00
  32.040           0.0000000E+00
  32.060           0.0000000E+00
  32.080           0.0000000E+00
  32.100           0.0000000E+00
  32.120           0.0000000E+00
  32.140           0.0000000E+00
  32.160           0.0000000E+00
  32.180           0.0000000E+00
  32.200           0.0000000E+00
  32.220           0.0000000E+00
  32.240           0.0000000E+00
  32.260           0.0000000E+00
  32.280           0.0000000E+00
  32.300           0.0000000E+00
  32.320           0.0000000E+00
  32.340           0.0000000E+00
  32.360           0.0000000E+00
  32.380           0.0000000E+00
  32.400           0.0000000E+00
  32.420           0.0000000E+00
  32.440           0.0000000E+00
  32.460           0.0000000E+00
  32.480           0.0000000E+00
  32.500           0.0000000E+00
  32.520           0.0000000E+00
  32.540           0.0000000E+00
  32.560           0.0000000E+00
  32.580           0.0000000E+00
  32.600           0.0000000E+00
  32.620           0.0000000E+00
  32.640           0.0000000E+00
  32.660           0.0000000E+00
  32.680           0.0000000E+00
  32.700           0.0000000E+00
  32.720           0.0000000E+00
  32.740           0.0000000E+00
  32.760           0.0000000E+00
  32.780           0.0000000E+00
  32.800           0.0000000E+00
  32.820           0.0000000E+00
  32.840           0.0000000E+00
  32.860           0.0000000E+00
  32.880           0.0000000E+00
  32.900           0.0000000E+00
  32.920           0.0000000E+00
  32.940           0.0000000E+00
  32.960           0.0000000E+00
  32.980           0.0000000E+00
  33.000           0.0000000E+00
  33.020           0.0000000E+00
  33.040           0.0000000E+00
  33.060           0.0000000E+00
  33.080           0.0000000E+00
  33.100           0.0000000E+00
  33.120           0.0000000E+00
  33.140           0.0000000E+00
  33.160           0.0000000E+00
  33.180           0.0000000E+00
  33.200           0.0000000E+00
  33.220           0.0000000E+00
  33.240           0.0000000E+00
  33.260           0.0000000E+00
  33.280           0.0000000E+00
  33.300           0.0000000E+00
  33.320           0.0000000E+00
  33.340           0.0000000E+00
  33.360           0.0000000E+00
  33.380           0.0000000E+00
  33.400           0.0000000E+00
  33.420           0.0000000E+00
  33.440           0.0000000E+00
  33.460           0.0000000E+00
  33.480           0.0000000E+00
  33.500           0.0000000E+00
  33.520           0.0000000E+00
  33.540           0.0000000E+00
  33.560           0.0000000E+00
  33.580           0.0000000E+00
  33.600           0.0000000E+00
  33.620           0.0000000E+00
  33.640           0.0000000E+00
  33.660           0.0000000E+00
  33.680           0.0000000E+00
  33.700           0.0000000E+00
  33.720           0.0000000E+00
  33.740           0.0000000E+00
  33.760           0.0000000E+00
  33.780           0.0000000E+00
  33.800           0.0000000E+00
  33.820           0.0000000E+00
  33.840           0.0000000E+00
  33.860           0.0000000E+00
  33.880           0.0000000E+00
  33.900           0.0000000E+00
  33.920           0.0000000E+00
  33.940           0.0000000E+00
  33.960           0.0000000E+00
  33.980           0.0000000E+00
  34.000           0.0000000E+00
  34.020           0.0000000E+00
  34.040           0.0000000E+00
  34.060           0.0000000E+00
  34.080           0.0000000E+00
  34.100           0.0000000E+00
  34.120           0.0000000E+00
  34.140           0.0000000E+00
  34.160           0.0000000E+00
  34.180           0.0000000E+00
  34.200           0.0000000E+00
  34.220           0.0000000E+00
  34.240           0.0000000E+00
  34.260           0.0000000E+00
  34.280           0.0000000E+00
  34.300           0.0000000E+00
  34.320           0.0000000E+00
  34.340           0.0000000E+00
  34.360           0.0000000E+00
  34.380           0.0000000E+00
  34.400           0.0000000E+00
  34.420           0.0000000E+00
  34.440           0.0000000E+00
  34.460           0.0000000E+00
  34.480           0.0000000E+00
  34.500           0.0000000E+00
  34.520           0.0000000E+00
  34.540           0.0000000E+00
  34.560           0.0000000E+00
  34.580           0.0000000E+00
  34.600           0.0000000E+00
  34.620           0.0000000E+00
  34.640           0.0000000E+00
  34.660           0.0000000E+00
  34.680           0.0000000E+00
  34.700           0.0000000E+00
  34.720           0.0000000E+00
  34.740           0.0000000E+00
  34.760           0.0000000E+00
  34.780           0.0000000E+00
  34.800           0.0000000E+00
  34.820           0.0000000E+00
  34.840           0.0000000E+00
  34.860           0.0000000E+00
  34.880           0.0000000E+00
  34.900           0.0000000E+00
  34.920           0.0000000E+00
  34.940           0.0000000E+00
  34.960           0.0000000E+00
  34.980           0.0000000E+00
  35.000           0.0000000E+00
  35.020           0.0000000E+00
  35.040           0.0000000E+00
  35.060           0.0000000E+00
  35.080           0.0000000E+00
  35.100           0.0000000E+00
  35.120           0.0000000E+00
  35.140           0.0000000E+00
  35.160           0.0000000E+00
  35.180           0.0000000E+00
  35.200           0.0000000E+00
  35.220           0.0000000E+00
  35.240           0.0000000E+00
  35.260           0.0000000E+00
  35.280           0.0000000E+00
  35.300           0.0000000E+00
  35.320           0.0000000E+00
  35.340           0.0000000E+00
  35.360           0.0000000E+00
  35.380           0.0000000E+00
  35.400           0.0000000E+00
  35.420           0.0000000E+00
  35.440           0.0000000E+00
  35.460           0.0000000E+00
  35.480           0.0000000E+00
  35.500           0.0000000E+00
  35.520           0.0000000E+00
  35.540           0.0000000E+00
  35.560           0.0000000E+00
  35.580           0.0000000E+00
  35.600           0.0000000E+00
  35.620           0.0000000E+00
  35.640           0.0000000E+00
  35.660           0.0000000E+00
  35.680           0.0000000E+00
  35.700           0.0000000E+00
  35.720           0.0000000E+00
  35.740           0.0000000E+00
  35.760           0.0000000E+00
  35.780           0.0000000E+00
  35.800           0.0000000E+00
  35.820           0.0000000E+00
  35.840           0.0000000E+00
  35.860           0.0000000E+00
  35.880           0.0000000E+00
  35.900           0.0000000E+00
  35.920           0.0000000E+00
  35.940           0.0000000E+00
  35.960           0.0000000E+00
  35.980           0.0000000E+00
  36.000           0.0000000E+00
  36.020           0.0000000E+00
  36.040           0.0000000E+00
  36.060           0.0000000E+00
  36.080           0.0000000E+00
  36.100           0.0000000E+00
  36.120           0.0000000E+00
  36.140           0.0000000E+00
  36.160           0.0000000E+00
  36.180           0.0000000E+00
  36.200           0.0000000E+00
  36.220           0.0000000E+00
  36.240           0.0000000E+00
  36.260           0.0000000E+00
  36.280           0.0000000E+00
  36.300           0.0000000E+00
  36.320           0.0000000E+00
  36.340           0.0000000E+00
  36.360           0.0000000E+00
  36.380           0.0000000E+00
  36.400           0.0000000E+00
  36.420           0.0000000E+00
  36.440           0.0000000E+00
  36.460           0.0000000E+00
  36.480           0.0000000E+00
  36.500           0.0000000E+00
  36.520           0.0000000E+00
  36.540           0.0000000E+00
  36.560           0.0000000E+00
  36.580           0.0000000E+00
  36.600           0.0000000E+00
  36.620           0.0000000E+00
  36.640           0.0000000E+00
  36.660           0.0000000E+00
  36.680           0.0000000E+00
  36.700           0.0000000E+00
  36.720           0.0000000E+00
  36.740           0.0000000E+00
  36.760           0.0000000E+00
  36.780           0.0000000E+00
  36.800           0.0000000E+00
  36.820           0.0000000E+00
  36.840           0.0000000E+00
  36.860           0.0000000E+00
  36.880           0.0000000E+00
  36.900           0.0000000E+00
  36.920           0.0000000E+00
  36.940           0.0000000E+00
  36.960           0.0000000E+00
  36.980           0.0000000E+00
  37.000           0.0000000E+00
  37.020           0.0000000E+00
  37.040           0.0000000E+00
  37.060           0.0000000E+00
  37.080           0.0000000E+00
  37.100           0.0000000E+00
  37.120           0.0000000E+00
  37.140           0.0000000E+00
  37.160           0.0000000E+00
  37.180           0.0000000E+00
  37.200           0.0000000E+00
  37.220           0.0000000E+00
  37.240           0.0000000E+00
  37.260           0.0000000E+00
  37.280           0.0000000E+00
  37.300           0.0000000E+00
  37.320           0.0000000E+00
  37.340           0.0000000E+00
  37.360           0.0000000E+00
  37.380           0.0000000E+00
  37.400           0.0000000E+00
  37.420           0.0000000E+00
  37.440           0.0000000E+00
  37.460           0.0000000E+00
  37.480           0.0000000E+00
  37.500           0.0000000E+00
  37.520           0.0000000E+00
  37.540           0.0000000E+00
  37.560           0.0000000E+00
  37.580           0.0000000E+00
  37.600           0.0000000E+00
  37.620           0.0000000E+00
  37.640           0.0000000E+00
  37.660           0.0000000E+00
  37.680           0.0000000E+00
  37.700           0.0000000E+00
  37.720           0.0000000E+00
  37.740           0.0000000E+00
  37.760           0.0000000E+00
  37.780           0.0000000E+00
  37.800           0.0000000E+00
  37.820           0.0000000E+00
  37.840           0.0000000E+00
  37.860           0.0000000E+00
  37.880           0.0000000E+00
  37.900           0.0000000E+00
  37.920           0.0000000E+00
  37.940           0.0000000E+00
  37.960           0.0000000E+00
  37.980           0.0000000E+00
  38.000           0.0000000E+00
  38.020           0.0000000E+00
  38.040           0.0000000E+00
  38.060           0.0000000E+00
  38.080           0.0000000E+00
  38.100           0.0000000E+00
  38.120           0.0000000E+00
  38.140           0.0000000E+00
  38.160           0.0000000E+00
  38.180           0.0000000E+00
  38.200           0.0000000E+00
  38.220           0.0000000E+00
  38.240           0.0000000E+00
  38.260           0.0000000E+00
  38.280           0.0000000E+00
  38.300           0.0000000E+00
  38.320           0.0000000E+00
  38.340           0.0000000E+00
  38.360           0.0000000E+00
  38.380           0.0000000E+00
  38.400           0.0000000E+00
  38.420           0.0000000E+00
  38.440           0.0000000E+00
  38.460           0.0000000E+00
  38.480           0.0000000E+00
  38.500           0.0000000E+00
  38.520           0.0000000E+00
  38.540           0.0000000E+00
  38.560           0.0000000E+00
  38.580           0.0000000E+00
  38.600           0.0000000E+00
  38.620           0.0000000E+00
  38.640           0.0000000E+00
  38.660           0.0000000E+00
  38.680           0.0000000E+00
  38.700           0.0000000E+00
  38.720           0.0000000E+00
  38.740           0.0000000E+00
  38.760           0.0000000E+00
  38.780           0.0000000E+00
  38.800           0.0000000E+00
  38.820           0.0000000E+00
  38.840           0.0000000E+00
  38.860           0.0000000E+00
  38.880           0.0000000E+00
  38.900           0.0000000E+00
  38.920           0.0000000E+00
  38.940           0.0000000E+00
  38.960           0.0000000E+00
  38.980           0.0000000E+00
  39.000           0.0000000E+00
  39.020           0.0000000E+00
  39.040           0.0000000E+00
  39.060           0.0000000E+00
  39.080           0.0000000E+00
  39.100           0.0000000E+00
  39.120           0.0000000E+00
  39.140           0.0000000E+00
  39.160           0.0000000E+00
  39.180           0.0000000E+00
  39.200           0.0000000E+00
  39.220           0.0000000E+00
  39.240           0.0000000E+00
  39.260           0.0000000E+00
  39.280           0.0000000E+00
  39.300           0.0000000E+00
  39.320           0.0000000E+00
  39.340           0.0000000E+00
  39.360           0.0000000E+00
  39.380           0.0000000E+00
  39.400           0.0000000E+00
  39.420           0.0000000E+00
  39.440           0.0000000E+00
  39.460           0.0000000E+00
  39.480           0.0000000E+00
  39.500           0.0000000E+00
  39.520           0.0000000E+00
  39.540           0.0000000E+00
  39.560           0.0000000E+00
  39.580           0.0000000E+00
  39.600           0.0000000E+00
  39.620           0.0000000E+00
  39.640           0.0000000E+00
  39.660           0.0000000E+00
  39.680           0.0000000E+00
  39.700           0.0000000E+00
  39.720           0.0000000E+00
  39.740           0.0000000E+00
  39.760           0.0000000E+00
  39.780           0.0000000E+00
  39.800           0.0000000E+00
  39.820           0.0000000E+00
  39.840           0.0000000E+00
  39.860           0.0000000E+00
  39.880           0.0000000E+00
  39.900           0.0000000E+00
  39.920           0.0000000E+00
  39.940           0.0000000E+00
  39.960           0.0000000E+00
  39.980           0.0000000E+00
  40.000           0.0000000E+00
  40.020           0.0000000E+00
  40.040           0.0000000E+00
  40.060           0.0000000E+00
  40.080           0.0000000E+00
  40.100           0.0000000E+00
  40.120           0.0000000E+00
  40.140           0.0000000E+00
  40.160           0.0000000E+00
  40.180           0.0000000E+00
  40.200           0.0000000E+00
  40.220           0.0000000E+00
  40.240           0.0000000E+00
  40.260           0.0000000E+00
  40.280           0.0000000E+00
  40.300           0.0000000E+00
  40.320           0.0000000E+00
  40.340           0.0000000E+00
  40.360           0.0000000E+00
  40.380           0.0000000E+00
  40.400           0.0000000E+00
  40.420           0.0000000E+00
  40.440           0.0000000E+00
  40.460           0.0000000E+00
  40.480           0.0000000E+00
  40.500           0.0000000E+00
  40.520           0.0000000E+00
  40.540           0.0000000E+00
  40.560           0.0000000E+00
  40.580           0.0000000E+00
  40.600           0.0000000E+00
  40.620           0.0000000E+00
  40.640           0.0000000E+00
  40.660           0.0000000E+00
  40.680           0.0000000E+00
  40.700           0.0000000E+00
  40.720           0.0000000E+00
  40.740           0.0000000E+00
  40.760           0.0000000E+00
  40.780           0.0000000E+00
  40.800           0.0000000E+00
  40.820           0.0000000E+00
  40.840           0.0000000E+00
  40.860           0.0000000E+00
  40.880           0.0000000E+00
  40.900           0.0000000E+00
  40.920           0.0000000E+00
  40.940           0.0000000E+00
  40.960           0.0000000E+00
