   0.020           0.1160000E+00
   0.040           0.1160000E+00
   0.060           0.1160000E+00
   0.080           0.1360000E+00
   0.100           0.1150000E+00
   0.120           0.1130000E+00
   0.140           0.2000000E-01
   0.160           0.1150000E+00
   0.180           0.1220000E+00
   0.200           0.3840000E+00
   0.220           0.2020000E+00
   0.240           0.1160000E+00
   0.260           0.1620000E+00
   0.280           0.4100000E+00
   0.300           0.1740000E+00
   0.320           0.1940000E+00
   0.340           0.5580000E+00
   0.360           0.2570000E+00
   0.380           0.3410000E+00
   0.400           0.9970000E+00
   0.420           0.2560000E+00
   0.440           0.3080000E+00
   0.460           0.8850000E+00
   0.480           0.2530000E+00
   0.500           0.3400000E+00
   0.520           0.1442000E+01
   0.540           0.4350000E+00
   0.560           0.5600000E+00
   0.580           0.1924000E+01
   0.600           0.5280000E+00
   0.620           0.7180000E+00
   0.640           0.2864000E+01
   0.660           0.5070000E+00
   0.680           0.6180000E+00
   0.700           0.3166000E+01
   0.720           0.7920000E+00
   0.740           0.7430000E+00
   0.760           0.3714000E+01
   0.780           0.1171000E+01
   0.800           0.1261000E+01
   0.820           0.5394000E+01
   0.840           0.1321000E+01
   0.860           0.1414000E+01
   0.880           0.6216000E+01
   0.900           0.2849000E+01
   0.920           0.2152000E+01
   0.940           0.7097000E+01
   0.960           0.4461000E+01
   0.980          -0.2710000E+00
   1.000          -0.6940000E+01
   1.020          -0.8131000E+01
   1.040          -0.1987000E+01
   1.060           0.2644000E+01
   1.080           0.6398000E+01
   1.100           0.7148000E+01
   1.120           0.1009500E+02
   1.140           0.7418000E+01
   1.160           0.1919000E+01
   1.180          -0.2489000E+01
   1.200          -0.5081000E+01
   1.220          -0.9657000E+01
   1.240          -0.1215900E+02
   1.260          -0.1002800E+02
   1.280          -0.9542000E+01
   1.300          -0.1988000E+01
   1.320           0.1547000E+01
   1.340          -0.2752000E+01
   1.360          -0.5147000E+01
   1.380          -0.6514000E+01
   1.400          -0.6886000E+01
   1.420          -0.9609000E+01
   1.440          -0.9484000E+01
   1.460          -0.1028600E+02
   1.480          -0.1457700E+02
   1.500          -0.1422400E+02
   1.520          -0.1089600E+02
   1.540          -0.1442700E+02
   1.560          -0.1944200E+02
   1.580          -0.1601200E+02
   1.600          -0.1450800E+02
   1.620          -0.1688500E+02
   1.640          -0.1356200E+02
   1.660          -0.1019100E+02
   1.680          -0.1117000E+02
   1.700          -0.1416800E+02
   1.720          -0.1803700E+02
   1.740          -0.2202900E+02
   1.760          -0.2485200E+02
   1.780          -0.2347900E+02
   1.800          -0.1771300E+02
   1.820          -0.9799000E+01
   1.840          -0.8466000E+01
   1.860          -0.1745600E+02
   1.880          -0.2633200E+02
   1.900          -0.2738900E+02
   1.920          -0.2717600E+02
   1.940          -0.3028600E+02
   1.960          -0.2556200E+02
   1.980          -0.1920600E+02
   2.000          -0.1246300E+02
   2.020          -0.1281000E+01
   2.040           0.9129000E+01
   2.060           0.8912000E+01
   2.080           0.5616000E+01
   2.100           0.3880000E+01
   2.120           0.2568000E+01
   2.140           0.3864000E+01
   2.160           0.1493400E+02
   2.180           0.1469300E+02
   2.200           0.3474000E+01
   2.220          -0.7578000E+01
   2.240          -0.7131000E+01
   2.260          -0.1566000E+01
   2.280          -0.2473000E+01
   2.300           0.3200000E+00
   2.320           0.9982000E+01
   2.340           0.2530000E+02
   2.360           0.3599100E+02
   2.380           0.2070700E+02
   2.400           0.4210000E+01
   2.420           0.1414000E+01
   2.440          -0.7116000E+01
   2.460          -0.1738900E+02
   2.480          -0.1549000E+02
   2.500          -0.6161000E+01
   2.520          -0.1326000E+01
   2.540          -0.6636000E+01
   2.560          -0.2925300E+02
   2.580          -0.3253800E+02
   2.600          -0.2713200E+02
   2.620          -0.3011400E+02
   2.640          -0.3335000E+02
   2.660          -0.1597100E+02
   2.680          -0.1897000E+01
   2.700           0.5810000E+00
   2.720          -0.1737000E+01
   2.740          -0.5151000E+01
   2.760          -0.3600000E+01
   2.780          -0.1332900E+02
   2.800          -0.9847000E+01
   2.820           0.2501000E+01
   2.840           0.1582900E+02
   2.860           0.5862000E+01
   2.880          -0.6908000E+01
   2.900          -0.5488000E+01
   2.920           0.3032000E+01
   2.940           0.6790000E+01
   2.960           0.2285100E+02
   2.980           0.2921100E+02
   3.000           0.1976100E+02
   3.020           0.1391100E+02
   3.040           0.4620000E+01
   3.060          -0.2919000E+01
   3.080          -0.1499300E+02
   3.100          -0.7094000E+01
   3.120           0.2697400E+02
   3.140           0.3288300E+02
   3.160           0.2074900E+02
   3.180           0.4899000E+01
   3.200           0.9645000E+01
   3.220           0.1308400E+02
   3.240           0.8139000E+01
   3.260           0.1940500E+02
   3.280           0.3573300E+02
   3.300           0.3983000E+02
   3.320           0.1663100E+02
   3.340           0.5350000E+01
   3.360           0.1654900E+02
   3.380           0.1957600E+02
   3.400           0.8872000E+01
   3.420           0.3794000E+01
   3.440           0.1408400E+02
   3.460           0.3522800E+02
   3.480           0.5336200E+02
   3.500           0.1017500E+02
   3.520          -0.3455900E+02
   3.540          -0.4112100E+02
   3.560          -0.1778300E+02
   3.580          -0.2172700E+02
   3.600          -0.2980800E+02
   3.620           0.6046000E+01
   3.640           0.3972000E+02
   3.660           0.4269400E+02
   3.680           0.2020100E+02
   3.700           0.2420100E+02
   3.720           0.5459300E+02
   3.740           0.4764000E+02
   3.760          -0.5097000E+01
   3.780          -0.1140000E+02
   3.800           0.2561400E+02
   3.820           0.4644100E+02
   3.840           0.3897400E+02
   3.860           0.2250800E+02
   3.880           0.7040000E+00
   3.900          -0.3985700E+02
   3.920          -0.6882700E+02
   3.940          -0.5342500E+02
   3.960          -0.5330500E+02
   3.980          -0.3362600E+02
   4.000           0.8816000E+01
   4.020           0.4110500E+02
   4.040           0.3250000E+02
   4.060           0.1832300E+02
   4.080          -0.2947000E+01
   4.100          -0.5090700E+02
   4.120          -0.7865400E+02
   4.140          -0.8889400E+02
   4.160          -0.7298100E+02
   4.180          -0.2527000E+02
   4.200          -0.7044000E+01
   4.220          -0.1447000E+01
   4.240           0.7132000E+01
   4.260           0.2346000E+02
   4.280           0.8070000E+01
   4.300          -0.8664000E+01
   4.320          -0.1364200E+02
   4.340           0.1024900E+02
   4.360           0.4211700E+02
   4.380           0.5124000E+01
   4.400          -0.6829300E+02
   4.420          -0.9355700E+02
   4.440          -0.8881900E+02
   4.460          -0.6847400E+02
   4.480          -0.7041000E+01
   4.500           0.4724500E+02
   4.520           0.1001830E+03
   4.540           0.1607020E+03
   4.560           0.1687900E+03
   4.580           0.1458220E+03
   4.600           0.1089880E+03
   4.620           0.4690500E+02
   4.640          -0.9553000E+01
   4.660          -0.1647500E+02
   4.680           0.7039000E+01
   4.700          -0.1780000E+01
   4.720          -0.7238700E+02
   4.740          -0.9556800E+02
   4.760          -0.6513900E+02
   4.780          -0.2427000E+01
   4.800           0.2979600E+02
   4.820           0.1198600E+02
   4.840          -0.8842000E+01
   4.860           0.2706100E+02
   4.880           0.5803000E+02
   4.900           0.1844300E+02
   4.920          -0.2163200E+02
   4.940          -0.5672000E+02
   4.960          -0.7243100E+02
   4.980          -0.7792600E+02
   5.000          -0.4587900E+02
   5.020           0.4305600E+02
   5.040           0.8326900E+02
   5.060           0.4030300E+02
   5.080           0.5736000E+01
   5.100           0.2798600E+02
   5.120           0.7335200E+02
   5.140           0.3033700E+02
   5.160          -0.4129900E+02
   5.180          -0.6855000E+02
   5.200          -0.1184520E+03
   5.220          -0.1421160E+03
   5.240          -0.7594900E+02
   5.260           0.3949300E+02
   5.280           0.1105890E+03
   5.300           0.9692900E+02
   5.320           0.7826800E+02
   5.340           0.1094160E+03
   5.360           0.8756200E+02
   5.380           0.2225900E+02
   5.400           0.7868000E+01
   5.420           0.5653400E+02
   5.440           0.6926000E+02
   5.460           0.7856000E+01
   5.480          -0.4211000E+02
   5.500           0.1940000E+02
   5.520           0.8874600E+02
   5.540           0.1111820E+03
   5.560           0.8139100E+02
   5.580           0.4031600E+02
   5.600           0.7186000E+01
   5.620          -0.2623400E+02
   5.640          -0.1378900E+02
   5.660           0.4570900E+02
   5.680           0.6254400E+02
   5.700           0.3874000E+02
   5.720           0.2678700E+02
   5.740           0.5622700E+02
   5.760           0.8852900E+02
   5.780           0.5796300E+02
   5.800           0.2743000E+02
   5.820           0.4740800E+02
   5.840           0.6956800E+02
   5.860           0.7219500E+02
   5.880           0.4033900E+02
   5.900           0.5154100E+02
   5.920           0.6489300E+02
   5.940           0.3248000E+02
   5.960           0.3873000E+01
   5.980          -0.1412500E+02
   6.000          -0.3349400E+02
   6.020          -0.2579200E+02
   6.040          -0.1093200E+02
   6.060           0.8246000E+01
   6.080           0.3780100E+02
   6.100           0.4344200E+02
   6.120           0.6583000E+01
   6.140          -0.5540800E+02
   6.160          -0.9018400E+02
   6.180          -0.5488600E+02
   6.200          -0.1288000E+01
   6.220           0.2488000E+01
   6.240          -0.3311900E+02
   6.260          -0.5862700E+02
   6.280          -0.4553800E+02
   6.300          -0.4871700E+02
   6.320          -0.4106200E+02
   6.340          -0.1936000E+01
   6.360           0.6650000E+00
   6.380           0.2369800E+02
   6.400           0.8262700E+02
   6.420           0.1164270E+03
   6.440           0.7071100E+02
   6.460           0.3071300E+02
   6.480          -0.6613000E+01
   6.500           0.7315300E+02
   6.520           0.1793700E+03
   6.540           0.1768310E+03
   6.560           0.1244550E+03
   6.580           0.1084280E+03
   6.600           0.7674600E+02
   6.620          -0.1775900E+02
   6.640          -0.1064120E+03
   6.660          -0.1021900E+03
   6.680          -0.6539600E+02
   6.700          -0.5992100E+02
   6.720          -0.5580800E+02
   6.740          -0.7599600E+02
   6.760          -0.8082400E+02
   6.780          -0.1571250E+03
   6.800          -0.1665890E+03
   6.820          -0.6478900E+02
   6.840           0.6673800E+02
   6.860           0.8984900E+02
   6.880           0.4113700E+02
   6.900           0.1757500E+02
   6.920           0.6131100E+02
   6.940           0.3880400E+02
   6.960           0.3193300E+02
   6.980           0.7006100E+02
   7.000           0.5558500E+02
   7.020           0.1467300E+02
   7.040          -0.1892000E+01
   7.060           0.6995000E+01
   7.080           0.3260900E+02
   7.100           0.1216600E+02
   7.120           0.2992200E+02
   7.140           0.9611800E+02
   7.160           0.1467980E+03
   7.180           0.1154910E+03
   7.200           0.2355400E+02
   7.220          -0.4598800E+02
   7.240          -0.9748200E+02
   7.260          -0.1330280E+03
   7.280          -0.1057620E+03
   7.300          -0.2009800E+02
   7.320          -0.1339600E+02
   7.340          -0.8481600E+02
   7.360          -0.1319110E+03
   7.380          -0.1202240E+03
   7.400          -0.4780500E+02
   7.420           0.1670900E+02
   7.440           0.3943200E+02
   7.460           0.3990400E+02
   7.480           0.6042500E+02
   7.500           0.5293400E+02
   7.520           0.9177000E+01
   7.540          -0.3218100E+02
   7.560          -0.7319900E+02
   7.580          -0.4223500E+02
   7.600          -0.4965600E+02
   7.620          -0.9546600E+02
   7.640          -0.1205750E+03
   7.660          -0.8280700E+02
   7.680          -0.6434100E+02
   7.700           0.1820900E+02
   7.720           0.1179480E+03
   7.740           0.1904650E+03
   7.760           0.1731940E+03
   7.780           0.9663800E+02
   7.800           0.4827200E+02
   7.820           0.6009000E+02
   7.840           0.8178100E+02
   7.860           0.5147500E+02
   7.880           0.1211700E+02
   7.900          -0.9309000E+01
   7.920          -0.6088700E+02
   7.940          -0.8366200E+02
   7.960          -0.5709200E+02
   7.980          -0.5511600E+02
   8.000          -0.8188600E+02
   8.020          -0.3882800E+02
   8.040           0.3814500E+02
   8.060           0.6392000E+02
   8.080           0.2161500E+02
   8.100          -0.2816700E+02
   8.120          -0.2306700E+02
   8.140           0.3323800E+02
   8.160           0.7235400E+02
   8.180           0.4948800E+02
   8.200           0.3465000E+02
   8.220           0.8878400E+02
   8.240           0.8553000E+02
   8.260           0.5624200E+02
   8.280          -0.6921000E+01
   8.300          -0.5822500E+02
   8.320          -0.4686800E+02
   8.340          -0.1558000E+02
   8.360          -0.1834300E+02
   8.380          -0.8379500E+02
   8.400          -0.8815700E+02
   8.420          -0.5103000E+01
   8.440           0.4512300E+02
   8.460           0.4449400E+02
   8.480           0.4844300E+02
   8.500           0.3044500E+02
   8.520          -0.3761000E+01
   8.540          -0.5351600E+02
   8.560          -0.3011100E+02
   8.580           0.6228700E+02
   8.600           0.1549910E+03
   8.620           0.1890440E+03
   8.640           0.1116950E+03
   8.660           0.2490000E+02
   8.680          -0.2550200E+02
   8.700          -0.4313900E+02
   8.720          -0.4573600E+02
   8.740          -0.3110700E+02
   8.760           0.4464800E+02
   8.780           0.6683800E+02
   8.800          -0.7721000E+01
   8.820          -0.2054800E+02
   8.840          -0.1893200E+02
   8.860          -0.7822100E+02
   8.880          -0.1152730E+03
   8.900          -0.1303540E+03
   8.920          -0.8710100E+02
   8.940          -0.6361100E+02
   8.960          -0.8097500E+02
   8.980          -0.5383900E+02
   9.000           0.1521800E+02
   9.020           0.5457600E+02
   9.040           0.2714300E+02
   9.060           0.1192300E+02
   9.080           0.7773200E+02
   9.100           0.1152200E+03
   9.120           0.6637000E+02
   9.140           0.1485800E+02
   9.160           0.1605300E+02
   9.180           0.2229100E+02
   9.200           0.1742900E+02
   9.220           0.5641000E+02
   9.240           0.3518000E+02
   9.260           0.3170300E+02
   9.280           0.3631300E+02
   9.300          -0.5470000E+00
   9.320          -0.5266900E+02
   9.340          -0.6749900E+02
   9.360          -0.9660300E+02
   9.380          -0.7923800E+02
   9.400          -0.3300400E+02
   9.420           0.2015600E+02
   9.440           0.2093800E+02
   9.460           0.1141500E+02
   9.480           0.2488100E+02
   9.500           0.3959200E+02
   9.520           0.4199000E+02
   9.540          -0.1582200E+02
   9.560          -0.8472700E+02
   9.580          -0.9720500E+02
   9.600          -0.1081900E+02
   9.620           0.7459200E+02
   9.640           0.6735100E+02
   9.660          -0.4498000E+01
   9.680          -0.1551100E+02
   9.700           0.1275000E+02
   9.720          -0.5338000E+01
   9.740          -0.5110000E+02
   9.760          -0.9263400E+02
   9.780          -0.9963700E+02
   9.800          -0.1052600E+03
   9.820          -0.7114400E+02
   9.840          -0.1622100E+02
   9.860          -0.2986200E+02
   9.880          -0.9304700E+02
   9.900          -0.1160130E+03
   9.920          -0.5505500E+02
   9.940           0.1878300E+02
   9.960           0.7233200E+02
   9.980           0.7175500E+02
  10.000           0.6231600E+02
  10.020           0.4743800E+02
  10.040           0.4320700E+02
  10.060           0.8139700E+02
  10.080           0.1031070E+03
  10.100           0.8952100E+02
  10.120           0.4245100E+02
  10.140           0.3604000E+01
  10.160          -0.5704000E+01
  10.180          -0.1862100E+02
  10.200          -0.1748100E+02
  10.220          -0.3005000E+01
  10.240          -0.7931000E+01
  10.260          -0.3769400E+02
  10.280          -0.5397500E+02
  10.300          -0.8677400E+02
  10.320          -0.1148390E+03
  10.340          -0.1170330E+03
  10.360          -0.1065450E+03
  10.380          -0.3141100E+02
  10.400           0.5312000E+01
  10.420          -0.2446000E+01
  10.440          -0.5402100E+02
  10.460          -0.9810100E+02
  10.480          -0.6338200E+02
  10.500          -0.2920000E+01
  10.520           0.4105900E+02
  10.540           0.4080000E+02
  10.560           0.6966000E+01
  10.580          -0.4738300E+02
  10.600          -0.7053800E+02
  10.620          -0.8227000E+02
  10.640          -0.3928600E+02
  10.660          -0.1051500E+02
  10.680           0.1639900E+02
  10.700           0.5082600E+02
  10.720           0.9685800E+02
  10.740           0.9184800E+02
  10.760           0.5387800E+02
  10.780           0.4988400E+02
  10.800           0.2749400E+02
  10.820          -0.5049000E+02
  10.840          -0.8388300E+02
  10.860          -0.2625100E+02
  10.880           0.4284100E+02
  10.900           0.7392300E+02
  10.920           0.3032000E+02
  10.940          -0.5091400E+02
  10.960          -0.1511850E+03
  10.980          -0.2228840E+03
  11.000          -0.1843200E+03
  11.020          -0.9930000E+02
  11.040          -0.4661100E+02
  11.060          -0.1630000E+02
  11.080          -0.9646000E+01
  11.100           0.2461700E+02
  11.120           0.3716000E+02
  11.140           0.5221900E+02
  11.160           0.8525100E+02
  11.180           0.4179800E+02
  11.200          -0.1531400E+02
  11.220          -0.3207900E+02
  11.240          -0.1841500E+02
  11.260           0.9985000E+01
  11.280           0.1659800E+02
  11.300           0.5044000E+01
  11.320          -0.1592000E+01
  11.340          -0.2361100E+02
  11.360          -0.7875600E+02
  11.380          -0.4804700E+02
  11.400          -0.3088100E+02
  11.420          -0.7008000E+02
  11.440          -0.1013590E+03
  11.460          -0.8664600E+02
  11.480          -0.1165800E+02
  11.500           0.9618400E+02
  11.520           0.1878750E+03
  11.540           0.1768690E+03
  11.560           0.1217420E+03
  11.580           0.5089300E+02
  11.600          -0.3338200E+02
  11.620          -0.7612100E+02
  11.640          -0.5116100E+02
  11.660          -0.3098600E+02
  11.680          -0.5620600E+02
  11.700          -0.5831400E+02
  11.720          -0.4840000E+02
  11.740          -0.3393700E+02
  11.760          -0.5509900E+02
  11.780          -0.1398130E+03
  11.800          -0.2079430E+03
  11.820          -0.2074600E+03
  11.840          -0.1702540E+03
  11.860          -0.9909800E+02
  11.880           0.2796700E+02
  11.900           0.1186610E+03
  11.920           0.5697400E+02
  11.940          -0.3269800E+02
  11.960          -0.3077100E+02
  11.980           0.1154700E+02
  12.000           0.1789000E+01
  12.020           0.2235200E+02
  12.040           0.3294400E+02
  12.060           0.3806500E+02
  12.080           0.5609400E+02
  12.100           0.2979100E+02
  12.120           0.9913000E+01
  12.140           0.2075100E+02
  12.160           0.1183900E+02
  12.180           0.9413000E+01
  12.200           0.1157800E+02
  12.220           0.1278300E+02
  12.240           0.6916000E+01
  12.260           0.3666000E+02
  12.280           0.9937400E+02
  12.300           0.7948900E+02
  12.320           0.5034400E+02
  12.340           0.4337200E+02
  12.360           0.2376100E+02
  12.380          -0.1655400E+02
  12.400          -0.7348800E+02
  12.420          -0.1218650E+03
  12.440          -0.1037040E+03
  12.460          -0.6006700E+02
  12.480          -0.4190400E+02
  12.500          -0.3747700E+02
  12.520          -0.2386300E+02
  12.540           0.1003100E+02
  12.560           0.9117100E+02
  12.580           0.1893980E+03
  12.600           0.2211830E+03
  12.620           0.1772860E+03
  12.640           0.1185750E+03
  12.660           0.5752800E+02
  12.680           0.4140000E+01
  12.700          -0.5042700E+02
  12.720          -0.9440600E+02
  12.740          -0.8319200E+02
  12.760          -0.1335400E+02
  12.780           0.1016480E+03
  12.800           0.1766530E+03
  12.820           0.1801970E+03
  12.840           0.1207310E+03
  12.860           0.2605000E+02
  12.880          -0.1808800E+02
  12.900          -0.4739300E+02
  12.920          -0.8534300E+02
  12.940          -0.9409400E+02
  12.960          -0.2770500E+02
  12.980           0.3541700E+02
  13.000           0.5220000E+01
  13.020          -0.6792200E+02
  13.040          -0.5415600E+02
  13.060           0.2657000E+02
  13.080           0.1012300E+03
  13.100           0.1161560E+03
  13.120           0.1291320E+03
  13.140           0.1287950E+03
  13.160           0.3745300E+02
  13.180          -0.6525400E+02
  13.200          -0.8801500E+02
  13.220          -0.6067400E+02
  13.240          -0.5828500E+02
  13.260           0.1427700E+02
  13.280           0.7562900E+02
  13.300           0.5091300E+02
  13.320          -0.1091000E+02
  13.340          -0.8877900E+02
  13.360          -0.1114770E+03
  13.380          -0.6027700E+02
  13.400          -0.2481100E+02
  13.420          -0.5360600E+02
  13.440          -0.7212100E+02
  13.460          -0.7742400E+02
  13.480          -0.5265400E+02
  13.500          -0.1972100E+02
  13.520          -0.3949100E+02
  13.540          -0.6139800E+02
  13.560          -0.8675900E+02
  13.580          -0.1181770E+03
  13.600          -0.1048000E+03
  13.620          -0.1155980E+03
  13.640          -0.1394810E+03
  13.660          -0.9497600E+02
  13.680          -0.2844000E+02
  13.700           0.2297500E+02
  13.720           0.6568600E+02
  13.740           0.8960900E+02
  13.760           0.4565200E+02
  13.780           0.4128700E+02
  13.800           0.1267860E+03
  13.820           0.1728880E+03
  13.840           0.8972100E+02
  13.860          -0.2324200E+02
  13.880          -0.7028500E+02
  13.900          -0.4938300E+02
  13.920          -0.2106200E+02
  13.940           0.3063600E+02
  13.960           0.1096070E+03
  13.980           0.1824750E+03
  14.000           0.1723300E+03
  14.020           0.6817900E+02
  14.040          -0.1721700E+02
  14.060          -0.3001200E+02
  14.080          -0.4904000E+02
  14.100          -0.2040400E+02
  14.120           0.5538100E+02
  14.140           0.1311550E+03
  14.160           0.1222080E+03
  14.180           0.4031000E+01
  14.200          -0.6280200E+02
  14.220          -0.3761800E+02
  14.240          -0.1714800E+02
  14.260          -0.2048600E+02
  14.280          -0.8418700E+02
  14.300          -0.1288440E+03
  14.320          -0.1390940E+03
  14.340          -0.1432360E+03
  14.360          -0.1162840E+03
  14.380          -0.6233400E+02
  14.400          -0.4028900E+02
  14.420          -0.4770300E+02
  14.440          -0.9739000E+01
  14.460           0.2888600E+02
  14.480           0.4831000E+02
  14.500          -0.1940900E+02
  14.520          -0.1090350E+03
  14.540          -0.1093390E+03
  14.560          -0.3138900E+02
  14.580           0.2508000E+02
  14.600           0.3738800E+02
  14.620           0.4812800E+02
  14.640           0.5543000E+02
  14.660           0.1306200E+02
  14.680          -0.6143000E+02
  14.700          -0.1306610E+03
  14.720          -0.9953700E+02
  14.740          -0.5832600E+02
  14.760          -0.2819800E+02
  14.780           0.1558700E+02
  14.800           0.3314500E+02
  14.820           0.3787200E+02
  14.840           0.3387500E+02
  14.860           0.2370000E+02
  14.880           0.3167900E+02
  14.900           0.1135800E+02
  14.920          -0.2612000E+01
  14.940           0.8971000E+01
  14.960           0.2727600E+02
  14.980           0.4401000E+02
  15.000           0.1481300E+02
  15.020          -0.3583000E+02
  15.040          -0.4779400E+02
  15.060          -0.4826500E+02
  15.080          -0.8076700E+02
  15.100          -0.8941900E+02
  15.120          -0.4556800E+02
  15.140           0.3655800E+02
  15.160           0.7055700E+02
  15.180           0.6009200E+02
  15.200           0.2094100E+02
  15.220          -0.4166200E+02
  15.240          -0.3484300E+02
  15.260          -0.2170900E+02
  15.280          -0.9458000E+01
  15.300          -0.5114000E+01
  15.320          -0.2286300E+02
  15.340          -0.5720500E+02
  15.360          -0.1214840E+03
  15.380          -0.1190610E+03
  15.400          -0.6780700E+02
  15.420           0.2161000E+01
  15.440           0.3060200E+02
  15.460           0.2618000E+02
  15.480           0.4195800E+02
  15.500           0.2531600E+02
  15.520          -0.8218000E+01
  15.540          -0.4712500E+02
  15.560          -0.7140200E+02
  15.580          -0.4909200E+02
  15.600          -0.8091000E+01
  15.620           0.2448400E+02
  15.640           0.3583000E+02
  15.660           0.2518700E+02
  15.680          -0.1792900E+02
  15.700          -0.5012600E+02
  15.720          -0.1768900E+02
  15.740           0.5785900E+02
  15.760           0.9286500E+02
  15.780           0.8413500E+02
  15.800           0.3949800E+02
  15.820           0.3150000E+00
  15.840          -0.2042700E+02
  15.860          -0.5215400E+02
  15.880          -0.4724500E+02
  15.900          -0.2889300E+02
  15.920           0.1145900E+02
  15.940           0.4108500E+02
  15.960          -0.4659000E+01
  15.980          -0.1948900E+02
  16.000           0.1361800E+02
  16.020           0.3081500E+02
  16.040           0.3215100E+02
  16.060           0.2662800E+02
  16.080           0.1897100E+02
  16.100          -0.2107600E+02
  16.120          -0.5024900E+02
  16.140          -0.3743200E+02
  16.160          -0.1219000E+01
  16.180           0.8169000E+01
  16.200           0.1155100E+02
  16.220           0.2223400E+02
  16.240           0.5080700E+02
  16.260           0.5467600E+02
  16.280           0.5675400E+02
  16.300           0.4801600E+02
  16.320           0.2584900E+02
  16.340          -0.9864000E+01
  16.360          -0.3835200E+02
  16.380          -0.3220900E+02
  16.400          -0.1596900E+02
  16.420          -0.6893000E+01
  16.440          -0.9714000E+01
  16.460          -0.2220500E+02
  16.480          -0.1080900E+02
  16.500           0.4260000E+01
  16.520          -0.1872000E+01
  16.540          -0.1526100E+02
  16.560          -0.6240000E+02
  16.580          -0.1323130E+03
  16.600          -0.1612810E+03
  16.620          -0.1303470E+03
  16.640          -0.8875200E+02
  16.660          -0.7016300E+02
  16.680          -0.5600300E+02
  16.700          -0.1280700E+02
  16.720           0.3016500E+02
  16.740           0.4277000E+02
  16.760           0.2876500E+02
  16.780           0.9240000E+01
  16.800           0.9577000E+01
  16.820           0.8624000E+01
  16.840          -0.1483700E+02
  16.860          -0.3502500E+02
  16.880          -0.2239600E+02
  16.900          -0.1086400E+02
  16.920          -0.3526300E+02
  16.940          -0.4447000E+02
  16.960          -0.7370000E+00
  16.980           0.5981000E+02
  17.000           0.7158300E+02
  17.020           0.3516300E+02
  17.040           0.1852000E+02
  17.060           0.2179100E+02
  17.080           0.2382400E+02
  17.100           0.3134200E+02
  17.120           0.6755100E+02
  17.140           0.1191870E+03
  17.160           0.1426570E+03
  17.180           0.1150710E+03
  17.200           0.4437300E+02
  17.220          -0.2323000E+01
  17.240          -0.2996500E+02
  17.260          -0.3162900E+02
  17.280          -0.2158700E+02
  17.300           0.8882000E+01
  17.320           0.4730700E+02
  17.340           0.3101400E+02
  17.360           0.1550000E+01
  17.380          -0.6647000E+01
  17.400           0.2394300E+02
  17.420           0.3060600E+02
  17.440           0.9977000E+01
  17.460           0.2408000E+01
  17.480           0.2656000E+02
  17.500           0.6484200E+02
  17.520           0.4468000E+02
  17.540           0.8355000E+01
  17.560          -0.1108100E+02
  17.580          -0.1944900E+02
  17.600          -0.4815900E+02
  17.620          -0.6486000E+02
  17.640          -0.2356200E+02
  17.660           0.1741800E+02
  17.680           0.1331500E+02
  17.700           0.2091700E+02
  17.720           0.4967400E+02
  17.740           0.4910900E+02
  17.760           0.3615000E+01
  17.780          -0.4571800E+02
  17.800          -0.6195500E+02
  17.820          -0.2681500E+02
  17.840           0.1453700E+02
  17.860           0.6436000E+01
  17.880           0.1280600E+02
  17.900           0.4010400E+02
  17.920           0.5025600E+02
  17.940           0.2026900E+02
  17.960          -0.4423000E+01
  17.980          -0.2692000E+01
  18.000           0.2440000E+02
  18.020           0.2954200E+02
  18.040           0.1517700E+02
  18.060          -0.6038000E+01
  18.080          -0.5640000E+00
  18.100           0.5022000E+01
  18.120          -0.1176000E+01
  18.140           0.2899300E+02
  18.160           0.6237900E+02
  18.180           0.7365700E+02
  18.200           0.8528400E+02
  18.220           0.7462900E+02
  18.240           0.3689200E+02
  18.260          -0.1651000E+01
  18.280          -0.2797400E+02
  18.300          -0.3247100E+02
  18.320          -0.1894100E+02
  18.340          -0.5564000E+01
  18.360           0.1368000E+01
  18.380           0.5319000E+01
  18.400           0.7635000E+01
  18.420           0.6942000E+01
  18.440           0.2324000E+02
  18.460           0.4102300E+02
  18.480           0.4970500E+02
  18.500           0.4346700E+02
  18.520           0.3117800E+02
  18.540           0.1744900E+02
  18.560           0.2612000E+01
  18.580           0.1225600E+02
  18.600           0.3940800E+02
  18.620           0.3773300E+02
  18.640           0.3771800E+02
  18.660           0.4201800E+02
  18.680           0.3786800E+02
  18.700           0.1115900E+02
  18.720          -0.3638000E+01
  18.740          -0.1091300E+02
  18.760          -0.1310800E+02
  18.780          -0.1997600E+02
  18.800          -0.2661800E+02
  18.820          -0.3610000E+00
  18.840           0.2646800E+02
  18.860           0.2624800E+02
  18.880           0.2192700E+02
  18.900           0.1651300E+02
  18.920          -0.9107000E+01
  18.940          -0.3682500E+02
  18.960          -0.3295600E+02
  18.980          -0.1184000E+02
  19.000           0.1474600E+02
  19.020           0.4221400E+02
  19.040           0.5696300E+02
  19.060           0.4023900E+02
  19.080          -0.4094000E+01
  19.100          -0.4112700E+02
  19.120          -0.5624000E+02
  19.140          -0.3762700E+02
  19.160          -0.4000000E+00
  19.180           0.3194100E+02
  19.200           0.4291900E+02
  19.220           0.2525000E+02
  19.240           0.2408000E+01
  19.260          -0.1473100E+02
  19.280          -0.4651000E+01
  19.300           0.1226000E+02
  19.320           0.1258700E+02
  19.340           0.2521800E+02
  19.360           0.3665700E+02
  19.380           0.2911900E+02
  19.400           0.1214100E+02
  19.420           0.6662000E+01
  19.440          -0.1216900E+02
  19.460          -0.4300000E+02
  19.480          -0.4488800E+02
  19.500          -0.2383400E+02
  19.520          -0.1646600E+02
  19.540          -0.4230100E+02
  19.560          -0.6017200E+02
  19.580          -0.4301000E+02
  19.600          -0.1183200E+02
  19.620          -0.6554000E+01
  19.640          -0.2137200E+02
  19.660          -0.2001100E+02
  19.680           0.6915000E+01
  19.700           0.9549000E+01
  19.720          -0.1358600E+02
  19.740          -0.2912900E+02
  19.760          -0.3403800E+02
  19.780          -0.3909900E+02
  19.800          -0.4021000E+02
  19.820          -0.3307200E+02
  19.840          -0.2473700E+02
  19.860          -0.2466800E+02
  19.880          -0.2116900E+02
  19.900          -0.3262000E+01
  19.920           0.1550100E+02
  19.940           0.8489000E+01
  19.960          -0.5561000E+01
  19.980          -0.4247000E+01
  20.000           0.4800000E+01
  20.020          -0.8770000E+00
  20.040          -0.1019500E+02
  20.060          -0.2336600E+02
  20.080          -0.3538600E+02
  20.100          -0.3564500E+02
  20.120          -0.2562000E+02
  20.140          -0.1318100E+02
  20.160           0.7564000E+01
  20.180           0.2005100E+02
  20.200           0.1326400E+02
  20.220           0.2202000E+01
  20.240          -0.9580000E+01
  20.260          -0.2383200E+02
  20.280          -0.2389500E+02
  20.300          -0.1040900E+02
  20.320          -0.7913000E+01
  20.340          -0.3417000E+01
  20.360           0.1011100E+02
  20.380           0.2088000E+02
  20.400           0.2550800E+02
  20.420           0.3077400E+02
  20.440           0.3894600E+02
  20.460           0.3667800E+02
  20.480           0.3019700E+02
  20.500           0.3228600E+02
  20.520           0.3647300E+02
  20.540           0.1589000E+02
  20.560           0.1110000E+00
  20.580          -0.3932000E+01
  20.600           0.1258000E+01
  20.620           0.7533000E+01
  20.640           0.1383300E+02
  20.660           0.1576000E+02
  20.680           0.5392000E+01
  20.700          -0.3782000E+01
  20.720          -0.1370700E+02
  20.740          -0.1233300E+02
  20.760          -0.7598000E+01
  20.780          -0.1705500E+02
  20.800          -0.1763600E+02
  20.820          -0.8464000E+01
  20.840          -0.2492000E+01
  20.860          -0.1300900E+02
  20.880          -0.2963100E+02
  20.900          -0.3592300E+02
  20.920          -0.3906200E+02
  20.940          -0.4734700E+02
  20.960          -0.4710900E+02
  20.980          -0.4268800E+02
  21.000          -0.3580200E+02
  21.020          -0.2846200E+02
  21.040          -0.2276200E+02
  21.060          -0.1324500E+02
  21.080          -0.3520000E+01
  21.100          -0.3849000E+01
  21.120           0.6270000E+00
  21.140          -0.5119000E+01
  21.160          -0.1698200E+02
  21.180          -0.1980200E+02
  21.200          -0.1817000E+02
  21.220          -0.2084600E+02
  21.240          -0.1250500E+02
  21.260          -0.3464000E+01
  21.280          -0.7640000E+00
  21.300          -0.8061000E+01
  21.320          -0.9749000E+01
  21.340          -0.8305000E+01
  21.360           0.8243000E+01
  21.380           0.3102700E+02
  21.400           0.3757900E+02
  21.420           0.2417700E+02
  21.440           0.3646000E+01
  21.460          -0.6887000E+01
  21.480          -0.4842000E+01
  21.500           0.3709000E+01
  21.520           0.8016000E+01
  21.540           0.1332900E+02
  21.560           0.1940100E+02
  21.580           0.3239400E+02
  21.600           0.4361300E+02
  21.620           0.3647800E+02
  21.640           0.2178300E+02
  21.660           0.4278000E+01
  21.680           0.3387000E+01
  21.700           0.1623600E+02
  21.720           0.2304500E+02
  21.740           0.2268000E+02
  21.760           0.1828900E+02
  21.780           0.1337600E+02
  21.800           0.1207300E+02
  21.820           0.3705000E+01
  21.840           0.1040000E+00
  21.860           0.9433000E+01
  21.880           0.2832300E+02
  21.900           0.3580000E+02
  21.920           0.3025200E+02
  21.940           0.1343200E+02
  21.960           0.1848000E+01
  21.980          -0.6737000E+01
  22.000          -0.1567200E+02
  22.020          -0.1212000E+02
  22.040          -0.4348000E+01
  22.060          -0.4718000E+01
  22.080          -0.1363400E+02
  22.100          -0.2420600E+02
  22.120          -0.2546000E+02
  22.140          -0.1876900E+02
  22.160          -0.1397100E+02
  22.180          -0.8554000E+01
  22.200           0.5335000E+01
  22.220           0.2098500E+02
  22.240           0.3156600E+02
  22.260           0.1932200E+02
  22.280          -0.6099000E+01
  22.300          -0.2411200E+02
  22.320          -0.3203600E+02
  22.340          -0.3751000E+02
  22.360          -0.3919500E+02
  22.380          -0.2936300E+02
  22.400          -0.1313400E+02
  22.420          -0.6726000E+01
  22.440          -0.1325300E+02
  22.460          -0.9969000E+01
  22.480          -0.2438000E+01
  22.500          -0.8755000E+01
  22.520          -0.1627500E+02
  22.540          -0.1277900E+02
  22.560          -0.1162800E+02
  22.580          -0.1838700E+02
  22.600          -0.2108200E+02
  22.620          -0.2695900E+02
  22.640          -0.1824800E+02
  22.660          -0.1228000E+02
  22.680          -0.1327200E+02
  22.700          -0.1323100E+02
  22.720          -0.1227400E+02
  22.740          -0.9819000E+01
  22.760          -0.1031800E+02
  22.780          -0.1562100E+02
  22.800          -0.1759900E+02
  22.820          -0.2226800E+02
  22.840          -0.2484900E+02
  22.860          -0.2249600E+02
  22.880          -0.1117300E+02
  22.900           0.3314000E+01
  22.920           0.2058600E+02
  22.940           0.1784100E+02
  22.960           0.8526000E+01
  22.980           0.2032000E+01
  23.000          -0.1025000E+01
  23.020           0.5035000E+01
  23.040           0.1257100E+02
  23.060           0.1877000E+02
  23.080           0.1653000E+02
  23.100           0.1302500E+02
  23.120           0.1642600E+02
  23.140           0.2140500E+02
  23.160           0.1616200E+02
  23.180           0.5757000E+01
  23.200           0.7049000E+01
  23.220           0.1236800E+02
  23.240           0.2050800E+02
  23.260           0.2046900E+02
  23.280           0.1750100E+02
  23.300           0.1572300E+02
  23.320           0.1360900E+02
  23.340           0.1590100E+02
  23.360           0.1556300E+02
  23.380           0.1714000E+02
  23.400           0.1483300E+02
  23.420           0.9002000E+01
  23.440           0.2070000E+01
  23.460          -0.5029000E+01
  23.480          -0.4963000E+01
  23.500          -0.7237000E+01
  23.520           0.2983000E+01
  23.540           0.2102700E+02
  23.560           0.3266900E+02
  23.580           0.2748700E+02
  23.600           0.1581800E+02
  23.620           0.2058000E+01
  23.640          -0.9182000E+01
  23.660          -0.9219000E+01
  23.680          -0.2979000E+01
  23.700           0.1003400E+02
  23.720           0.1484800E+02
  23.740           0.9012000E+01
  23.760           0.7849000E+01
  23.780           0.8008000E+01
  23.800           0.1174800E+02
  23.820           0.3232000E+01
  23.840          -0.8092000E+01
  23.860          -0.9334000E+01
  23.880           0.7060000E+00
  23.900           0.7920000E+01
  23.920           0.9598000E+01
  23.940           0.1960000E+00
  23.960          -0.4395000E+01
  23.980          -0.1139000E+01
  24.000           0.8965000E+01
  24.020           0.1911700E+02
  24.040           0.2611700E+02
  24.060           0.3052100E+02
  24.080           0.2718200E+02
  24.100           0.1892000E+02
  24.120           0.2016000E+02
  24.140           0.3089700E+02
  24.160           0.3706700E+02
  24.180           0.2420700E+02
  24.200           0.1022500E+02
  24.220           0.4488000E+01
  24.240          -0.4700000E+00
  24.260          -0.4800000E+01
  24.280          -0.2497000E+01
  24.300           0.1177800E+02
  24.320           0.2218400E+02
  24.340           0.1800400E+02
  24.360           0.7301000E+01
  24.380           0.2553000E+01
  24.400           0.5520000E+01
  24.420           0.6791000E+01
  24.440           0.1323700E+02
  24.460           0.2350200E+02
  24.480           0.3197200E+02
  24.500           0.1940500E+02
  24.520           0.2400000E+01
  24.540          -0.4940000E+01
  24.560           0.6040000E+00
  24.580           0.3163000E+01
  24.600          -0.1260000E+00
  24.620           0.1397000E+01
  24.640           0.1190500E+02
  24.660           0.1972000E+02
  24.680           0.1788700E+02
  24.700           0.6397000E+01
  24.720          -0.2103000E+01
  24.740          -0.6400000E+01
  24.760          -0.9965000E+01
  24.780          -0.7547000E+01
  24.800           0.6249000E+01
  24.820           0.1509000E+02
  24.840           0.1089700E+02
  24.860          -0.2456000E+01
  24.880          -0.1090700E+02
  24.900          -0.1233900E+02
  24.920          -0.1739600E+02
  24.940          -0.2587800E+02
  24.960          -0.3404200E+02
  24.980          -0.3648500E+02
  25.000          -0.3452900E+02
  25.020          -0.3421200E+02
  25.040          -0.2854200E+02
  25.060          -0.2190200E+02
  25.080          -0.2323600E+02
  25.100          -0.2628800E+02
  25.120          -0.2593700E+02
  25.140          -0.2161500E+02
  25.160          -0.1456500E+02
  25.180          -0.1943600E+02
  25.200          -0.2514300E+02
  25.220          -0.2713300E+02
  25.240          -0.2654800E+02
  25.260          -0.2999300E+02
  25.280          -0.3489300E+02
  25.300          -0.3954800E+02
  25.320          -0.3694900E+02
  25.340          -0.3057400E+02
  25.360          -0.2624500E+02
  25.380          -0.2587700E+02
  25.400          -0.2742400E+02
  25.420          -0.2227500E+02
  25.440          -0.1408400E+02
  25.460          -0.5206000E+01
  25.480           0.3580000E+00
  25.500          -0.3728000E+01
  25.520          -0.1276400E+02
  25.540          -0.1914300E+02
  25.560          -0.1563000E+02
  25.580          -0.9105000E+01
  25.600          -0.7312000E+01
  25.620          -0.7876000E+01
  25.640          -0.7302000E+01
  25.660          -0.6861000E+01
  25.680          -0.5637000E+01
  25.700          -0.3992000E+01
  25.720          -0.1897000E+01
  25.740          -0.2620000E+01
  25.760          -0.4830000E+01
  25.780          -0.6098000E+01
  25.800          -0.2752000E+01
  25.820          -0.7420000E+00
  25.840           0.1670000E+00
  25.860          -0.9000000E-01
  25.880           0.3198000E+01
  25.900           0.5027000E+01
  25.920           0.5719000E+01
  25.940           0.5085000E+01
  25.960           0.5022000E+01
  25.980           0.5725000E+01
  26.000           0.5086000E+01
  26.020           0.2434000E+01
  26.040           0.2602000E+01
  26.060           0.5566000E+01
  26.080           0.1130500E+02
  26.100           0.1747100E+02
  26.120           0.2265800E+02
  26.140           0.2330100E+02
  26.160           0.2034100E+02
  26.180           0.1478700E+02
  26.200           0.1000800E+02
  26.220           0.7025000E+01
  26.240           0.4763000E+01
  26.260           0.1484000E+01
  26.280           0.2610000E+00
  26.300           0.3002000E+01
  26.320           0.6507000E+01
  26.340           0.7604000E+01
  26.360           0.7397000E+01
  26.380           0.9175000E+01
  26.400           0.1212400E+02
  26.420           0.1354500E+02
  26.440           0.1189900E+02
  26.460           0.8596000E+01
  26.480           0.5821000E+01
  26.500           0.3260000E+01
  26.520           0.1563000E+01
  26.540           0.1161000E+01
  26.560           0.2814000E+01
  26.580           0.4861000E+01
  26.600           0.6098000E+01
  26.620           0.6746000E+01
  26.640           0.7978000E+01
  26.660           0.7989000E+01
  26.680           0.6574000E+01
  26.700           0.5312000E+01
  26.720           0.5588000E+01
  26.740           0.5571000E+01
  26.760           0.4844000E+01
  26.780           0.3811000E+01
  26.800           0.3838000E+01
  26.820           0.3971000E+01
  26.840           0.3838000E+01
  26.860           0.3179000E+01
  26.880           0.3354000E+01
  26.900           0.3446000E+01
  26.920           0.3027000E+01
  26.940           0.1949000E+01
  26.960           0.1435000E+01
  26.980           0.1411000E+01
  27.000           0.1556000E+01
  27.020           0.1355000E+01
  27.040           0.1010000E+01
  27.060           0.7160000E+00
  27.080           0.4630000E+00
  27.100           0.2330000E+00
  27.120           0.4500000E-01
  27.140           0.4000000E-02
  27.160           0.7000000E-02
  27.180          -0.1600000E-01
  27.200          -0.3000000E-01
  27.220           0.0000000E+00
  27.240           0.0000000E+00
  27.260           0.0000000E+00
  27.280           0.0000000E+00
  27.300           0.0000000E+00
  27.320           0.0000000E+00
  27.340           0.0000000E+00
  27.360           0.0000000E+00
  27.380           0.0000000E+00
  27.400           0.0000000E+00
  27.420           0.0000000E+00
  27.440           0.0000000E+00
  27.460           0.0000000E+00
  27.480           0.0000000E+00
  27.500           0.0000000E+00
  27.520           0.0000000E+00
  27.540           0.0000000E+00
  27.560           0.0000000E+00
  27.580           0.0000000E+00
  27.600           0.0000000E+00
  27.620           0.0000000E+00
  27.640           0.0000000E+00
  27.660           0.0000000E+00
  27.680           0.0000000E+00
  27.700           0.0000000E+00
  27.720           0.0000000E+00
  27.740           0.0000000E+00
  27.760           0.0000000E+00
  27.780           0.0000000E+00
  27.800           0.0000000E+00
  27.820           0.0000000E+00
  27.840           0.0000000E+00
  27.860           0.0000000E+00
  27.880           0.0000000E+00
  27.900           0.0000000E+00
  27.920           0.0000000E+00
  27.940           0.0000000E+00
  27.960           0.0000000E+00
  27.980           0.0000000E+00
  28.000           0.0000000E+00
  28.020           0.0000000E+00
  28.040           0.0000000E+00
  28.060           0.0000000E+00
  28.080           0.0000000E+00
  28.100           0.0000000E+00
  28.120           0.0000000E+00
  28.140           0.0000000E+00
  28.160           0.0000000E+00
  28.180           0.0000000E+00
  28.200           0.0000000E+00
  28.220           0.0000000E+00
  28.240           0.0000000E+00
  28.260           0.0000000E+00
  28.280           0.0000000E+00
  28.300           0.0000000E+00
  28.320           0.0000000E+00
  28.340           0.0000000E+00
  28.360           0.0000000E+00
  28.380           0.0000000E+00
  28.400           0.0000000E+00
  28.420           0.0000000E+00
  28.440           0.0000000E+00
  28.460           0.0000000E+00
  28.480           0.0000000E+00
  28.500           0.0000000E+00
  28.520           0.0000000E+00
  28.540           0.0000000E+00
  28.560           0.0000000E+00
  28.580           0.0000000E+00
  28.600           0.0000000E+00
  28.620           0.0000000E+00
  28.640           0.0000000E+00
  28.660           0.0000000E+00
  28.680           0.0000000E+00
  28.700           0.0000000E+00
  28.720           0.0000000E+00
  28.740           0.0000000E+00
  28.760           0.0000000E+00
  28.780           0.0000000E+00
  28.800           0.0000000E+00
  28.820           0.0000000E+00
  28.840           0.0000000E+00
  28.860           0.0000000E+00
  28.880           0.0000000E+00
  28.900           0.0000000E+00
  28.920           0.0000000E+00
  28.940           0.0000000E+00
  28.960           0.0000000E+00
  28.980           0.0000000E+00
  29.000           0.0000000E+00
  29.020           0.0000000E+00
  29.040           0.0000000E+00
  29.060           0.0000000E+00
  29.080           0.0000000E+00
  29.100           0.0000000E+00
  29.120           0.0000000E+00
  29.140           0.0000000E+00
  29.160           0.0000000E+00
  29.180           0.0000000E+00
  29.200           0.0000000E+00
  29.220           0.0000000E+00
  29.240           0.0000000E+00
  29.260           0.0000000E+00
  29.280           0.0000000E+00
  29.300           0.0000000E+00
  29.320           0.0000000E+00
  29.340           0.0000000E+00
  29.360           0.0000000E+00
  29.380           0.0000000E+00
  29.400           0.0000000E+00
  29.420           0.0000000E+00
  29.440           0.0000000E+00
  29.460           0.0000000E+00
  29.480           0.0000000E+00
  29.500           0.0000000E+00
  29.520           0.0000000E+00
  29.540           0.0000000E+00
  29.560           0.0000000E+00
  29.580           0.0000000E+00
  29.600           0.0000000E+00
  29.620           0.0000000E+00
  29.640           0.0000000E+00
  29.660           0.0000000E+00
  29.680           0.0000000E+00
  29.700           0.0000000E+00
  29.720           0.0000000E+00
  29.740           0.0000000E+00
  29.760           0.0000000E+00
  29.780           0.0000000E+00
  29.800           0.0000000E+00
  29.820           0.0000000E+00
  29.840           0.0000000E+00
  29.860           0.0000000E+00
  29.880           0.0000000E+00
  29.900           0.0000000E+00
  29.920           0.0000000E+00
  29.940           0.0000000E+00
  29.960           0.0000000E+00
  29.980           0.0000000E+00
  30.000           0.0000000E+00
  30.020           0.0000000E+00
  30.040           0.0000000E+00
  30.060           0.0000000E+00
  30.080           0.0000000E+00
  30.100           0.0000000E+00
  30.120           0.0000000E+00
  30.140           0.0000000E+00
  30.160           0.0000000E+00
  30.180           0.0000000E+00
  30.200           0.0000000E+00
  30.220           0.0000000E+00
  30.240           0.0000000E+00
  30.260           0.0000000E+00
  30.280           0.0000000E+00
  30.300           0.0000000E+00
  30.320           0.0000000E+00
  30.340           0.0000000E+00
  30.360           0.0000000E+00
  30.380           0.0000000E+00
  30.400           0.0000000E+00
  30.420           0.0000000E+00
  30.440           0.0000000E+00
  30.460           0.0000000E+00
  30.480           0.0000000E+00
  30.500           0.0000000E+00
  30.520           0.0000000E+00
  30.540           0.0000000E+00
  30.560           0.0000000E+00
  30.580           0.0000000E+00
  30.600           0.0000000E+00
  30.620           0.0000000E+00
  30.640           0.0000000E+00
  30.660           0.0000000E+00
  30.680           0.0000000E+00
  30.700           0.0000000E+00
  30.720           0.0000000E+00
  30.740           0.0000000E+00
  30.760           0.0000000E+00
  30.780           0.0000000E+00
  30.800           0.0000000E+00
  30.820           0.0000000E+00
  30.840           0.0000000E+00
  30.860           0.0000000E+00
  30.880           0.0000000E+00
  30.900           0.0000000E+00
  30.920           0.0000000E+00
  30.940           0.0000000E+00
  30.960           0.0000000E+00
  30.980           0.0000000E+00
  31.000           0.0000000E+00
  31.020           0.0000000E+00
  31.040           0.0000000E+00
  31.060           0.0000000E+00
  31.080           0.0000000E+00
  31.100           0.0000000E+00
  31.120           0.0000000E+00
  31.140           0.0000000E+00
  31.160           0.0000000E+00
  31.180           0.0000000E+00
  31.200           0.0000000E+00
  31.220           0.0000000E+00
  31.240           0.0000000E+00
  31.260           0.0000000E+00
  31.280           0.0000000E+00
  31.300           0.0000000E+00
  31.320           0.0000000E+00
  31.340           0.0000000E+00
  31.360           0.0000000E+00
  31.380           0.0000000E+00
  31.400           0.0000000E+00
  31.420           0.0000000E+00
  31.440           0.0000000E+00
  31.460           0.0000000E+00
  31.480           0.0000000E+00
  31.500           0.0000000E+00
  31.520           0.0000000E+00
  31.540           0.0000000E+00
  31.560           0.0000000E+00
  31.580           0.0000000E+00
  31.600           0.0000000E+00
  31.620           0.0000000E+00
  31.640           0.0000000E+00
  31.660           0.0000000E+00
  31.680           0.0000000E+00
  31.700           0.0000000E+00
  31.720           0.0000000E+00
  31.740           0.0000000E+00
  31.760           0.0000000E+00
  31.780           0.0000000E+00
  31.800           0.0000000E+00
  31.820           0.0000000E+00
  31.840           0.0000000E+00
  31.860           0.0000000E+00
  31.880           0.0000000E+00
  31.900           0.0000000E+00
  31.920           0.0000000E+00
  31.940           0.0000000E+00
  31.960           0.0000000E+00
  31.980           0.0000000E+00
  32.000           0.0000000E+00
  32.020           0.0000000E+00
  32.040           0.0000000E+00
  32.060           0.0000000E+00
  32.080           0.0000000E+00
  32.100           0.0000000E+00
  32.120           0.0000000E+00
  32.140           0.0000000E+00
  32.160           0.0000000E+00
  32.180           0.0000000E+00
  32.200           0.0000000E+00
  32.220           0.0000000E+00
  32.240           0.0000000E+00
  32.260           0.0000000E+00
  32.280           0.0000000E+00
  32.300           0.0000000E+00
  32.320           0.0000000E+00
  32.340           0.0000000E+00
  32.360           0.0000000E+00
  32.380           0.0000000E+00
  32.400           0.0000000E+00
  32.420           0.0000000E+00
  32.440           0.0000000E+00
  32.460           0.0000000E+00
  32.480           0.0000000E+00
  32.500           0.0000000E+00
  32.520           0.0000000E+00
  32.540           0.0000000E+00
  32.560           0.0000000E+00
  32.580           0.0000000E+00
  32.600           0.0000000E+00
  32.620           0.0000000E+00
  32.640           0.0000000E+00
  32.660           0.0000000E+00
  32.680           0.0000000E+00
  32.700           0.0000000E+00
  32.720           0.0000000E+00
  32.740           0.0000000E+00
  32.760           0.0000000E+00
  32.780           0.0000000E+00
  32.800           0.0000000E+00
  32.820           0.0000000E+00
  32.840           0.0000000E+00
  32.860           0.0000000E+00
  32.880           0.0000000E+00
  32.900           0.0000000E+00
  32.920           0.0000000E+00
  32.940           0.0000000E+00
  32.960           0.0000000E+00
  32.980           0.0000000E+00
  33.000           0.0000000E+00
  33.020           0.0000000E+00
  33.040           0.0000000E+00
  33.060           0.0000000E+00
  33.080           0.0000000E+00
  33.100           0.0000000E+00
  33.120           0.0000000E+00
  33.140           0.0000000E+00
  33.160           0.0000000E+00
  33.180           0.0000000E+00
  33.200           0.0000000E+00
  33.220           0.0000000E+00
  33.240           0.0000000E+00
  33.260           0.0000000E+00
  33.280           0.0000000E+00
  33.300           0.0000000E+00
  33.320           0.0000000E+00
  33.340           0.0000000E+00
  33.360           0.0000000E+00
  33.380           0.0000000E+00
  33.400           0.0000000E+00
  33.420           0.0000000E+00
  33.440           0.0000000E+00
  33.460           0.0000000E+00
  33.480           0.0000000E+00
  33.500           0.0000000E+00
  33.520           0.0000000E+00
  33.540           0.0000000E+00
  33.560           0.0000000E+00
  33.580           0.0000000E+00
  33.600           0.0000000E+00
  33.620           0.0000000E+00
  33.640           0.0000000E+00
  33.660           0.0000000E+00
  33.680           0.0000000E+00
  33.700           0.0000000E+00
  33.720           0.0000000E+00
  33.740           0.0000000E+00
  33.760           0.0000000E+00
  33.780           0.0000000E+00
  33.800           0.0000000E+00
  33.820           0.0000000E+00
  33.840           0.0000000E+00
  33.860           0.0000000E+00
  33.880           0.0000000E+00
  33.900           0.0000000E+00
  33.920           0.0000000E+00
  33.940           0.0000000E+00
  33.960           0.0000000E+00
  33.980           0.0000000E+00
  34.000           0.0000000E+00
  34.020           0.0000000E+00
  34.040           0.0000000E+00
  34.060           0.0000000E+00
  34.080           0.0000000E+00
  34.100           0.0000000E+00
  34.120           0.0000000E+00
  34.140           0.0000000E+00
  34.160           0.0000000E+00
  34.180           0.0000000E+00
  34.200           0.0000000E+00
  34.220           0.0000000E+00
  34.240           0.0000000E+00
  34.260           0.0000000E+00
  34.280           0.0000000E+00
  34.300           0.0000000E+00
  34.320           0.0000000E+00
  34.340           0.0000000E+00
  34.360           0.0000000E+00
  34.380           0.0000000E+00
  34.400           0.0000000E+00
  34.420           0.0000000E+00
  34.440           0.0000000E+00
  34.460           0.0000000E+00
  34.480           0.0000000E+00
  34.500           0.0000000E+00
  34.520           0.0000000E+00
  34.540           0.0000000E+00
  34.560           0.0000000E+00
  34.580           0.0000000E+00
  34.600           0.0000000E+00
  34.620           0.0000000E+00
  34.640           0.0000000E+00
  34.660           0.0000000E+00
  34.680           0.0000000E+00
  34.700           0.0000000E+00
  34.720           0.0000000E+00
  34.740           0.0000000E+00
  34.760           0.0000000E+00
  34.780           0.0000000E+00
  34.800           0.0000000E+00
  34.820           0.0000000E+00
  34.840           0.0000000E+00
  34.860           0.0000000E+00
  34.880           0.0000000E+00
  34.900           0.0000000E+00
  34.920           0.0000000E+00
  34.940           0.0000000E+00
  34.960           0.0000000E+00
  34.980           0.0000000E+00
  35.000           0.0000000E+00
  35.020           0.0000000E+00
  35.040           0.0000000E+00
  35.060           0.0000000E+00
  35.080           0.0000000E+00
  35.100           0.0000000E+00
  35.120           0.0000000E+00
  35.140           0.0000000E+00
  35.160           0.0000000E+00
  35.180           0.0000000E+00
  35.200           0.0000000E+00
  35.220           0.0000000E+00
  35.240           0.0000000E+00
  35.260           0.0000000E+00
  35.280           0.0000000E+00
  35.300           0.0000000E+00
  35.320           0.0000000E+00
  35.340           0.0000000E+00
  35.360           0.0000000E+00
  35.380           0.0000000E+00
  35.400           0.0000000E+00
  35.420           0.0000000E+00
  35.440           0.0000000E+00
  35.460           0.0000000E+00
  35.480           0.0000000E+00
  35.500           0.0000000E+00
  35.520           0.0000000E+00
  35.540           0.0000000E+00
  35.560           0.0000000E+00
  35.580           0.0000000E+00
  35.600           0.0000000E+00
  35.620           0.0000000E+00
  35.640           0.0000000E+00
  35.660           0.0000000E+00
  35.680           0.0000000E+00
  35.700           0.0000000E+00
  35.720           0.0000000E+00
  35.740           0.0000000E+00
  35.760           0.0000000E+00
  35.780           0.0000000E+00
  35.800           0.0000000E+00
  35.820           0.0000000E+00
  35.840           0.0000000E+00
  35.860           0.0000000E+00
  35.880           0.0000000E+00
  35.900           0.0000000E+00
  35.920           0.0000000E+00
  35.940           0.0000000E+00
  35.960           0.0000000E+00
  35.980           0.0000000E+00
  36.000           0.0000000E+00
  36.020           0.0000000E+00
  36.040           0.0000000E+00
  36.060           0.0000000E+00
  36.080           0.0000000E+00
  36.100           0.0000000E+00
  36.120           0.0000000E+00
  36.140           0.0000000E+00
  36.160           0.0000000E+00
  36.180           0.0000000E+00
  36.200           0.0000000E+00
  36.220           0.0000000E+00
  36.240           0.0000000E+00
  36.260           0.0000000E+00
  36.280           0.0000000E+00
  36.300           0.0000000E+00
  36.320           0.0000000E+00
  36.340           0.0000000E+00
  36.360           0.0000000E+00
  36.380           0.0000000E+00
  36.400           0.0000000E+00
  36.420           0.0000000E+00
  36.440           0.0000000E+00
  36.460           0.0000000E+00
  36.480           0.0000000E+00
  36.500           0.0000000E+00
  36.520           0.0000000E+00
  36.540           0.0000000E+00
  36.560           0.0000000E+00
  36.580           0.0000000E+00
  36.600           0.0000000E+00
  36.620           0.0000000E+00
  36.640           0.0000000E+00
  36.660           0.0000000E+00
  36.680           0.0000000E+00
  36.700           0.0000000E+00
  36.720           0.0000000E+00
  36.740           0.0000000E+00
  36.760           0.0000000E+00
  36.780           0.0000000E+00
  36.800           0.0000000E+00
  36.820           0.0000000E+00
  36.840           0.0000000E+00
  36.860           0.0000000E+00
  36.880           0.0000000E+00
  36.900           0.0000000E+00
  36.920           0.0000000E+00
  36.940           0.0000000E+00
  36.960           0.0000000E+00
  36.980           0.0000000E+00
  37.000           0.0000000E+00
  37.020           0.0000000E+00
  37.040           0.0000000E+00
  37.060           0.0000000E+00
  37.080           0.0000000E+00
  37.100           0.0000000E+00
  37.120           0.0000000E+00
  37.140           0.0000000E+00
  37.160           0.0000000E+00
  37.180           0.0000000E+00
  37.200           0.0000000E+00
  37.220           0.0000000E+00
  37.240           0.0000000E+00
  37.260           0.0000000E+00
  37.280           0.0000000E+00
  37.300           0.0000000E+00
  37.320           0.0000000E+00
  37.340           0.0000000E+00
  37.360           0.0000000E+00
  37.380           0.0000000E+00
  37.400           0.0000000E+00
  37.420           0.0000000E+00
  37.440           0.0000000E+00
  37.460           0.0000000E+00
  37.480           0.0000000E+00
  37.500           0.0000000E+00
  37.520           0.0000000E+00
  37.540           0.0000000E+00
  37.560           0.0000000E+00
  37.580           0.0000000E+00
  37.600           0.0000000E+00
  37.620           0.0000000E+00
  37.640           0.0000000E+00
  37.660           0.0000000E+00
  37.680           0.0000000E+00
  37.700           0.0000000E+00
  37.720           0.0000000E+00
  37.740           0.0000000E+00
  37.760           0.0000000E+00
  37.780           0.0000000E+00
  37.800           0.0000000E+00
  37.820           0.0000000E+00
  37.840           0.0000000E+00
  37.860           0.0000000E+00
  37.880           0.0000000E+00
  37.900           0.0000000E+00
  37.920           0.0000000E+00
  37.940           0.0000000E+00
  37.960           0.0000000E+00
  37.980           0.0000000E+00
  38.000           0.0000000E+00
  38.020           0.0000000E+00
  38.040           0.0000000E+00
  38.060           0.0000000E+00
  38.080           0.0000000E+00
  38.100           0.0000000E+00
  38.120           0.0000000E+00
  38.140           0.0000000E+00
  38.160           0.0000000E+00
  38.180           0.0000000E+00
  38.200           0.0000000E+00
  38.220           0.0000000E+00
  38.240           0.0000000E+00
  38.260           0.0000000E+00
  38.280           0.0000000E+00
  38.300           0.0000000E+00
  38.320           0.0000000E+00
  38.340           0.0000000E+00
  38.360           0.0000000E+00
  38.380           0.0000000E+00
  38.400           0.0000000E+00
  38.420           0.0000000E+00
  38.440           0.0000000E+00
  38.460           0.0000000E+00
  38.480           0.0000000E+00
  38.500           0.0000000E+00
  38.520           0.0000000E+00
  38.540           0.0000000E+00
  38.560           0.0000000E+00
  38.580           0.0000000E+00
  38.600           0.0000000E+00
  38.620           0.0000000E+00
  38.640           0.0000000E+00
  38.660           0.0000000E+00
  38.680           0.0000000E+00
  38.700           0.0000000E+00
  38.720           0.0000000E+00
  38.740           0.0000000E+00
  38.760           0.0000000E+00
  38.780           0.0000000E+00
  38.800           0.0000000E+00
  38.820           0.0000000E+00
  38.840           0.0000000E+00
  38.860           0.0000000E+00
  38.880           0.0000000E+00
  38.900           0.0000000E+00
  38.920           0.0000000E+00
  38.940           0.0000000E+00
  38.960           0.0000000E+00
  38.980           0.0000000E+00
  39.000           0.0000000E+00
  39.020           0.0000000E+00
  39.040           0.0000000E+00
  39.060           0.0000000E+00
  39.080           0.0000000E+00
  39.100           0.0000000E+00
  39.120           0.0000000E+00
  39.140           0.0000000E+00
  39.160           0.0000000E+00
  39.180           0.0000000E+00
  39.200           0.0000000E+00
  39.220           0.0000000E+00
  39.240           0.0000000E+00
  39.260           0.0000000E+00
  39.280           0.0000000E+00
  39.300           0.0000000E+00
  39.320           0.0000000E+00
  39.340           0.0000000E+00
  39.360           0.0000000E+00
  39.380           0.0000000E+00
  39.400           0.0000000E+00
  39.420           0.0000000E+00
  39.440           0.0000000E+00
  39.460           0.0000000E+00
  39.480           0.0000000E+00
  39.500           0.0000000E+00
  39.520           0.0000000E+00
  39.540           0.0000000E+00
  39.560           0.0000000E+00
  39.580           0.0000000E+00
  39.600           0.0000000E+00
  39.620           0.0000000E+00
  39.640           0.0000000E+00
  39.660           0.0000000E+00
  39.680           0.0000000E+00
  39.700           0.0000000E+00
  39.720           0.0000000E+00
  39.740           0.0000000E+00
  39.760           0.0000000E+00
  39.780           0.0000000E+00
  39.800           0.0000000E+00
  39.820           0.0000000E+00
  39.840           0.0000000E+00
  39.860           0.0000000E+00
  39.880           0.0000000E+00
  39.900           0.0000000E+00
  39.920           0.0000000E+00
  39.940           0.0000000E+00
  39.960           0.0000000E+00
  39.980           0.0000000E+00
  40.000           0.0000000E+00
  40.020           0.0000000E+00
  40.040           0.0000000E+00
  40.060           0.0000000E+00
  40.080           0.0000000E+00
  40.100           0.0000000E+00
  40.120           0.0000000E+00
  40.140           0.0000000E+00
  40.160           0.0000000E+00
  40.180           0.0000000E+00
  40.200           0.0000000E+00
  40.220           0.0000000E+00
  40.240           0.0000000E+00
  40.260           0.0000000E+00
  40.280           0.0000000E+00
  40.300           0.0000000E+00
  40.320           0.0000000E+00
  40.340           0.0000000E+00
  40.360           0.0000000E+00
  40.380           0.0000000E+00
  40.400           0.0000000E+00
  40.420           0.0000000E+00
  40.440           0.0000000E+00
  40.460           0.0000000E+00
  40.480           0.0000000E+00
  40.500           0.0000000E+00
  40.520           0.0000000E+00
  40.540           0.0000000E+00
  40.560           0.0000000E+00
  40.580           0.0000000E+00
  40.600           0.0000000E+00
  40.620           0.0000000E+00
  40.640           0.0000000E+00
  40.660           0.0000000E+00
  40.680           0.0000000E+00
  40.700           0.0000000E+00
  40.720           0.0000000E+00
  40.740           0.0000000E+00
  40.760           0.0000000E+00
  40.780           0.0000000E+00
  40.800           0.0000000E+00
  40.820           0.0000000E+00
  40.840           0.0000000E+00
  40.860           0.0000000E+00
  40.880           0.0000000E+00
  40.900           0.0000000E+00
  40.920           0.0000000E+00
  40.940           0.0000000E+00
  40.960           0.0000000E+00
