   0.020           0.1000000E-01
   0.040           0.1000000E-01
   0.060           0.1000000E-01
   0.080           0.1200000E-01
   0.100           0.1100000E-01
   0.120           0.1100000E-01
   0.140           0.1600000E-01
   0.160           0.1100000E-01
   0.180           0.1100000E-01
   0.200           0.2300000E-01
   0.220           0.1000000E-01
   0.240           0.9000000E-02
   0.260          -0.1200000E-01
   0.280           0.1100000E-01
   0.300           0.8000000E-02
   0.320          -0.1300000E-01
   0.340           0.4000000E-02
   0.360           0.1900000E-01
   0.380           0.2100000E-01
   0.400           0.2100000E-01
   0.420           0.2400000E-01
   0.440           0.4000000E-01
   0.460           0.6400000E-01
   0.480           0.2300000E-01
   0.500           0.2400000E-01
   0.520           0.5200000E-01
   0.540           0.2200000E-01
   0.560           0.2900000E-01
   0.580           0.6900000E-01
   0.600           0.3100000E-01
   0.620           0.5000000E-01
   0.640           0.1620000E+00
   0.660           0.8200000E-01
   0.680           0.5900000E-01
   0.700          -0.6900000E-01
   0.720          -0.2000000E-01
   0.740          -0.4600000E-01
   0.760          -0.6900000E-01
   0.780          -0.2500000E-01
   0.800          -0.5300000E-01
   0.820          -0.6800000E-01
   0.840          -0.4400000E-01
   0.860          -0.9800000E-01
   0.880          -0.8100000E-01
   0.900          -0.4900000E-01
   0.920          -0.1020000E+00
   0.940          -0.1070000E+00
   0.960          -0.8300000E-01
   0.980          -0.1950000E+00
   1.000          -0.3690000E+00
   1.020          -0.3080000E+00
   1.040          -0.1060000E+00
   1.060           0.1670000E+00
   1.080           0.4540000E+00
   1.100           0.2370000E+00
   1.120           0.2160000E+00
   1.140           0.5060000E+00
   1.160           0.2840000E+00
   1.180           0.2770000E+00
   1.200           0.5110000E+00
   1.220           0.5790000E+00
   1.240           0.1920000E+00
   1.260          -0.6400000E-01
   1.280          -0.4380000E+00
   1.300          -0.4330000E+00
   1.320          -0.4160000E+00
   1.340          -0.6090000E+00
   1.360          -0.3920000E+00
   1.380          -0.1600000E+00
   1.400          -0.2630000E+00
   1.420          -0.3380000E+00
   1.440          -0.2670000E+00
   1.460          -0.4820000E+00
   1.480          -0.8310000E+00
   1.500          -0.4920000E+00
   1.520          -0.4970000E+00
   1.540          -0.5710000E+00
   1.560          -0.6090000E+00
   1.580          -0.6850000E+00
   1.600          -0.8610000E+00
   1.620          -0.9120000E+00
   1.640          -0.9160000E+00
   1.660          -0.8230000E+00
   1.680          -0.5000000E+00
   1.700          -0.4660000E+00
   1.720          -0.8050000E+00
   1.740          -0.1157000E+01
   1.760          -0.1050000E+01
   1.780          -0.7530000E+00
   1.800          -0.7300000E-01
   1.820           0.6910000E+00
   1.840           0.2630000E+00
   1.860           0.1790000E+00
   1.880          -0.5620000E+00
   1.900          -0.1360000E+01
   1.920          -0.1415000E+01
   1.940          -0.1354000E+01
   1.960          -0.7350000E+00
   1.980          -0.1450000E+00
   2.000           0.3520000E+00
   2.020           0.9570000E+00
   2.040           0.8330000E+00
   2.060           0.2210000E+00
   2.080          -0.6830000E+00
   2.100          -0.5590000E+00
   2.120           0.4270000E+00
   2.140          -0.2480000E+00
   2.160          -0.1655000E+01
   2.180          -0.1831000E+01
   2.200          -0.1598000E+01
   2.220          -0.7860000E+00
   2.240          -0.1285000E+01
   2.260          -0.1970000E+01
   2.280          -0.1128000E+01
   2.300          -0.3400000E+00
   2.320          -0.4700000E-01
   2.340          -0.2970000E+00
   2.360           0.9670000E+00
   2.380           0.1802000E+01
   2.400           0.2043000E+01
   2.420           0.2166000E+01
   2.440           0.1600000E+01
   2.460           0.1300000E+01
   2.480           0.1436000E+01
   2.500           0.1730000E+01
   2.520           0.1792000E+01
   2.540           0.2208000E+01
   2.560           0.2556000E+01
   2.580           0.2569000E+01
   2.600           0.2638000E+01
   2.620           0.2507000E+01
   2.640           0.2594000E+01
   2.660           0.5080000E+00
   2.680          -0.8070000E+00
   2.700          -0.1823000E+01
   2.720          -0.1123000E+01
   2.740          -0.4540000E+00
   2.760          -0.1999000E+01
   2.780          -0.1850000E+01
   2.800          -0.5380000E+00
   2.820          -0.1771000E+01
   2.840          -0.3129000E+01
   2.860          -0.2997000E+01
   2.880          -0.2431000E+01
   2.900          -0.3032000E+01
   2.920          -0.3310000E+01
   2.940          -0.1770000E+01
   2.960          -0.1379000E+01
   2.980          -0.1861000E+01
   3.000          -0.2023000E+01
   3.020          -0.1268000E+01
   3.040           0.2570000E+00
   3.060           0.2079000E+01
   3.080           0.3182000E+01
   3.100           0.2778000E+01
   3.120           0.1570000E+01
   3.140           0.2130000E+00
   3.160           0.5870000E+00
   3.180           0.2245000E+01
   3.200           0.9600000E+00
   3.220          -0.4310000E+00
   3.240           0.9480000E+00
   3.260           0.1617000E+01
   3.280           0.8730000E+00
   3.300          -0.2260000E+00
   3.320           0.1208000E+01
   3.340           0.1300000E+01
   3.360          -0.2580000E+00
   3.380          -0.1256000E+01
   3.400          -0.3633000E+01
   3.420          -0.3433000E+01
   3.440          -0.1126000E+01
   3.460          -0.8660000E+00
   3.480          -0.2465000E+01
   3.500          -0.1237000E+01
   3.520          -0.1400000E-01
   3.540          -0.1746000E+01
   3.560          -0.2972000E+01
   3.580          -0.2567000E+01
   3.600          -0.1088000E+01
   3.620          -0.1137000E+01
   3.640           0.9230000E+00
   3.660           0.3019000E+01
   3.680           0.4326000E+01
   3.700           0.4804000E+01
   3.720           0.2611000E+01
   3.740           0.2102000E+01
   3.760           0.2575000E+01
   3.780           0.1246000E+01
   3.800          -0.1380000E+01
   3.820          -0.1179000E+01
   3.840           0.8690000E+00
   3.860           0.2462000E+01
   3.880           0.1709000E+01
   3.900           0.3978000E+01
   3.920           0.5454000E+01
   3.940           0.5807000E+01
   3.960           0.6139000E+01
   3.980           0.5469000E+01
   4.000           0.1864000E+01
   4.020          -0.9840000E+00
   4.040          -0.1735000E+01
   4.060          -0.2404000E+01
   4.080          -0.4075000E+01
   4.100          -0.5469000E+01
   4.120          -0.6626000E+01
   4.140          -0.4967000E+01
   4.160          -0.3577000E+01
   4.180          -0.4275000E+01
   4.200          -0.6887000E+01
   4.220          -0.6377000E+01
   4.240          -0.2945000E+01
   4.260          -0.2692000E+01
   4.280          -0.3184000E+01
   4.300          -0.5285000E+01
   4.320          -0.7289000E+01
   4.340          -0.5149000E+01
   4.360          -0.3745000E+01
   4.380          -0.4000000E+01
   4.400          -0.2738000E+01
   4.420           0.9350000E+00
   4.440           0.3752000E+01
   4.460           0.1598000E+01
   4.480          -0.6800000E-01
   4.500           0.1531000E+01
   4.520           0.5098000E+01
   4.540           0.7304000E+01
   4.560           0.4059000E+01
   4.580           0.3840000E+00
   4.600           0.1169000E+01
   4.620           0.5908000E+01
   4.640           0.5982000E+01
   4.660           0.1305000E+01
   4.680          -0.4420000E+00
   4.700           0.2760000E+00
   4.720          -0.5030000E+00
   4.740           0.8100000E-01
   4.760          -0.2592000E+01
   4.780          -0.5111000E+01
   4.800          -0.6223000E+01
   4.820          -0.4071000E+01
   4.840           0.1067000E+01
   4.860           0.1915000E+01
   4.880           0.1394000E+01
   4.900           0.2596000E+01
   4.920           0.3866000E+01
   4.940           0.4440000E+00
   4.960          -0.3710000E+01
   4.980          -0.3902000E+01
   5.000          -0.3498000E+01
   5.020          -0.1384000E+01
   5.040          -0.6380000E+00
   5.060           0.2533000E+01
   5.080           0.6369000E+01
   5.100           0.7717000E+01
   5.120           0.5462000E+01
   5.140           0.2155000E+01
   5.160           0.3637000E+01
   5.180           0.3923000E+01
   5.200           0.1668000E+01
   5.220           0.3183000E+01
   5.240           0.1629000E+01
   5.260           0.3291000E+01
   5.280           0.1423000E+01
   5.300           0.3195000E+01
   5.320           0.5032000E+01
   5.340           0.2477000E+01
   5.360           0.2957000E+01
   5.380          -0.1236000E+01
   5.400          -0.6618000E+01
   5.420          -0.2038000E+01
   5.440          -0.6370000E+00
   5.460          -0.3137000E+01
   5.480          -0.4703000E+01
   5.500          -0.7914000E+01
   5.520          -0.7378000E+01
   5.540          -0.2954000E+01
   5.560          -0.3977000E+01
   5.580          -0.9251000E+01
   5.600          -0.8382000E+01
   5.620          -0.6180000E+01
   5.640          -0.6309000E+01
   5.660          -0.4007000E+01
   5.680          -0.4210000E+00
   5.700           0.4100000E+00
   5.720          -0.9520000E+00
   5.740          -0.2896000E+01
   5.760          -0.6540000E+00
   5.780           0.6378000E+01
   5.800           0.1104100E+02
   5.820           0.3963000E+01
   5.840          -0.4830000E+00
   5.860           0.4501000E+01
   5.880           0.7140000E+00
   5.900          -0.5245000E+01
   5.920          -0.1444000E+01
   5.940           0.8120000E+01
   5.960           0.1344100E+02
   5.980           0.6758000E+01
   6.000           0.7574000E+01
   6.020           0.9578000E+01
   6.040           0.7854000E+01
   6.060           0.2639000E+01
   6.080          -0.5329000E+01
   6.100          -0.1148500E+02
   6.120          -0.7727000E+01
   6.140           0.7000000E+00
   6.160           0.3869000E+01
   6.180           0.7035000E+01
   6.200           0.3201000E+01
   6.220          -0.6743000E+01
   6.240          -0.9409000E+01
   6.260          -0.5127000E+01
   6.280          -0.6400000E-01
   6.300           0.3971000E+01
   6.320           0.5037000E+01
   6.340           0.3635000E+01
   6.360           0.1042000E+01
   6.380           0.1522000E+01
   6.400           0.2025000E+01
   6.420          -0.2595000E+01
   6.440          -0.2811000E+01
   6.460           0.2120000E+01
   6.480           0.2912000E+01
   6.500           0.4345000E+01
   6.520           0.6023000E+01
   6.540           0.6541000E+01
   6.560           0.7722000E+01
   6.580          -0.1071000E+01
   6.600          -0.6075000E+01
   6.620           0.1197000E+01
   6.640           0.2835000E+01
   6.660           0.3410000E+00
   6.680          -0.3388000E+01
   6.700           0.9680000E+00
   6.720           0.4891000E+01
   6.740          -0.2000000E-01
   6.760          -0.5000000E+01
   6.780          -0.1323000E+01
   6.800          -0.3323000E+01
   6.820          -0.4941000E+01
   6.840          -0.1154900E+02
   6.860          -0.1151800E+02
   6.880          -0.1038000E+02
   6.900          -0.1683000E+02
   6.920          -0.1725200E+02
   6.940          -0.1296100E+02
   6.960          -0.9088000E+01
   6.980          -0.4909000E+01
   7.000          -0.5563000E+01
   7.020          -0.2669000E+01
   7.040           0.6390000E+01
   7.060           0.9039000E+01
   7.080          -0.4370000E+00
   7.100          -0.7702000E+01
   7.120           0.1913000E+01
   7.140           0.6716000E+01
   7.160           0.6731000E+01
   7.180           0.4126000E+01
   7.200           0.7550000E+01
   7.220           0.5962000E+01
   7.240           0.6010000E+00
   7.260           0.1723000E+01
   7.280          -0.2350000E+00
   7.300           0.5523000E+01
   7.320           0.7679000E+01
   7.340           0.3308000E+01
   7.360           0.8050000E+00
   7.380          -0.8150000E+00
   7.400          -0.7786000E+01
   7.420          -0.8154000E+01
   7.440          -0.6813000E+01
   7.460          -0.5708000E+01
   7.480          -0.7801000E+01
   7.500          -0.1012500E+02
   7.520          -0.4061000E+01
   7.540           0.9160000E+00
   7.560           0.6071000E+01
   7.580           0.7264000E+01
   7.600           0.1094200E+02
   7.620           0.1911400E+02
   7.640           0.1679900E+02
   7.660           0.1354800E+02
   7.680           0.6859000E+01
   7.700           0.4524000E+01
   7.720           0.1318500E+02
   7.740           0.5126000E+01
   7.760          -0.7162000E+01
   7.780          -0.1451600E+02
   7.800          -0.6596000E+01
   7.820           0.2140000E+00
   7.840          -0.1131000E+01
   7.860          -0.1342000E+01
   7.880           0.3526000E+01
   7.900           0.5995000E+01
   7.920           0.9760000E+01
   7.940           0.5428000E+01
   7.960          -0.1930000E+00
   7.980           0.1680000E+01
   8.000           0.1564000E+01
   8.020           0.4447000E+01
   8.040          -0.1087000E+01
   8.060           0.3064000E+01
   8.080           0.1355400E+02
   8.100           0.4322000E+01
   8.120          -0.2036000E+01
   8.140           0.1330000E+01
   8.160          -0.2081000E+01
   8.180          -0.6726000E+01
   8.200          -0.6110000E+01
   8.220          -0.1000900E+02
   8.240          -0.9576000E+01
   8.260          -0.4681000E+01
   8.280           0.3369000E+01
   8.300           0.5272000E+01
   8.320           0.4216000E+01
   8.340           0.8834000E+01
   8.360           0.7129000E+01
   8.380           0.8018000E+01
   8.400           0.5202000E+01
   8.420          -0.3595000E+01
   8.440          -0.4696000E+01
   8.460          -0.1128600E+02
   8.480          -0.1941600E+02
   8.500          -0.1940200E+02
   8.520          -0.8113000E+01
   8.540           0.1336000E+01
   8.560           0.5482000E+01
   8.580           0.5980000E+01
   8.600           0.5272000E+01
   8.620           0.2580000E+00
   8.640          -0.1324600E+02
   8.660          -0.8660000E+01
   8.680           0.1314000E+01
   8.700           0.5952000E+01
   8.720          -0.6645000E+01
   8.740          -0.8893000E+01
   8.760          -0.2193000E+01
   8.780          -0.6070000E+00
   8.800          -0.4737000E+01
   8.820          -0.8711000E+01
   8.840          -0.1304000E+02
   8.860          -0.1087400E+02
   8.880           0.1584000E+01
   8.900           0.6690000E+00
   8.920           0.9060000E+00
   8.940           0.1290000E+02
   8.960           0.8724000E+01
   8.980           0.1260000E+01
   9.000          -0.8600000E+01
   9.020          -0.1697400E+02
   9.040          -0.8595000E+01
   9.060          -0.3393000E+01
   9.080          -0.1248300E+02
   9.100          -0.1577100E+02
   9.120           0.1784000E+01
   9.140           0.1668800E+02
   9.160           0.9541000E+01
   9.180           0.5400000E+00
   9.200           0.5176000E+01
   9.220           0.1356300E+02
   9.240           0.1812100E+02
   9.260           0.2076900E+02
   9.280           0.7822000E+01
   9.300          -0.6457000E+01
   9.320          -0.8667000E+01
   9.340          -0.1337800E+02
   9.360          -0.3076000E+01
   9.380          -0.5273000E+01
   9.400          -0.4116000E+01
   9.420           0.2985000E+01
   9.440           0.3564000E+01
   9.460           0.7340000E+01
   9.480          -0.2532000E+01
   9.500          -0.2001500E+02
   9.520          -0.2062300E+02
   9.540           0.1747000E+01
   9.560           0.6265000E+01
   9.580           0.8883000E+01
   9.600           0.1545200E+02
   9.620           0.1841000E+01
   9.640          -0.1048000E+02
   9.660          -0.6836000E+01
   9.680          -0.7688000E+01
   9.700          -0.1598500E+02
   9.720          -0.3679000E+01
   9.740           0.4460000E+01
   9.760           0.4804000E+01
   9.780           0.1650000E+02
   9.800           0.1056000E+02
   9.820          -0.1068000E+01
   9.840           0.6928000E+01
   9.860           0.1317900E+02
   9.880           0.1024300E+02
   9.900           0.9633000E+01
   9.920           0.1495000E+01
   9.940          -0.1074000E+02
   9.960          -0.1163000E+02
   9.980           0.1082600E+02
  10.000           0.1514600E+02
  10.020           0.7050000E+01
  10.040          -0.3871000E+01
  10.060          -0.1891000E+02
  10.080          -0.2170200E+02
  10.100          -0.2131800E+02
  10.120          -0.2904800E+02
  10.140          -0.1723300E+02
  10.160           0.1445600E+02
  10.180           0.3318000E+02
  10.200           0.2489200E+02
  10.220          -0.8596000E+01
  10.240          -0.2194800E+02
  10.260          -0.8053000E+01
  10.280           0.5502000E+01
  10.300           0.8738000E+01
  10.320           0.2515200E+02
  10.340           0.4061800E+02
  10.360           0.4222000E+02
  10.380           0.2028200E+02
  10.400          -0.4389000E+01
  10.420          -0.2079800E+02
  10.440          -0.9057000E+01
  10.460           0.7650000E+00
  10.480          -0.6533000E+01
  10.500          -0.1609200E+02
  10.520          -0.4189000E+01
  10.540           0.1195500E+02
  10.560           0.7341000E+01
  10.580          -0.3476000E+01
  10.600          -0.2121600E+02
  10.620          -0.2303300E+02
  10.640          -0.2581500E+02
  10.660          -0.8869000E+01
  10.680           0.6298000E+01
  10.700           0.2633800E+02
  10.720           0.3277400E+02
  10.740           0.2190400E+02
  10.760           0.5591000E+01
  10.780          -0.1882500E+02
  10.800          -0.2454800E+02
  10.820          -0.2262800E+02
  10.840          -0.1561500E+02
  10.860          -0.6213000E+01
  10.880          -0.6252000E+01
  10.900          -0.4806000E+01
  10.920           0.7370000E+01
  10.940           0.1584600E+02
  10.960           0.4219000E+01
  10.980           0.3193000E+01
  11.000          -0.9712000E+01
  11.020           0.1425600E+02
  11.040           0.2264700E+02
  11.060           0.9024000E+01
  11.080           0.1206600E+02
  11.100           0.9671000E+01
  11.120          -0.7969000E+01
  11.140          -0.2534700E+02
  11.160          -0.4207400E+02
  11.180          -0.3765900E+02
  11.200          -0.2076700E+02
  11.220          -0.6708000E+01
  11.240          -0.1557500E+02
  11.260          -0.4366000E+01
  11.280           0.2115800E+02
  11.300           0.1690100E+02
  11.320          -0.1596000E+02
  11.340          -0.1264900E+02
  11.360          -0.4024000E+01
  11.380          -0.1374600E+02
  11.400          -0.2232600E+02
  11.420          -0.1231100E+02
  11.440           0.1215500E+02
  11.460           0.9793000E+01
  11.480          -0.6526000E+01
  11.500           0.1391200E+02
  11.520           0.2164500E+02
  11.540           0.2895800E+02
  11.560           0.5962000E+01
  11.580           0.7526000E+01
  11.600           0.8376000E+01
  11.620          -0.6270000E+01
  11.640          -0.5421000E+01
  11.660          -0.5763000E+01
  11.680          -0.1750500E+02
  11.700          -0.1978800E+02
  11.720          -0.1318900E+02
  11.740          -0.2337000E+01
  11.760           0.1440000E+02
  11.780           0.1691300E+02
  11.800           0.8793000E+01
  11.820           0.1377600E+02
  11.840          -0.8083000E+01
  11.860           0.4978000E+01
  11.880          -0.1482000E+01
  11.900          -0.7764000E+01
  11.920          -0.2432000E+01
  11.940           0.1045800E+02
  11.960           0.2808500E+02
  11.980           0.2668600E+02
  12.000           0.9027000E+01
  12.020          -0.7110000E+01
  12.040          -0.1335300E+02
  12.060          -0.2396100E+02
  12.080          -0.2659000E+02
  12.100           0.8178000E+01
  12.120           0.3705400E+02
  12.140           0.3421700E+02
  12.160           0.1164200E+02
  12.180          -0.2071000E+01
  12.200          -0.7335000E+01
  12.220          -0.1134700E+02
  12.240          -0.6191000E+01
  12.260          -0.1037000E+01
  12.280          -0.5579000E+01
  12.300          -0.2484400E+02
  12.320          -0.2102900E+02
  12.340          -0.1543900E+02
  12.360           0.6940000E+00
  12.380           0.1207300E+02
  12.400           0.3387100E+02
  12.420           0.4977200E+02
  12.440           0.2080200E+02
  12.460          -0.1987500E+02
  12.480          -0.3010200E+02
  12.500          -0.3209800E+02
  12.520          -0.3061400E+02
  12.540          -0.3217700E+02
  12.560          -0.2522500E+02
  12.580          -0.1507100E+02
  12.600          -0.8127000E+01
  12.620           0.2091900E+02
  12.640           0.1204800E+02
  12.660           0.1276000E+01
  12.680          -0.3745000E+01
  12.700          -0.1793900E+02
  12.720           0.3037000E+01
  12.740           0.1917800E+02
  12.760           0.2769000E+02
  12.780           0.1320700E+02
  12.800           0.1866400E+02
  12.820           0.2539600E+02
  12.840           0.2023700E+02
  12.860           0.2226700E+02
  12.880          -0.1164300E+02
  12.900          -0.1678300E+02
  12.920           0.9950000E+00
  12.940           0.2422900E+02
  12.960           0.3975400E+02
  12.980           0.3124500E+02
  13.000           0.1801400E+02
  13.020           0.1196500E+02
  13.040           0.1884000E+01
  13.060          -0.2184700E+02
  13.080          -0.2859300E+02
  13.100          -0.8739000E+01
  13.120          -0.9205000E+01
  13.140          -0.1972500E+02
  13.160          -0.1304600E+02
  13.180          -0.1876600E+02
  13.200          -0.9291000E+01
  13.220          -0.1471400E+02
  13.240          -0.5685000E+01
  13.260          -0.7494000E+01
  13.280          -0.1224000E+01
  13.300           0.9075000E+01
  13.320           0.2521200E+02
  13.340           0.2218100E+02
  13.360           0.5302000E+01
  13.380           0.1391000E+01
  13.400          -0.2132900E+02
  13.420          -0.4010100E+02
  13.440          -0.3473100E+02
  13.460          -0.1561200E+02
  13.480           0.5910000E+01
  13.500           0.5620000E+01
  13.520          -0.1287100E+02
  13.540          -0.2352600E+02
  13.560          -0.3835000E+01
  13.580           0.1636800E+02
  13.600           0.3153200E+02
  13.620           0.4005100E+02
  13.640           0.2548300E+02
  13.660           0.2760100E+02
  13.680           0.2452500E+02
  13.700           0.2221100E+02
  13.720           0.8668000E+01
  13.740          -0.1357100E+02
  13.760          -0.7278000E+01
  13.780          -0.1153400E+02
  13.800          -0.1927300E+02
  13.820          -0.1174000E+02
  13.840          -0.2691900E+02
  13.860          -0.2386500E+02
  13.880           0.6469000E+01
  13.900           0.2057700E+02
  13.920           0.1403200E+02
  13.940           0.1293600E+02
  13.960           0.1367100E+02
  13.980          -0.7764000E+01
  14.000           0.1024800E+02
  14.020           0.1314800E+02
  14.040           0.8014000E+01
  14.060           0.1222400E+02
  14.080           0.2259700E+02
  14.100           0.3374000E+01
  14.120          -0.1943900E+02
  14.140          -0.3070600E+02
  14.160          -0.2421800E+02
  14.180          -0.1157100E+02
  14.200          -0.9489000E+01
  14.220           0.3657000E+01
  14.240           0.5670000E+01
  14.260           0.2947000E+01
  14.280           0.1024000E+02
  14.300          -0.1765000E+01
  14.320           0.1027800E+02
  14.340           0.1525900E+02
  14.360          -0.3400000E+01
  14.380          -0.5907000E+01
  14.400           0.6699000E+01
  14.420           0.2474200E+02
  14.440           0.3449000E+01
  14.460          -0.9938000E+01
  14.480          -0.2118900E+02
  14.500          -0.3452200E+02
  14.520          -0.2275800E+02
  14.540          -0.1415600E+02
  14.560           0.6310000E+00
  14.580           0.1879000E+01
  14.600           0.1269100E+02
  14.620          -0.3317000E+01
  14.640          -0.2327300E+02
  14.660           0.3087000E+01
  14.680           0.1200300E+02
  14.700           0.2025300E+02
  14.720           0.9920000E+01
  14.740           0.1166600E+02
  14.760           0.1240000E+01
  14.780          -0.8718000E+01
  14.800           0.2276000E+01
  14.820           0.4712000E+01
  14.840          -0.3204000E+01
  14.860          -0.1721800E+02
  14.880          -0.2682200E+02
  14.900          -0.1838100E+02
  14.920          -0.1034300E+02
  14.940          -0.1793000E+02
  14.960           0.3491000E+01
  14.980           0.3077000E+02
  15.000           0.1634300E+02
  15.020          -0.9969000E+01
  15.040          -0.8355000E+01
  15.060           0.1621000E+01
  15.080          -0.7997000E+01
  15.100           0.6361000E+01
  15.120           0.1416100E+02
  15.140           0.7143000E+01
  15.160           0.1528500E+02
  15.180           0.1872300E+02
  15.200           0.2604400E+02
  15.220           0.1693000E+02
  15.240          -0.2729000E+01
  15.260          -0.1962500E+02
  15.280          -0.8143000E+01
  15.300          -0.3400000E+01
  15.320          -0.1098100E+02
  15.340          -0.4099000E+01
  15.360           0.1178700E+02
  15.380          -0.6721000E+01
  15.400          -0.6525000E+01
  15.420           0.3910000E+01
  15.440           0.1993600E+02
  15.460           0.2083300E+02
  15.480          -0.1244400E+02
  15.500          -0.2742300E+02
  15.520          -0.1541000E+01
  15.540           0.2316500E+02
  15.560           0.3999300E+02
  15.580           0.5601000E+02
  15.600           0.3839700E+02
  15.620           0.7950000E+01
  15.640          -0.1177900E+02
  15.660          -0.3361500E+02
  15.680          -0.4686100E+02
  15.700          -0.2173200E+02
  15.720          -0.3355000E+01
  15.740          -0.8672000E+01
  15.760           0.1020600E+02
  15.780           0.2520600E+02
  15.800           0.3789700E+02
  15.820           0.2394900E+02
  15.840           0.1413600E+02
  15.860           0.2118000E+01
  15.880          -0.2874000E+01
  15.900          -0.1917500E+02
  15.920          -0.3197500E+02
  15.940          -0.2931100E+02
  15.960          -0.2623000E+02
  15.980          -0.2555500E+02
  16.000          -0.1398700E+02
  16.020          -0.4431000E+01
  16.040           0.9084000E+01
  16.060           0.2339700E+02
  16.080           0.3773600E+02
  16.100           0.3252800E+02
  16.120           0.1797100E+02
  16.140           0.5783000E+01
  16.160          -0.1103500E+02
  16.180          -0.2820000E+00
  16.200           0.2495000E+02
  16.220           0.4353300E+02
  16.240           0.2415500E+02
  16.260           0.6100000E+01
  16.280          -0.2045000E+01
  16.300          -0.1597100E+02
  16.320          -0.2037100E+02
  16.340          -0.2545600E+02
  16.360          -0.3000100E+02
  16.380          -0.1720800E+02
  16.400           0.9323000E+01
  16.420           0.1618500E+02
  16.440           0.1200300E+02
  16.460           0.2317700E+02
  16.480           0.1642800E+02
  16.500          -0.7117000E+01
  16.520          -0.6910000E+01
  16.540          -0.3334000E+01
  16.560           0.3935000E+01
  16.580          -0.1579000E+01
  16.600           0.4603000E+01
  16.620           0.1563800E+02
  16.640          -0.1220700E+02
  16.660          -0.1782300E+02
  16.680          -0.9603000E+01
  16.700          -0.1872000E+01
  16.720           0.9543000E+01
  16.740           0.1598600E+02
  16.760           0.4057100E+02
  16.780           0.2514800E+02
  16.800           0.2525000E+01
  16.820          -0.1280500E+02
  16.840          -0.3284100E+02
  16.860          -0.2985600E+02
  16.880           0.4340000E+00
  16.900           0.2257200E+02
  16.920           0.2157200E+02
  16.940           0.8389000E+01
  16.960          -0.2536000E+01
  16.980          -0.1576900E+02
  17.000          -0.2773800E+02
  17.020          -0.3996000E+02
  17.040          -0.2013600E+02
  17.060           0.1843400E+02
  17.080           0.1330500E+02
  17.100          -0.1889700E+02
  17.120          -0.2275300E+02
  17.140          -0.9537000E+01
  17.160          -0.1921400E+02
  17.180          -0.6901000E+01
  17.200          -0.6210000E+00
  17.220           0.2622100E+02
  17.240           0.2037200E+02
  17.260           0.9260000E+01
  17.280           0.5348000E+01
  17.300           0.1404900E+02
  17.320           0.1518200E+02
  17.340           0.1155700E+02
  17.360           0.4842000E+01
  17.380          -0.2247000E+01
  17.400          -0.9480000E+00
  17.420           0.1507400E+02
  17.440           0.1281600E+02
  17.460          -0.1502900E+02
  17.480          -0.3592400E+02
  17.500          -0.4063000E+02
  17.520          -0.1999400E+02
  17.540          -0.7800000E+00
  17.560          -0.5318000E+01
  17.580           0.1059300E+02
  17.600           0.2725600E+02
  17.620           0.2592700E+02
  17.640           0.8844000E+01
  17.660          -0.2462000E+01
  17.680           0.6400000E-01
  17.700          -0.2573000E+01
  17.720           0.5974000E+01
  17.740          -0.2700000E-01
  17.760          -0.1326100E+02
  17.780          -0.1467400E+02
  17.800          -0.3200000E-01
  17.820           0.1146200E+02
  17.840           0.4925000E+01
  17.860           0.1303800E+02
  17.880          -0.2438000E+01
  17.900          -0.1789000E+02
  17.920          -0.2523400E+02
  17.940          -0.2074200E+02
  17.960           0.4486000E+01
  17.980           0.1760000E+02
  18.000           0.2044000E+01
  18.020          -0.1317000E+02
  18.040          -0.7023000E+01
  18.060           0.8630000E+01
  18.080           0.2390000E+01
  18.100           0.1233600E+02
  18.120           0.2329600E+02
  18.140           0.2444100E+02
  18.160           0.2011700E+02
  18.180          -0.2164000E+01
  18.200           0.2929000E+01
  18.220           0.2381000E+01
  18.240           0.1677600E+02
  18.260           0.4247300E+02
  18.280           0.2812300E+02
  18.300           0.6360000E+00
  18.320          -0.2851900E+02
  18.340          -0.3083700E+02
  18.360          -0.4280200E+02
  18.380          -0.4752000E+02
  18.400          -0.2602700E+02
  18.420          -0.1357100E+02
  18.440          -0.1210100E+02
  18.460           0.8375000E+01
  18.480           0.9540000E+01
  18.500          -0.4234000E+01
  18.520          -0.1591900E+02
  18.540           0.1056200E+02
  18.560           0.1402300E+02
  18.580           0.5268000E+01
  18.600           0.3526000E+01
  18.620           0.5927000E+01
  18.640          -0.1762600E+02
  18.660          -0.1197800E+02
  18.680           0.3976000E+01
  18.700           0.1157000E+01
  18.720           0.1619000E+01
  18.740           0.1940000E+00
  18.760          -0.5903000E+01
  18.780          -0.4840000E+00
  18.800           0.5950000E+00
  18.820          -0.1445100E+02
  18.840          -0.3179600E+02
  18.860          -0.1707200E+02
  18.880           0.8559000E+01
  18.900           0.1002800E+02
  18.920           0.1762000E+01
  18.940          -0.3526000E+01
  18.960          -0.5513000E+01
  18.980          -0.3778000E+01
  19.000           0.7848000E+01
  19.020          -0.1079900E+02
  19.040           0.1032600E+02
  19.060           0.1851800E+02
  19.080           0.2745000E+02
  19.100           0.1872100E+02
  19.120           0.3259000E+01
  19.140          -0.1778700E+02
  19.160          -0.3152300E+02
  19.180          -0.2163700E+02
  19.200          -0.2290000E+02
  19.220           0.1171700E+02
  19.240           0.2443700E+02
  19.260           0.1226100E+02
  19.280           0.8943000E+01
  19.300           0.1214600E+02
  19.320           0.5373000E+01
  19.340           0.9665000E+01
  19.360           0.1675800E+02
  19.380           0.1182600E+02
  19.400           0.2046000E+02
  19.420           0.9587000E+01
  19.440          -0.1733000E+01
  19.460          -0.9912000E+01
  19.480          -0.2087000E+02
  19.500          -0.1809500E+02
  19.520          -0.3249100E+02
  19.540          -0.6837000E+01
  19.560           0.2119300E+02
  19.580           0.2877700E+02
  19.600           0.1601000E+02
  19.620          -0.1493400E+02
  19.640          -0.2333200E+02
  19.660          -0.1478300E+02
  19.680          -0.1419200E+02
  19.700          -0.9697000E+01
  19.720           0.2121000E+01
  19.740           0.1902800E+02
  19.760           0.2562500E+02
  19.780           0.4319200E+02
  19.800           0.4734100E+02
  19.820           0.1479200E+02
  19.840          -0.7764000E+01
  19.860          -0.4898000E+01
  19.880          -0.1710600E+02
  19.900          -0.4086700E+02
  19.920          -0.3549000E+02
  19.940          -0.2598700E+02
  19.960          -0.2346600E+02
  19.980           0.8880000E+00
  20.000           0.2399400E+02
  20.020           0.3422700E+02
  20.040           0.3672300E+02
  20.060           0.1904600E+02
  20.080           0.1080300E+02
  20.100           0.1838200E+02
  20.120          -0.1141600E+02
  20.140          -0.1398000E+02
  20.160          -0.5442000E+01
  20.180          -0.4170000E+00
  20.200          -0.2618800E+02
  20.220          -0.3819800E+02
  20.240          -0.2381000E+02
  20.260           0.5000000E-01
  20.280           0.1339500E+02
  20.300           0.9301000E+01
  20.320           0.2005100E+02
  20.340           0.2159900E+02
  20.360           0.6304000E+01
  20.380          -0.7835000E+01
  20.400          -0.1470900E+02
  20.420          -0.6863000E+01
  20.440           0.6464000E+01
  20.460           0.1094600E+02
  20.480           0.1464900E+02
  20.500           0.2060100E+02
  20.520           0.1448100E+02
  20.540           0.1179000E+02
  20.560          -0.9020000E+00
  20.580          -0.1006100E+02
  20.600          -0.1427900E+02
  20.620          -0.4291000E+01
  20.640          -0.6683000E+01
  20.660          -0.1826800E+02
  20.680          -0.2323100E+02
  20.700          -0.1871000E+01
  20.720           0.3150000E+01
  20.740          -0.1505900E+02
  20.760          -0.2580700E+02
  20.780          -0.7697000E+01
  20.800           0.1551800E+02
  20.820           0.4417000E+01
  20.840          -0.5250000E+01
  20.860          -0.3813000E+01
  20.880           0.1350200E+02
  20.900           0.2042000E+02
  20.920           0.1177000E+02
  20.940           0.5081000E+01
  20.960          -0.3359000E+01
  20.980           0.1490300E+02
  21.000           0.2243400E+02
  21.020           0.1897900E+02
  21.040           0.1951400E+02
  21.060           0.1022000E+01
  21.080          -0.2149100E+02
  21.100          -0.1640600E+02
  21.120          -0.8603000E+01
  21.140          -0.1116000E+02
  21.160          -0.1436100E+02
  21.180           0.7146000E+01
  21.200           0.3462500E+02
  21.220           0.3256500E+02
  21.240           0.1010000E+01
  21.260          -0.2629100E+02
  21.280          -0.3286200E+02
  21.300          -0.2618300E+02
  21.320          -0.2653400E+02
  21.340          -0.3827000E+01
  21.360           0.8110000E+01
  21.380           0.2326300E+02
  21.400           0.1837100E+02
  21.420           0.2242100E+02
  21.440           0.3009100E+02
  21.460           0.2465300E+02
  21.480           0.2041800E+02
  21.500           0.7647000E+01
  21.520           0.1070800E+02
  21.540           0.9005000E+01
  21.560           0.2060000E+00
  21.580          -0.9187000E+01
  21.600          -0.9009000E+01
  21.620           0.1353000E+01
  21.640          -0.5221000E+01
  21.660           0.3558000E+01
  21.680           0.6421000E+01
  21.700          -0.8978000E+01
  21.720          -0.1946200E+02
  21.740          -0.2355600E+02
  21.760          -0.2963000E+01
  21.780           0.1274200E+02
  21.800          -0.6980000E+00
  21.820          -0.2107100E+02
  21.840          -0.2972400E+02
  21.860          -0.1576500E+02
  21.880          -0.1202400E+02
  21.900          -0.1628300E+02
  21.920           0.4983000E+01
  21.940           0.1322200E+02
  21.960           0.1460400E+02
  21.980           0.8642000E+01
  22.000           0.6350000E+01
  22.020          -0.8640000E+01
  22.040          -0.3340300E+02
  22.060          -0.3191000E+02
  22.080          -0.3609000E+01
  22.100           0.2513600E+02
  22.120           0.2615200E+02
  22.140           0.2812000E+01
  22.160          -0.6690000E+01
  22.180           0.6930000E+00
  22.200          -0.1801300E+02
  22.220          -0.2271100E+02
  22.240          -0.2021700E+02
  22.260          -0.8369000E+01
  22.280          -0.3197000E+01
  22.300          -0.3499000E+01
  22.320           0.1072100E+02
  22.340           0.1053100E+02
  22.360           0.8072000E+01
  22.380          -0.2462000E+01
  22.400          -0.2566000E+01
  22.420           0.4313000E+01
  22.440           0.3202000E+01
  22.460           0.5049000E+01
  22.480           0.4173000E+01
  22.500           0.4487000E+01
  22.520           0.1613300E+02
  22.540           0.1039800E+02
  22.560           0.3970000E+00
  22.580          -0.3004000E+01
  22.600          -0.1889000E+01
  22.620           0.5245000E+01
  22.640           0.9456000E+01
  22.660           0.1168500E+02
  22.680           0.2635000E+01
  22.700           0.4240000E+00
  22.720           0.4801000E+01
  22.740           0.2400000E-01
  22.760          -0.2752000E+01
  22.780           0.4941000E+01
  22.800           0.1553900E+02
  22.820           0.3154000E+01
  22.840          -0.1425400E+02
  22.860          -0.2133500E+02
  22.880          -0.1584600E+02
  22.900          -0.6530000E+00
  22.920           0.2566000E+01
  22.940           0.1247300E+02
  22.960           0.8243000E+01
  22.980           0.3660000E+01
  23.000           0.6238000E+01
  23.020           0.1840600E+02
  23.040           0.1918600E+02
  23.060          -0.3257000E+01
  23.080          -0.2253700E+02
  23.100          -0.1967000E+02
  23.120          -0.6905000E+01
  23.140           0.2889000E+01
  23.160           0.1246500E+02
  23.180           0.9544000E+01
  23.200           0.2336000E+01
  23.220           0.7467000E+01
  23.240           0.4173000E+01
  23.260          -0.3526000E+01
  23.280          -0.5172000E+01
  23.300          -0.3739000E+01
  23.320          -0.1060300E+02
  23.340          -0.1369600E+02
  23.360          -0.1161700E+02
  23.380          -0.9771000E+01
  23.400           0.6259000E+01
  23.420           0.9709000E+01
  23.440          -0.2946000E+01
  23.460          -0.1020500E+02
  23.480          -0.1365700E+02
  23.500          -0.5300000E+00
  23.520          -0.7271000E+01
  23.540          -0.1535700E+02
  23.560          -0.9364000E+01
  23.580           0.3063000E+01
  23.600           0.1966900E+02
  23.620           0.1281900E+02
  23.640           0.9634000E+01
  23.660           0.8846000E+01
  23.680           0.3095000E+01
  23.700          -0.6446000E+01
  23.720          -0.9231000E+01
  23.740           0.2001000E+01
  23.760          -0.2077000E+01
  23.780           0.1864000E+01
  23.800           0.8137000E+01
  23.820           0.1827500E+02
  23.840           0.1552000E+02
  23.860           0.9851000E+01
  23.880           0.1698000E+01
  23.900          -0.1325400E+02
  23.920          -0.1096900E+02
  23.940          -0.1620000E+00
  23.960           0.6722000E+01
  23.980           0.6025000E+01
  24.000          -0.1311000E+01
  24.020          -0.3305000E+01
  24.040          -0.1487500E+02
  24.060          -0.2735900E+02
  24.080          -0.2321100E+02
  24.100          -0.1486900E+02
  24.120          -0.1102600E+02
  24.140          -0.5944000E+01
  24.160          -0.1130000E+01
  24.180           0.5946000E+01
  24.200           0.1841400E+02
  24.220           0.2012900E+02
  24.240           0.1101100E+02
  24.260          -0.4404000E+01
  24.280          -0.6580000E+00
  24.300           0.6990000E+00
  24.320           0.3714000E+01
  24.340          -0.1331000E+01
  24.360           0.8750000E+00
  24.380           0.5302000E+01
  24.400           0.1091400E+02
  24.420          -0.2504000E+01
  24.440          -0.1486800E+02
  24.460          -0.1383700E+02
  24.480          -0.1477100E+02
  24.500          -0.1528700E+02
  24.520          -0.6807000E+01
  24.540           0.8580000E+01
  24.560           0.9646000E+01
  24.580           0.1305000E+01
  24.600          -0.6399000E+01
  24.620          -0.4177000E+01
  24.640           0.1252000E+01
  24.660          -0.6138000E+01
  24.680          -0.1358900E+02
  24.700          -0.1368600E+02
  24.720          -0.1297900E+02
  24.740          -0.1675000E+02
  24.760          -0.6501000E+01
  24.780           0.3219000E+01
  24.800          -0.4965000E+01
  24.820          -0.1345700E+02
  24.840          -0.7690000E+01
  24.860           0.5496000E+01
  24.880           0.1364800E+02
  24.900           0.1218700E+02
  24.920           0.1130000E+00
  24.940          -0.6141000E+01
  24.960           0.8400000E+00
  24.980           0.2339000E+01
  25.000           0.1016800E+02
  25.020           0.7883000E+01
  25.040           0.5185000E+01
  25.060           0.3015000E+01
  25.080           0.7000000E-01
  25.100          -0.4360000E+00
  25.120          -0.2600000E+00
  25.140           0.5820000E+00
  25.160           0.5662000E+01
  25.180           0.1458200E+02
  25.200           0.1317000E+02
  25.220           0.1079300E+02
  25.240           0.8377000E+01
  25.260           0.1399900E+02
  25.280           0.8527000E+01
  25.300           0.5327000E+01
  25.320           0.3981000E+01
  25.340          -0.5974000E+01
  25.360          -0.1569700E+02
  25.380          -0.8776000E+01
  25.400          -0.3301000E+01
  25.420           0.1440000E+01
  25.440          -0.4857000E+01
  25.460           0.4840000E+00
  25.480           0.9899000E+01
  25.500           0.1179000E+02
  25.520           0.8553000E+01
  25.540           0.4840000E+01
  25.560           0.5323000E+01
  25.580           0.6050000E+00
  25.600          -0.8577000E+01
  25.620          -0.1528000E+02
  25.640          -0.8152000E+01
  25.660           0.6068000E+01
  25.680           0.9492000E+01
  25.700           0.1009600E+02
  25.720           0.1190900E+02
  25.740           0.9028000E+01
  25.760           0.4052000E+01
  25.780          -0.4025000E+01
  25.800          -0.7259000E+01
  25.820          -0.1219400E+02
  25.840          -0.8958000E+01
  25.860          -0.6545000E+01
  25.880          -0.3171000E+01
  25.900          -0.1104000E+01
  25.920           0.1436000E+01
  25.940           0.6050000E+01
  25.960           0.9678000E+01
  25.980           0.2154000E+01
  26.000          -0.5087000E+01
  26.020          -0.7204000E+01
  26.040          -0.1870000E+01
  26.060          -0.2152000E+01
  26.080          -0.1002000E+01
  26.100          -0.6561000E+01
  26.120          -0.3937000E+01
  26.140          -0.8330000E+00
  26.160           0.3096000E+01
  26.180          -0.2545000E+01
  26.200          -0.3030000E+01
  26.220           0.3417000E+01
  26.240          -0.2537000E+01
  26.260          -0.5910000E+01
  26.280          -0.5885000E+01
  26.300          -0.2886000E+01
  26.320           0.8600000E-01
  26.340          -0.1342000E+01
  26.360          -0.4055000E+01
  26.380           0.2102000E+01
  26.400           0.7331000E+01
  26.420           0.3026000E+01
  26.440          -0.6400000E+00
  26.460          -0.3285000E+01
  26.480          -0.2123000E+01
  26.500           0.2909000E+01
  26.520           0.4143000E+01
  26.540           0.8246000E+01
  26.560           0.8589000E+01
  26.580           0.8460000E+01
  26.600           0.5753000E+01
  26.620           0.6173000E+01
  26.640           0.2897000E+01
  26.660          -0.2392000E+01
  26.680          -0.6155000E+01
  26.700          -0.5873000E+01
  26.720          -0.7835000E+01
  26.740          -0.7178000E+01
  26.760          -0.3316000E+01
  26.780          -0.4530000E+00
  26.800          -0.2960000E+00
  26.820          -0.8751000E+01
  26.840          -0.9499000E+01
  26.860          -0.5349000E+01
  26.880          -0.4033000E+01
  26.900          -0.1995000E+01
  26.920           0.5463000E+01
  26.940           0.2535000E+01
  26.960          -0.7202000E+01
  26.980          -0.5112000E+01
  27.000           0.3040000E+01
  27.020           0.8587000E+01
  27.040           0.8744000E+01
  27.060           0.9045000E+01
  27.080           0.6572000E+01
  27.100           0.7522000E+01
  27.120           0.8413000E+01
  27.140           0.8000000E-02
  27.160          -0.1165000E+01
  27.180           0.4182000E+01
  27.200           0.1800000E+00
  27.220          -0.5155000E+01
  27.240           0.9860000E+00
  27.260           0.6857000E+01
  27.280           0.7548000E+01
  27.300           0.9111000E+01
  27.320           0.7743000E+01
  27.340           0.7032000E+01
  27.360           0.7564000E+01
  27.380           0.1461000E+01
  27.400          -0.7242000E+01
  27.420          -0.8631000E+01
  27.440          -0.1577000E+01
  27.460           0.2346000E+01
  27.480           0.2830000E+00
  27.500          -0.3437000E+01
  27.520          -0.4133000E+01
  27.540          -0.1244000E+01
  27.560           0.1096000E+01
  27.580          -0.5159000E+01
  27.600          -0.6166000E+01
  27.620          -0.1024000E+01
  27.640          -0.1336000E+01
  27.660          -0.7355000E+01
  27.680          -0.4449000E+01
  27.700           0.9790000E+00
  27.720           0.6590000E+00
  27.740           0.2137000E+01
  27.760           0.5444000E+01
  27.780           0.4047000E+01
  27.800           0.9510000E+00
  27.820          -0.6640000E+00
  27.840          -0.3400000E+01
  27.860           0.1840000E+00
  27.880           0.1603000E+01
  27.900          -0.2510000E+01
  27.920           0.4320000E+00
  27.940          -0.2927000E+01
  27.960          -0.3156000E+01
  27.980           0.1026000E+01
  28.000          -0.2460000E+00
  28.020          -0.8289000E+01
  28.040          -0.9717000E+01
  28.060          -0.4129000E+01
  28.080          -0.2139000E+01
  28.100          -0.2678000E+01
  28.120           0.2255000E+01
  28.140          -0.2712000E+01
  28.160          -0.6848000E+01
  28.180          -0.5507000E+01
  28.200          -0.4896000E+01
  28.220          -0.6767000E+01
  28.240          -0.4293000E+01
  28.260          -0.3135000E+01
  28.280          -0.3702000E+01
  28.300          -0.2916000E+01
  28.320           0.2819000E+01
  28.340           0.1413000E+01
  28.360           0.4641000E+01
  28.380           0.3227000E+01
  28.400           0.6440000E+00
  28.420           0.1100000E+01
  28.440           0.1803000E+01
  28.460           0.7834000E+01
  28.480           0.9507000E+01
  28.500           0.6658000E+01
  28.520           0.3105000E+01
  28.540           0.1488000E+01
  28.560           0.4677000E+01
  28.580           0.5255000E+01
  28.600           0.4030000E+01
  28.620           0.3199000E+01
  28.640           0.2439000E+01
  28.660           0.8230000E+00
  28.680          -0.4624000E+01
  28.700          -0.5428000E+01
  28.720          -0.6910000E+00
  28.740          -0.1204000E+01
  28.760          -0.5423000E+01
  28.780          -0.6479000E+01
  28.800          -0.6194000E+01
  28.820          -0.2301000E+01
  28.840          -0.4407000E+01
  28.860          -0.4427000E+01
  28.880          -0.4960000E+00
  28.900           0.2934000E+01
  28.920           0.8841000E+01
  28.940           0.7085000E+01
  28.960           0.5978000E+01
  28.980           0.5447000E+01
  29.000           0.6193000E+01
  29.020           0.2334000E+01
  29.040          -0.1152000E+01
  29.060           0.3257000E+01
  29.080           0.1782000E+01
  29.100          -0.4010000E+00
  29.120          -0.1731000E+01
  29.140          -0.2908000E+01
  29.160          -0.7750000E+00
  29.180          -0.4709000E+01
  29.200          -0.6118000E+01
  29.220          -0.3310000E+01
  29.240           0.2963000E+01
  29.260           0.7445000E+01
  29.280           0.3667000E+01
  29.300          -0.2597000E+01
  29.320          -0.4302000E+01
  29.340          -0.1139000E+01
  29.360          -0.2008000E+01
  29.380          -0.5741000E+01
  29.400          -0.7045000E+01
  29.420          -0.2747000E+01
  29.440           0.3363000E+01
  29.460           0.5662000E+01
  29.480           0.5918000E+01
  29.500           0.2370000E+01
  29.520           0.2299000E+01
  29.540          -0.2510000E+00
  29.560          -0.2702000E+01
  29.580          -0.4143000E+01
  29.600          -0.6255000E+01
  29.620          -0.4309000E+01
  29.640          -0.3726000E+01
  29.660           0.2480000E+00
  29.680           0.2493000E+01
  29.700          -0.2067000E+01
  29.720          -0.4803000E+01
  29.740          -0.3320000E+01
  29.760          -0.2957000E+01
  29.780          -0.1265000E+01
  29.800           0.1138000E+01
  29.820          -0.1135000E+01
  29.840          -0.3591000E+01
  29.860          -0.2617000E+01
  29.880          -0.6190000E+00
  29.900          -0.2296000E+01
  29.920          -0.1186000E+01
  29.940           0.4610000E+00
  29.960          -0.2704000E+01
  29.980          -0.3232000E+01
  30.000          -0.2588000E+01
  30.020          -0.2199000E+01
  30.040          -0.1232000E+01
  30.060          -0.1200000E+00
  30.080           0.9270000E+00
  30.100           0.1069000E+01
  30.120           0.1351000E+01
  30.140           0.2375000E+01
  30.160           0.1765000E+01
  30.180          -0.1356000E+01
  30.200          -0.4449000E+01
  30.220          -0.3345000E+01
  30.240          -0.5214000E+01
  30.260          -0.4277000E+01
  30.280          -0.1368000E+01
  30.300           0.2849000E+01
  30.320           0.6497000E+01
  30.340           0.5999000E+01
  30.360           0.4255000E+01
  30.380          -0.6440000E+00
  30.400          -0.1261000E+01
  30.420           0.5660000E+00
  30.440          -0.6200000E-01
  30.460          -0.9560000E+00
  30.480          -0.1664000E+01
  30.500           0.1793000E+01
  30.520           0.4112000E+01
  30.540           0.2285000E+01
  30.560           0.4520000E+00
  30.580          -0.6170000E+00
  30.600          -0.1161000E+01
  30.620          -0.9660000E+00
  30.640          -0.1808000E+01
  30.660          -0.9050000E+00
  30.680           0.9710000E+00
  30.700           0.1724000E+01
  30.720           0.1893000E+01
  30.740           0.2663000E+01
  30.760           0.9150000E+00
  30.780           0.1240000E+01
  30.800           0.2024000E+01
  30.820           0.1664000E+01
  30.840           0.1529000E+01
  30.860           0.1291000E+01
  30.880           0.1854000E+01
  30.900           0.2107000E+01
  30.920           0.6960000E+00
  30.940          -0.7200000E+00
  30.960          -0.1922000E+01
  30.980          -0.1292000E+01
  31.000          -0.1987000E+01
  31.020          -0.2440000E+00
  31.040          -0.1493000E+01
  31.060          -0.3159000E+01
  31.080          -0.1406000E+01
  31.100           0.5830000E+00
  31.120          -0.2622000E+01
  31.140          -0.4493000E+01
  31.160          -0.3025000E+01
  31.180          -0.1387000E+01
  31.200           0.1682000E+01
  31.220           0.4378000E+01
  31.240           0.5391000E+01
  31.260           0.3787000E+01
  31.280           0.3496000E+01
  31.300           0.9140000E+00
  31.320           0.5500000E+00
  31.340           0.4350000E+00
  31.360           0.1600000E+01
  31.380           0.2547000E+01
  31.400           0.8450000E+00
  31.420           0.1753000E+01
  31.440           0.1003000E+01
  31.460           0.3340000E+00
  31.480           0.2590000E+00
  31.500           0.3600000E-01
  31.520           0.4100000E+00
  31.540          -0.5230000E+00
  31.560          -0.3388000E+01
  31.580          -0.3885000E+01
  31.600          -0.3401000E+01
  31.620          -0.6470000E+00
  31.640          -0.1240000E+00
  31.660          -0.2371000E+01
  31.680          -0.5008000E+01
  31.700          -0.2806000E+01
  31.720          -0.1020000E+01
  31.740          -0.1420000E+01
  31.760          -0.1621000E+01
  31.780          -0.1006000E+01
  31.800          -0.2630000E+00
  31.820           0.8850000E+00
  31.840           0.3230000E+01
  31.860           0.3341000E+01
  31.880           0.9770000E+00
  31.900          -0.5690000E+00
  31.920          -0.1471000E+01
  31.940          -0.2047000E+01
  31.960          -0.7050000E+00
  31.980           0.8480000E+00
  32.000           0.7570000E+00
  32.020          -0.9520000E+00
  32.040          -0.1316000E+01
  32.060          -0.6180000E+00
  32.080          -0.2370000E+01
  32.100          -0.1424000E+01
  32.120           0.9000000E-01
  32.140          -0.1500000E+00
  32.160          -0.2658000E+01
  32.180          -0.4484000E+01
  32.200          -0.2669000E+01
  32.220          -0.3131000E+01
  32.240          -0.2612000E+01
  32.260          -0.4122000E+01
  32.280          -0.4074000E+01
  32.300          -0.2553000E+01
  32.320          -0.1168000E+01
  32.340          -0.6140000E+00
  32.360           0.1800000E+00
  32.380           0.2021000E+01
  32.400           0.2607000E+01
  32.420           0.2004000E+01
  32.440           0.4310000E+00
  32.460          -0.6790000E+00
  32.480          -0.8270000E+00
  32.500           0.1554000E+01
  32.520           0.3066000E+01
  32.540           0.8340000E+00
  32.560          -0.2380000E+00
  32.580          -0.2930000E+00
  32.600           0.9890000E+00
  32.620           0.2793000E+01
  32.640           0.3613000E+01
  32.660           0.1440000E+01
  32.680           0.1471000E+01
  32.700           0.5690000E+00
  32.720          -0.2011000E+01
  32.740          -0.5840000E+00
  32.760           0.1181000E+01
  32.780           0.3773000E+01
  32.800           0.4503000E+01
  32.820           0.3293000E+01
  32.840           0.3215000E+01
  32.860           0.2083000E+01
  32.880           0.2832000E+01
  32.900           0.1885000E+01
  32.920           0.2528000E+01
  32.940           0.2797000E+01
  32.960           0.2789000E+01
  32.980           0.1757000E+01
  33.000           0.2296000E+01
  33.020           0.1559000E+01
  33.040           0.1199000E+01
  33.060          -0.1500000E-01
  33.080           0.5240000E+00
  33.100           0.1967000E+01
  33.120           0.2615000E+01
  33.140           0.3094000E+01
  33.160           0.2920000E+00
  33.180          -0.6480000E+00
  33.200           0.3290000E+00
  33.220           0.2144000E+01
  33.240           0.2724000E+01
  33.260           0.1954000E+01
  33.280           0.2808000E+01
  33.300           0.2334000E+01
  33.320           0.1333000E+01
  33.340           0.6540000E+00
  33.360           0.7340000E+00
  33.380           0.3540000E+00
  33.400           0.4410000E+00
  33.420           0.9930000E+00
  33.440           0.7900000E+00
  33.460           0.8280000E+00
  33.480           0.7110000E+00
  33.500           0.3180000E+00
  33.520          -0.4640000E+00
  33.540          -0.3870000E+00
  33.560          -0.1018000E+01
  33.580          -0.2722000E+01
  33.600          -0.3825000E+01
  33.620          -0.3705000E+01
  33.640          -0.2218000E+01
  33.660          -0.1846000E+01
  33.680          -0.1466000E+01
  33.700          -0.1145000E+01
  33.720          -0.2346000E+01
  33.740          -0.3215000E+01
  33.760          -0.2978000E+01
  33.780          -0.1383000E+01
  33.800           0.1330000E+00
  33.820           0.1720000E+00
  33.840          -0.4300000E-01
  33.860          -0.5960000E+00
  33.880          -0.7060000E+00
  33.900          -0.5710000E+00
  33.920          -0.4880000E+00
  33.940          -0.1640000E+00
  33.960           0.8100000E-01
  33.980          -0.1000000E+00
  34.000           0.1950000E+00
  34.020           0.4060000E+00
  34.040           0.1150000E+00
  34.060          -0.2020000E+00
  34.080           0.1520000E+00
  34.100           0.9630000E+00
  34.120           0.1199000E+01
  34.140           0.5700000E+00
  34.160          -0.3200000E-01
  34.180          -0.3260000E+00
  34.200          -0.5820000E+00
  34.220          -0.6050000E+00
  34.240          -0.1920000E+00
  34.260           0.5150000E+00
  34.280           0.4730000E+00
  34.300          -0.5500000E-01
  34.320          -0.5360000E+00
  34.340          -0.7530000E+00
  34.360          -0.8260000E+00
  34.380          -0.1011000E+01
  34.400          -0.7990000E+00
  34.420          -0.1380000E+00
  34.440           0.1300000E-01
  34.460          -0.1490000E+00
  34.480          -0.1680000E+00
  34.500          -0.4000000E-01
  34.520           0.1960000E+00
  34.540           0.4160000E+00
  34.560           0.4850000E+00
  34.580           0.6070000E+00
  34.600           0.6500000E+00
  34.620           0.4890000E+00
  34.640           0.2060000E+00
  34.660           0.4400000E-01
  34.680          -0.6200000E-01
  34.700          -0.1870000E+00
  34.720          -0.1870000E+00
  34.740          -0.1860000E+00
  34.760          -0.2550000E+00
  34.780          -0.3610000E+00
  34.800          -0.4320000E+00
  34.820          -0.4840000E+00
  34.840          -0.4920000E+00
  34.860          -0.5100000E+00
  34.880          -0.4770000E+00
  34.900          -0.4190000E+00
  34.920          -0.3660000E+00
  34.940          -0.3220000E+00
  34.960          -0.2910000E+00
  34.980          -0.1970000E+00
  35.000          -0.1380000E+00
  35.020          -0.7800000E-01
  35.040          -0.3600000E-01
  35.060          -0.1100000E-01
  35.080          -0.1100000E-01
  35.100          -0.1300000E-01
  35.120           0.0000000E+00
  35.140           0.0000000E+00
  35.160           0.0000000E+00
  35.180           0.0000000E+00
  35.200           0.0000000E+00
  35.220           0.0000000E+00
  35.240           0.0000000E+00
  35.260           0.0000000E+00
  35.280           0.0000000E+00
  35.300           0.0000000E+00
  35.320           0.0000000E+00
  35.340           0.0000000E+00
  35.360           0.0000000E+00
  35.380           0.0000000E+00
  35.400           0.0000000E+00
  35.420           0.0000000E+00
  35.440           0.0000000E+00
  35.460           0.0000000E+00
  35.480           0.0000000E+00
  35.500           0.0000000E+00
  35.520           0.0000000E+00
  35.540           0.0000000E+00
  35.560           0.0000000E+00
  35.580           0.0000000E+00
  35.600           0.0000000E+00
  35.620           0.0000000E+00
  35.640           0.0000000E+00
  35.660           0.0000000E+00
  35.680           0.0000000E+00
  35.700           0.0000000E+00
  35.720           0.0000000E+00
  35.740           0.0000000E+00
  35.760           0.0000000E+00
  35.780           0.0000000E+00
  35.800           0.0000000E+00
  35.820           0.0000000E+00
  35.840           0.0000000E+00
  35.860           0.0000000E+00
  35.880           0.0000000E+00
  35.900           0.0000000E+00
  35.920           0.0000000E+00
  35.940           0.0000000E+00
  35.960           0.0000000E+00
  35.980           0.0000000E+00
  36.000           0.0000000E+00
  36.020           0.0000000E+00
  36.040           0.0000000E+00
  36.060           0.0000000E+00
  36.080           0.0000000E+00
  36.100           0.0000000E+00
  36.120           0.0000000E+00
  36.140           0.0000000E+00
  36.160           0.0000000E+00
  36.180           0.0000000E+00
  36.200           0.0000000E+00
  36.220           0.0000000E+00
  36.240           0.0000000E+00
  36.260           0.0000000E+00
  36.280           0.0000000E+00
  36.300           0.0000000E+00
  36.320           0.0000000E+00
  36.340           0.0000000E+00
  36.360           0.0000000E+00
  36.380           0.0000000E+00
  36.400           0.0000000E+00
  36.420           0.0000000E+00
  36.440           0.0000000E+00
  36.460           0.0000000E+00
  36.480           0.0000000E+00
  36.500           0.0000000E+00
  36.520           0.0000000E+00
  36.540           0.0000000E+00
  36.560           0.0000000E+00
  36.580           0.0000000E+00
  36.600           0.0000000E+00
  36.620           0.0000000E+00
  36.640           0.0000000E+00
  36.660           0.0000000E+00
  36.680           0.0000000E+00
  36.700           0.0000000E+00
  36.720           0.0000000E+00
  36.740           0.0000000E+00
  36.760           0.0000000E+00
  36.780           0.0000000E+00
  36.800           0.0000000E+00
  36.820           0.0000000E+00
  36.840           0.0000000E+00
  36.860           0.0000000E+00
  36.880           0.0000000E+00
  36.900           0.0000000E+00
  36.920           0.0000000E+00
  36.940           0.0000000E+00
  36.960           0.0000000E+00
  36.980           0.0000000E+00
  37.000           0.0000000E+00
  37.020           0.0000000E+00
  37.040           0.0000000E+00
  37.060           0.0000000E+00
  37.080           0.0000000E+00
  37.100           0.0000000E+00
  37.120           0.0000000E+00
  37.140           0.0000000E+00
  37.160           0.0000000E+00
  37.180           0.0000000E+00
  37.200           0.0000000E+00
  37.220           0.0000000E+00
  37.240           0.0000000E+00
  37.260           0.0000000E+00
  37.280           0.0000000E+00
  37.300           0.0000000E+00
  37.320           0.0000000E+00
  37.340           0.0000000E+00
  37.360           0.0000000E+00
  37.380           0.0000000E+00
  37.400           0.0000000E+00
  37.420           0.0000000E+00
  37.440           0.0000000E+00
  37.460           0.0000000E+00
  37.480           0.0000000E+00
  37.500           0.0000000E+00
  37.520           0.0000000E+00
  37.540           0.0000000E+00
  37.560           0.0000000E+00
  37.580           0.0000000E+00
  37.600           0.0000000E+00
  37.620           0.0000000E+00
  37.640           0.0000000E+00
  37.660           0.0000000E+00
  37.680           0.0000000E+00
  37.700           0.0000000E+00
  37.720           0.0000000E+00
  37.740           0.0000000E+00
  37.760           0.0000000E+00
  37.780           0.0000000E+00
  37.800           0.0000000E+00
  37.820           0.0000000E+00
  37.840           0.0000000E+00
  37.860           0.0000000E+00
  37.880           0.0000000E+00
  37.900           0.0000000E+00
  37.920           0.0000000E+00
  37.940           0.0000000E+00
  37.960           0.0000000E+00
  37.980           0.0000000E+00
  38.000           0.0000000E+00
  38.020           0.0000000E+00
  38.040           0.0000000E+00
  38.060           0.0000000E+00
  38.080           0.0000000E+00
  38.100           0.0000000E+00
  38.120           0.0000000E+00
  38.140           0.0000000E+00
  38.160           0.0000000E+00
  38.180           0.0000000E+00
  38.200           0.0000000E+00
  38.220           0.0000000E+00
  38.240           0.0000000E+00
  38.260           0.0000000E+00
  38.280           0.0000000E+00
  38.300           0.0000000E+00
  38.320           0.0000000E+00
  38.340           0.0000000E+00
  38.360           0.0000000E+00
  38.380           0.0000000E+00
  38.400           0.0000000E+00
  38.420           0.0000000E+00
  38.440           0.0000000E+00
  38.460           0.0000000E+00
  38.480           0.0000000E+00
  38.500           0.0000000E+00
  38.520           0.0000000E+00
  38.540           0.0000000E+00
  38.560           0.0000000E+00
  38.580           0.0000000E+00
  38.600           0.0000000E+00
  38.620           0.0000000E+00
  38.640           0.0000000E+00
  38.660           0.0000000E+00
  38.680           0.0000000E+00
  38.700           0.0000000E+00
  38.720           0.0000000E+00
  38.740           0.0000000E+00
  38.760           0.0000000E+00
  38.780           0.0000000E+00
  38.800           0.0000000E+00
  38.820           0.0000000E+00
  38.840           0.0000000E+00
  38.860           0.0000000E+00
  38.880           0.0000000E+00
  38.900           0.0000000E+00
  38.920           0.0000000E+00
  38.940           0.0000000E+00
  38.960           0.0000000E+00
  38.980           0.0000000E+00
  39.000           0.0000000E+00
  39.020           0.0000000E+00
  39.040           0.0000000E+00
  39.060           0.0000000E+00
  39.080           0.0000000E+00
  39.100           0.0000000E+00
  39.120           0.0000000E+00
  39.140           0.0000000E+00
  39.160           0.0000000E+00
  39.180           0.0000000E+00
  39.200           0.0000000E+00
  39.220           0.0000000E+00
  39.240           0.0000000E+00
  39.260           0.0000000E+00
  39.280           0.0000000E+00
  39.300           0.0000000E+00
  39.320           0.0000000E+00
  39.340           0.0000000E+00
  39.360           0.0000000E+00
  39.380           0.0000000E+00
  39.400           0.0000000E+00
  39.420           0.0000000E+00
  39.440           0.0000000E+00
  39.460           0.0000000E+00
  39.480           0.0000000E+00
  39.500           0.0000000E+00
  39.520           0.0000000E+00
  39.540           0.0000000E+00
  39.560           0.0000000E+00
  39.580           0.0000000E+00
  39.600           0.0000000E+00
  39.620           0.0000000E+00
  39.640           0.0000000E+00
  39.660           0.0000000E+00
  39.680           0.0000000E+00
  39.700           0.0000000E+00
  39.720           0.0000000E+00
  39.740           0.0000000E+00
  39.760           0.0000000E+00
  39.780           0.0000000E+00
  39.800           0.0000000E+00
  39.820           0.0000000E+00
  39.840           0.0000000E+00
  39.860           0.0000000E+00
  39.880           0.0000000E+00
  39.900           0.0000000E+00
  39.920           0.0000000E+00
  39.940           0.0000000E+00
  39.960           0.0000000E+00
  39.980           0.0000000E+00
  40.000           0.0000000E+00
  40.020           0.0000000E+00
  40.040           0.0000000E+00
  40.060           0.0000000E+00
  40.080           0.0000000E+00
  40.100           0.0000000E+00
  40.120           0.0000000E+00
  40.140           0.0000000E+00
  40.160           0.0000000E+00
  40.180           0.0000000E+00
  40.200           0.0000000E+00
  40.220           0.0000000E+00
  40.240           0.0000000E+00
  40.260           0.0000000E+00
  40.280           0.0000000E+00
  40.300           0.0000000E+00
  40.320           0.0000000E+00
  40.340           0.0000000E+00
  40.360           0.0000000E+00
  40.380           0.0000000E+00
  40.400           0.0000000E+00
  40.420           0.0000000E+00
  40.440           0.0000000E+00
  40.460           0.0000000E+00
  40.480           0.0000000E+00
  40.500           0.0000000E+00
  40.520           0.0000000E+00
  40.540           0.0000000E+00
  40.560           0.0000000E+00
  40.580           0.0000000E+00
  40.600           0.0000000E+00
  40.620           0.0000000E+00
  40.640           0.0000000E+00
  40.660           0.0000000E+00
  40.680           0.0000000E+00
  40.700           0.0000000E+00
  40.720           0.0000000E+00
  40.740           0.0000000E+00
  40.760           0.0000000E+00
  40.780           0.0000000E+00
  40.800           0.0000000E+00
  40.820           0.0000000E+00
  40.840           0.0000000E+00
  40.860           0.0000000E+00
  40.880           0.0000000E+00
  40.900           0.0000000E+00
  40.920           0.0000000E+00
  40.940           0.0000000E+00
  40.960           0.0000000E+00
