        2048     0.02000
      -0.038      -0.038      -0.038      -0.030      -0.037      -0.037      -0.002      -0.037      -0.037       0.068
      -0.036      -0.036       0.151      -0.034      -0.034       0.257      -0.031      -0.030       0.386      -0.018
      -0.022       0.539       0.128      -0.017      -0.231      -0.281      -0.127      -0.305      -0.362      -0.138
      -0.312      -0.334      -0.143      -0.425      -0.599      -0.284      -0.718      -0.984      -0.390      -0.873
      -2.129      -1.713      -1.742      -1.109       0.675       0.780       1.357       1.345       1.137       2.112
       2.095       2.232       3.497       1.572      -0.782      -3.992      -3.129       0.222       3.848       4.513
       3.101       1.260      -0.124      -0.968      -3.469      -5.222      -2.973      -2.162      -4.090      -6.020
      -5.298      -5.828      -6.798      -7.004      -6.511      -4.823      -3.708      -4.943      -7.238      -5.944
      -6.198      -8.615      -7.784      -3.128       1.167       2.387      -0.778      -0.750       3.092       5.843
       9.187      10.788      10.504       9.579       7.614       2.847      -0.846      -0.666       0.611      -0.697
       0.965       2.601       1.334       0.339      -2.833      -4.306      -5.203      -7.539      -9.015      -8.774
     -12.002     -16.145     -14.640     -10.855      -7.519      -8.954     -14.208     -15.682     -15.547     -18.551
     -16.867     -12.286      -4.090       9.875      18.753      20.389      16.329       3.856      -4.301       2.202
       9.362       5.950       2.513       7.066       7.371      -2.621     -11.516     -17.479     -11.532       0.210
       6.586       5.007       1.500      -1.632      -2.936      -3.774      -3.596      -1.249      -2.114     -10.990
     -18.631     -16.838     -12.582       3.147      19.357      16.909       0.456     -13.592     -18.196     -15.577
     -18.594     -22.713     -22.512     -17.400     -11.875      -9.273      -6.158       3.912      14.425      20.965
      16.291      12.294      11.007       0.293     -13.276      -7.262      10.766      27.778      17.632     -10.472
     -22.969     -21.927     -12.282      -2.154      -1.647      -3.496       9.774      27.998      26.088       2.008
     -22.880     -42.258     -47.284     -39.003     -29.264      -8.357      17.719      27.353      27.112      24.891
      26.353      25.595       2.954     -19.243     -15.096       0.379      18.844      38.376      39.717      21.834
       7.826       5.395       6.383     -11.637     -31.392     -39.949     -38.381      -2.337      29.439      20.870
      -8.957     -17.148     -11.526     -13.533       5.418      34.835      42.460      33.288      15.886      -1.458
     -14.948     -22.158     -27.195     -29.530      -8.949       9.828       1.583      -7.304     -19.911     -24.149
     -13.680      -2.995      -3.306     -29.336     -49.147     -52.905     -57.775     -41.028     -27.138     -36.024
     -26.275       1.432      24.397      11.331     -27.244     -62.928     -64.305     -44.900     -22.481      18.785
      60.774      73.569      53.816      14.182     -12.888      -6.523       9.536       5.687      -8.332     -22.568
     -18.906      14.071      62.825      69.514      35.551      13.559       1.252     -22.649     -23.512       1.715
      26.980      48.244      44.495      17.684     -18.253     -39.625     -37.769     -15.034      -6.837      -3.150
       2.076       2.617     -20.434     -22.183     -14.989     -31.058     -51.899     -86.266    -113.038     -99.853
     -57.147     -13.134       6.837     -11.679     -11.595      12.237      33.150      49.342      28.248      -3.005
      -9.302       1.515      30.178      41.469      24.569       9.598     -14.691     -59.794     -58.667      -9.416
      47.734      44.697      31.827      35.274      -1.731     -41.655     -48.798     -38.204     -19.518       0.743
       6.321      -4.143      12.531      31.828      46.008      67.089      68.720      58.641      20.364     -29.413
     -68.714     -86.461     -56.332       6.850      40.136      33.589      51.766      82.036      67.801      11.151
     -33.004     -42.625     -45.067     -18.511       3.303       8.478       3.163     -14.984      -2.695      13.908
      18.465      26.069      42.383      67.825      72.010      25.132     -16.020     -32.649     -44.692     -36.844
     -29.356     -18.427     -17.171     -28.431     -24.256     -24.899       5.396      45.675      30.997      -1.234
     -22.312     -19.459     -20.948     -23.309      10.483      52.387      84.978      73.104      35.826      -0.263
     -26.983     -38.632     -51.140     -50.468     -22.539      15.536      21.582     -10.146     -24.860      22.001
      58.752      46.145      20.997      -4.045     -34.563     -39.076      -5.907      36.974      52.060      -0.569
     -45.154     -36.571     -16.436      25.370      53.671      41.807      14.811     -10.007     -17.579       3.046
      30.555      35.884       1.819      -5.008       8.985      18.265      27.885      18.517       3.263     -30.111
     -55.067     -54.047     -45.775     -25.598      -5.056     -20.648     -28.612       6.390      28.415       0.923
      10.468      46.903      45.194      39.701      18.985     -50.183     -71.745      -8.789      43.693      27.123
     -10.281     -37.469     -24.663       0.244       1.247     -17.293     -19.067      -5.244      -4.046     -16.904
       0.282      11.511     -23.661     -53.832     -45.929      -8.879       2.617      33.029      74.004      88.053
      88.593      62.198      42.418      23.294      -4.451     -14.259     -24.354     -21.104     -32.606     -53.395
     -26.253      34.237      85.573      93.217      29.035     -18.971     -20.289       6.359      25.095      26.873
      56.316      85.671      51.500     -17.033     -50.801     -41.149     -28.118      -9.477       7.908      -1.014
       8.900      39.716      50.939      35.331       6.128      -3.577       3.118       1.906      -5.238       3.304
      16.601      37.483      26.265       2.646       4.922       7.438      21.187      22.080       0.363     -20.618
     -46.805     -66.003     -39.548      -0.707      33.465      80.306     112.962      98.277      45.440      10.487
      -7.954     -18.795     -11.851     -23.394     -35.629     -38.911     -10.503      29.289      33.465       9.932
     -13.980      -5.102      37.949      68.939      93.360      92.007      67.677      44.874      28.258       8.999
     -16.647     -29.791     -19.011      -2.137      -1.382      -5.682     -18.689     -37.819     -54.408     -41.260
     -24.764     -13.320      10.200       4.235      -1.976      18.567      38.592      27.160     -24.409     -42.596
     -10.152      17.336      22.028      46.232      83.297      99.232      69.358      37.730      26.246      -7.170
     -51.789     -58.913     -39.904     -35.034     -28.705     -15.676     -24.810     -43.128     -47.958     -21.137
      12.920      31.746      52.761      77.123      91.597      67.854      -0.994     -42.846     -42.298     -42.898
     -41.485      -5.521      12.871       7.662      -3.045     -23.332     -51.565     -65.977     -33.623     -10.982
     -13.699     -31.530     -17.802      22.647      47.512      39.145      17.566       7.462       6.919      13.404
      14.213       1.881     -10.114     -12.391       9.971      19.647      32.142      49.547      57.722      60.794
      52.102      26.650      -5.481     -19.863       3.767      20.907      27.560      28.862      15.331     -18.061
     -65.382     -94.216     -87.561     -64.004     -43.983     -54.929     -64.466     -21.080      37.607      78.914
      72.604      42.380      11.181     -20.573     -29.719     -46.712     -52.542     -26.000      -8.460       6.380
      18.517      39.206      63.040      55.579      24.723      18.423      13.956     -11.184     -37.793     -50.700
     -51.104     -56.624     -50.191     -35.624     -40.191     -49.854     -33.418      -7.933       6.312       4.417
     -28.043     -60.839     -65.225     -46.385     -26.412     -15.077       3.281      18.807      -7.916     -58.066
     -68.775     -43.749     -32.536     -24.642     -24.426      -8.967      28.048      44.007      52.208      53.240
      42.454      17.781      -6.037     -23.322     -37.039     -45.378     -51.359     -43.387     -13.445      10.153
       3.189      -7.952     -23.516     -39.654     -37.664     -38.669     -32.622     -25.861      -6.977      16.186
      20.248      15.142      15.864      14.741      24.568      43.883      56.407      55.239      36.071       8.164
       5.029      21.568      30.999      13.277      -2.862      14.289      20.249      -0.916      -5.922       9.370
      14.348       7.938       0.160      -7.745       1.755      11.952      -4.045     -22.050     -20.467     -13.680
      -3.410      13.248      24.607       9.124     -24.232     -39.495     -42.852     -42.052     -40.934     -21.096
      14.349      30.266      28.603      13.226     -11.816     -18.233     -26.345     -48.428     -52.310     -38.019
     -17.484       5.336      17.210      34.259      48.370      35.249      13.268      -0.375     -10.177     -19.538
     -27.913     -31.183     -22.950      -4.683      15.520      31.201      39.714      35.826      30.196      20.428
       4.522       4.790       8.737      -2.360      -5.020     -11.652     -20.643     -12.374       6.195      20.603
      18.360       6.371       2.908       5.313      -0.726     -19.250     -29.166     -16.908       5.945      16.004
      18.984      16.072      12.403      -1.029     -15.895     -23.061     -32.689     -34.459     -29.397     -22.155
     -16.587     -21.838     -33.374     -32.864     -26.512     -23.410     -14.422       4.796      14.682       3.841
     -13.997     -22.839     -13.708       9.902      22.653      26.164      27.640      23.859      17.836      10.547
       4.920      -7.828     -21.194     -16.733      -2.414      11.647      16.789       8.803      -7.359     -22.937
     -32.099     -39.345     -44.943     -43.228     -32.246     -12.806      12.211      28.500      36.080      29.349
      21.218      21.425      17.437      11.600      -1.973     -13.454      -7.775       4.192      16.805      27.482
      25.859      18.410      11.838       9.638      18.131      23.534      20.999      18.973      16.497      19.557
      16.007       8.962      13.177      22.105      25.853      20.572       8.572      -9.809     -29.182     -35.238
     -28.941     -17.644     -11.227     -17.635     -24.174     -17.526      -7.044      -1.690      -5.980     -18.951
     -25.516     -25.565     -18.599     -14.273     -19.007     -18.146      -7.870       0.495       7.633      24.774
      42.475      52.472      56.132      52.050      41.376      29.427      19.506      12.426      12.896      19.431
      32.985      46.488      51.309      42.220      21.207       3.042      -5.829     -14.711     -25.175     -25.157
     -14.256      -3.200       0.204       1.651       4.528       2.222      -1.720      -6.901     -12.657      -8.946
       1.086      11.150      11.421      10.996      19.723      24.951      18.114       6.658       3.252       3.013
       0.332      -4.855     -11.261      -8.501      -3.608       0.182       5.544       9.864      10.872       8.118
       6.418       6.841       1.534      -6.686      -3.292       2.193       1.532       1.118       2.008       1.494
      -8.010     -23.583     -32.278     -28.206     -18.019     -16.597     -23.530     -26.753     -20.820     -11.056
      -1.374      -1.061     -11.752     -19.564     -13.902      -0.717       6.908      10.517      12.911      13.528
      15.808      14.174       9.827      12.975      20.025      24.284      24.255      22.096      15.896       7.578
      -1.328      -6.231      -4.591       0.969       4.969       8.617      13.223      14.889       9.699       3.949
      -1.150     -12.534     -25.158     -29.694     -24.684     -15.002      -9.496      -4.489       2.022       8.017
       6.767      -0.857      -4.983      -3.815      -3.214      -7.185     -11.439     -10.727      -8.034      -7.173
      -7.450      -4.035       4.122       6.858       4.347       1.018       0.179       0.901       2.727       3.899
       3.349      -0.415      -3.377      -1.414       3.913       6.097       3.353       1.202       1.061       1.080
      -2.953      -8.392     -11.730     -10.790     -11.029     -16.670     -17.066      -9.865      -5.789      -7.242
     -10.366     -11.216      -9.216      -8.140     -12.931     -16.157     -15.982     -15.066     -10.075      -2.407
       6.772      14.412      18.006      17.368      11.702       5.281       0.515       0.946       7.168      11.638
      12.038      10.281       7.205       5.988       4.755       2.253       1.476      -0.713      -2.105       1.330
       9.879      19.195      22.718      21.398      17.794      11.574       4.875       1.596       2.724       3.815
       6.654      10.921      13.554      13.301      10.772       6.832       1.684      -1.811      -3.125      -4.207
      -4.338      -3.095      -2.461      -2.236      -0.222       2.512       2.238       0.151      -0.559       1.177
       4.042       5.754       5.143       4.234       4.899       5.195       4.252       4.923       6.959       7.789
       6.743       5.595       3.559      -0.346      -3.134      -4.292      -4.581      -3.221      -2.198      -1.313
      -0.769      -0.433       0.284      -0.344      -0.793      -0.889      -1.599      -2.432      -3.628      -4.085
      -3.298      -2.445      -1.639      -1.614      -1.336      -0.335       0.451       1.005       0.709      -0.215
      -0.736      -1.260      -1.666      -1.778      -1.407      -0.326       0.766       1.512       1.871       1.560
       0.816       0.248       0.192       0.535       0.788       0.933       0.979       0.873       0.650       0.303
      -0.044      -0.170      -0.142      -0.003       0.004      -0.116      -0.176      -0.171      -0.169      -0.199
      -0.188      -0.109       0.000       0.000       0.000       0.000       0.000       0.000       0.000       0.000
       0.000       0.000       0.000       0.000       0.000       0.000       0.000       0.000       0.000       0.000
       0.000       0.000       0.000       0.000       0.000       0.000       0.000       0.000       0.000       0.000
       0.000       0.000       0.000       0.000       0.000       0.000       0.000       0.000       0.000       0.000
       0.000       0.000       0.000       0.000       0.000       0.000       0.000       0.000       0.000       0.000
       0.000       0.000       0.000       0.000       0.000       0.000       0.000       0.000       0.000       0.000
       0.000       0.000       0.000       0.000       0.000       0.000       0.000       0.000       0.000       0.000
       0.000       0.000       0.000       0.000       0.000       0.000       0.000       0.000       0.000       0.000
       0.000       0.000       0.000       0.000       0.000       0.000       0.000       0.000       0.000       0.000
       0.000       0.000       0.000       0.000       0.000       0.000       0.000       0.000       0.000       0.000
       0.000       0.000       0.000       0.000       0.000       0.000       0.000       0.000       0.000       0.000
       0.000       0.000       0.000       0.000       0.000       0.000       0.000       0.000       0.000       0.000
       0.000       0.000       0.000       0.000       0.000       0.000       0.000       0.000       0.000       0.000
       0.000       0.000       0.000       0.000       0.000       0.000       0.000       0.000       0.000       0.000
       0.000       0.000       0.000       0.000       0.000       0.000       0.000       0.000       0.000       0.000
       0.000       0.000       0.000       0.000       0.000       0.000       0.000       0.000       0.000       0.000
       0.000       0.000       0.000       0.000       0.000       0.000       0.000       0.000       0.000       0.000
       0.000       0.000       0.000       0.000       0.000       0.000       0.000       0.000       0.000       0.000
       0.000       0.000       0.000       0.000       0.000       0.000       0.000       0.000       0.000       0.000
       0.000       0.000       0.000       0.000       0.000       0.000       0.000       0.000       0.000       0.000
       0.000       0.000       0.000       0.000       0.000       0.000       0.000       0.000       0.000       0.000
       0.000       0.000       0.000       0.000       0.000       0.000       0.000       0.000       0.000       0.000
       0.000       0.000       0.000       0.000       0.000       0.000       0.000       0.000       0.000       0.000
       0.000       0.000       0.000       0.000       0.000       0.000       0.000       0.000       0.000       0.000
       0.000       0.000       0.000       0.000       0.000       0.000       0.000       0.000       0.000       0.000
       0.000       0.000       0.000       0.000       0.000       0.000       0.000       0.000       0.000       0.000
       0.000       0.000       0.000       0.000       0.000       0.000       0.000       0.000       0.000       0.000
       0.000       0.000       0.000       0.000       0.000       0.000       0.000       0.000       0.000       0.000
       0.000       0.000       0.000       0.000       0.000       0.000       0.000       0.000       0.000       0.000
       0.000       0.000       0.000       0.000       0.000       0.000       0.000       0.000       0.000       0.000
       0.000       0.000       0.000       0.000       0.000       0.000       0.000       0.000       0.000       0.000
       0.000       0.000       0.000       0.000       0.000       0.000       0.000       0.000       0.000       0.000
       0.000       0.000       0.000       0.000       0.000       0.000       0.000       0.000       0.000       0.000
       0.000       0.000       0.000       0.000       0.000       0.000       0.000       0.000       0.000       0.000
       0.000       0.000       0.000       0.000       0.000       0.000       0.000       0.000       0.000       0.000
       0.000       0.000       0.000       0.000       0.000       0.000       0.000       0.000       0.000       0.000
       0.000       0.000       0.000       0.000       0.000       0.000       0.000       0.000       0.000       0.000
       0.000       0.000       0.000       0.000       0.000       0.000       0.000       0.000       0.000       0.000
       0.000       0.000       0.000       0.000       0.000       0.000       0.000       0.000       0.000       0.000
       0.000       0.000       0.000       0.000       0.000       0.000       0.000       0.000       0.000       0.000
       0.000       0.000       0.000       0.000       0.000       0.000       0.000       0.000       0.000       0.000
       0.000       0.000       0.000       0.000       0.000       0.000       0.000       0.000       0.000       0.000
       0.000       0.000       0.000       0.000       0.000       0.000       0.000       0.000       0.000       0.000
       0.000       0.000       0.000       0.000       0.000       0.000       0.000       0.000       0.000       0.000
       0.000       0.000       0.000       0.000       0.000       0.000       0.000       0.000       0.000       0.000
       0.000       0.000       0.000       0.000       0.000       0.000       0.000       0.000       0.000       0.000
       0.000       0.000       0.000       0.000       0.000       0.000       0.000       0.000       0.000       0.000
       0.000       0.000       0.000       0.000       0.000       0.000       0.000       0.000       0.000       0.000
       0.000       0.000       0.000       0.000       0.000       0.000       0.000       0.000       0.000       0.000
       0.000       0.000       0.000       0.000       0.000       0.000       0.000       0.000       0.000       0.000
       0.000       0.000       0.000       0.000       0.000       0.000       0.000       0.000       0.000       0.000
       0.000       0.000       0.000       0.000       0.000       0.000       0.000       0.000       0.000       0.000
       0.000       0.000       0.000       0.000       0.000       0.000       0.000       0.000       0.000       0.000
       0.000       0.000       0.000       0.000       0.000       0.000       0.000       0.000       0.000       0.000
       0.000       0.000       0.000       0.000       0.000       0.000       0.000       0.000       0.000       0.000
       0.000       0.000       0.000       0.000       0.000       0.000       0.000       0.000       0.000       0.000
       0.000       0.000       0.000       0.000       0.000       0.000       0.000       0.000       0.000       0.000
       0.000       0.000       0.000       0.000       0.000       0.000       0.000       0.000       0.000       0.000
       0.000       0.000       0.000       0.000       0.000       0.000       0.000       0.000       0.000       0.000
       0.000       0.000       0.000       0.000       0.000       0.000       0.000       0.000       0.000       0.000
       0.000       0.000       0.000       0.000       0.000       0.000       0.000       0.000       0.000       0.000
       0.000       0.000       0.000       0.000       0.000       0.000       0.000       0.000       0.000       0.000
       0.000       0.000       0.000       0.000       0.000       0.000       0.000       0.000       0.000       0.000
       0.000       0.000       0.000       0.000       0.000       0.000       0.000       0.000       0.000       0.000
       0.000       0.000       0.000       0.000       0.000       0.000       0.000       0.000       0.000       0.000
       0.000       0.000       0.000       0.000       0.000       0.000       0.000       0.000       0.000       0.000
       0.000       0.000       0.000       0.000       0.000       0.000       0.000       0.000       0.000       0.000
       0.000       0.000       0.000       0.000       0.000       0.000       0.000       0.000       0.000       0.000
       0.000       0.000       0.000       0.000       0.000       0.000       0.000       0.000       0.000       0.000
       0.000       0.000       0.000       0.000       0.000       0.000       0.000       0.000       0.000       0.000
       0.000       0.000       0.000       0.000       0.000       0.000       0.000       0.000       0.000       0.000
       0.000       0.000       0.000       0.000       0.000       0.000       0.000       0.000       0.000       0.000
       0.000       0.000       0.000       0.000       0.000       0.000       0.000       0.000       0.000       0.000
       0.000       0.000       0.000       0.000       0.000       0.000       0.000       0.000       0.000       0.000
       0.000       0.000       0.000       0.000       0.000       0.000       0.000       0.000       0.000       0.000
       0.000       0.000       0.000       0.000       0.000       0.000       0.000       0.000       0.000       0.000
       0.000       0.000       0.000       0.000       0.000       0.000       0.000       0.000       0.000       0.000
       0.000       0.000       0.000       0.000       0.000       0.000       0.000       0.000       0.000       0.000
       0.000       0.000       0.000       0.000       0.000       0.000       0.000       0.000       0.000       0.000
       0.000       0.000       0.000       0.000       0.000       0.000       0.000       0.000       0.000       0.000
       0.000       0.000       0.000       0.000       0.000       0.000       0.000       0.000       0.000       0.000
       0.000       0.000       0.000       0.000       0.000       0.000       0.000       0.000       0.000       0.000
       0.000       0.000       0.000       0.000       0.000       0.000       0.000       0.000       0.000       0.000
       0.000       0.000       0.000       0.000       0.000       0.000       0.000       0.000       0.000       0.000
       0.000       0.000       0.000       0.000       0.000       0.000       0.000       0.000       0.000       0.000
       0.000       0.000       0.000       0.000       0.000       0.000       0.000       0.000