        2048     0.02000
       0.082       0.082       0.082       0.094       0.082       0.082       0.129       0.086       0.083       0.109
       0.089       0.094       0.228       0.132       0.104       0.175       0.178       0.220       0.490      -0.016
      -0.076       0.030       0.522       0.773       0.140       0.129       0.448       0.245       0.193       0.487
       0.226       0.185       0.652       0.421       0.345       0.957       0.439       0.465       1.694       2.070
       0.908      -0.603       0.223       1.941       2.613       1.498       0.461       0.002       2.198       2.005
       0.031      -2.553      -3.453      -0.765       2.195       4.037       1.411       1.234       2.637       2.345
       1.817       2.532       2.035       1.985       3.879       4.914       4.991       4.709       2.827       3.960
       6.488       4.676       3.702       3.889       3.548       5.130       7.633       3.442       3.421       7.226
       8.449       6.308       6.479       2.477      -0.783      -2.193      -3.139      -6.126      -8.868     -10.273
      -8.354      -2.810       1.289      -0.645      -0.821       4.824      11.203      12.383       6.195      -1.777
      -4.744       1.538       6.353       2.584      -1.992      -1.847       2.856      10.030      15.331      12.338
       6.789       4.830       8.252       9.702       3.815      -7.609     -12.521      -6.527      -8.440     -15.768
     -18.744     -12.675      -6.474       0.545      -2.444      -3.659      -3.277      -3.712      -3.493      -0.641
      -0.303      -1.633      -0.423      10.986      22.222      23.908      18.893      14.506      15.532      11.786
       0.745      -6.324      -3.969       6.687      16.518       9.632      -4.347     -10.874      -9.886     -15.782
     -23.487     -27.131     -30.123     -24.358      -3.736      19.259      29.031      23.138      13.497      20.291
      30.099      22.200       2.986      -6.653      -6.434      -5.727      -3.521       0.633       1.860       2.022
       3.232       5.676      13.569      14.176       5.550      -0.598       1.760       6.049       8.963       6.397
       4.697      -2.099     -19.848     -35.775     -32.174      -2.589      30.809      34.796      10.600     -13.736
     -23.918     -19.081     -18.401     -21.315     -30.814     -40.371     -29.886     -10.347      -3.547      -9.083
     -18.869      -0.830      31.551      37.650      20.238       2.784       0.916      -5.114     -13.117      -3.295
       5.889       7.182       8.306       9.093      21.621      16.752      -7.858     -11.542       1.945       8.611
      -6.180     -27.690     -25.355      -9.305      -6.369     -19.509     -31.641     -21.319      -8.863      -8.942
     -11.620     -10.275      -0.810      15.869      31.544      33.019      19.994       8.851       9.891      10.726
      -0.847     -24.491     -32.865     -15.647       3.407      -0.947     -14.265     -23.553     -14.662       7.190
       5.768     -12.758     -40.726     -67.175     -65.919     -40.611      -1.048       9.022     -30.008     -38.918
     -10.645      34.018      71.846      56.095      19.232       0.580      -4.119       0.486       1.291      19.343
      41.118      20.449     -29.930     -79.388     -79.935     -45.499     -31.148     -21.148      -5.254      -0.505
      -4.810     -14.710      -3.694      12.190       6.835      10.243      13.046      16.091      20.739      -1.747
     -28.926     -24.310      -7.675      -9.859     -37.786     -56.089     -55.755     -57.888     -47.681     -25.891
     -19.900     -15.236      -7.273      -2.874      22.005      30.498      29.102      66.679     103.752      78.871
      12.636     -27.836     -16.368       6.059      18.631      -5.183     -30.870      -4.462       9.344       6.325
      14.599       1.107     -23.738     -47.022     -62.464     -48.245     -31.565      -6.412      14.431      22.091
      33.956      17.728     -15.344     -38.324     -61.724     -62.932     -68.694     -90.281     -80.664     -47.351
       3.342      41.757      51.993      60.040      57.164      49.968      50.257      34.864       1.942     -28.506
     -39.247     -38.896     -46.825     -32.917       2.806      12.695       0.032      -4.846     -12.470      -6.179
      14.192      24.216      27.506       5.620     -47.179     -92.785     -87.984     -51.963     -44.937     -50.434
     -41.967     -41.013     -26.017     -26.710     -42.182     -32.801     -21.749      -3.400      21.405      21.876
       8.547     -17.239     -11.803      19.265      -0.301     -18.419     -17.315     -26.654     -25.535     -32.423
     -52.218     -43.657     -14.012      -0.502     -21.995     -24.689      -0.264       6.244     -10.002     -50.867
     -77.859     -69.966     -62.308     -44.027       9.282      57.948      62.889      23.885     -10.233     -18.340
     -30.353     -53.784     -64.105     -39.497      17.523      54.788      41.267      26.893      14.739     -13.426
     -48.780     -72.365     -63.300     -40.063     -36.718     -43.155     -70.346    -106.475    -112.918     -94.802
     -56.342      -7.989      24.965      21.466      -4.624     -20.134     -10.240      23.211      59.353      43.143
      18.113      11.368     -20.834     -48.814     -39.921      -8.665       9.703     -16.656     -50.301     -59.926
     -39.189      11.877      39.878      42.917      16.181     -36.305     -39.399       5.388      18.346      -5.337
      -3.079      38.897      52.851      20.500      -8.011      -1.571      21.510      10.793     -17.190     -21.049
     -17.276     -25.915     -28.441     -10.165      10.415       9.815      -7.473     -31.274     -75.267    -112.000
    -112.918     -79.067     -34.835      26.578      38.121       9.752     -25.713     -43.547     -20.712       6.747
     -10.623     -51.878     -83.242     -72.970     -42.873     -34.559     -25.525     -15.539     -11.215     -15.458
     -24.336     -24.911     -27.601     -24.319      -5.293       2.324      15.531      32.476      27.196       5.950
     -19.302     -22.686       5.605      37.097      40.747      34.608      21.444     -27.225     -81.805     -89.870
     -84.958     -86.195     -75.744     -54.835     -30.638       1.180      39.042      59.551      55.571      42.990
      27.948       6.091     -13.155     -28.014     -14.566      32.304      56.765      19.230     -40.908     -83.024
     -76.394     -17.385      23.645      19.476      27.923      53.335      60.958      48.714      27.375      32.106
      42.757      19.238     -17.419     -26.311     -18.667     -23.604     -36.158     -14.954      41.583      65.083
      27.665       0.224      11.186      20.150      16.691      -0.613      -4.510      -3.133     -37.039     -70.705
     -61.409     -26.348       5.402      -6.472     -44.309     -48.967     -25.199      -0.892      29.679      65.640
      79.347      59.995      18.039       0.369      15.755       4.019     -31.781     -28.208       0.053       2.241
     -18.177     -12.132      20.494      28.892      36.530      58.195      55.639      18.444     -27.606     -37.699
      -7.304      -3.042     -31.270     -36.639      -2.262      19.566       8.447      -0.635      -8.931      -5.046
       1.272     -16.912     -20.593      14.074      49.146      62.069      49.762      31.129      12.662       1.203
      -2.263      -3.471       0.621      -2.665     -13.473       2.805      34.821      31.468      18.212      28.113
      32.683      10.688     -30.249     -54.991     -15.032      38.232      62.711      96.639     113.082      75.145
      20.963      -4.543      -1.361      -6.746     -33.555     -35.986      -6.741      13.274     -13.098     -53.173
     -59.912     -47.417     -37.053     -24.379     -15.499     -24.822     -42.260     -43.691     -26.367      -5.065
      -0.493     -27.645     -29.474      -0.768       4.114       1.620      29.212      67.310      89.327      74.298
      44.057      33.652      25.228      -1.842     -29.066     -33.375     -35.707     -43.752     -36.081      -7.446
       7.006      -3.001     -15.541      -5.650      14.016       7.220     -29.049     -41.261      -4.727      43.796
      69.751      55.592      16.549      -9.616      -3.754      10.525      19.491      27.983      26.970      15.296
       2.739     -14.253     -11.931       7.371      13.762      20.190      17.743     -16.347     -66.435     -81.666
     -47.099      -8.025      18.499      42.864      42.599      37.509      37.759      31.735      42.997      52.652
      33.531       9.871      -9.596     -40.720     -54.727     -31.451       1.107      12.085       9.128     -11.660
     -25.605      -8.822      13.914      25.369      32.392      27.388      16.145      19.836      24.209      16.213
       8.458      11.330      12.869      13.506       8.131       2.744       7.064      25.026      34.772      28.192
       8.315     -21.220     -31.552     -12.716       5.432      15.029      19.015      17.401      33.128      49.465
      40.715      20.614      13.736      16.006      21.387      21.778       6.954      -7.191      -6.752     -13.120
     -28.000     -27.995     -24.804     -22.331     -12.183      -6.397     -20.737     -36.495     -37.407     -24.145
      -2.834       6.141      -9.843     -12.235      14.613      28.549      24.216      17.435      12.177      11.819
      20.033      22.962      21.601      17.059      13.201      20.415      38.876      35.331      -1.545     -29.209
     -21.274      -9.537     -19.051     -30.725     -35.128     -25.122      -8.442      -1.330      -8.191     -12.817
     -14.102      -7.770       6.257      12.122       3.026       1.402       7.800       6.388      -0.242     -10.910
     -14.324       0.416      19.735      21.133       9.891      -0.861       5.371      15.097       9.109      -7.085
     -19.302     -25.109     -21.211      -2.206      16.910      21.264      20.534      31.200      42.312      41.011
      23.645      15.603      38.151      69.400      62.458      27.900       1.093     -16.592     -20.471      -7.168
       2.134      -0.217      -2.471      -8.663     -10.708      -4.571      -3.233      -9.505       2.866      18.245
      12.041       0.634      -1.931       2.484      22.011      42.321      41.597      33.662      24.746       8.217
      -9.936     -18.237     -24.853     -21.347      -3.314      11.378       6.359      -9.504     -25.400     -21.582
       4.064      16.621      -0.416     -22.690     -21.375       1.302      27.339      39.754      39.976      32.628
      23.042       7.677      -7.704     -14.176      -7.308      11.117      29.097      31.248      15.614      -3.159
     -12.303      -2.418      12.333      17.048       8.769       0.847      -0.153       7.824      13.494       9.595
       2.952       4.398       8.143       8.685       9.394       7.179       9.850      19.585      26.056      20.829
      14.555      10.636      13.878      19.195      18.054       5.354      -1.467       7.423      11.760       1.031
      -8.898      -7.983       4.871      23.298      23.650      12.314       2.626      -6.386     -12.343      -1.712
      11.667      10.193       0.474      -1.190       6.020      16.268      15.692       4.061       8.118      23.241
      26.373      19.203      15.213       9.875       6.568       6.000       2.876      -6.181     -12.705     -12.240
      -6.234       0.615      -2.318      -3.732      10.902      25.892      22.470      14.747       9.021      10.864
      15.877      15.363       5.902      -6.106     -16.796     -16.596      -3.902       6.832       5.805       0.624
       0.726      -1.313      -5.409     -10.221      -8.947      -0.351      11.897      17.031      16.146       9.540
       6.143      11.363      17.838      15.026       4.856       2.941      12.274      25.198      31.879      26.415
      13.511      10.784      11.796      11.582       7.777       1.935      -0.120       4.698       9.105      10.228
      10.440       9.422       7.094       5.374       6.712       3.388       0.471       2.244       7.595       9.631
       6.631      -0.985      -4.128      -1.325      -0.078      -5.146     -10.921     -11.620     -11.751      -6.827
      -3.005      -6.555     -10.420      -4.582       1.586       5.044      -0.247     -11.040     -15.047      -8.168
      -1.155       4.305      10.848      13.138      11.782      11.753      13.842       9.523       5.849       4.578
       6.793       8.718       3.966      -5.324      -3.947       2.248       2.656      -2.136      -7.534      -9.678
      -6.451       2.284       7.040       7.716       4.838       2.790       5.240      11.419      11.001       9.967
      13.049      19.290      21.618      14.096       2.816      -2.406      -0.803      -0.113      -1.768      -5.051
      -7.329      -8.908      -5.388      -6.205     -10.571     -11.523      -7.942      -2.226       4.641       6.615
       3.717       2.188       3.184       7.788       9.929       4.501      -6.217      -6.844      -1.751      -1.202
      -6.420      -8.549      -7.712      -3.843      -1.082      -1.906      -3.412      -3.418      -1.591      -0.293
      -0.407      -4.021      -6.781      -4.367       3.278       5.325       3.681       1.862       1.635       3.771
       6.716       6.835       5.934       6.219       7.234       8.235       5.582       0.804      -3.367      -2.603
      -0.816      -0.794      -2.300      -2.279      -1.661       0.525       2.424       1.594      -0.815      -1.621
      -0.171       0.525      -0.316      -2.797      -2.884      -0.771       1.074       0.278      -1.334      -3.337
      -3.333      -1.971      -0.903      -0.611      -0.684      -0.297       0.626       1.058      -0.700      -2.312
      -2.762      -1.770      -1.002      -0.208       0.099       1.016       2.196       3.094       2.863       2.110
       1.290       0.954       1.394       1.498       0.972       0.227       0.077       0.013       0.107      -0.187
      -0.607      -0.760      -0.344      -0.029       0.107       0.075      -0.015       0.034       0.115       0.084
      -0.023      -0.035       0.000       0.000       0.000       0.000       0.000       0.000       0.000       0.000
       0.000       0.000       0.000       0.000       0.000       0.000       0.000       0.000       0.000       0.000
       0.000       0.000       0.000       0.000       0.000       0.000       0.000       0.000       0.000       0.000
       0.000       0.000       0.000       0.000       0.000       0.000       0.000       0.000       0.000       0.000
       0.000       0.000       0.000       0.000       0.000       0.000       0.000       0.000       0.000       0.000
       0.000       0.000       0.000       0.000       0.000       0.000       0.000       0.000       0.000       0.000
       0.000       0.000       0.000       0.000       0.000       0.000       0.000       0.000       0.000       0.000
       0.000       0.000       0.000       0.000       0.000       0.000       0.000       0.000       0.000       0.000
       0.000       0.000       0.000       0.000       0.000       0.000       0.000       0.000       0.000       0.000
       0.000       0.000       0.000       0.000       0.000       0.000       0.000       0.000       0.000       0.000
       0.000       0.000       0.000       0.000       0.000       0.000       0.000       0.000       0.000       0.000
       0.000       0.000       0.000       0.000       0.000       0.000       0.000       0.000       0.000       0.000
       0.000       0.000       0.000       0.000       0.000       0.000       0.000       0.000       0.000       0.000
       0.000       0.000       0.000       0.000       0.000       0.000       0.000       0.000       0.000       0.000
       0.000       0.000       0.000       0.000       0.000       0.000       0.000       0.000       0.000       0.000
       0.000       0.000       0.000       0.000       0.000       0.000       0.000       0.000       0.000       0.000
       0.000       0.000       0.000       0.000       0.000       0.000       0.000       0.000       0.000       0.000
       0.000       0.000       0.000       0.000       0.000       0.000       0.000       0.000       0.000       0.000
       0.000       0.000       0.000       0.000       0.000       0.000       0.000       0.000       0.000       0.000
       0.000       0.000       0.000       0.000       0.000       0.000       0.000       0.000       0.000       0.000
       0.000       0.000       0.000       0.000       0.000       0.000       0.000       0.000       0.000       0.000
       0.000       0.000       0.000       0.000       0.000       0.000       0.000       0.000       0.000       0.000
       0.000       0.000       0.000       0.000       0.000       0.000       0.000       0.000       0.000       0.000
       0.000       0.000       0.000       0.000       0.000       0.000       0.000       0.000       0.000       0.000
       0.000       0.000       0.000       0.000       0.000       0.000       0.000       0.000       0.000       0.000
       0.000       0.000       0.000       0.000       0.000       0.000       0.000       0.000       0.000       0.000
       0.000       0.000       0.000       0.000       0.000       0.000       0.000       0.000       0.000       0.000
       0.000       0.000       0.000       0.000       0.000       0.000       0.000       0.000       0.000       0.000
       0.000       0.000       0.000       0.000       0.000       0.000       0.000       0.000       0.000       0.000
       0.000       0.000       0.000       0.000       0.000       0.000       0.000       0.000       0.000       0.000
       0.000       0.000       0.000       0.000       0.000       0.000       0.000       0.000       0.000       0.000
       0.000       0.000       0.000       0.000       0.000       0.000       0.000       0.000       0.000       0.000
       0.000       0.000       0.000       0.000       0.000       0.000       0.000       0.000       0.000       0.000
       0.000       0.000       0.000       0.000       0.000       0.000       0.000       0.000       0.000       0.000
       0.000       0.000       0.000       0.000       0.000       0.000       0.000       0.000       0.000       0.000
       0.000       0.000       0.000       0.000       0.000       0.000       0.000       0.000       0.000       0.000
       0.000       0.000       0.000       0.000       0.000       0.000       0.000       0.000       0.000       0.000
       0.000       0.000       0.000       0.000       0.000       0.000       0.000       0.000       0.000       0.000
       0.000       0.000       0.000       0.000       0.000       0.000       0.000       0.000       0.000       0.000
       0.000       0.000       0.000       0.000       0.000       0.000       0.000       0.000       0.000       0.000
       0.000       0.000       0.000       0.000       0.000       0.000       0.000       0.000       0.000       0.000
       0.000       0.000       0.000       0.000       0.000       0.000       0.000       0.000       0.000       0.000
       0.000       0.000       0.000       0.000       0.000       0.000       0.000       0.000       0.000       0.000
       0.000       0.000       0.000       0.000       0.000       0.000       0.000       0.000       0.000       0.000
       0.000       0.000       0.000       0.000       0.000       0.000       0.000       0.000       0.000       0.000
       0.000       0.000       0.000       0.000       0.000       0.000       0.000       0.000       0.000       0.000
       0.000       0.000       0.000       0.000       0.000       0.000       0.000       0.000       0.000       0.000
       0.000       0.000       0.000       0.000       0.000       0.000       0.000       0.000       0.000       0.000
       0.000       0.000       0.000       0.000       0.000       0.000       0.000       0.000       0.000       0.000
       0.000       0.000       0.000       0.000       0.000       0.000       0.000       0.000       0.000       0.000
       0.000       0.000       0.000       0.000       0.000       0.000       0.000       0.000       0.000       0.000
       0.000       0.000       0.000       0.000       0.000       0.000       0.000       0.000       0.000       0.000
       0.000       0.000       0.000       0.000       0.000       0.000       0.000       0.000       0.000       0.000
       0.000       0.000       0.000       0.000       0.000       0.000       0.000       0.000       0.000       0.000
       0.000       0.000       0.000       0.000       0.000       0.000       0.000       0.000       0.000       0.000
       0.000       0.000       0.000       0.000       0.000       0.000       0.000       0.000       0.000       0.000
       0.000       0.000       0.000       0.000       0.000       0.000       0.000       0.000       0.000       0.000
       0.000       0.000       0.000       0.000       0.000       0.000       0.000       0.000       0.000       0.000
       0.000       0.000       0.000       0.000       0.000       0.000       0.000       0.000       0.000       0.000
       0.000       0.000       0.000       0.000       0.000       0.000       0.000       0.000       0.000       0.000
       0.000       0.000       0.000       0.000       0.000       0.000       0.000       0.000       0.000       0.000
       0.000       0.000       0.000       0.000       0.000       0.000       0.000       0.000       0.000       0.000
       0.000       0.000       0.000       0.000       0.000       0.000       0.000       0.000       0.000       0.000
       0.000       0.000       0.000       0.000       0.000       0.000       0.000       0.000       0.000       0.000
       0.000       0.000       0.000       0.000       0.000       0.000       0.000       0.000       0.000       0.000
       0.000       0.000       0.000       0.000       0.000       0.000       0.000       0.000       0.000       0.000
       0.000       0.000       0.000       0.000       0.000       0.000       0.000       0.000       0.000       0.000
       0.000       0.000       0.000       0.000       0.000       0.000       0.000       0.000       0.000       0.000
       0.000       0.000       0.000       0.000       0.000       0.000       0.000       0.000       0.000       0.000
       0.000       0.000       0.000       0.000       0.000       0.000       0.000       0.000       0.000       0.000
       0.000       0.000       0.000       0.000       0.000       0.000       0.000       0.000       0.000       0.000
       0.000       0.000       0.000       0.000       0.000       0.000       0.000       0.000       0.000       0.000
       0.000       0.000       0.000       0.000       0.000       0.000       0.000       0.000       0.000       0.000
       0.000       0.000       0.000       0.000       0.000       0.000       0.000       0.000       0.000       0.000
       0.000       0.000       0.000       0.000       0.000       0.000       0.000       0.000       0.000       0.000
       0.000       0.000       0.000       0.000       0.000       0.000       0.000       0.000       0.000       0.000
       0.000       0.000       0.000       0.000       0.000       0.000       0.000       0.000       0.000       0.000
       0.000       0.000       0.000       0.000       0.000       0.000       0.000       0.000       0.000       0.000
       0.000       0.000       0.000       0.000       0.000       0.000       0.000       0.000       0.000       0.000
       0.000       0.000       0.000       0.000       0.000       0.000       0.000       0.000       0.000       0.000
       0.000       0.000       0.000       0.000       0.000       0.000       0.000       0.000       0.000       0.000
       0.000       0.000       0.000       0.000       0.000       0.000       0.000       0.000       0.000       0.000
       0.000       0.000       0.000       0.000       0.000       0.000       0.000       0.000       0.000       0.000
       0.000       0.000       0.000       0.000       0.000       0.000       0.000       0.000       0.000       0.000
       0.000       0.000       0.000       0.000       0.000       0.000       0.000       0.000       0.000       0.000
       0.000       0.000       0.000       0.000       0.000       0.000       0.000       0.000