        4096     0.02000
      -0.006      -0.006      -0.006      -0.007      -0.006      -0.006      -0.009      -0.006      -0.006      -0.013
      -0.006      -0.006      -0.019      -0.006      -0.006       0.013      -0.007      -0.008      -0.035      -0.009
      -0.007      -0.026      -0.009      -0.007      -0.032      -0.015      -0.015      -0.070      -0.037       0.003
      -0.039      -0.023      -0.032       0.011       0.010       0.032       0.062       0.040       0.018      -0.032
      -0.043      -0.045      -0.084      -0.086      -0.065      -0.183      -0.039       0.003       0.123       0.091
       0.073       0.221       0.018      -0.030      -0.123      -0.270      -0.082       0.060       0.196       0.108
       0.072       0.223       0.130       0.109       0.351       0.056      -0.069      -0.398      -0.406      -0.288
      -0.124       0.293       0.446       0.167       0.370       0.303      -0.074      -0.316      -0.052      -0.112
      -0.333      -0.090       0.115       0.322       0.210       0.235       0.369       0.222       0.224       0.320
       0.255       0.403       0.732       0.540       0.244       0.102      -0.179      -0.241       0.268      -0.080
      -0.291      -0.255      -0.313      -0.040       0.374       0.955       0.932       0.519       0.122      -0.587
      -1.062      -0.727      -0.287      -0.909      -1.140      -0.238      -0.037      -0.390      -0.181      -0.793
      -1.216      -1.192      -0.534       0.057       0.845       1.357       0.629      -0.738      -1.223      -1.343
      -0.816      -0.181       1.046       1.107       0.399       0.162       0.043       0.188       1.250       1.102
       0.454      -0.274      -0.084       0.244      -0.361       0.047       0.017      -1.282      -1.213      -0.906
      -0.006       0.265      -0.506      -1.384      -1.501      -0.733       0.552       1.445       1.212       0.346
      -1.013      -2.156      -2.296      -2.109      -1.130       0.735       0.601      -0.030      -0.630       0.314
       0.829      -0.991      -1.166      -1.676      -0.310       0.028      -0.241       0.961       0.544      -1.165
      -0.688      -0.969       0.161       0.679       0.747       0.609      -0.268       0.233      -0.101       0.570
       2.512       2.134       1.174       1.965      -0.042      -0.770      -0.611      -2.254      -2.201      -1.055
      -1.091      -0.608       0.102       0.838       1.667       1.145       0.109      -0.415      -1.101      -2.074
      -1.360      -1.960      -0.653      -0.307       1.215       2.245       2.987       3.062       3.096       2.162
       3.000       2.539       1.357      -0.236      -1.183       0.223      -0.221       1.704       1.029      -1.381
      -2.087      -2.924      -0.656       2.245       3.523       4.254       2.375       0.403      -1.684      -4.825
      -4.990      -4.097      -4.444      -3.543      -0.629       1.006       2.469       1.413       1.194       0.753
      -0.514       1.215       1.955       0.007      -2.180      -4.073      -5.723      -4.904      -1.325       1.590
       3.798       5.936       5.895       5.118       4.243       3.986       0.553      -0.904       0.787       0.852
       2.019       1.528       0.819       1.336       1.351       2.628       1.399       1.216       2.192       1.184
       0.772      -2.853      -4.652      -6.313      -6.039      -2.263      -3.499      -2.523      -0.658       3.003
       3.892       2.344       2.114      -0.329      -0.330       1.222      -0.527       1.490       3.097      -0.772
      -3.312      -4.924      -1.904       1.372       0.854      -1.600      -2.654      -6.969      -8.282      -6.652
      -4.071       1.092       3.168       2.404       4.668       4.871       4.520       3.526       1.039      -0.850
      -4.285      -2.247      -1.084       0.481       1.291      -2.410      -0.294       2.452       5.709       6.167
       5.242       3.009      -2.712      -5.604      -3.886      -2.388      -3.605      -1.999       0.006       3.323
       1.237      -2.423      -4.361      -6.468      -4.015       0.778       3.371       8.059       9.781       9.952
       3.912      -0.475      -2.441      -6.507      -9.345     -11.000      -6.512      -1.082       4.278       5.305
       6.044       6.777       6.814      11.489      10.846       5.263       3.435       1.224      -6.430      -9.490
     -11.949     -11.956      -9.008      -4.059       2.015       5.482       7.074       3.261       2.493       5.991
       3.426       2.122       3.591      -1.920      -6.724      -9.486      -5.224      -3.894       2.664       8.416
       6.716       2.973      -2.587      -3.625      -0.271       4.778       1.314       2.018       5.185       3.454
       3.862       4.487      -3.312     -11.112     -14.245     -10.695      -6.051       1.191       9.867       6.901
       3.200       0.554      -4.961      -1.354       7.484       9.854       8.471       1.563      -1.620      -3.323
      -6.428      -1.306      -5.197      -6.891      -2.686       4.208       9.973       9.966       0.691      -2.224
      -3.472       0.679      11.104      15.399      11.786       4.035      -1.412      -9.784     -15.607     -12.471
      -8.441      -1.854       4.782       0.966      -4.371      -9.032      -3.986       1.904      -0.143       5.806
      12.967      13.402       9.925       0.189      -3.569      -3.987     -11.796      -9.536      -5.311      -3.787
       5.338       6.654      11.148      12.101       9.109      12.144       6.587      -2.924      -8.767     -10.237
     -12.005     -12.091     -10.721      -7.975      -7.916      -7.109       1.864      10.680      14.808      16.699
       9.459      12.874      17.568      11.222       2.718      -9.137     -19.650     -18.981      -9.246      -3.404
      -3.784       2.234       0.542      -5.220      -1.841       6.179      14.024       8.774      -3.360     -11.003
     -12.465     -16.149     -11.684      -4.406      -5.043      -9.829      -0.108       5.050       8.437      19.983
      22.684      14.525       3.726      -6.356     -10.394      -8.702       2.213      10.079       9.428       5.351
       9.649      13.459      12.330       5.803       1.021      -6.961     -14.165     -15.855      -4.477      -4.628
      -4.120       2.537       3.823       7.664      10.893       8.868       2.536       5.470      -5.322      -7.231
     -10.101     -13.460     -14.400     -18.802     -19.013     -13.402      -3.901      12.207      18.081       9.080
      10.229       2.244      -5.806      -3.810       0.078       4.349      -0.601       1.342       2.938      -7.822
      -9.669       2.276       9.117       6.880      12.362      13.249      -0.251      -6.469      -3.507       3.830
       1.462     -11.444     -14.701      -7.061      -0.295      10.390       2.889      -0.418       2.890      -5.210
       1.378      -2.837       3.825       9.810       7.894      -2.429     -16.848     -13.579     -11.013      -1.465
       1.534      -9.627      -5.526      -2.853      -6.583      -0.504      -4.027       3.800      10.562      17.333
      10.572       6.569      13.831       5.572      -8.840      -4.604      -3.442      -8.511       3.521       0.568
      -3.421       2.607       1.489      13.917      25.547      20.301      13.614       5.807     -12.557      -7.545
     -10.630     -15.840     -15.498     -23.688     -15.480       4.078       4.664       6.031      10.945      -4.729
     -22.747     -24.167     -12.787       8.301      28.166      26.303      19.800       6.559       6.329       7.069
       1.071      -8.314     -16.980      -6.741       8.788      20.509      12.497      -5.949     -24.155     -28.171
     -26.858     -16.877      -0.665      17.896      15.565      19.097      20.961       8.219       5.433      -0.743
       7.599       3.457      -8.430     -18.886     -23.429      -6.238      10.934       4.176      -3.774     -18.279
      -9.633       5.852      10.123       7.894     -12.149     -18.902     -18.315     -14.320     -19.102     -21.945
     -13.533      -5.550      -1.759       8.471      13.826      23.349      34.172      37.159      20.450       0.499
      -6.043     -19.870     -18.355       5.031      20.283      17.216      17.761      11.325      -2.147      -9.586
      -0.083      -2.040      -6.563       5.050      -5.250     -13.980     -11.978      -3.824      14.101       7.141
       3.930      -2.091     -11.113       2.071      19.419      17.754       5.364      -8.397     -12.939     -12.597
       4.442       6.214      -2.906      -9.054       5.602      22.130      22.068      11.630      -0.423     -18.745
     -28.301     -16.784     -20.523     -17.604      -1.247       8.989      -4.347     -13.073     -11.192      -0.609
      10.276       1.593      -5.639       2.871      17.663      15.385      -3.084     -13.972     -16.503     -12.803
       8.751      11.230      -2.330     -10.525     -11.314     -10.843       1.099      14.247       8.694      -2.681
       7.710      10.980       3.866      -7.542     -20.170     -18.132       2.958      14.594      21.321      15.617
      15.096      20.404      16.980      22.385       7.646      -3.652      11.502      10.968       8.642       6.245
     -10.444     -21.668     -19.745      -3.914      -1.987      -0.683      11.992      18.361       6.434      -9.561
     -21.614     -21.004     -19.169     -22.304      -6.552      16.394      32.208      30.425      20.729       6.821
      -6.303     -10.374      -0.236       2.386      11.064       4.328      -1.691     -19.685     -29.059     -17.302
     -18.969      -9.910       0.866       8.271       2.696       9.453      25.808      29.817      21.399       4.730
     -11.480     -15.251       1.409       7.634      -2.376      -5.607      -8.894     -13.313     -10.877     -18.675
     -15.860      -3.155      -0.674     -14.966     -10.309       8.690      23.286      24.027      26.046      16.698
       6.530      -4.618     -22.009     -29.137     -13.914       3.435       1.570       7.505       9.872      -2.302
       3.218      13.471       9.365      -1.127      -8.753      -3.466      14.613      21.277      10.441      -0.542
      -6.593     -19.675     -16.873     -21.149     -12.990       2.217      -3.490      -6.192       0.106      16.103
      29.702      22.178      18.441       6.000     -16.829     -32.806     -35.161     -21.620      -4.632      11.941
      19.870       8.648      -9.242     -10.492      -4.993       2.589      21.330      14.103       3.662      -8.150
     -16.046     -24.889     -16.560      -6.621       3.064      12.097      20.663      25.610      23.913      16.482
       5.610       5.354     -10.630     -20.614     -17.275      -3.927      -1.155      -8.365       3.844      10.364
      14.599      18.417       1.196      -6.641     -11.583     -28.078     -29.878     -16.674      10.481      24.983
      22.927       2.555     -19.073     -28.225     -15.160     -10.063     -15.842      -4.321       1.136      10.913
      19.443      12.206      -5.658      -8.674     -11.164      -5.614       0.239       9.250       6.935       6.951
      21.820      24.697       9.982      -7.026     -11.181       3.192      11.745       1.240      -1.698     -15.245
     -18.969      -8.790     -17.562     -13.200     -14.954     -11.795      -3.946       6.404       5.788      17.311
      26.891      14.045      17.512      17.843      17.184      11.118       0.766     -18.943     -28.524     -19.650
      -9.316      -1.013      -1.586      -5.203       1.748      14.184       6.147      -1.657      -8.396     -23.761
     -31.939     -38.006     -25.741      -8.593      -1.672      16.865      26.149      25.758      19.177       4.010
      -5.164       5.910      12.315       4.317       8.421       0.470       1.857      -3.345      -3.692      13.993
      24.719      19.674      12.495      -4.587     -16.482      -8.280     -15.813     -25.969     -19.810      -1.899
      -1.056       4.355      13.607       2.393       5.690       5.618     -14.274     -15.369     -15.401     -18.368
      -8.176     -18.254     -10.712       3.149       8.553      15.620       2.341     -10.598      -5.046       7.887
       1.057      -2.921       5.001      -8.383     -15.196      -4.341      -9.391      -6.552       6.313      -6.964
     -13.767      -6.878       1.691      11.512      12.855      18.001      16.309      -1.322       4.386       5.551
       4.924       1.727      -4.244       6.409      11.540       6.099       3.489      -6.033      -4.874      13.400
      20.136      13.634       1.594     -14.395     -12.841      -0.871      -8.077     -10.527       8.848      18.782
      24.870      28.995      10.062      -6.199      -9.165     -22.870     -21.712     -10.665     -15.165      -7.095
       8.784      13.985      14.208      24.460      24.516       7.484      -9.528      -3.824       9.212       9.290
       9.838       1.818       5.399       9.826       2.302      -2.473       1.713       0.247       0.862      -3.745
      -1.640      -1.056      -2.655      -0.904     -20.110     -24.968     -16.259      -3.398      -3.279       6.335
      13.434      -0.803     -18.262     -18.398     -16.050      -2.322      20.923      22.168      14.291      -1.668
     -15.423      -8.668       1.067       8.785      -4.254      -0.290       0.228      -6.242       4.989       2.572
       4.537       5.530       4.784      21.314      23.529      14.890     -10.141     -27.565     -33.082     -31.892
      -9.726      -2.614      -1.424       9.300       7.504       9.135      -8.844     -12.238     -16.043     -18.995
      -4.333       5.821       4.694       8.604      -3.825      -5.319      -4.698      -0.280      -8.692      -7.481
       2.351      17.904      32.785      28.189      20.432       5.335      -6.452     -12.742      -5.223       9.645
       3.265      -9.354      -7.433      -9.544     -22.060     -19.763     -15.734      -5.930      -5.495       1.154
       1.489       7.904       6.312       6.104       0.798      -4.880     -12.826     -18.864     -16.812     -11.705
       5.179      16.902      22.541      28.023      21.119       5.547       2.764      -7.939     -16.892      -2.673
      13.708      23.145      19.232       6.058     -10.592      -7.632      -9.421     -11.724      -0.574      -3.682
       5.901      16.615       1.619      -7.526      -8.354      -5.610       8.124       7.914       0.288       1.810
      13.198      10.974      -3.170     -18.710     -25.050     -18.748     -18.918     -11.813      -2.120       9.457
      18.832       8.351      -2.260       2.187       0.658      -6.985      -1.589       4.791      -4.697      -7.557
      -9.156     -15.631      -6.884     -12.770      -8.966       1.355      -2.933       0.156      10.831       7.038
       0.292       6.972      17.402      14.355      12.153      14.104       7.761      -5.085      -4.364      -3.288
      -2.475       7.875      10.363      17.392      16.608       3.556     -14.430     -23.725     -23.495     -12.477
      -9.101      -2.146       3.335      -7.607     -15.661     -11.373      -7.539      -1.539      -2.354       3.727
       4.307      10.561      17.204      16.414       9.352      11.855       8.312      10.740      12.673       0.594
      -8.891     -14.113     -12.291      -3.449      -2.106      -2.138       8.726       7.723       5.791      12.029
      12.659       3.994       3.777       9.296      -0.014      -3.278      -5.033     -14.675     -18.941     -14.875
      -0.073       6.226      12.496      16.949      10.256       3.608       3.745      -0.899      -9.996      -8.769
       3.745      17.171      23.100      19.144      10.856      -1.509     -12.913     -17.703     -14.761      -0.227
       8.409       5.718       4.249      -2.866      -4.355      -8.325     -11.747     -12.030      -5.244      -5.916
     -11.177      -7.151     -11.687     -16.090      -6.987      -2.523      -0.341      10.543      17.478      18.961
       9.199       0.417      -0.333      -4.158       3.555      11.834       4.977      -4.817     -12.649     -22.421
     -17.625      -6.918      -1.016       7.354      10.809       8.259       3.578       8.253       8.625      -0.044
      -3.831       0.574      -0.128       8.684      17.082      15.015       4.130      -2.477      -7.421     -10.256
      -7.398      -1.743       1.379       1.735       5.620      -1.572      -1.770       5.185       6.006       4.267
      -4.672     -10.186      -8.459      -0.321      -1.386      -1.408      -2.754      -5.165      -6.796      -9.561
      -7.889      -8.459      -1.278       6.510       7.120      -0.149      -4.535      -1.971      -2.827      -3.415
      -1.682     -11.174     -15.105      -8.912      -5.508       1.070       7.923      12.387      13.201      13.186
       8.126       2.548       3.853      10.649      12.200       5.079      -1.476      -7.101      -6.865      -4.160
       0.693      -3.039      -3.123      -5.031       1.217       8.046       5.521      -1.670      -8.873     -11.952
      -9.407      -8.148      -0.924      -0.709      -6.781      -7.957      -1.966       3.017       9.273      13.334
      11.801       8.793       3.449      -1.478       3.131       6.421       3.860      -0.301      -2.420      -6.928
      -2.159       1.212       3.567       2.727       0.416       5.246       7.097       6.468       6.323       1.706
      -6.215     -10.741      -7.878      -1.022       4.987       8.642       9.181       7.342      -0.572      -6.171
      -5.898      -2.259      -0.655      -4.213      -2.289       1.761      -0.036       2.596       8.507       9.428
       5.206       2.608       0.626      -2.617       0.378       0.995       1.235       3.818      -1.661      -4.207
      -7.804     -10.060      -8.487      -6.855       1.509       7.390       9.660       6.058       6.077       5.864
       4.570       2.746      -2.164      -7.364      -7.680       1.187       8.337       9.416       7.936       3.457
      -4.579      -7.249      -7.974      -3.897       1.847      -0.175      -4.000      -9.372     -10.943      -5.627
      -0.071       1.302      -3.802      -4.842      -5.241      -2.288      -1.716      -2.397      -4.347      -8.665
      -8.454      -3.592      -0.634       5.392       6.732       2.827       1.530      -2.922      -0.267       3.343
       3.727       3.552      -1.214      -8.907      -8.773      -6.179      -5.460      -0.598       1.045       0.760
       5.052       3.584      -1.811      -1.235      -0.827      -4.990      -5.616      -4.911      -6.852      -3.917
      -1.702       1.701       3.728       4.483       0.986       0.883       6.232       7.151       7.044       6.639
       0.791      -4.847      -4.765       0.038       3.712       5.136       2.466      -2.386      -2.998       1.910
       6.902      13.401      15.554      13.034       6.771       0.373      -5.041      -7.273      -6.645      -7.418
      -4.939      -0.073       2.933       2.256       5.213       6.750       3.315       1.828       0.613      -2.815
      -3.978      -2.739      -4.163      -4.361      -2.810       0.984       3.710       2.114       1.610       3.142
       0.239      -0.857      -1.797      -4.305      -1.764       2.750       5.839       3.913       1.094      -2.045
      -0.479       1.148       0.433      -1.650      -0.307       1.393      -0.363      -0.356       0.189       0.933
       1.599      -0.679      -2.939      -1.588       1.693       0.616       0.785       1.278       0.029      -2.257
      -6.051      -6.000      -2.101       0.926       2.527       2.005       2.689       3.934       4.181       3.266
       0.819       0.070      -4.463      -4.467      -5.381      -6.108      -5.536      -3.823      -3.752      -2.303
       0.050       3.092       4.178       4.756       2.019       2.112       2.097       1.570       4.245       3.029
      -0.608      -2.988      -3.897      -5.919      -2.958       0.658       2.709       5.234       6.152       7.101
       5.864       4.218       4.000       3.772       0.607      -1.706      -3.519      -5.425      -6.672      -4.230
      -2.397      -0.747       2.254       2.018       3.197       3.009       1.012       2.073      -0.250      -2.015
      -1.785      -1.795      -0.499       1.636       2.397      -0.515      -3.270      -3.791      -3.225      -0.202
       0.320      -1.418      -2.188      -2.494      -0.952       1.040       0.398      -2.444      -4.551      -3.843
      -3.940      -3.414      -0.705       0.158      -1.542      -1.501       1.038       3.571       6.274       6.511
       5.955       4.206       2.649       3.035       0.702      -1.344      -2.244      -5.001      -5.063      -2.675
      -1.814       0.110       0.329       0.158       1.507       3.975       4.689       2.625       0.319      -3.179
      -4.602      -3.292      -1.899       0.595       3.033       4.001       3.338       2.000       0.970       0.226
      -0.649      -0.718      -0.741      -2.707      -4.783      -4.694      -3.582      -1.560      -1.572      -1.581
      -1.041       0.031       2.681       5.177       5.066       4.459       4.904       2.998       1.379      -0.298
      -2.325      -1.953      -0.968      -2.482      -1.269      -0.595      -1.557      -0.615       0.588       1.748
       1.071      -0.329       1.091       2.413       3.162       2.317       0.267      -1.922      -3.181      -2.324
      -0.975       1.131       3.099       2.854       1.848      -0.236      -2.080      -1.629      -0.880      -0.709
      -0.438      -0.542      -1.180      -0.146      -0.544       0.494       0.549      -1.513      -1.473      -0.863
      -0.675       1.986       3.373       3.006       0.893       0.828       0.007       0.741       2.258       1.719
       0.987      -0.204      -0.890      -2.184      -2.145      -3.106      -4.246      -3.734      -2.756      -0.980
       0.455       1.798       2.708       1.180       0.027      -2.259      -4.373      -3.760      -2.455      -0.684
       0.301       1.491       0.425       0.960       0.593      -0.661      -1.269      -1.592      -0.894       1.067
       2.390       1.031      -1.803      -3.350      -2.686      -0.947       1.356       3.362       4.313       4.326
       2.807       1.039       0.370      -0.587       0.500       1.266       1.429       3.193       4.389       3.316
       0.790      -1.388      -1.918      -2.102      -1.276       0.838       1.407       1.335       1.562       1.709
       2.014       2.007       2.248       0.584      -1.394      -2.035      -2.721      -2.175      -1.353      -2.236
      -2.792      -2.043      -1.586      -0.726       0.041      -0.830      -1.319      -0.671      -0.540       0.066
       1.516       0.970       1.691       1.283      -0.037       0.485       2.170       3.291       3.517       2.874
       0.960      -1.447      -2.008      -1.029      -0.536      -0.284       1.005       2.140       2.272       1.464
       0.466      -1.068      -2.358      -3.293      -3.996      -4.152      -3.453      -2.791      -0.948       0.648
       1.415       1.019       2.171       2.661       2.952       2.580       0.731      -0.641      -0.893      -1.580
      -1.160      -1.729      -2.862      -3.523      -3.798      -2.853      -1.376       1.019       2.473       3.149
       2.367       1.055       0.992       1.112       0.375      -0.520      -0.681      -0.629      -1.197      -0.268
       0.787       1.250       1.979       1.091       0.210      -0.042       0.209       0.244       0.389       0.536
       0.228       0.361       0.226      -0.094      -0.248       0.171      -0.281      -0.932      -0.821      -0.752
      -0.380       0.429       0.602       0.236       0.076      -0.162      -0.134      -0.092       0.470       0.137
       0.038      -0.089      -0.294      -0.213      -0.119      -0.099      -0.122      -0.091       0.489       0.723
       1.010       1.058       0.579       0.029      -0.486      -0.596      -0.436      -0.345      -0.276      -0.244
      -0.244      -0.265      -0.193      -0.043       0.063       0.161       0.256       0.112      -0.118      -0.248
      -0.222      -0.134      -0.026      -0.032      -0.038      -0.074      -0.127      -0.113      -0.121      -0.105
      -0.105      -0.114      -0.053       0.059       0.152       0.167       0.065       0.006      -0.045      -0.037
      -0.005       0.005       0.018       0.015       0.000       0.000       0.000       0.000       0.000       0.000
       0.000       0.000       0.000       0.000       0.000       0.000       0.000       0.000       0.000       0.000
       0.000       0.000       0.000       0.000       0.000       0.000       0.000       0.000       0.000       0.000
       0.000       0.000       0.000       0.000       0.000       0.000       0.000       0.000       0.000       0.000
       0.000       0.000       0.000       0.000       0.000       0.000       0.000       0.000       0.000       0.000
       0.000       0.000       0.000       0.000       0.000       0.000       0.000       0.000       0.000       0.000
       0.000       0.000       0.000       0.000       0.000       0.000       0.000       0.000       0.000       0.000
       0.000       0.000       0.000       0.000       0.000       0.000       0.000       0.000       0.000       0.000
       0.000       0.000       0.000       0.000       0.000       0.000       0.000       0.000       0.000       0.000
       0.000       0.000       0.000       0.000       0.000       0.000       0.000       0.000       0.000       0.000
       0.000       0.000       0.000       0.000       0.000       0.000       0.000       0.000       0.000       0.000
       0.000       0.000       0.000       0.000       0.000       0.000       0.000       0.000       0.000       0.000
       0.000       0.000       0.000       0.000       0.000       0.000       0.000       0.000       0.000       0.000
       0.000       0.000       0.000       0.000       0.000       0.000       0.000       0.000       0.000       0.000
       0.000       0.000       0.000       0.000       0.000       0.000       0.000       0.000       0.000       0.000
       0.000       0.000       0.000       0.000       0.000       0.000       0.000       0.000       0.000       0.000
       0.000       0.000       0.000       0.000       0.000       0.000       0.000       0.000       0.000       0.000
       0.000       0.000       0.000       0.000       0.000       0.000       0.000       0.000       0.000       0.000
       0.000       0.000       0.000       0.000       0.000       0.000       0.000       0.000       0.000       0.000
       0.000       0.000       0.000       0.000       0.000       0.000       0.000       0.000       0.000       0.000
       0.000       0.000       0.000       0.000       0.000       0.000       0.000       0.000       0.000       0.000
       0.000       0.000       0.000       0.000       0.000       0.000       0.000       0.000       0.000       0.000
       0.000       0.000       0.000       0.000       0.000       0.000       0.000       0.000       0.000       0.000
       0.000       0.000       0.000       0.000       0.000       0.000       0.000       0.000       0.000       0.000
       0.000       0.000       0.000       0.000       0.000       0.000       0.000       0.000       0.000       0.000
       0.000       0.000       0.000       0.000       0.000       0.000       0.000       0.000       0.000       0.000
       0.000       0.000       0.000       0.000       0.000       0.000       0.000       0.000       0.000       0.000
       0.000       0.000       0.000       0.000       0.000       0.000       0.000       0.000       0.000       0.000
       0.000       0.000       0.000       0.000       0.000       0.000       0.000       0.000       0.000       0.000
       0.000       0.000       0.000       0.000       0.000       0.000       0.000       0.000       0.000       0.000
       0.000       0.000       0.000       0.000       0.000       0.000       0.000       0.000       0.000       0.000
       0.000       0.000       0.000       0.000       0.000       0.000       0.000       0.000       0.000       0.000
       0.000       0.000       0.000       0.000       0.000       0.000       0.000       0.000       0.000       0.000
       0.000       0.000       0.000       0.000       0.000       0.000       0.000       0.000       0.000       0.000
       0.000       0.000       0.000       0.000       0.000       0.000       0.000       0.000       0.000       0.000
       0.000       0.000       0.000       0.000       0.000       0.000       0.000       0.000       0.000       0.000
       0.000       0.000       0.000       0.000       0.000       0.000       0.000       0.000       0.000       0.000
       0.000       0.000       0.000       0.000       0.000       0.000       0.000       0.000       0.000       0.000
       0.000       0.000       0.000       0.000       0.000       0.000       0.000       0.000       0.000       0.000
       0.000       0.000       0.000       0.000       0.000       0.000       0.000       0.000       0.000       0.000
       0.000       0.000       0.000       0.000       0.000       0.000       0.000       0.000       0.000       0.000
       0.000       0.000       0.000       0.000       0.000       0.000       0.000       0.000       0.000       0.000
       0.000       0.000       0.000       0.000       0.000       0.000       0.000       0.000       0.000       0.000
       0.000       0.000       0.000       0.000       0.000       0.000       0.000       0.000       0.000       0.000
       0.000       0.000       0.000       0.000       0.000       0.000       0.000       0.000       0.000       0.000
       0.000       0.000       0.000       0.000       0.000       0.000       0.000       0.000       0.000       0.000
       0.000       0.000       0.000       0.000       0.000       0.000       0.000       0.000       0.000       0.000
       0.000       0.000       0.000       0.000       0.000       0.000       0.000       0.000       0.000       0.000
       0.000       0.000       0.000       0.000       0.000       0.000       0.000       0.000       0.000       0.000
       0.000       0.000       0.000       0.000       0.000       0.000       0.000       0.000       0.000       0.000
       0.000       0.000       0.000       0.000       0.000       0.000       0.000       0.000       0.000       0.000
       0.000       0.000       0.000       0.000       0.000       0.000       0.000       0.000       0.000       0.000
       0.000       0.000       0.000       0.000       0.000       0.000       0.000       0.000       0.000       0.000
       0.000       0.000       0.000       0.000       0.000       0.000       0.000       0.000       0.000       0.000
       0.000       0.000       0.000       0.000       0.000       0.000       0.000       0.000       0.000       0.000
       0.000       0.000       0.000       0.000       0.000       0.000       0.000       0.000       0.000       0.000
       0.000       0.000       0.000       0.000       0.000       0.000       0.000       0.000       0.000       0.000
       0.000       0.000       0.000       0.000       0.000       0.000       0.000       0.000       0.000       0.000
       0.000       0.000       0.000       0.000       0.000       0.000       0.000       0.000       0.000       0.000
       0.000       0.000       0.000       0.000       0.000       0.000       0.000       0.000       0.000       0.000
       0.000       0.000       0.000       0.000       0.000       0.000       0.000       0.000       0.000       0.000
       0.000       0.000       0.000       0.000       0.000       0.000       0.000       0.000       0.000       0.000
       0.000       0.000       0.000       0.000       0.000       0.000       0.000       0.000       0.000       0.000
       0.000       0.000       0.000       0.000       0.000       0.000       0.000       0.000       0.000       0.000
       0.000       0.000       0.000       0.000       0.000       0.000       0.000       0.000       0.000       0.000
       0.000       0.000       0.000       0.000       0.000       0.000       0.000       0.000       0.000       0.000
       0.000       0.000       0.000       0.000       0.000       0.000       0.000       0.000       0.000       0.000
       0.000       0.000       0.000       0.000       0.000       0.000       0.000       0.000       0.000       0.000
       0.000       0.000       0.000       0.000       0.000       0.000       0.000       0.000       0.000       0.000
       0.000       0.000       0.000       0.000       0.000       0.000       0.000       0.000       0.000       0.000
       0.000       0.000       0.000       0.000       0.000       0.000       0.000       0.000       0.000       0.000
       0.000       0.000       0.000       0.000       0.000       0.000       0.000       0.000       0.000       0.000
       0.000       0.000       0.000       0.000       0.000       0.000       0.000       0.000       0.000       0.000
       0.000       0.000       0.000       0.000       0.000       0.000       0.000       0.000       0.000       0.000
       0.000       0.000       0.000       0.000       0.000       0.000       0.000       0.000       0.000       0.000
       0.000       0.000       0.000       0.000       0.000       0.000       0.000       0.000       0.000       0.000
       0.000       0.000       0.000       0.000       0.000       0.000       0.000       0.000       0.000       0.000
       0.000       0.000       0.000       0.000       0.000       0.000       0.000       0.000       0.000       0.000
       0.000       0.000       0.000       0.000       0.000       0.000       0.000       0.000       0.000       0.000
       0.000       0.000       0.000       0.000       0.000       0.000       0.000       0.000       0.000       0.000
       0.000       0.000       0.000       0.000       0.000       0.000       0.000       0.000       0.000       0.000
       0.000       0.000       0.000       0.000       0.000       0.000       0.000       0.000       0.000       0.000
       0.000       0.000       0.000       0.000       0.000       0.000       0.000       0.000       0.000       0.000
       0.000       0.000       0.000       0.000       0.000       0.000       0.000       0.000       0.000       0.000
       0.000       0.000       0.000       0.000       0.000       0.000       0.000       0.000       0.000       0.000
       0.000       0.000       0.000       0.000       0.000       0.000       0.000       0.000       0.000       0.000
       0.000       0.000       0.000       0.000       0.000       0.000       0.000       0.000       0.000       0.000
       0.000       0.000       0.000       0.000       0.000       0.000       0.000       0.000       0.000       0.000
       0.000       0.000       0.000       0.000       0.000       0.000       0.000       0.000       0.000       0.000
       0.000       0.000       0.000       0.000       0.000       0.000       0.000       0.000       0.000       0.000
       0.000       0.000       0.000       0.000       0.000       0.000       0.000       0.000       0.000       0.000
       0.000       0.000       0.000       0.000       0.000       0.000       0.000       0.000       0.000       0.000
       0.000       0.000       0.000       0.000       0.000       0.000       0.000       0.000       0.000       0.000
       0.000       0.000       0.000       0.000       0.000       0.000       0.000       0.000       0.000       0.000
       0.000       0.000       0.000       0.000       0.000       0.000       0.000       0.000       0.000       0.000
       0.000       0.000       0.000       0.000       0.000       0.000       0.000       0.000       0.000       0.000
       0.000       0.000       0.000       0.000       0.000       0.000       0.000       0.000       0.000       0.000
       0.000       0.000       0.000       0.000       0.000       0.000       0.000       0.000       0.000       0.000
       0.000       0.000       0.000       0.000       0.000       0.000       0.000       0.000       0.000       0.000
       0.000       0.000       0.000       0.000       0.000       0.000       0.000       0.000       0.000       0.000
       0.000       0.000       0.000       0.000       0.000       0.000       0.000       0.000       0.000       0.000
       0.000       0.000       0.000       0.000       0.000       0.000       0.000       0.000       0.000       0.000
       0.000       0.000       0.000       0.000       0.000       0.000       0.000       0.000       0.000       0.000
       0.000       0.000       0.000       0.000       0.000       0.000       0.000       0.000       0.000       0.000
       0.000       0.000       0.000       0.000       0.000       0.000       0.000       0.000       0.000       0.000
       0.000       0.000       0.000       0.000       0.000       0.000       0.000       0.000       0.000       0.000
       0.000       0.000       0.000       0.000       0.000       0.000       0.000       0.000       0.000       0.000
       0.000       0.000       0.000       0.000       0.000       0.000       0.000       0.000       0.000       0.000
       0.000       0.000       0.000       0.000       0.000       0.000       0.000       0.000       0.000       0.000
       0.000       0.000       0.000       0.000       0.000       0.000       0.000       0.000       0.000       0.000
       0.000       0.000       0.000       0.000       0.000       0.000       0.000       0.000       0.000       0.000
       0.000       0.000       0.000       0.000       0.000       0.000       0.000       0.000       0.000       0.000
       0.000       0.000       0.000       0.000       0.000       0.000       0.000       0.000       0.000       0.000
       0.000       0.000       0.000       0.000       0.000       0.000       0.000       0.000       0.000       0.000
       0.000       0.000       0.000       0.000       0.000       0.000       0.000       0.000       0.000       0.000
       0.000       0.000       0.000       0.000       0.000       0.000       0.000       0.000       0.000       0.000
       0.000       0.000       0.000       0.000       0.000       0.000       0.000       0.000       0.000       0.000
       0.000       0.000       0.000       0.000       0.000       0.000       0.000       0.000       0.000       0.000
       0.000       0.000       0.000       0.000       0.000       0.000       0.000       0.000       0.000       0.000
       0.000       0.000       0.000       0.000       0.000       0.000       0.000       0.000       0.000       0.000
       0.000       0.000       0.000       0.000       0.000       0.000       0.000       0.000       0.000       0.000
       0.000       0.000       0.000       0.000       0.000       0.000       0.000       0.000       0.000       0.000
       0.000       0.000       0.000       0.000       0.000       0.000       0.000       0.000       0.000       0.000
       0.000       0.000       0.000       0.000       0.000       0.000       0.000       0.000       0.000       0.000
       0.000       0.000       0.000       0.000       0.000       0.000       0.000       0.000       0.000       0.000
       0.000       0.000       0.000       0.000       0.000       0.000       0.000       0.000       0.000       0.000
       0.000       0.000       0.000       0.000       0.000       0.000       0.000       0.000       0.000       0.000
       0.000       0.000       0.000       0.000       0.000       0.000       0.000       0.000       0.000       0.000
       0.000       0.000       0.000       0.000       0.000       0.000       0.000       0.000       0.000       0.000
       0.000       0.000       0.000       0.000       0.000       0.000       0.000       0.000       0.000       0.000
       0.000       0.000       0.000       0.000       0.000       0.000       0.000       0.000       0.000       0.000
       0.000       0.000       0.000       0.000       0.000       0.000       0.000       0.000       0.000       0.000
       0.000       0.000       0.000       0.000       0.000       0.000       0.000       0.000       0.000       0.000
       0.000       0.000       0.000       0.000       0.000       0.000       0.000       0.000       0.000       0.000
       0.000       0.000       0.000       0.000       0.000       0.000       0.000       0.000       0.000       0.000
       0.000       0.000       0.000       0.000       0.000       0.000       0.000       0.000       0.000       0.000
       0.000       0.000       0.000       0.000       0.000       0.000       0.000       0.000       0.000       0.000
       0.000       0.000       0.000       0.000       0.000       0.000       0.000       0.000       0.000       0.000
       0.000       0.000       0.000       0.000       0.000       0.000       0.000       0.000       0.000       0.000
       0.000       0.000       0.000       0.000       0.000       0.000       0.000       0.000       0.000       0.000
       0.000       0.000       0.000       0.000       0.000       0.000       0.000       0.000       0.000       0.000
       0.000       0.000       0.000       0.000       0.000       0.000       0.000       0.000       0.000       0.000
       0.000       0.000       0.000       0.000       0.000       0.000       0.000       0.000       0.000       0.000
       0.000       0.000       0.000       0.000       0.000       0.000       0.000       0.000       0.000       0.000
       0.000       0.000       0.000       0.000       0.000       0.000       0.000       0.000       0.000       0.000
       0.000       0.000       0.000       0.000       0.000       0.000       0.000       0.000       0.000       0.000
       0.000       0.000       0.000       0.000       0.000       0.000       0.000       0.000       0.000       0.000
       0.000       0.000       0.000       0.000       0.000       0.000       0.000       0.000       0.000       0.000
       0.000       0.000       0.000       0.000       0.000       0.000       0.000       0.000       0.000       0.000
       0.000       0.000       0.000       0.000       0.000       0.000       0.000       0.000       0.000       0.000
       0.000       0.000       0.000       0.000       0.000       0.000       0.000       0.000       0.000       0.000
       0.000       0.000       0.000       0.000       0.000       0.000       0.000       0.000       0.000       0.000
       0.000       0.000       0.000       0.000       0.000       0.000       0.000       0.000       0.000       0.000
       0.000       0.000       0.000       0.000       0.000       0.000       0.000       0.000       0.000       0.000
       0.000       0.000       0.000       0.000       0.000       0.000       0.000       0.000       0.000       0.000
       0.000       0.000       0.000       0.000       0.000       0.000       0.000       0.000       0.000       0.000
       0.000       0.000       0.000       0.000       0.000       0.000       0.000       0.000       0.000       0.000
       0.000       0.000       0.000       0.000       0.000       0.000       0.000       0.000       0.000       0.000
       0.000       0.000       0.000       0.000       0.000       0.000       0.000       0.000       0.000       0.000
       0.000       0.000       0.000       0.000       0.000       0.000       0.000       0.000       0.000       0.000
       0.000       0.000       0.000       0.000       0.000       0.000       0.000       0.000       0.000       0.000
       0.000       0.000       0.000       0.000       0.000       0.000       0.000       0.000       0.000       0.000
       0.000       0.000       0.000       0.000       0.000       0.000       0.000       0.000       0.000       0.000
       0.000       0.000       0.000       0.000       0.000       0.000       0.000       0.000       0.000       0.000
       0.000       0.000       0.000       0.000       0.000       0.000       0.000       0.000       0.000       0.000
       0.000       0.000       0.000       0.000       0.000       0.000       0.000       0.000       0.000       0.000
       0.000       0.000       0.000       0.000       0.000       0.000       0.000       0.000       0.000       0.000
       0.000       0.000       0.000       0.000       0.000       0.000       0.000       0.000       0.000       0.000
       0.000       0.000       0.000       0.000       0.000       0.000       0.000       0.000       0.000       0.000
       0.000       0.000       0.000       0.000       0.000       0.000       0.000       0.000       0.000       0.000
       0.000       0.000       0.000       0.000       0.000       0.000       0.000       0.000       0.000       0.000
       0.000       0.000       0.000       0.000       0.000       0.000       0.000       0.000       0.000       0.000
       0.000       0.000       0.000       0.000       0.000       0.000       0.000       0.000       0.000       0.000
       0.000       0.000       0.000       0.000       0.000       0.000       0.000       0.000       0.000       0.000
       0.000       0.000       0.000       0.000       0.000       0.000       0.000       0.000       0.000       0.000
       0.000       0.000       0.000       0.000       0.000       0.000       0.000       0.000       0.000       0.000
       0.000       0.000       0.000       0.000       0.000       0.000       0.000       0.000       0.000       0.000
       0.000       0.000       0.000       0.000       0.000       0.000       0.000       0.000       0.000       0.000
       0.000       0.000       0.000       0.000       0.000       0.000       0.000       0.000       0.000       0.000
       0.000       0.000       0.000       0.000       0.000       0.000       0.000       0.000       0.000       0.000
       0.000       0.000       0.000       0.000       0.000       0.000       0.000       0.000       0.000       0.000
       0.000       0.000       0.000       0.000       0.000       0.000       0.000       0.000       0.000       0.000
       0.000       0.000       0.000       0.000       0.000       0.000       0.000       0.000       0.000       0.000
       0.000       0.000       0.000       0.000       0.000       0.000       0.000       0.000       0.000       0.000
       0.000       0.000       0.000       0.000       0.000       0.000       0.000       0.000       0.000       0.000
       0.000       0.000       0.000       0.000       0.000       0.000       0.000       0.000       0.000       0.000
       0.000       0.000       0.000       0.000       0.000       0.000       0.000       0.000       0.000       0.000
       0.000       0.000       0.000       0.000       0.000       0.000       0.000       0.000       0.000       0.000
       0.000       0.000       0.000       0.000       0.000       0.000       0.000       0.000       0.000       0.000
       0.000       0.000       0.000       0.000       0.000       0.000       0.000       0.000       0.000       0.000
       0.000       0.000       0.000       0.000       0.000       0.000       0.000       0.000       0.000       0.000
       0.000       0.000       0.000       0.000       0.000       0.000       0.000       0.000       0.000       0.000
       0.000       0.000       0.000       0.000       0.000       0.000       0.000       0.000       0.000       0.000
       0.000       0.000       0.000       0.000       0.000       0.000       0.000       0.000       0.000       0.000
       0.000       0.000       0.000       0.000       0.000       0.000       0.000       0.000       0.000       0.000
       0.000       0.000       0.000       0.000       0.000       0.000       0.000       0.000       0.000       0.000
       0.000       0.000       0.000       0.000       0.000       0.000       0.000       0.000       0.000       0.000
       0.000       0.000       0.000       0.000       0.000       0.000       0.000       0.000       0.000       0.000
       0.000       0.000       0.000       0.000       0.000       0.000       0.000       0.000       0.000       0.000
       0.000       0.000       0.000       0.000       0.000       0.000       0.000       0.000       0.000       0.000
       0.000       0.000       0.000       0.000       0.000       0.000       0.000       0.000       0.000       0.000
       0.000       0.000       0.000       0.000       0.000       0.000       0.000       0.000       0.000       0.000
       0.000       0.000       0.000       0.000       0.000       0.000       0.000       0.000       0.000       0.000
       0.000       0.000       0.000       0.000       0.000       0.000