   0.020          -0.1300000E-01
   0.040          -0.1300000E-01
   0.060          -0.1300000E-01
   0.080          -0.2200000E-01
   0.100          -0.1300000E-01
   0.120          -0.1300000E-01
   0.140          -0.4600000E-01
   0.160          -0.1500000E-01
   0.180          -0.1200000E-01
   0.200           0.3200000E-01
   0.220          -0.1100000E-01
   0.240          -0.9000000E-02
   0.260           0.1350000E+00
   0.280          -0.9000000E-02
   0.300          -0.8000000E-02
   0.320           0.2190000E+00
   0.340          -0.1000000E-02
   0.360          -0.4000000E-02
   0.380           0.3050000E+00
   0.400           0.1900000E-01
   0.420           0.1200000E-01
   0.440           0.3190000E+00
   0.460           0.2400000E-01
   0.480           0.3600000E-01
   0.500           0.5810000E+00
   0.520           0.6700000E-01
   0.540           0.7400000E-01
   0.560           0.7390000E+00
   0.580           0.1440000E+00
   0.600           0.1480000E+00
   0.620           0.7700000E+00
   0.640           0.1190000E+00
   0.660           0.1690000E+00
   0.680           0.8400000E+00
   0.700           0.1210000E+00
   0.720           0.1720000E+00
   0.740           0.1323000E+01
   0.760           0.1960000E+00
   0.780           0.1720000E+00
   0.800           0.1305000E+01
   0.820           0.3530000E+00
   0.840           0.3290000E+00
   0.860           0.1806000E+01
   0.880           0.9320000E+00
   0.900           0.7320000E+00
   0.920           0.1906000E+01
   0.940           0.8320000E+00
   0.960           0.9720000E+00
   0.980           0.2361000E+01
   1.000           0.2462000E+01
   1.020           0.9560000E+00
   1.040          -0.5600000E+00
   1.060          -0.1854000E+01
   1.080          -0.1032000E+01
   1.100          -0.1307000E+01
   1.120          -0.2394000E+01
   1.140          -0.1265000E+01
   1.160          -0.1428000E+01
   1.180          -0.3156000E+01
   1.200          -0.2321000E+01
   1.220          -0.2140000E+01
   1.240          -0.3513000E+01
   1.260          -0.3976000E+01
   1.280          -0.3705000E+01
   1.300          -0.4196000E+01
   1.320           0.2470000E+00
   1.340           0.8130000E+00
   1.360          -0.9440000E+00
   1.380          -0.6410000E+00
   1.400           0.1106000E+01
   1.420          -0.1646000E+01
   1.440          -0.3262000E+01
   1.460          -0.1510000E+00
   1.480           0.1109000E+01
   1.500          -0.2032000E+01
   1.520          -0.5812000E+01
   1.540          -0.5066000E+01
   1.560          -0.2049000E+01
   1.580          -0.8360000E+00
   1.600           0.1200000E-01
   1.620           0.1760000E+01
   1.640           0.2249000E+01
   1.660          -0.1283000E+01
   1.680          -0.5409000E+01
   1.700          -0.6367000E+01
   1.720          -0.3433000E+01
   1.740          -0.5268000E+01
   1.760          -0.7817000E+01
   1.780          -0.5762000E+01
   1.800          -0.2272000E+01
   1.820           0.3323000E+01
   1.840           0.4679000E+01
   1.860           0.4382000E+01
   1.880           0.7805000E+01
   1.900           0.8141000E+01
   1.920           0.7541000E+01
   1.940           0.9489000E+01
   1.960           0.6126000E+01
   1.980          -0.1694000E+01
   2.000          -0.9123000E+01
   2.020          -0.9307000E+01
   2.040          -0.2161000E+01
   2.060          -0.2771000E+01
   2.080          -0.4384000E+01
   2.100          -0.6400000E+01
   2.120          -0.8699000E+01
   2.140          -0.1006600E+02
   2.160          -0.7066000E+01
   2.180          -0.3621000E+01
   2.200          -0.8200000E+00
   2.220          -0.7134000E+01
   2.240          -0.7731000E+01
   2.260           0.1621000E+01
   2.280           0.3019000E+01
   2.300          -0.5743000E+01
   2.320          -0.1252900E+02
   2.340          -0.6048000E+01
   2.360           0.3750000E+01
   2.380           0.6935000E+01
   2.400           0.6134000E+01
   2.420           0.6870000E+00
   2.440          -0.3235000E+01
   2.460          -0.5261000E+01
   2.480          -0.1026000E+01
   2.500           0.6402000E+01
   2.520           0.5458000E+01
   2.540          -0.1940000E+00
   2.560          -0.5498000E+01
   2.580          -0.7374000E+01
   2.600          -0.1009300E+02
   2.620          -0.1195100E+02
   2.640          -0.1211600E+02
   2.660          -0.1570700E+02
   2.680          -0.1597300E+02
   2.700          -0.1752600E+02
   2.720          -0.1880300E+02
   2.740          -0.8922000E+01
   2.760          -0.1228200E+02
   2.780          -0.1964700E+02
   2.800          -0.1546700E+02
   2.820          -0.7970000E+01
   2.840          -0.1120600E+02
   2.860          -0.1465600E+02
   2.880          -0.1446400E+02
   2.900          -0.1345700E+02
   2.920          -0.1800000E+02
   2.940          -0.1703600E+02
   2.960          -0.6797000E+01
   2.980           0.4679000E+01
   3.000           0.1203700E+02
   3.020           0.8681000E+01
   3.040          -0.9470000E+00
   3.060          -0.8463000E+01
   3.080          -0.1375200E+02
   3.100          -0.1078200E+02
   3.120          -0.5635000E+01
   3.140           0.2059000E+01
   3.160           0.3937000E+01
   3.180          -0.5602000E+01
   3.200          -0.4994000E+01
   3.220           0.5950000E+01
   3.240           0.3793000E+01
   3.260          -0.1928000E+01
   3.280          -0.6425000E+01
   3.300           0.5435000E+01
   3.320           0.1086800E+02
   3.340           0.1451000E+01
   3.360          -0.3970000E+00
   3.380          -0.5111000E+01
   3.400          -0.3269000E+01
   3.420           0.9860000E+01
   3.440           0.1477100E+02
   3.460           0.8042000E+01
   3.480           0.2923000E+01
   3.500           0.1093300E+02
   3.520           0.9897000E+01
   3.540           0.2512000E+01
   3.560          -0.6500000E+00
   3.580           0.2860000E+01
   3.600          -0.3041000E+01
   3.620          -0.1464800E+02
   3.640          -0.5953000E+01
   3.660           0.2920000E+01
   3.680           0.4569000E+01
   3.700           0.1150400E+02
   3.720           0.1719800E+02
   3.740           0.2094400E+02
   3.760           0.2593100E+02
   3.780           0.2979800E+02
   3.800           0.1757200E+02
   3.820          -0.1348000E+01
   3.840          -0.1077300E+02
   3.860          -0.2565000E+01
   3.880          -0.7135000E+01
   3.900          -0.2003200E+02
   3.920          -0.1762000E+02
   3.940          -0.1659200E+02
   3.960          -0.8376000E+01
   3.980           0.3406000E+01
   4.000           0.1526100E+02
   4.020           0.1964100E+02
   4.040           0.1753500E+02
   4.060           0.1873100E+02
   4.080           0.2564700E+02
   4.100           0.2920700E+02
   4.120           0.3702100E+02
   4.140           0.2506600E+02
   4.160           0.1078500E+02
   4.180           0.3051000E+01
   4.200           0.1254600E+02
   4.220           0.2183800E+02
   4.240          -0.4803000E+01
   4.260          -0.2691500E+02
   4.280          -0.2884100E+02
   4.300          -0.2768600E+02
   4.320          -0.1536400E+02
   4.340           0.2020000E+01
   4.360           0.3839000E+01
   4.380           0.1019400E+02
   4.400           0.1123800E+02
   4.420           0.2168700E+02
   4.440           0.1815800E+02
   4.460          -0.7590000E+00
   4.480          -0.5860000E+01
   4.500           0.6250000E+00
   4.520           0.1181500E+02
   4.540           0.1814800E+02
   4.560          -0.3116000E+01
   4.580          -0.2346000E+02
   4.600          -0.2417800E+02
   4.620           0.8114000E+01
   4.640           0.3420100E+02
   4.660           0.2135500E+02
   4.680           0.2036000E+01
   4.700          -0.3485000E+01
   4.720          -0.1622700E+02
   4.740          -0.1879000E+02
   4.760          -0.4039000E+01
   4.780          -0.1083600E+02
   4.800          -0.2753200E+02
   4.820          -0.5349200E+02
   4.840          -0.4220900E+02
   4.860          -0.2250500E+02
   4.880          -0.1519100E+02
   4.900          -0.1530000E+02
   4.920           0.1590000E+00
   4.940           0.2140500E+02
   4.960           0.2935400E+02
   4.980           0.2290100E+02
   5.000           0.3004500E+02
   5.020           0.1303700E+02
   5.040           0.9534000E+01
   5.060           0.1486000E+01
   5.080          -0.6667000E+01
   5.100          -0.1622300E+02
   5.120          -0.1206200E+02
   5.140          -0.1020000E+01
   5.160           0.7405000E+01
   5.180          -0.3035000E+01
   5.200           0.2292200E+02
   5.220           0.2109500E+02
   5.240           0.2046900E+02
   5.260           0.2431200E+02
   5.280           0.2650000E+02
   5.300           0.4603600E+02
   5.320           0.3137800E+02
   5.340           0.1033600E+02
   5.360           0.1294000E+01
   5.380          -0.3051300E+02
   5.400          -0.3225600E+02
   5.420           0.2232000E+01
   5.440           0.1254600E+02
   5.460           0.1701200E+02
   5.480           0.1347900E+02
   5.500          -0.2607000E+01
   5.520          -0.2236000E+01
   5.540           0.1667000E+02
   5.560           0.2128500E+02
   5.580          -0.1792700E+02
   5.600          -0.3437000E+02
   5.620          -0.3017400E+02
   5.640          -0.2764200E+02
   5.660          -0.3261600E+02
   5.680          -0.2248300E+02
   5.700          -0.1805400E+02
   5.720          -0.1174700E+02
   5.740          -0.1727800E+02
   5.760          -0.3234000E+02
   5.780          -0.4379000E+02
   5.800          -0.1473500E+02
   5.820           0.1965800E+02
   5.840          -0.1813000E+01
   5.860          -0.2238600E+02
   5.880           0.2940100E+02
   5.900           0.4792700E+02
   5.920           0.1602900E+02
   5.940          -0.3233300E+02
   5.960          -0.4530900E+02
   5.980          -0.2445400E+02
   6.000          -0.3888100E+02
   6.020          -0.4500300E+02
   6.040          -0.3488500E+02
   6.060          -0.3177500E+02
   6.080           0.8000000E-01
   6.100           0.4736800E+02
   6.120           0.8252300E+02
   6.140           0.5386400E+02
   6.160           0.1830600E+02
   6.180          -0.2256000E+02
   6.200          -0.5235000E+02
   6.220          -0.3807000E+02
   6.240           0.1437700E+02
   6.260           0.3941200E+02
   6.280           0.5561800E+02
   6.300           0.4276800E+02
   6.320           0.2760700E+02
   6.340           0.7346000E+01
   6.360          -0.6023000E+01
   6.380          -0.8076000E+01
   6.400          -0.9720000E+00
   6.420          -0.3158100E+02
   6.440          -0.3005800E+02
   6.460          -0.9300000E+01
   6.480           0.6341000E+01
   6.500           0.1067200E+02
   6.520           0.2613900E+02
   6.540           0.2294500E+02
   6.560           0.4431100E+02
   6.580           0.3036200E+02
   6.600          -0.1505000E+02
   6.620          -0.1303000E+02
   6.640           0.1522300E+02
   6.660           0.2199000E+02
   6.680           0.1030500E+02
   6.700          -0.3269200E+02
   6.720          -0.1408700E+02
   6.740           0.1435200E+02
   6.760           0.1259800E+02
   6.780          -0.5976000E+01
   6.800           0.1757600E+02
   6.820           0.8128000E+01
   6.840           0.4401900E+02
   6.860           0.3632800E+02
   6.880           0.5968900E+02
   6.900           0.8709800E+02
   6.920           0.8904000E+02
   6.940           0.6229200E+02
   6.960           0.5243300E+02
   6.980           0.2359800E+02
   7.000           0.3663500E+02
   7.020           0.3381700E+02
   7.040          -0.8043000E+01
   7.060          -0.5496600E+02
   7.080          -0.3579000E+02
   7.100           0.3597800E+02
   7.120           0.4720400E+02
   7.140           0.8902000E+01
   7.160           0.4698000E+01
   7.180           0.3526000E+01
   7.200           0.1201400E+02
   7.220          -0.2313300E+02
   7.240          -0.9727000E+01
   7.260           0.1898000E+01
   7.280           0.6487000E+01
   7.300           0.3274000E+02
   7.320           0.2801900E+02
   7.340          -0.1762000E+01
   7.360          -0.8056000E+01
   7.380          -0.1411500E+02
   7.400          -0.4445700E+02
   7.420          -0.4374200E+02
   7.440          -0.3580400E+02
   7.460          -0.3301000E+02
   7.480          -0.4607800E+02
   7.500          -0.7714300E+02
   7.520          -0.6202000E+02
   7.540          -0.5874900E+02
   7.560          -0.4431600E+02
   7.580          -0.3193400E+02
   7.600          -0.3212500E+02
   7.620          -0.4929000E+01
   7.640           0.3028200E+02
   7.660           0.4390500E+02
   7.680           0.6216400E+02
   7.700           0.1596400E+02
   7.720           0.1232900E+02
   7.740           0.7749800E+02
   7.760           0.1127110E+03
   7.780           0.1033610E+03
   7.800           0.3619100E+02
   7.820           0.6063000E+01
   7.840           0.1437600E+02
   7.860           0.7583000E+01
   7.880          -0.1369700E+02
   7.900          -0.1587000E+02
   7.920          -0.3275900E+02
   7.940          -0.3244600E+02
   7.960          -0.2098000E+01
   7.980           0.7240000E+01
   8.000           0.2549900E+02
   8.020           0.1435600E+02
   8.040           0.2593100E+02
   8.060           0.4512500E+02
   8.080          -0.1742600E+02
   8.100          -0.5525900E+02
   8.120          -0.2689600E+02
   8.140          -0.2864100E+02
   8.160          -0.5952800E+02
   8.180          -0.5547200E+02
   8.200          -0.3740500E+02
   8.220          -0.3482000E+02
   8.240          -0.1167600E+02
   8.260           0.1453600E+02
   8.280           0.4069400E+02
   8.300           0.2359900E+02
   8.320           0.1436100E+02
   8.340           0.3540400E+02
   8.360           0.2326000E+02
   8.380           0.2112200E+02
   8.400           0.2064300E+02
   8.420          -0.2728000E+01
   8.440           0.3337000E+01
   8.460          -0.1186000E+01
   8.480          -0.3127800E+02
   8.500          -0.6528700E+02
   8.520          -0.7454600E+02
   8.540          -0.5000300E+02
   8.560          -0.3149700E+02
   8.580          -0.2823000E+01
   8.600           0.1239700E+02
   8.620           0.5755100E+02
   8.640           0.5342300E+02
   8.660           0.1198000E+01
   8.680          -0.2713800E+02
   8.700          -0.9496000E+01
   8.720           0.2757800E+02
   8.740          -0.2730000E+01
   8.760          -0.1918300E+02
   8.780          -0.8900000E+01
   8.800           0.9071000E+01
   8.820           0.1780300E+02
   8.840           0.3335700E+02
   8.860           0.3244900E+02
   8.880          -0.1496600E+02
   8.900          -0.2471700E+02
   8.920          -0.1319900E+02
   8.940          -0.5556700E+02
   8.960          -0.6496300E+02
   8.980          -0.4908700E+02
   9.000          -0.4375400E+02
   9.020          -0.5126000E+01
   9.040           0.6680000E+00
   9.060          -0.3626800E+02
   9.080          -0.4551100E+02
   9.100           0.1824000E+02
   9.120           0.8343200E+02
   9.140           0.6724800E+02
   9.160           0.1379600E+02
   9.180           0.5484000E+01
   9.200           0.3271300E+02
   9.220           0.4470000E+02
   9.240           0.4726200E+02
   9.260           0.3623000E+02
   9.280          -0.2414900E+02
   9.300          -0.7861200E+02
   9.320          -0.6784500E+02
   9.340          -0.6105000E+02
   9.360          -0.6162000E+01
   9.380          -0.6529000E+01
   9.400          -0.1652500E+02
   9.420          -0.1366400E+02
   9.440          -0.1970900E+02
   9.460           0.1543500E+02
   9.480           0.5448400E+02
   9.500           0.1036600E+02
   9.520          -0.6562000E+02
   9.540          -0.7872900E+02
   9.560          -0.2028900E+02
   9.580          -0.1271900E+02
   9.600           0.2861300E+02
   9.620           0.5972800E+02
   9.640           0.4045400E+02
   9.660          -0.3605000E+01
   9.680           0.2011600E+02
   9.700           0.3430300E+02
   9.720          -0.2728000E+01
   9.740          -0.3723600E+02
   9.760          -0.4770800E+02
   9.780          -0.7839200E+02
   9.800          -0.3103500E+02
   9.820           0.2087300E+02
   9.840           0.5326000E+01
   9.860          -0.4918500E+02
   9.880          -0.5883300E+02
   9.900          -0.6757400E+02
   9.920          -0.5638700E+02
   9.940          -0.3340500E+02
   9.960           0.1908100E+02
   9.980           0.1219200E+02
  10.000          -0.3914500E+02
  10.020          -0.5071000E+02
  10.040          -0.7082100E+02
  10.060          -0.6509400E+02
  10.080          -0.4486000E+02
  10.100          -0.3606200E+02
  10.120          -0.3482800E+02
  10.140           0.2802800E+02
  10.160           0.8692900E+02
  10.180           0.9754600E+02
  10.200           0.3410200E+02
  10.220          -0.4266200E+02
  10.240          -0.6201800E+02
  10.260          -0.2183500E+02
  10.280           0.6190000E+00
  10.300           0.4455000E+01
  10.320           0.3552400E+02
  10.340           0.8170500E+02
  10.360           0.1016780E+03
  10.380           0.8868900E+02
  10.400           0.4632800E+02
  10.420           0.3942000E+01
  10.440          -0.2082500E+02
  10.460           0.1672100E+02
  10.480           0.2378000E+02
  10.500           0.5575000E+01
  10.520          -0.5033700E+02
  10.540          -0.3034400E+02
  10.560          -0.1732000E+01
  10.580           0.4422100E+02
  10.600           0.6707700E+02
  10.620           0.5890400E+02
  10.640           0.4262600E+02
  10.660          -0.1990800E+02
  10.680          -0.5869900E+02
  10.700          -0.1021470E+03
  10.720          -0.9416100E+02
  10.740          -0.5704900E+02
  10.760          -0.6432000E+01
  10.780           0.5136500E+02
  10.800           0.6938800E+02
  10.820           0.5498000E+02
  10.840           0.5197900E+02
  10.860           0.2532300E+02
  10.880           0.2431600E+02
  10.900           0.3458600E+02
  10.920           0.7224500E+02
  10.940           0.4697200E+02
  10.960           0.3823100E+02
  10.980           0.6450000E+01
  11.000           0.1669900E+02
  11.020           0.5563500E+02
  11.040           0.1178100E+02
  11.060          -0.7980000E+00
  11.080           0.1915400E+02
  11.100           0.2096000E+01
  11.120          -0.3290900E+02
  11.140          -0.6119500E+02
  11.160          -0.8896500E+02
  11.180          -0.7456200E+02
  11.200          -0.4287700E+02
  11.220          -0.5037000E+01
  11.240          -0.2416200E+02
  11.260          -0.9039000E+01
  11.280           0.4566600E+02
  11.300           0.7640200E+02
  11.320           0.1363100E+02
  11.340          -0.8452000E+01
  11.360           0.2495100E+02
  11.380           0.1516700E+02
  11.400          -0.3779400E+02
  11.420          -0.7486100E+02
  11.440          -0.5409000E+02
  11.460          -0.3561000E+01
  11.480          -0.3826200E+02
  11.500          -0.6584200E+02
  11.520          -0.4220100E+02
  11.540          -0.2176100E+02
  11.560           0.2761900E+02
  11.580          -0.3623000E+01
  11.600           0.1834200E+02
  11.620           0.2658900E+02
  11.640           0.1707300E+02
  11.660           0.2166400E+02
  11.680           0.6088300E+02
  11.700           0.5360700E+02
  11.720           0.3351800E+02
  11.740           0.1546000E+02
  11.760          -0.3709000E+01
  11.780          -0.3364200E+02
  11.800          -0.3574000E+01
  11.820          -0.1372700E+02
  11.840           0.1968600E+02
  11.860           0.1445800E+02
  11.880          -0.1104100E+02
  11.900           0.2946200E+02
  11.920           0.4095200E+02
  11.940           0.5546500E+02
  11.960           0.3579900E+02
  11.980           0.1445700E+02
  12.000          -0.2444800E+02
  12.020          -0.4632800E+02
  12.040          -0.5989300E+02
  12.060          -0.4518100E+02
  12.080          -0.2006500E+02
  12.100           0.5100400E+02
  12.120           0.8146400E+02
  12.140           0.7804900E+02
  12.160           0.2345100E+02
  12.180          -0.6063000E+01
  12.200          -0.2379500E+02
  12.220          -0.2482900E+02
  12.240          -0.1474500E+02
  12.260           0.1153000E+01
  12.280           0.1004300E+02
  12.300          -0.1776300E+02
  12.320          -0.3637900E+02
  12.340          -0.4849300E+02
  12.360          -0.6916600E+02
  12.380          -0.6575000E+02
  12.400          -0.6017700E+02
  12.420           0.2116400E+02
  12.440           0.1145890E+03
  12.460           0.1255900E+03
  12.480           0.8862500E+02
  12.500           0.6056200E+02
  12.520           0.3315800E+02
  12.540           0.4037100E+02
  12.560           0.3646400E+02
  12.580           0.2648800E+02
  12.600          -0.4735000E+01
  12.620          -0.7444900E+02
  12.640          -0.3954800E+02
  12.660          -0.1642100E+02
  12.680          -0.7090000E+00
  12.700           0.4968800E+02
  12.720           0.4297000E+02
  12.740           0.8529000E+01
  12.760          -0.3215900E+02
  12.780          -0.3101600E+02
  12.800           0.1709000E+01
  12.820          -0.5059300E+02
  12.840          -0.5877100E+02
  12.860          -0.8605600E+02
  12.880          -0.5095900E+02
  12.900           0.3302100E+02
  12.920           0.6766400E+02
  12.940           0.8618100E+02
  12.960           0.6254300E+02
  12.980           0.4321000E+01
  13.000          -0.1570600E+02
  13.020          -0.8322000E+01
  13.040          -0.1065000E+01
  13.060          -0.2690800E+02
  13.080          -0.2287500E+02
  13.100           0.1922200E+02
  13.120           0.1710400E+02
  13.140          -0.1284300E+02
  13.160           0.4800000E+00
  13.180          -0.1694300E+02
  13.200          -0.1370900E+02
  13.220          -0.3510900E+02
  13.240          -0.2086000E+02
  13.260          -0.2261000E+01
  13.280          -0.4351000E+01
  13.300           0.9507000E+01
  13.320           0.1837400E+02
  13.340           0.5640000E+02
  13.360           0.4593000E+02
  13.380           0.6632200E+02
  13.400           0.9164600E+02
  13.420           0.7135200E+02
  13.440           0.2110600E+02
  13.460          -0.1299100E+02
  13.480          -0.2936800E+02
  13.500           0.5764000E+01
  13.520           0.4390300E+02
  13.540           0.5716100E+02
  13.560           0.7251000E+01
  13.580          -0.3059100E+02
  13.600          -0.5480600E+02
  13.620          -0.6956600E+02
  13.640          -0.3980700E+02
  13.660          -0.4252300E+02
  13.680          -0.5473800E+02
  13.700          -0.5711400E+02
  13.720          -0.5381400E+02
  13.740          -0.6698000E+01
  13.760          -0.2838000E+01
  13.780          -0.1835500E+02
  13.800          -0.5544000E+01
  13.820          -0.2457400E+02
  13.840          -0.2496500E+02
  13.860           0.5758500E+02
  13.880           0.9137300E+02
  13.900           0.6025300E+02
  13.920           0.1093300E+02
  13.940           0.9346000E+01
  13.960          -0.7260000E+01
  13.980          -0.1360900E+02
  14.000           0.5056000E+02
  14.020           0.4978500E+02
  14.040           0.2510800E+02
  14.060           0.1864500E+02
  14.080           0.3937400E+02
  14.100           0.2279200E+02
  14.120          -0.1703300E+02
  14.140          -0.3828200E+02
  14.160          -0.5309100E+02
  14.180          -0.2889000E+02
  14.200          -0.4072400E+02
  14.220          -0.3683600E+02
  14.240          -0.4422100E+02
  14.260          -0.5234500E+02
  14.280          -0.2955500E+02
  14.300          -0.1206300E+02
  14.320          -0.4086600E+02
  14.340           0.1335400E+02
  14.360           0.9467000E+01
  14.380          -0.1755900E+02
  14.400          -0.7139200E+02
  14.420          -0.5281500E+02
  14.440           0.8791000E+01
  14.460           0.1708600E+02
  14.480           0.2612400E+02
  14.500           0.4484000E+02
  14.520           0.1005700E+02
  14.540          -0.2494000E+01
  14.560          -0.3640900E+02
  14.580          -0.2635200E+02
  14.600          -0.4225700E+02
  14.620          -0.2700400E+02
  14.640           0.4030300E+02
  14.660           0.1274000E+01
  14.680          -0.2524700E+02
  14.700          -0.3739400E+02
  14.720          -0.3261600E+02
  14.740          -0.3043600E+02
  14.760          -0.4381000E+02
  14.780          -0.2186900E+02
  14.800          -0.2301100E+02
  14.820          -0.5203400E+02
  14.840          -0.5685400E+02
  14.860          -0.5581700E+02
  14.880          -0.2548000E+02
  14.900           0.7343000E+01
  14.920          -0.6900000E+00
  14.940          -0.3070900E+02
  14.960           0.1836100E+02
  14.980           0.4578000E+02
  15.000           0.1505400E+02
  15.020          -0.3068700E+02
  15.040          -0.1325200E+02
  15.060           0.8945000E+01
  15.080          -0.2924000E+01
  15.100           0.4119000E+01
  15.120           0.3554300E+02
  15.140           0.8799000E+01
  15.160           0.1665100E+02
  15.180           0.1386000E+02
  15.200           0.5161400E+02
  15.220           0.7884400E+02
  15.240           0.9375000E+02
  15.260           0.6912200E+02
  15.280           0.2939500E+02
  15.300           0.2341500E+02
  15.320           0.2815000E+02
  15.340           0.3752000E+01
  15.360          -0.4841000E+01
  15.380           0.2834300E+02
  15.400           0.1084800E+02
  15.420          -0.9218000E+01
  15.440          -0.4451500E+02
  15.460          -0.1418100E+02
  15.480           0.5511400E+02
  15.500           0.7750500E+02
  15.520           0.3643900E+02
  15.540          -0.6915000E+01
  15.560          -0.5560200E+02
  15.580          -0.1192230E+03
  15.600          -0.1400130E+03
  15.620          -0.9947400E+02
  15.640          -0.7616400E+02
  15.660          -0.2974700E+02
  15.680           0.4108000E+02
  15.700           0.8529200E+02
  15.720           0.5336900E+02
  15.740           0.7062500E+02
  15.760           0.8308700E+02
  15.780           0.6715400E+02
  15.800           0.2033600E+02
  15.820          -0.2174000E+02
  15.840          -0.1909100E+02
  15.860          -0.3556900E+02
  15.880          -0.4017900E+02
  15.900          -0.6439100E+02
  15.920          -0.8118100E+02
  15.940          -0.8224100E+02
  15.960          -0.7040700E+02
  15.980          -0.5068700E+02
  16.000          -0.2263500E+02
  16.020          -0.1894500E+02
  16.040          -0.1878000E+02
  16.060           0.7914000E+01
  16.080           0.5687200E+02
  16.100           0.1004520E+03
  16.120           0.9230600E+02
  16.140           0.9057200E+02
  16.160           0.2610200E+02
  16.180          -0.3177900E+02
  16.200          -0.5475800E+02
  16.220          -0.6912000E+01
  16.240           0.4034200E+02
  16.260           0.4980000E+02
  16.280           0.6949800E+02
  16.300           0.9143700E+02
  16.320           0.7260100E+02
  16.340           0.6766000E+02
  16.360           0.4695800E+02
  16.380           0.8453000E+01
  16.400          -0.4789900E+02
  16.420          -0.5166300E+02
  16.440          -0.3729400E+02
  16.460          -0.5035700E+02
  16.480          -0.5118400E+02
  16.500          -0.1311000E+02
  16.520          -0.1188300E+02
  16.540          -0.1341200E+02
  16.560          -0.2220000E+02
  16.580          -0.1505100E+02
  16.600           0.3536000E+01
  16.620          -0.3784800E+02
  16.640          -0.3216200E+02
  16.660           0.9017000E+01
  16.680           0.1823200E+02
  16.700           0.4039400E+02
  16.720           0.4646400E+02
  16.740           0.4961900E+02
  16.760           0.3173800E+02
  16.780          -0.4786500E+02
  16.800          -0.6306200E+02
  16.820          -0.8496300E+02
  16.840          -0.8374900E+02
  16.860          -0.4622600E+02
  16.880           0.2635100E+02
  16.900           0.5343200E+02
  16.920           0.4853300E+02
  16.940           0.1742800E+02
  16.960           0.1895000E+01
  16.980          -0.2312300E+02
  17.000          -0.3901000E+02
  17.020          -0.6982500E+02
  17.040          -0.7419700E+02
  17.060          -0.2019800E+02
  17.080           0.2427600E+02
  17.100           0.1548700E+02
  17.120          -0.1256100E+02
  17.140           0.1876000E+01
  17.160          -0.1220000E+02
  17.180          -0.2795200E+02
  17.200          -0.3437500E+02
  17.220          -0.3880800E+02
  17.240          -0.4972000E+01
  17.260          -0.7891000E+01
  17.280          -0.1065300E+02
  17.300          -0.3061000E+02
  17.320          -0.1925900E+02
  17.340          -0.7852000E+01
  17.360           0.9726000E+01
  17.380           0.2941000E+01
  17.400          -0.7154000E+01
  17.420          -0.3435500E+02
  17.440          -0.3335100E+02
  17.460           0.1535000E+01
  17.480           0.4265900E+02
  17.500           0.7516700E+02
  17.520           0.7883100E+02
  17.540           0.4293100E+02
  17.560           0.3325900E+02
  17.580           0.2317600E+02
  17.600          -0.4005000E+01
  17.620          -0.3144200E+02
  17.640          -0.4477700E+02
  17.660          -0.2460200E+02
  17.680          -0.1581000E+01
  17.700           0.2265200E+02
  17.720           0.4454200E+02
  17.740           0.2353400E+02
  17.760           0.1034900E+02
  17.780           0.2350000E+01
  17.800           0.1775500E+02
  17.820           0.2413500E+02
  17.840           0.1849600E+02
  17.860           0.2811200E+02
  17.880          -0.9376000E+01
  17.900          -0.4050200E+02
  17.920          -0.4778600E+02
  17.940          -0.4830700E+02
  17.960          -0.2230700E+02
  17.980           0.2140000E+00
  18.000          -0.2943000E+01
  18.020          -0.2142500E+02
  18.040          -0.3604600E+02
  18.060          -0.1259300E+02
  18.080          -0.3017000E+01
  18.100          -0.1102400E+02
  18.120          -0.4300000E-01
  18.140           0.5934000E+01
  18.160           0.2338300E+02
  18.180           0.1887500E+02
  18.200          -0.1365600E+02
  18.220          -0.1948600E+02
  18.240          -0.4932900E+02
  18.260          -0.4956900E+02
  18.280           0.2250000E+00
  18.300           0.4648800E+02
  18.320           0.7591300E+02
  18.340           0.6883900E+02
  18.360           0.7524300E+02
  18.380           0.7216700E+02
  18.400           0.4027900E+02
  18.420           0.2698900E+02
  18.440           0.3942900E+02
  18.460           0.7100000E+01
  18.480          -0.1660400E+02
  18.500          -0.1771100E+02
  18.520           0.1696000E+02
  18.540           0.1081700E+02
  18.560          -0.1847500E+02
  18.580          -0.1888600E+02
  18.600          -0.1909000E+02
  18.620          -0.3610000E+02
  18.640          -0.4335100E+02
  18.660          -0.6280000E+01
  18.680          -0.7625000E+01
  18.700          -0.2265900E+02
  18.720          -0.1849000E+02
  18.740          -0.5520000E+01
  18.760          -0.3312000E+01
  18.780          -0.5100000E-01
  18.800          -0.6389000E+01
  18.820          -0.2864900E+02
  18.840          -0.5065400E+02
  18.860          -0.3857500E+02
  18.880           0.4470000E+00
  18.900           0.1420400E+02
  18.920           0.8050000E+01
  18.940          -0.6598000E+01
  18.960          -0.9414000E+01
  18.980          -0.2009300E+02
  19.000          -0.1742000E+01
  19.020          -0.1155200E+02
  19.040          -0.1748800E+02
  19.060          -0.3530000E+01
  19.080           0.1213000E+01
  19.100           0.3142300E+02
  19.120           0.4057300E+02
  19.140           0.5779600E+02
  19.160           0.4680800E+02
  19.180           0.3885900E+02
  19.200           0.2550600E+02
  19.220          -0.1021700E+02
  19.240          -0.1079200E+02
  19.260           0.4368000E+01
  19.280           0.4157000E+01
  19.300           0.7980000E+00
  19.320           0.1617300E+02
  19.340           0.2177500E+02
  19.360           0.1115300E+02
  19.380           0.1209400E+02
  19.400           0.5812000E+01
  19.420           0.5650000E+01
  19.440           0.1147100E+02
  19.460           0.5246000E+01
  19.480           0.2211800E+02
  19.500           0.2102900E+02
  19.520           0.3424400E+02
  19.540           0.4826500E+02
  19.560           0.2945300E+02
  19.580           0.4938000E+01
  19.600          -0.2699700E+02
  19.620          -0.3703600E+02
  19.640          -0.1044800E+02
  19.660           0.4690000E+00
  19.680          -0.1420000E+01
  19.700           0.1394000E+01
  19.720           0.1334300E+02
  19.740           0.2446000E+02
  19.760           0.3210700E+02
  19.780           0.5148700E+02
  19.800           0.5714200E+02
  19.820           0.2596900E+02
  19.840           0.2738000E+01
  19.860           0.3980000E+01
  19.880           0.4062000E+01
  19.900          -0.1817500E+02
  19.920          -0.3471500E+02
  19.940          -0.3760100E+02
  19.960          -0.5186800E+02
  19.980          -0.6142800E+02
  20.000          -0.4963200E+02
  20.020          -0.3143700E+02
  20.040          -0.1454700E+02
  20.060           0.1131000E+01
  20.080          -0.3611000E+01
  20.100           0.1039400E+02
  20.120           0.2770500E+02
  20.140           0.1645900E+02
  20.160           0.1254600E+02
  20.180           0.8843000E+01
  20.200           0.2465900E+02
  20.220           0.2541900E+02
  20.240           0.1456400E+02
  20.260          -0.1236000E+01
  20.280          -0.1072900E+02
  20.300          -0.5598000E+01
  20.320          -0.1066300E+02
  20.340          -0.1475300E+02
  20.360          -0.6716000E+01
  20.380           0.2454000E+01
  20.400           0.1191400E+02
  20.420           0.1974000E+02
  20.440           0.2010400E+02
  20.460           0.2339600E+02
  20.480           0.3025700E+02
  20.500           0.2152400E+02
  20.520           0.1240900E+02
  20.540           0.5770000E+01
  20.560          -0.2960000E+01
  20.580          -0.1004000E+02
  20.600          -0.1332900E+02
  20.620          -0.9219000E+01
  20.640          -0.1314200E+02
  20.660          -0.1600200E+02
  20.680          -0.1183000E+02
  20.700           0.5868000E+01
  20.720           0.1391000E+01
  20.740          -0.1816600E+02
  20.760          -0.3004700E+02
  20.780          -0.1692100E+02
  20.800           0.7261000E+01
  20.820          -0.2740000E+00
  20.840          -0.1699200E+02
  20.860          -0.3311200E+02
  20.880          -0.3568300E+02
  20.900          -0.2117000E+02
  20.920          -0.1644800E+02
  20.940          -0.1493400E+02
  20.960          -0.2440500E+02
  20.980          -0.2570300E+02
  21.000          -0.8088000E+01
  21.020          -0.9890000E+00
  21.040           0.7477000E+01
  21.060           0.2220200E+02
  21.080           0.1766900E+02
  21.100          -0.2127000E+01
  21.120          -0.8686000E+01
  21.140          -0.8840000E+00
  21.160           0.7163000E+01
  21.180          -0.1134000E+02
  21.200          -0.3431400E+02
  21.220          -0.3205800E+02
  21.240          -0.4580000E+01
  21.260           0.2734400E+02
  21.280           0.4075600E+02
  21.300           0.3529900E+02
  21.320           0.3747700E+02
  21.340           0.2525200E+02
  21.360           0.1907600E+02
  21.380           0.1721600E+02
  21.400           0.1737600E+02
  21.420           0.2541700E+02
  21.440           0.8928000E+01
  21.460           0.2025000E+01
  21.480          -0.1053700E+02
  21.500          -0.1152800E+02
  21.520          -0.3785000E+01
  21.540          -0.5916000E+01
  21.560          -0.8326000E+01
  21.580          -0.6771000E+01
  21.600          -0.8470000E+00
  21.620           0.8813000E+01
  21.640           0.3313000E+01
  21.660           0.1307200E+02
  21.680           0.1242300E+02
  21.700          -0.4123000E+01
  21.720          -0.1609500E+02
  21.740          -0.2746600E+02
  21.760          -0.1741700E+02
  21.780           0.3575000E+01
  21.800           0.5413000E+01
  21.820          -0.3705000E+01
  21.840          -0.1887400E+02
  21.860          -0.2026400E+02
  21.880          -0.6629000E+01
  21.900          -0.1699900E+02
  21.920          -0.2454200E+02
  21.940          -0.2091100E+02
  21.960          -0.2159300E+02
  21.980          -0.1663400E+02
  22.000          -0.1237300E+02
  22.020           0.5200000E+01
  22.040           0.9099000E+01
  22.060          -0.1080900E+02
  22.080          -0.3884500E+02
  22.100          -0.5215500E+02
  22.120          -0.4049600E+02
  22.140          -0.1054500E+02
  22.160          -0.4855000E+01
  22.180          -0.1910600E+02
  22.200          -0.1049800E+02
  22.220          -0.1219000E+01
  22.240           0.2893000E+01
  22.260           0.6570000E+00
  22.280          -0.2597000E+01
  22.300           0.7424000E+01
  22.320          -0.5991000E+01
  22.340          -0.1441200E+02
  22.360          -0.1266200E+02
  22.380          -0.4672000E+01
  22.400           0.4569000E+01
  22.420           0.4512000E+01
  22.440           0.4619000E+01
  22.460           0.1073200E+02
  22.480           0.8791000E+01
  22.500           0.1116200E+02
  22.520           0.1091700E+02
  22.540          -0.1798000E+01
  22.560          -0.5524000E+01
  22.580          -0.3769000E+01
  22.600           0.1643000E+01
  22.620           0.7259000E+01
  22.640           0.7307000E+01
  22.660           0.1107100E+02
  22.680           0.6441000E+01
  22.700           0.6590000E+01
  22.720           0.1537700E+02
  22.740           0.1684900E+02
  22.760           0.1152000E+02
  22.780           0.1112300E+02
  22.800           0.2409900E+02
  22.820           0.3238600E+02
  22.840           0.2069600E+02
  22.860           0.5858000E+01
  22.880          -0.1261000E+02
  22.900          -0.1299600E+02
  22.920          -0.9384000E+01
  22.940          -0.7279000E+01
  22.960           0.4460000E+01
  22.980           0.7325000E+01
  23.000          -0.7400000E-01
  23.020          -0.1164300E+02
  23.040          -0.4688000E+01
  23.060           0.1335100E+02
  23.080           0.1748200E+02
  23.100           0.8249000E+01
  23.120          -0.3084000E+01
  23.140          -0.1091700E+02
  23.160          -0.1945900E+02
  23.180          -0.1744100E+02
  23.200          -0.1008100E+02
  23.220          -0.1372100E+02
  23.240          -0.1618000E+02
  23.260          -0.9396000E+01
  23.280          -0.2293000E+01
  23.300          -0.3398000E+01
  23.320          -0.5667000E+01
  23.340           0.2054000E+01
  23.360           0.4997000E+01
  23.380           0.1310700E+02
  23.400           0.2017300E+02
  23.420           0.1245100E+02
  23.440           0.6456000E+01
  23.460           0.4094000E+01
  23.480           0.6233000E+01
  23.500           0.1363800E+02
  23.520           0.6140000E+00
  23.540          -0.4624000E+01
  23.560           0.3600000E-01
  23.580           0.1255300E+02
  23.600           0.2921600E+02
  23.620           0.2414600E+02
  23.640           0.1964400E+02
  23.660           0.1831800E+02
  23.680           0.1527800E+02
  23.700           0.9630000E+01
  23.720           0.1304000E+01
  23.740           0.7263000E+01
  23.760           0.6307000E+01
  23.780          -0.2575000E+01
  23.800          -0.3482000E+01
  23.820           0.4140000E+00
  23.840           0.1156100E+02
  23.860           0.1263600E+02
  23.880           0.2004300E+02
  23.900           0.1789500E+02
  23.920           0.5728000E+01
  23.940          -0.4805000E+01
  23.960          -0.5602000E+01
  23.980          -0.4513000E+01
  24.000           0.3571000E+01
  24.020           0.8075000E+01
  24.040           0.2295700E+02
  24.060           0.3031200E+02
  24.080           0.2277600E+02
  24.100           0.1320700E+02
  24.120           0.1107400E+02
  24.140           0.9535000E+01
  24.160           0.7143000E+01
  24.180           0.3093000E+01
  24.200          -0.8688000E+01
  24.220          -0.2036600E+02
  24.240          -0.2866300E+02
  24.260          -0.2043200E+02
  24.280          -0.1397700E+02
  24.300          -0.1229000E+02
  24.320          -0.1074100E+02
  24.340          -0.9695000E+01
  24.360          -0.2322000E+01
  24.380          -0.1565000E+01
  24.400          -0.4744000E+01
  24.420          -0.1908800E+02
  24.440          -0.1815900E+02
  24.460          -0.1201400E+02
  24.480          -0.9010000E+01
  24.500          -0.7391000E+01
  24.520           0.1981000E+01
  24.540           0.1400400E+02
  24.560           0.1348300E+02
  24.580           0.5920000E+01
  24.600           0.1104000E+01
  24.620           0.4469000E+01
  24.640           0.1480700E+02
  24.660           0.1670000E+02
  24.680           0.1121100E+02
  24.700           0.7712000E+01
  24.720           0.4653000E+01
  24.740          -0.4356000E+01
  24.760          -0.8600000E+01
  24.780           0.5511000E+01
  24.800           0.1289900E+02
  24.820           0.6050000E+01
  24.840          -0.7959000E+01
  24.860          -0.1244600E+02
  24.880          -0.1064400E+02
  24.900          -0.7560000E+00
  24.920           0.1104900E+02
  24.940           0.1298800E+02
  24.960           0.2807000E+01
  24.980           0.5270000E+00
  25.000          -0.6517000E+01
  25.020          -0.4540000E+00
  25.040           0.3080000E+00
  25.060           0.9750000E+00
  25.080           0.9750000E+00
  25.100           0.1790000E+01
  25.120           0.3404000E+01
  25.140           0.7668000E+01
  25.160           0.7459000E+01
  25.180          -0.4607000E+01
  25.200          -0.1324300E+02
  25.220          -0.1314100E+02
  25.240          -0.1017600E+02
  25.260          -0.1340800E+02
  25.280          -0.2215000E+02
  25.300          -0.1955400E+02
  25.320          -0.2148700E+02
  25.340          -0.2683500E+02
  25.360          -0.2555700E+02
  25.380          -0.1337300E+02
  25.400          -0.8720000E+01
  25.420          -0.6614000E+01
  25.440          -0.1188000E+02
  25.460          -0.2987000E+01
  25.480           0.4495000E+01
  25.500           0.7620000E+01
  25.520           0.7363000E+01
  25.540           0.6778000E+01
  25.560           0.1076700E+02
  25.580           0.1000100E+02
  25.600           0.1855000E+01
  25.620          -0.9123000E+01
  25.640          -0.1285600E+02
  25.660          -0.7188000E+01
  25.680           0.1666000E+01
  25.700           0.5138000E+01
  25.720           0.1280400E+02
  25.740           0.1691300E+02
  25.760           0.2299200E+02
  25.780           0.2164900E+02
  25.800           0.1888100E+02
  25.820           0.1479100E+02
  25.840           0.7852000E+01
  25.860           0.3587000E+01
  25.880           0.9780000E+00
  25.900          -0.1783000E+01
  25.920          -0.5653000E+01
  25.940          -0.8867000E+01
  25.960          -0.9410000E+01
  25.980          -0.2710000E+01
  26.000           0.4016000E+01
  26.020           0.9939000E+01
  26.040           0.7904000E+01
  26.060           0.7370000E+01
  26.080           0.2924000E+01
  26.100           0.2945000E+01
  26.120           0.4331000E+01
  26.140           0.2850000E+01
  26.160           0.3660000E+00
  26.180          -0.1276000E+01
  26.200           0.5881000E+01
  26.220           0.3080000E+00
  26.240          -0.4154000E+01
  26.260          -0.2503000E+01
  26.280          -0.7150000E+00
  26.300          -0.7610000E+00
  26.320          -0.9600000E-01
  26.340          -0.1692000E+01
  26.360          -0.6730000E+00
  26.380           0.1266000E+01
  26.400          -0.1074000E+01
  26.420          -0.7664000E+01
  26.440          -0.1199200E+02
  26.460          -0.1566600E+02
  26.480          -0.1642800E+02
  26.500          -0.1266800E+02
  26.520          -0.1059400E+02
  26.540          -0.6810000E+01
  26.560          -0.3892000E+01
  26.580           0.2640000E+00
  26.600           0.3904000E+01
  26.620           0.5062000E+01
  26.640           0.8976000E+01
  26.660           0.1140300E+02
  26.680           0.9661000E+01
  26.700           0.3368000E+01
  26.720           0.1500000E+00
  26.740          -0.5848000E+01
  26.760          -0.8188000E+01
  26.780          -0.7514000E+01
  26.800           0.1019000E+01
  26.820           0.8206000E+01
  26.840           0.8299000E+01
  26.860           0.7774000E+01
  26.880           0.8933000E+01
  26.900           0.5058000E+01
  26.920          -0.1820000E+01
  26.940           0.9540000E+00
  26.960           0.1016200E+02
  26.980           0.7700000E+01
  27.000          -0.8560000E+00
  27.020          -0.7714000E+01
  27.040          -0.1099700E+02
  27.060          -0.1420200E+02
  27.080          -0.1062100E+02
  27.100          -0.2034000E+01
  27.120          -0.2655000E+01
  27.140          -0.3188000E+01
  27.160           0.2432000E+01
  27.180           0.2234000E+01
  27.200          -0.4850000E+00
  27.220           0.3259000E+01
  27.240           0.9267000E+01
  27.260           0.8326000E+01
  27.280           0.6642000E+01
  27.300           0.4039000E+01
  27.320          -0.6620000E+00
  27.340          -0.1841000E+01
  27.360          -0.1944000E+01
  27.380          -0.7794000E+01
  27.400          -0.1149500E+02
  27.420          -0.9920000E+01
  27.440          -0.3057000E+01
  27.460          -0.1759000E+01
  27.480          -0.4161000E+01
  27.500          -0.9422000E+01
  27.520          -0.1168200E+02
  27.540          -0.1076500E+02
  27.560          -0.2658000E+01
  27.580          -0.6560000E+00
  27.600          -0.4855000E+01
  27.620          -0.8139000E+01
  27.640          -0.4704000E+01
  27.660          -0.4340000E+01
  27.680          -0.5546000E+01
  27.700          -0.2199000E+01
  27.720           0.3619000E+01
  27.740           0.2853000E+01
  27.760           0.2745000E+01
  27.780           0.4487000E+01
  27.800           0.7643000E+01
  27.820           0.7439000E+01
  27.840           0.6808000E+01
  27.860           0.2022000E+01
  27.880           0.1719000E+01
  27.900           0.3121000E+01
  27.920          -0.3107000E+01
  27.940          -0.1635000E+01
  27.960           0.2219000E+01
  27.980           0.1147000E+01
  28.000           0.9300000E+00
  28.020           0.5504000E+01
  28.040           0.1020200E+02
  28.060           0.8723000E+01
  28.080           0.1465000E+01
  28.100          -0.1146000E+01
  28.120          -0.3906000E+01
  28.140          -0.6179000E+01
  28.160          -0.3742000E+01
  28.180          -0.1482000E+01
  28.200          -0.3460000E+00
  28.220           0.2032000E+01
  28.240           0.4743000E+01
  28.260           0.5109000E+01
  28.280           0.4155000E+01
  28.300           0.6805000E+01
  28.320           0.1146700E+02
  28.340           0.7173000E+01
  28.360           0.7004000E+01
  28.380           0.4315000E+01
  28.400          -0.1200000E+01
  28.420          -0.1898000E+01
  28.440          -0.1486000E+01
  28.460           0.5169000E+01
  28.480           0.7608000E+01
  28.500           0.6688000E+01
  28.520           0.4065000E+01
  28.540           0.4990000E+00
  28.560          -0.1018000E+01
  28.580           0.1984000E+01
  28.600           0.2081000E+01
  28.620           0.2718000E+01
  28.640           0.2509000E+01
  28.660           0.4826000E+01
  28.680           0.5323000E+01
  28.700           0.1742000E+01
  28.720          -0.6110000E+00
  28.740           0.3524000E+01
  28.760           0.6637000E+01
  28.780           0.6416000E+01
  28.800           0.5154000E+01
  28.820           0.2683000E+01
  28.840           0.4364000E+01
  28.860           0.5179000E+01
  28.880           0.4644000E+01
  28.900           0.4154000E+01
  28.920           0.1626000E+01
  28.940           0.1693000E+01
  28.960           0.1457000E+01
  28.980          -0.8240000E+00
  29.000          -0.2393000E+01
  29.020          -0.3837000E+01
  29.040          -0.2826000E+01
  29.060          -0.4729000E+01
  29.080          -0.6074000E+01
  29.100          -0.5282000E+01
  29.120          -0.6146000E+01
  29.140          -0.6684000E+01
  29.160          -0.6185000E+01
  29.180          -0.6390000E+01
  29.200          -0.4353000E+01
  29.220          -0.2474000E+01
  29.240           0.2930000E+00
  29.260           0.1321000E+01
  29.280           0.1100000E+00
  29.300          -0.1724000E+01
  29.320          -0.1310000E+01
  29.340           0.8320000E+00
  29.360           0.1339000E+01
  29.380          -0.1190000E+00
  29.400          -0.1121000E+01
  29.420          -0.1013000E+01
  29.440           0.1460000E+00
  29.460           0.4030000E+00
  29.480           0.6850000E+00
  29.500           0.1164000E+01
  29.520           0.1786000E+01
  29.540           0.1949000E+01
  29.560           0.1146000E+01
  29.580           0.1502000E+01
  29.600           0.1057000E+01
  29.620          -0.5120000E+00
  29.640          -0.1671000E+01
  29.660          -0.1587000E+01
  29.680          -0.4890000E+00
  29.700          -0.4900000E+00
  29.720          -0.1384000E+01
  29.740          -0.9830000E+00
  29.760           0.3940000E+00
  29.780           0.6860000E+00
  29.800           0.7660000E+00
  29.820           0.2223000E+01
  29.840           0.3227000E+01
  29.860           0.2765000E+01
  29.880           0.2029000E+01
  29.900           0.2204000E+01
  29.920           0.1861000E+01
  29.940           0.7320000E+00
  29.960           0.4950000E+00
  29.980           0.7670000E+00
  30.000           0.8520000E+00
  30.020           0.6390000E+00
  30.040           0.6870000E+00
  30.060           0.8240000E+00
  30.080           0.5820000E+00
  30.100           0.2940000E+00
  30.120           0.3890000E+00
  30.140           0.3990000E+00
  30.160           0.1400000E-01
  30.180          -0.3150000E+00
  30.200          -0.3180000E+00
  30.220          -0.3130000E+00
  30.240          -0.4740000E+00
  30.260          -0.4850000E+00
  30.280          -0.2650000E+00
  30.300           0.4400000E-01
  30.320           0.1400000E-01
  30.340          -0.3130000E+00
  30.360          -0.4170000E+00
  30.380          -0.2710000E+00
  30.400          -0.1890000E+00
  30.420          -0.1540000E+00
  30.440          -0.5800000E-01
  30.460           0.1900000E-01
  30.480           0.7000000E-02
  30.500           0.0000000E+00
  30.520           0.0000000E+00
  30.540           0.0000000E+00
  30.560           0.0000000E+00
  30.580           0.0000000E+00
  30.600           0.0000000E+00
  30.620           0.0000000E+00
  30.640           0.0000000E+00
  30.660           0.0000000E+00
  30.680           0.0000000E+00
  30.700           0.0000000E+00
  30.720           0.0000000E+00
  30.740           0.0000000E+00
  30.760           0.0000000E+00
  30.780           0.0000000E+00
  30.800           0.0000000E+00
  30.820           0.0000000E+00
  30.840           0.0000000E+00
  30.860           0.0000000E+00
  30.880           0.0000000E+00
  30.900           0.0000000E+00
  30.920           0.0000000E+00
  30.940           0.0000000E+00
  30.960           0.0000000E+00
  30.980           0.0000000E+00
  31.000           0.0000000E+00
  31.020           0.0000000E+00
  31.040           0.0000000E+00
  31.060           0.0000000E+00
  31.080           0.0000000E+00
  31.100           0.0000000E+00
  31.120           0.0000000E+00
  31.140           0.0000000E+00
  31.160           0.0000000E+00
  31.180           0.0000000E+00
  31.200           0.0000000E+00
  31.220           0.0000000E+00
  31.240           0.0000000E+00
  31.260           0.0000000E+00
  31.280           0.0000000E+00
  31.300           0.0000000E+00
  31.320           0.0000000E+00
  31.340           0.0000000E+00
  31.360           0.0000000E+00
  31.380           0.0000000E+00
  31.400           0.0000000E+00
  31.420           0.0000000E+00
  31.440           0.0000000E+00
  31.460           0.0000000E+00
  31.480           0.0000000E+00
  31.500           0.0000000E+00
  31.520           0.0000000E+00
  31.540           0.0000000E+00
  31.560           0.0000000E+00
  31.580           0.0000000E+00
  31.600           0.0000000E+00
  31.620           0.0000000E+00
  31.640           0.0000000E+00
  31.660           0.0000000E+00
  31.680           0.0000000E+00
  31.700           0.0000000E+00
  31.720           0.0000000E+00
  31.740           0.0000000E+00
  31.760           0.0000000E+00
  31.780           0.0000000E+00
  31.800           0.0000000E+00
  31.820           0.0000000E+00
  31.840           0.0000000E+00
  31.860           0.0000000E+00
  31.880           0.0000000E+00
  31.900           0.0000000E+00
  31.920           0.0000000E+00
  31.940           0.0000000E+00
  31.960           0.0000000E+00
  31.980           0.0000000E+00
  32.000           0.0000000E+00
  32.020           0.0000000E+00
  32.040           0.0000000E+00
  32.060           0.0000000E+00
  32.080           0.0000000E+00
  32.100           0.0000000E+00
  32.120           0.0000000E+00
  32.140           0.0000000E+00
  32.160           0.0000000E+00
  32.180           0.0000000E+00
  32.200           0.0000000E+00
  32.220           0.0000000E+00
  32.240           0.0000000E+00
  32.260           0.0000000E+00
  32.280           0.0000000E+00
  32.300           0.0000000E+00
  32.320           0.0000000E+00
  32.340           0.0000000E+00
  32.360           0.0000000E+00
  32.380           0.0000000E+00
  32.400           0.0000000E+00
  32.420           0.0000000E+00
  32.440           0.0000000E+00
  32.460           0.0000000E+00
  32.480           0.0000000E+00
  32.500           0.0000000E+00
  32.520           0.0000000E+00
  32.540           0.0000000E+00
  32.560           0.0000000E+00
  32.580           0.0000000E+00
  32.600           0.0000000E+00
  32.620           0.0000000E+00
  32.640           0.0000000E+00
  32.660           0.0000000E+00
  32.680           0.0000000E+00
  32.700           0.0000000E+00
  32.720           0.0000000E+00
  32.740           0.0000000E+00
  32.760           0.0000000E+00
  32.780           0.0000000E+00
  32.800           0.0000000E+00
  32.820           0.0000000E+00
  32.840           0.0000000E+00
  32.860           0.0000000E+00
  32.880           0.0000000E+00
  32.900           0.0000000E+00
  32.920           0.0000000E+00
  32.940           0.0000000E+00
  32.960           0.0000000E+00
  32.980           0.0000000E+00
  33.000           0.0000000E+00
  33.020           0.0000000E+00
  33.040           0.0000000E+00
  33.060           0.0000000E+00
  33.080           0.0000000E+00
  33.100           0.0000000E+00
  33.120           0.0000000E+00
  33.140           0.0000000E+00
  33.160           0.0000000E+00
  33.180           0.0000000E+00
  33.200           0.0000000E+00
  33.220           0.0000000E+00
  33.240           0.0000000E+00
  33.260           0.0000000E+00
  33.280           0.0000000E+00
  33.300           0.0000000E+00
  33.320           0.0000000E+00
  33.340           0.0000000E+00
  33.360           0.0000000E+00
  33.380           0.0000000E+00
  33.400           0.0000000E+00
  33.420           0.0000000E+00
  33.440           0.0000000E+00
  33.460           0.0000000E+00
  33.480           0.0000000E+00
  33.500           0.0000000E+00
  33.520           0.0000000E+00
  33.540           0.0000000E+00
  33.560           0.0000000E+00
  33.580           0.0000000E+00
  33.600           0.0000000E+00
  33.620           0.0000000E+00
  33.640           0.0000000E+00
  33.660           0.0000000E+00
  33.680           0.0000000E+00
  33.700           0.0000000E+00
  33.720           0.0000000E+00
  33.740           0.0000000E+00
  33.760           0.0000000E+00
  33.780           0.0000000E+00
  33.800           0.0000000E+00
  33.820           0.0000000E+00
  33.840           0.0000000E+00
  33.860           0.0000000E+00
  33.880           0.0000000E+00
  33.900           0.0000000E+00
  33.920           0.0000000E+00
  33.940           0.0000000E+00
  33.960           0.0000000E+00
  33.980           0.0000000E+00
  34.000           0.0000000E+00
  34.020           0.0000000E+00
  34.040           0.0000000E+00
  34.060           0.0000000E+00
  34.080           0.0000000E+00
  34.100           0.0000000E+00
  34.120           0.0000000E+00
  34.140           0.0000000E+00
  34.160           0.0000000E+00
  34.180           0.0000000E+00
  34.200           0.0000000E+00
  34.220           0.0000000E+00
  34.240           0.0000000E+00
  34.260           0.0000000E+00
  34.280           0.0000000E+00
  34.300           0.0000000E+00
  34.320           0.0000000E+00
  34.340           0.0000000E+00
  34.360           0.0000000E+00
  34.380           0.0000000E+00
  34.400           0.0000000E+00
  34.420           0.0000000E+00
  34.440           0.0000000E+00
  34.460           0.0000000E+00
  34.480           0.0000000E+00
  34.500           0.0000000E+00
  34.520           0.0000000E+00
  34.540           0.0000000E+00
  34.560           0.0000000E+00
  34.580           0.0000000E+00
  34.600           0.0000000E+00
  34.620           0.0000000E+00
  34.640           0.0000000E+00
  34.660           0.0000000E+00
  34.680           0.0000000E+00
  34.700           0.0000000E+00
  34.720           0.0000000E+00
  34.740           0.0000000E+00
  34.760           0.0000000E+00
  34.780           0.0000000E+00
  34.800           0.0000000E+00
  34.820           0.0000000E+00
  34.840           0.0000000E+00
  34.860           0.0000000E+00
  34.880           0.0000000E+00
  34.900           0.0000000E+00
  34.920           0.0000000E+00
  34.940           0.0000000E+00
  34.960           0.0000000E+00
  34.980           0.0000000E+00
  35.000           0.0000000E+00
  35.020           0.0000000E+00
  35.040           0.0000000E+00
  35.060           0.0000000E+00
  35.080           0.0000000E+00
  35.100           0.0000000E+00
  35.120           0.0000000E+00
  35.140           0.0000000E+00
  35.160           0.0000000E+00
  35.180           0.0000000E+00
  35.200           0.0000000E+00
  35.220           0.0000000E+00
  35.240           0.0000000E+00
  35.260           0.0000000E+00
  35.280           0.0000000E+00
  35.300           0.0000000E+00
  35.320           0.0000000E+00
  35.340           0.0000000E+00
  35.360           0.0000000E+00
  35.380           0.0000000E+00
  35.400           0.0000000E+00
  35.420           0.0000000E+00
  35.440           0.0000000E+00
  35.460           0.0000000E+00
  35.480           0.0000000E+00
  35.500           0.0000000E+00
  35.520           0.0000000E+00
  35.540           0.0000000E+00
  35.560           0.0000000E+00
  35.580           0.0000000E+00
  35.600           0.0000000E+00
  35.620           0.0000000E+00
  35.640           0.0000000E+00
  35.660           0.0000000E+00
  35.680           0.0000000E+00
  35.700           0.0000000E+00
  35.720           0.0000000E+00
  35.740           0.0000000E+00
  35.760           0.0000000E+00
  35.780           0.0000000E+00
  35.800           0.0000000E+00
  35.820           0.0000000E+00
  35.840           0.0000000E+00
  35.860           0.0000000E+00
  35.880           0.0000000E+00
  35.900           0.0000000E+00
  35.920           0.0000000E+00
  35.940           0.0000000E+00
  35.960           0.0000000E+00
  35.980           0.0000000E+00
  36.000           0.0000000E+00
  36.020           0.0000000E+00
  36.040           0.0000000E+00
  36.060           0.0000000E+00
  36.080           0.0000000E+00
  36.100           0.0000000E+00
  36.120           0.0000000E+00
  36.140           0.0000000E+00
  36.160           0.0000000E+00
  36.180           0.0000000E+00
  36.200           0.0000000E+00
  36.220           0.0000000E+00
  36.240           0.0000000E+00
  36.260           0.0000000E+00
  36.280           0.0000000E+00
  36.300           0.0000000E+00
  36.320           0.0000000E+00
  36.340           0.0000000E+00
  36.360           0.0000000E+00
  36.380           0.0000000E+00
  36.400           0.0000000E+00
  36.420           0.0000000E+00
  36.440           0.0000000E+00
  36.460           0.0000000E+00
  36.480           0.0000000E+00
  36.500           0.0000000E+00
  36.520           0.0000000E+00
  36.540           0.0000000E+00
  36.560           0.0000000E+00
  36.580           0.0000000E+00
  36.600           0.0000000E+00
  36.620           0.0000000E+00
  36.640           0.0000000E+00
  36.660           0.0000000E+00
  36.680           0.0000000E+00
  36.700           0.0000000E+00
  36.720           0.0000000E+00
  36.740           0.0000000E+00
  36.760           0.0000000E+00
  36.780           0.0000000E+00
  36.800           0.0000000E+00
  36.820           0.0000000E+00
  36.840           0.0000000E+00
  36.860           0.0000000E+00
  36.880           0.0000000E+00
  36.900           0.0000000E+00
  36.920           0.0000000E+00
  36.940           0.0000000E+00
  36.960           0.0000000E+00
  36.980           0.0000000E+00
  37.000           0.0000000E+00
  37.020           0.0000000E+00
  37.040           0.0000000E+00
  37.060           0.0000000E+00
  37.080           0.0000000E+00
  37.100           0.0000000E+00
  37.120           0.0000000E+00
  37.140           0.0000000E+00
  37.160           0.0000000E+00
  37.180           0.0000000E+00
  37.200           0.0000000E+00
  37.220           0.0000000E+00
  37.240           0.0000000E+00
  37.260           0.0000000E+00
  37.280           0.0000000E+00
  37.300           0.0000000E+00
  37.320           0.0000000E+00
  37.340           0.0000000E+00
  37.360           0.0000000E+00
  37.380           0.0000000E+00
  37.400           0.0000000E+00
  37.420           0.0000000E+00
  37.440           0.0000000E+00
  37.460           0.0000000E+00
  37.480           0.0000000E+00
  37.500           0.0000000E+00
  37.520           0.0000000E+00
  37.540           0.0000000E+00
  37.560           0.0000000E+00
  37.580           0.0000000E+00
  37.600           0.0000000E+00
  37.620           0.0000000E+00
  37.640           0.0000000E+00
  37.660           0.0000000E+00
  37.680           0.0000000E+00
  37.700           0.0000000E+00
  37.720           0.0000000E+00
  37.740           0.0000000E+00
  37.760           0.0000000E+00
  37.780           0.0000000E+00
  37.800           0.0000000E+00
  37.820           0.0000000E+00
  37.840           0.0000000E+00
  37.860           0.0000000E+00
  37.880           0.0000000E+00
  37.900           0.0000000E+00
  37.920           0.0000000E+00
  37.940           0.0000000E+00
  37.960           0.0000000E+00
  37.980           0.0000000E+00
  38.000           0.0000000E+00
  38.020           0.0000000E+00
  38.040           0.0000000E+00
  38.060           0.0000000E+00
  38.080           0.0000000E+00
  38.100           0.0000000E+00
  38.120           0.0000000E+00
  38.140           0.0000000E+00
  38.160           0.0000000E+00
  38.180           0.0000000E+00
  38.200           0.0000000E+00
  38.220           0.0000000E+00
  38.240           0.0000000E+00
  38.260           0.0000000E+00
  38.280           0.0000000E+00
  38.300           0.0000000E+00
  38.320           0.0000000E+00
  38.340           0.0000000E+00
  38.360           0.0000000E+00
  38.380           0.0000000E+00
  38.400           0.0000000E+00
  38.420           0.0000000E+00
  38.440           0.0000000E+00
  38.460           0.0000000E+00
  38.480           0.0000000E+00
  38.500           0.0000000E+00
  38.520           0.0000000E+00
  38.540           0.0000000E+00
  38.560           0.0000000E+00
  38.580           0.0000000E+00
  38.600           0.0000000E+00
  38.620           0.0000000E+00
  38.640           0.0000000E+00
  38.660           0.0000000E+00
  38.680           0.0000000E+00
  38.700           0.0000000E+00
  38.720           0.0000000E+00
  38.740           0.0000000E+00
  38.760           0.0000000E+00
  38.780           0.0000000E+00
  38.800           0.0000000E+00
  38.820           0.0000000E+00
  38.840           0.0000000E+00
  38.860           0.0000000E+00
  38.880           0.0000000E+00
  38.900           0.0000000E+00
  38.920           0.0000000E+00
  38.940           0.0000000E+00
  38.960           0.0000000E+00
  38.980           0.0000000E+00
  39.000           0.0000000E+00
  39.020           0.0000000E+00
  39.040           0.0000000E+00
  39.060           0.0000000E+00
  39.080           0.0000000E+00
  39.100           0.0000000E+00
  39.120           0.0000000E+00
  39.140           0.0000000E+00
  39.160           0.0000000E+00
  39.180           0.0000000E+00
  39.200           0.0000000E+00
  39.220           0.0000000E+00
  39.240           0.0000000E+00
  39.260           0.0000000E+00
  39.280           0.0000000E+00
  39.300           0.0000000E+00
  39.320           0.0000000E+00
  39.340           0.0000000E+00
  39.360           0.0000000E+00
  39.380           0.0000000E+00
  39.400           0.0000000E+00
  39.420           0.0000000E+00
  39.440           0.0000000E+00
  39.460           0.0000000E+00
  39.480           0.0000000E+00
  39.500           0.0000000E+00
  39.520           0.0000000E+00
  39.540           0.0000000E+00
  39.560           0.0000000E+00
  39.580           0.0000000E+00
  39.600           0.0000000E+00
  39.620           0.0000000E+00
  39.640           0.0000000E+00
  39.660           0.0000000E+00
  39.680           0.0000000E+00
  39.700           0.0000000E+00
  39.720           0.0000000E+00
  39.740           0.0000000E+00
  39.760           0.0000000E+00
  39.780           0.0000000E+00
  39.800           0.0000000E+00
  39.820           0.0000000E+00
  39.840           0.0000000E+00
  39.860           0.0000000E+00
  39.880           0.0000000E+00
  39.900           0.0000000E+00
  39.920           0.0000000E+00
  39.940           0.0000000E+00
  39.960           0.0000000E+00
  39.980           0.0000000E+00
  40.000           0.0000000E+00
  40.020           0.0000000E+00
  40.040           0.0000000E+00
  40.060           0.0000000E+00
  40.080           0.0000000E+00
  40.100           0.0000000E+00
  40.120           0.0000000E+00
  40.140           0.0000000E+00
  40.160           0.0000000E+00
  40.180           0.0000000E+00
  40.200           0.0000000E+00
  40.220           0.0000000E+00
  40.240           0.0000000E+00
  40.260           0.0000000E+00
  40.280           0.0000000E+00
  40.300           0.0000000E+00
  40.320           0.0000000E+00
  40.340           0.0000000E+00
  40.360           0.0000000E+00
  40.380           0.0000000E+00
  40.400           0.0000000E+00
  40.420           0.0000000E+00
  40.440           0.0000000E+00
  40.460           0.0000000E+00
  40.480           0.0000000E+00
  40.500           0.0000000E+00
  40.520           0.0000000E+00
  40.540           0.0000000E+00
  40.560           0.0000000E+00
  40.580           0.0000000E+00
  40.600           0.0000000E+00
  40.620           0.0000000E+00
  40.640           0.0000000E+00
  40.660           0.0000000E+00
  40.680           0.0000000E+00
  40.700           0.0000000E+00
  40.720           0.0000000E+00
  40.740           0.0000000E+00
  40.760           0.0000000E+00
  40.780           0.0000000E+00
  40.800           0.0000000E+00
  40.820           0.0000000E+00
  40.840           0.0000000E+00
  40.860           0.0000000E+00
  40.880           0.0000000E+00
  40.900           0.0000000E+00
  40.920           0.0000000E+00
  40.940           0.0000000E+00
  40.960           0.0000000E+00
