   0.020           0.1200000E-01
   0.040           0.1200000E-01
   0.060           0.1200000E-01
   0.080           0.1200000E-01
   0.100           0.1200000E-01
   0.120           0.1200000E-01
   0.140           0.1400000E-01
   0.160           0.1200000E-01
   0.180           0.1200000E-01
   0.200           0.8000000E-02
   0.220           0.1100000E-01
   0.240           0.1100000E-01
   0.260          -0.3000000E-02
   0.280           0.1100000E-01
   0.300           0.1200000E-01
   0.320           0.4700000E-01
   0.340           0.1400000E-01
   0.360           0.1500000E-01
   0.380           0.6300000E-01
   0.400           0.9000000E-02
   0.420           0.6000000E-02
   0.440          -0.5800000E-01
   0.460           0.1000000E-01
   0.480           0.1300000E-01
   0.500           0.5800000E-01
   0.520           0.1900000E-01
   0.540           0.1800000E-01
   0.560           0.9300000E-01
   0.580           0.3300000E-01
   0.600           0.2100000E-01
   0.620           0.1180000E+00
   0.640           0.1640000E+00
   0.660           0.1700000E-01
   0.680           0.9000000E-02
   0.700           0.1470000E+00
   0.720           0.8300000E-01
   0.740           0.8500000E-01
   0.760           0.2290000E+00
   0.780           0.4800000E-01
   0.800          -0.1200000E-01
   0.820           0.4000000E-01
   0.840           0.2330000E+00
   0.860           0.5300000E-01
   0.880           0.4400000E-01
   0.900           0.2720000E+00
   0.920           0.1080000E+00
   0.940           0.9700000E-01
   0.960           0.2820000E+00
   0.980          -0.4000000E-02
   1.000          -0.7000000E-01
   1.020          -0.3850000E+00
   1.040          -0.3510000E+00
   1.060          -0.5300000E-01
   1.080           0.9800000E-01
   1.100           0.2410000E+00
   1.120           0.1830000E+00
   1.140           0.2210000E+00
   1.160           0.5270000E+00
   1.180           0.5090000E+00
   1.200           0.6100000E-01
   1.220          -0.4700000E-01
   1.240          -0.3320000E+00
   1.260          -0.4150000E+00
   1.280          -0.3640000E+00
   1.300          -0.6110000E+00
   1.320          -0.1970000E+00
   1.340           0.1830000E+00
   1.360           0.6400000E+00
   1.380           0.6070000E+00
   1.400           0.4930000E+00
   1.420           0.7890000E+00
   1.440           0.1840000E+00
   1.460          -0.9300000E-01
   1.480          -0.1520000E+00
   1.500          -0.3870000E+00
   1.520          -0.8800000E+00
   1.540          -0.7730000E+00
   1.560          -0.2700000E-01
   1.580           0.1160000E+00
   1.600           0.1470000E+00
   1.620           0.5880000E+00
   1.640           0.6510000E+00
   1.660           0.7070000E+00
   1.680           0.1104000E+01
   1.700           0.4060000E+00
   1.720          -0.1740000E+00
   1.740          -0.9850000E+00
   1.760          -0.7700000E+00
   1.780          -0.6850000E+00
   1.800          -0.1245000E+01
   1.820          -0.5110000E+00
   1.840           0.5600000E-01
   1.860           0.8660000E+00
   1.880           0.8560000E+00
   1.900           0.9010000E+00
   1.920           0.1443000E+01
   1.940           0.1420000E+01
   1.960           0.2810000E+00
   1.980          -0.7190000E+00
   2.000          -0.1415000E+01
   2.020          -0.1574000E+01
   2.040          -0.1496000E+01
   2.060          -0.4750000E+00
   2.080           0.1348000E+01
   2.100           0.1145000E+01
   2.120           0.1285000E+01
   2.140           0.1692000E+01
   2.160           0.1824000E+01
   2.180           0.1754000E+01
   2.200           0.3240000E+00
   2.220          -0.1060000E+01
   2.240          -0.1827000E+01
   2.260          -0.1978000E+01
   2.280          -0.1191000E+01
   2.300          -0.2100000E-01
   2.320           0.4530000E+00
   2.340          -0.4080000E+00
   2.360          -0.1195000E+01
   2.380          -0.4780000E+00
   2.400           0.8310000E+00
   2.420           0.6100000E+00
   2.440          -0.5690000E+00
   2.460          -0.1704000E+01
   2.480          -0.2388000E+01
   2.500          -0.1422000E+01
   2.520          -0.6300000E-01
   2.540          -0.3550000E+00
   2.560          -0.1000000E+00
   2.580           0.1494000E+01
   2.600           0.1764000E+01
   2.620           0.1854000E+01
   2.640           0.1590000E+01
   2.660           0.2980000E+00
   2.680           0.4120000E+00
   2.700           0.1670000E+01
   2.720           0.1676000E+01
   2.740          -0.3530000E+00
   2.760          -0.2177000E+01
   2.780          -0.1573000E+01
   2.800          -0.1481000E+01
   2.820          -0.2068000E+01
   2.840          -0.1834000E+01
   2.860          -0.1962000E+01
   2.880          -0.1404000E+01
   2.900           0.2340000E+00
   2.920           0.1286000E+01
   2.940           0.1701000E+01
   2.960           0.1745000E+01
   2.980           0.3410000E+00
   3.000          -0.1816000E+01
   3.020          -0.1853000E+01
   3.040          -0.2231000E+01
   3.060          -0.3653000E+01
   3.080          -0.2746000E+01
   3.100          -0.1412000E+01
   3.120          -0.2043000E+01
   3.140          -0.2145000E+01
   3.160          -0.2033000E+01
   3.180          -0.1263000E+01
   3.200          -0.2070000E+00
   3.220           0.8000000E-02
   3.240           0.4600000E-01
   3.260          -0.8850000E+00
   3.280          -0.2215000E+01
   3.300          -0.2457000E+01
   3.320          -0.2522000E+01
   3.340          -0.1387000E+01
   3.360          -0.3850000E+00
   3.380          -0.6370000E+00
   3.400          -0.5140000E+00
   3.420           0.1920000E+00
   3.440           0.1285000E+01
   3.460           0.1272000E+01
   3.480           0.5990000E+00
   3.500           0.6580000E+00
   3.520           0.1840000E+00
   3.540          -0.1740000E+00
   3.560          -0.3110000E+00
   3.580          -0.1787000E+01
   3.600          -0.2140000E+01
   3.620           0.1760000E+00
   3.640           0.2671000E+01
   3.660           0.2259000E+01
   3.680           0.5420000E+00
   3.700          -0.8420000E+00
   3.720          -0.6980000E+00
   3.740           0.2654000E+01
   3.760           0.3483000E+01
   3.780          -0.9210000E+00
   3.800          -0.2728000E+01
   3.820          -0.1705000E+01
   3.840          -0.1608000E+01
   3.860          -0.4610000E+00
   3.880           0.8220000E+00
   3.900           0.1043000E+01
   3.920           0.1844000E+01
   3.940           0.1525000E+01
   3.960          -0.5050000E+00
   3.980          -0.1592000E+01
   4.000          -0.1595000E+01
   4.020           0.3450000E+00
   4.040           0.2024000E+01
   4.060           0.1790000E+01
   4.080           0.2512000E+01
   4.100           0.1973000E+01
   4.120           0.2300000E-01
   4.140          -0.5710000E+00
   4.160          -0.3834000E+01
   4.180          -0.6252000E+01
   4.200          -0.3860000E+01
   4.220          -0.2557000E+01
   4.240          -0.1523000E+01
   4.260          -0.9140000E+00
   4.280          -0.1820000E+01
   4.300          -0.7010000E+00
   4.320           0.5450000E+00
   4.340           0.1644000E+01
   4.360           0.2005000E+01
   4.380          -0.1807000E+01
   4.400          -0.6286000E+01
   4.420          -0.7664000E+01
   4.440          -0.5987000E+01
   4.460          -0.2256000E+01
   4.480           0.1036000E+01
   4.500           0.2755000E+01
   4.520           0.3176000E+01
   4.540           0.1844000E+01
   4.560           0.3060000E+00
   4.580          -0.7830000E+00
   4.600          -0.9900000E+00
   4.620           0.1040000E+00
   4.640           0.1759000E+01
   4.660           0.3643000E+01
   4.680           0.5643000E+01
   4.700           0.3516000E+01
   4.720          -0.1967000E+01
   4.740          -0.3123000E+01
   4.760           0.1256000E+01
   4.780           0.5752000E+01
   4.800           0.7068000E+01
   4.820           0.4848000E+01
   4.840           0.1320000E+00
   4.860          -0.4379000E+01
   4.880          -0.4207000E+01
   4.900          -0.1264000E+01
   4.920           0.2150000E+01
   4.940           0.6499000E+01
   4.960           0.6581000E+01
   4.980           0.6793000E+01
   5.000           0.9845000E+01
   5.020           0.7312000E+01
   5.040           0.1152000E+01
   5.060          -0.2730000E+01
   5.080          -0.5686000E+01
   5.100          -0.1945000E+01
   5.120           0.3183000E+01
   5.140           0.2185000E+01
   5.160           0.1514000E+01
   5.180           0.1304000E+01
   5.200          -0.1731000E+01
   5.220          -0.6476000E+01
   5.240          -0.9444000E+01
   5.260          -0.6020000E+01
   5.280          -0.2200000E-01
   5.300           0.4855000E+01
   5.320           0.6876000E+01
   5.340           0.1965000E+01
   5.360          -0.2123000E+01
   5.380          -0.5870000E+00
   5.400           0.1047000E+01
   5.420          -0.3680000E+00
   5.440          -0.4695000E+01
   5.460          -0.8428000E+01
   5.480          -0.4233000E+01
   5.500           0.3712000E+01
   5.520           0.4742000E+01
   5.540           0.3666000E+01
   5.560           0.4725000E+01
   5.580           0.2097000E+01
   5.600           0.1627000E+01
   5.620           0.3490000E+01
   5.640          -0.5830000E+00
   5.660          -0.4073000E+01
   5.680          -0.4015000E+01
   5.700          -0.2969000E+01
   5.720           0.5040000E+00
   5.740           0.2017000E+01
   5.760          -0.2760000E+00
   5.780           0.8360000E+00
   5.800           0.3632000E+01
   5.820           0.3840000E+01
   5.840           0.2166000E+01
   5.860           0.5440000E+00
   5.880          -0.1722000E+01
   5.900           0.6100000E+00
   5.920           0.3628000E+01
   5.940           0.3267000E+01
   5.960           0.5152000E+01
   5.980           0.6718000E+01
   6.000           0.3161000E+01
   6.020          -0.2078000E+01
   6.040          -0.4056000E+01
   6.060          -0.2573000E+01
   6.080          -0.3772000E+01
   6.100          -0.5653000E+01
   6.120          -0.5563000E+01
   6.140          -0.8108000E+01
   6.160          -0.4233000E+01
   6.180           0.1637000E+01
   6.200          -0.1032000E+01
   6.220          -0.4344000E+01
   6.240          -0.8736000E+01
   6.260          -0.9406000E+01
   6.280          -0.3218000E+01
   6.300          -0.1177000E+01
   6.320           0.3145000E+01
   6.340           0.7224000E+01
   6.360           0.3940000E+00
   6.380          -0.8423000E+01
   6.400          -0.1484500E+02
   6.420          -0.1287300E+02
   6.440          -0.7142000E+01
   6.460          -0.6207000E+01
   6.480          -0.1072000E+01
   6.500           0.4859000E+01
   6.520           0.3199000E+01
   6.540           0.5330000E+00
   6.560           0.2876000E+01
   6.580           0.7127000E+01
   6.600           0.5945000E+01
   6.620           0.2024000E+01
   6.640          -0.4197000E+01
   6.660          -0.9004000E+01
   6.680          -0.7005000E+01
   6.700          -0.7389000E+01
   6.720          -0.5451000E+01
   6.740           0.2385000E+01
   6.760           0.8320000E+01
   6.780           0.1417600E+02
   6.800           0.1534100E+02
   6.820           0.5840000E+01
   6.840          -0.3370000E+01
   6.860          -0.8545000E+01
   6.880          -0.8438000E+01
   6.900           0.1766000E+01
   6.920           0.6796000E+01
   6.940          -0.2718000E+01
   6.960          -0.3702000E+01
   6.980           0.1822000E+01
   7.000          -0.2538000E+01
   7.020          -0.3014000E+01
   7.040           0.1419000E+01
   7.060           0.5147000E+01
   7.080           0.1028600E+02
   7.100           0.2620000E+01
   7.120          -0.8375000E+01
   7.140          -0.1011000E+02
   7.160          -0.1463100E+02
   7.180          -0.1405400E+02
   7.200          -0.3944000E+01
   7.220           0.5916000E+01
   7.240           0.1209200E+02
   7.260           0.1091100E+02
   7.280           0.1180000E+02
   7.300           0.8941000E+01
   7.320          -0.5537000E+01
   7.340          -0.1377600E+02
   7.360          -0.1305200E+02
   7.380          -0.9827000E+01
   7.400          -0.3983000E+01
   7.420          -0.2489000E+01
   7.440          -0.1144000E+01
   7.460          -0.2610000E+00
   7.480          -0.2025000E+01
   7.500          -0.2254000E+01
   7.520          -0.2240000E+01
   7.540           0.2830000E+01
   7.560           0.6562000E+01
   7.580           0.1800000E-01
   7.600          -0.7483000E+01
   7.620          -0.8972000E+01
   7.640          -0.2361000E+01
   7.660           0.1217000E+01
   7.680           0.1653000E+01
   7.700           0.7692000E+01
   7.720           0.8713000E+01
   7.740           0.8111000E+01
   7.760           0.8332000E+01
   7.780           0.3882000E+01
   7.800          -0.2675000E+01
   7.820          -0.1082900E+02
   7.840          -0.9192000E+01
   7.860           0.2362000E+01
   7.880           0.6314000E+01
   7.900           0.7754000E+01
   7.920           0.1041400E+02
   7.940           0.6310000E+00
   7.960          -0.1196000E+02
   7.980          -0.1055800E+02
   8.000           0.4876000E+01
   8.020           0.1704400E+02
   8.040           0.1591300E+02
   8.060           0.7125000E+01
   8.080          -0.1270000E+01
   8.100          -0.9885000E+01
   8.120          -0.9914000E+01
   8.140           0.1702000E+01
   8.160           0.1201100E+02
   8.180           0.9591000E+01
   8.200          -0.1710000E+01
   8.220          -0.5324000E+01
   8.240          -0.6374000E+01
   8.260          -0.5210000E+01
   8.280           0.6990000E+01
   8.300           0.1313500E+02
   8.320           0.9057000E+01
   8.340           0.3335000E+01
   8.360          -0.6267000E+01
   8.380          -0.7040000E+01
   8.400           0.2701000E+01
   8.420           0.4087000E+01
   8.440          -0.1249000E+01
   8.460          -0.2745000E+01
   8.480          -0.4400000E+00
   8.500           0.2306000E+01
   8.520           0.2384000E+01
   8.540          -0.4711000E+01
   8.560          -0.8694000E+01
   8.580          -0.5036000E+01
   8.600          -0.1150400E+02
   8.620          -0.1182900E+02
   8.640           0.6949000E+01
   8.660           0.1451600E+02
   8.680           0.9569000E+01
   8.700           0.9739000E+01
   8.720           0.9123000E+01
   8.740           0.8903000E+01
   8.760           0.5493000E+01
   8.780          -0.7341000E+01
   8.800          -0.1447200E+02
   8.820          -0.1062200E+02
   8.840          -0.9337000E+01
   8.860          -0.6772000E+01
   8.880          -0.8299000E+01
   8.900          -0.1656000E+02
   8.920          -0.8805000E+01
   8.940           0.1208900E+02
   8.960           0.1483800E+02
   8.980           0.1160000E+01
   9.000          -0.1194500E+02
   9.020          -0.8408000E+01
   9.040           0.5489000E+01
   9.060           0.5423000E+01
   9.080           0.1333000E+01
   9.100           0.2459000E+01
   9.120           0.4282000E+01
   9.140           0.1657200E+02
   9.160           0.1744600E+02
   9.180           0.4957000E+01
   9.200           0.2086000E+01
   9.220          -0.6878000E+01
   9.240          -0.1870400E+02
   9.260          -0.1727700E+02
   9.280          -0.2277000E+01
   9.300           0.2102200E+02
   9.320           0.2891200E+02
   9.340           0.2507600E+02
   9.360           0.1679900E+02
   9.380          -0.4730000E+00
   9.400          -0.1277400E+02
   9.420          -0.2057900E+02
   9.440          -0.1199100E+02
   9.460           0.5234000E+01
   9.480           0.4052000E+01
   9.500           0.2097000E+01
   9.520          -0.8418000E+01
   9.540          -0.2371500E+02
   9.560          -0.2209400E+02
   9.580          -0.9513000E+01
   9.600           0.8500000E+01
   9.620           0.2340000E+02
   9.640           0.2338300E+02
   9.660           0.1069300E+02
   9.680          -0.1056900E+02
   9.700          -0.1453000E+02
   9.720          -0.1046800E+02
   9.740          -0.9218000E+01
   9.760           0.2996000E+01
   9.780           0.1153600E+02
   9.800           0.1305800E+02
   9.820           0.5823000E+01
   9.840          -0.1954800E+02
   9.860          -0.3396700E+02
   9.880          -0.2463900E+02
   9.900          -0.7043000E+01
   9.920           0.1458700E+02
   9.940           0.2698800E+02
   9.960           0.2021100E+02
   9.980           0.7153000E+01
  10.000           0.3457000E+01
  10.020          -0.2567000E+01
  10.040          -0.1971500E+02
  10.060          -0.2560700E+02
  10.080          -0.1234700E+02
  10.100           0.4438000E+01
  10.120           0.8320000E+01
  10.140           0.2588000E+01
  10.160           0.3461000E+01
  10.180           0.1357800E+02
  10.200           0.2031300E+02
  10.220           0.1430100E+02
  10.240           0.3745000E+01
  10.260           0.3813000E+01
  10.280           0.4170000E+00
  10.300          -0.8053000E+01
  10.320          -0.1503000E+02
  10.340          -0.2606600E+02
  10.360          -0.2179000E+02
  10.380          -0.4791000E+01
  10.400           0.8855000E+01
  10.420           0.2461500E+02
  10.440           0.3136900E+02
  10.460           0.1585100E+02
  10.480          -0.1293900E+02
  10.500          -0.2762100E+02
  10.520          -0.2363000E+02
  10.540          -0.2933300E+02
  10.560          -0.2047900E+02
  10.580          -0.9010000E+00
  10.600          -0.5102000E+01
  10.620          -0.4954000E+01
  10.640           0.5227000E+01
  10.660           0.8360000E+01
  10.680           0.1550300E+02
  10.700           0.1593700E+02
  10.720           0.2145000E+02
  10.740           0.2352300E+02
  10.760           0.7524000E+01
  10.780          -0.5087000E+01
  10.800          -0.3942000E+01
  10.820          -0.5720000E+00
  10.840          -0.1105600E+02
  10.860          -0.2458100E+02
  10.880          -0.2438000E+02
  10.900          -0.2852600E+02
  10.920          -0.2570300E+02
  10.940          -0.9107000E+01
  10.960           0.1754000E+01
  10.980           0.1781900E+02
  11.000           0.2990500E+02
  11.020           0.1796900E+02
  11.040           0.7051000E+01
  11.060          -0.6618000E+01
  11.080          -0.1792900E+02
  11.100          -0.5773000E+01
  11.120          -0.5167000E+01
  11.140          -0.1165400E+02
  11.160           0.1456900E+02
  11.180           0.2990500E+02
  11.200           0.2149700E+02
  11.220           0.1505600E+02
  11.240          -0.5460000E+00
  11.260          -0.1197400E+02
  11.280          -0.1213400E+02
  11.300          -0.1248000E+02
  11.320          -0.8612000E+01
  11.340          -0.2000000E-01
  11.360           0.1800200E+02
  11.380           0.2191500E+02
  11.400           0.8900000E+00
  11.420          -0.7584000E+01
  11.440          -0.1061500E+02
  11.460          -0.1853200E+02
  11.480          -0.2788600E+02
  11.500          -0.2988800E+02
  11.520          -0.7926000E+01
  11.540           0.1229600E+02
  11.560           0.2127800E+02
  11.580           0.3511900E+02
  11.600           0.3539100E+02
  11.620           0.1869600E+02
  11.640          -0.6368000E+01
  11.660          -0.1567500E+02
  11.680           0.6790000E+00
  11.700           0.5409000E+01
  11.720           0.1226600E+02
  11.740           0.2610200E+02
  11.760           0.6758000E+01
  11.780          -0.2541300E+02
  11.800          -0.2949600E+02
  11.820          -0.1801000E+02
  11.840          -0.1384900E+02
  11.860          -0.1735600E+02
  11.880          -0.3633000E+01
  11.900           0.2318400E+02
  11.920           0.4174400E+02
  11.940           0.3251300E+02
  11.960           0.2550000E+01
  11.980          -0.1367800E+02
  12.000          -0.1269500E+02
  12.020          -0.1392300E+02
  12.040          -0.7900000E+00
  12.060           0.1882700E+02
  12.080           0.1783500E+02
  12.100           0.7820000E+01
  12.120          -0.6203000E+01
  12.140          -0.2133000E+02
  12.160          -0.1582400E+02
  12.180          -0.2011000E+01
  12.200          -0.1301700E+02
  12.220          -0.1513900E+02
  12.240          -0.1588100E+02
  12.260          -0.2505400E+02
  12.280          -0.9171000E+01
  12.300           0.1598500E+02
  12.320           0.2401100E+02
  12.340           0.1508000E+02
  12.360           0.1943000E+01
  12.380           0.7052000E+01
  12.400           0.1145500E+02
  12.420           0.9271000E+01
  12.440           0.8252000E+01
  12.460           0.2931000E+01
  12.480          -0.5859000E+01
  12.500          -0.2860000E+02
  12.520          -0.2927800E+02
  12.540          -0.1269000E+01
  12.560           0.1731800E+02
  12.580           0.3977800E+02
  12.600           0.4109200E+02
  12.620           0.1355500E+02
  12.640          -0.3853000E+01
  12.660          -0.1922800E+02
  12.680          -0.8956000E+01
  12.700           0.1961000E+02
  12.720           0.1974000E+02
  12.740           0.2444100E+02
  12.760           0.2714300E+02
  12.780           0.1354300E+02
  12.800          -0.2612000E+01
  12.820          -0.2693700E+02
  12.840          -0.3889600E+02
  12.860          -0.3041900E+02
  12.880          -0.1660700E+02
  12.900          -0.5587000E+01
  12.920          -0.8628000E+01
  12.940          -0.5626000E+01
  12.960           0.7476000E+01
  12.980           0.2155300E+02
  13.000           0.2613500E+02
  13.020           0.1451200E+02
  13.040           0.1039600E+02
  13.060           0.5600000E+00
  13.080          -0.1230400E+02
  13.100          -0.5575000E+01
  13.120          -0.1561000E+02
  13.140          -0.2672200E+02
  13.160          -0.1941700E+02
  13.180          -0.1577900E+02
  13.200          -0.1761000E+01
  13.220           0.2143000E+02
  13.240           0.4714900E+02
  13.260           0.5701200E+02
  13.280           0.3292600E+02
  13.300           0.7885000E+01
  13.320           0.1756000E+01
  13.340          -0.6735000E+01
  13.360          -0.2588500E+02
  13.380          -0.3209400E+02
  13.400          -0.1101800E+02
  13.420           0.2381000E+01
  13.440          -0.2220000E+01
  13.460          -0.1081700E+02
  13.480          -0.2119800E+02
  13.500          -0.3329000E+02
  13.520          -0.2955300E+02
  13.540          -0.6998000E+01
  13.560           0.3124000E+01
  13.580           0.1121000E+02
  13.600           0.1947000E+02
  13.620          -0.2072000E+01
  13.640          -0.7451000E+01
  13.660          -0.4990000E+00
  13.680          -0.7888000E+01
  13.700           0.2862000E+01
  13.720           0.7495000E+01
  13.740           0.6579000E+01
  13.760           0.1690300E+02
  13.780           0.4715000E+01
  13.800           0.4304000E+01
  13.820           0.2194000E+02
  13.840           0.2410300E+02
  13.860           0.2238600E+02
  13.880           0.1272200E+02
  13.900           0.1327000E+01
  13.920           0.3003000E+01
  13.940           0.4444000E+01
  13.960           0.8285000E+01
  13.980           0.1104100E+02
  14.000          -0.2157000E+01
  14.020          -0.2162100E+02
  14.040          -0.1603200E+02
  14.060           0.3110000E+01
  14.080          -0.1626900E+02
  14.100          -0.2796200E+02
  14.120          -0.1193600E+02
  14.140           0.2711000E+01
  14.160           0.3167500E+02
  14.180           0.3997200E+02
  14.200           0.1051400E+02
  14.220          -0.6348000E+01
  14.240          -0.2649500E+02
  14.260          -0.3841100E+02
  14.280          -0.7680000E+01
  14.300           0.1777700E+02
  14.320           0.3389900E+02
  14.340           0.3762800E+02
  14.360           0.1852200E+02
  14.380           0.1118500E+02
  14.400          -0.8190000E+00
  14.420          -0.2628400E+02
  14.440          -0.2218300E+02
  14.460          -0.6067000E+01
  14.480           0.3908000E+01
  14.500           0.9781000E+01
  14.520          -0.6698000E+01
  14.540          -0.1560500E+02
  14.560          -0.1283400E+02
  14.580          -0.2215800E+02
  14.600          -0.1166900E+02
  14.620          -0.7192000E+01
  14.640          -0.2414600E+02
  14.660          -0.2749400E+02
  14.680          -0.2133800E+02
  14.700           0.9597000E+01
  14.720           0.3233400E+02
  14.740           0.7026000E+01
  14.760           0.3662000E+01
  14.780           0.1570200E+02
  14.800           0.5060000E+00
  14.820           0.1503000E+01
  14.840           0.1086700E+02
  14.860           0.1011800E+02
  14.880           0.4849000E+01
  14.900          -0.1622400E+02
  14.920          -0.3870800E+02
  14.940          -0.3743900E+02
  14.960          -0.2741400E+02
  14.980          -0.2538800E+02
  15.000          -0.1013600E+02
  15.020           0.1226400E+02
  15.040           0.5755000E+01
  15.060          -0.5603000E+01
  15.080           0.3316000E+01
  15.100           0.1843100E+02
  15.120           0.4002300E+02
  15.140           0.4734600E+02
  15.160           0.3521900E+02
  15.180           0.3078700E+02
  15.200           0.7034000E+01
  15.220          -0.3238200E+02
  15.240          -0.4099600E+02
  15.260          -0.2708900E+02
  15.280          -0.8048000E+01
  15.300           0.1676600E+02
  15.320           0.2623100E+02
  15.340           0.3385400E+02
  15.360           0.3165000E+02
  15.380           0.7690000E+01
  15.400          -0.4725000E+01
  15.420          -0.1298200E+02
  15.440          -0.2951900E+02
  15.460          -0.1675600E+02
  15.480          -0.3326000E+01
  15.500           0.6000000E+00
  15.520           0.1058300E+02
  15.540           0.7644000E+01
  15.560           0.2060000E+01
  15.580          -0.5607000E+01
  15.600          -0.1221400E+02
  15.620          -0.9170000E+00
  15.640           0.1289100E+02
  15.660           0.2939300E+02
  15.680           0.3013000E+02
  15.700           0.1442000E+02
  15.720          -0.9640000E+00
  15.740          -0.2376500E+02
  15.760          -0.2614500E+02
  15.780          -0.1973400E+02
  15.800          -0.2331900E+02
  15.820          -0.9787000E+01
  15.840          -0.1678200E+02
  15.860          -0.1798500E+02
  15.880           0.1951000E+01
  15.900          -0.1293000E+01
  15.920           0.1928700E+02
  15.940           0.3751200E+02
  15.960           0.1111300E+02
  15.980          -0.5810000E+00
  16.000          -0.3698000E+01
  16.020          -0.4666000E+01
  16.040          -0.8144000E+01
  16.060          -0.2569100E+02
  16.080          -0.2074200E+02
  16.100           0.4238000E+01
  16.120           0.2998100E+02
  16.140           0.3057700E+02
  16.160           0.1297300E+02
  16.180           0.1723100E+02
  16.200           0.1520500E+02
  16.220           0.3497000E+01
  16.240          -0.4531000E+01
  16.260          -0.1926200E+02
  16.280          -0.1108400E+02
  16.300          -0.1323800E+02
  16.320          -0.1420600E+02
  16.340           0.9976000E+01
  16.360           0.7145000E+01
  16.380          -0.4598000E+01
  16.400          -0.9560000E+00
  16.420          -0.4146000E+01
  16.440           0.9470000E+00
  16.460           0.1303000E+01
  16.480          -0.1572400E+02
  16.500          -0.3013400E+02
  16.520          -0.3824000E+02
  16.540          -0.5118700E+02
  16.560          -0.4037500E+02
  16.580          -0.5847000E+01
  16.600           0.1040500E+02
  16.620           0.8921000E+01
  16.640          -0.6322000E+01
  16.660          -0.2465100E+02
  16.680          -0.2240600E+02
  16.700          -0.1340400E+02
  16.720           0.5111000E+01
  16.740           0.2414500E+02
  16.760           0.1485000E+02
  16.780           0.1148800E+02
  16.800           0.6626000E+01
  16.820           0.6634000E+01
  16.840           0.2614500E+02
  16.860           0.1070100E+02
  16.880          -0.1362600E+02
  16.900          -0.1713200E+02
  16.920          -0.7835000E+01
  16.940           0.2018700E+02
  16.960           0.3571300E+02
  16.980           0.2891100E+02
  17.000           0.1232300E+02
  17.020          -0.8604000E+01
  17.040          -0.7909000E+01
  17.060          -0.1325600E+02
  17.080          -0.2555900E+02
  17.100          -0.3034600E+02
  17.120          -0.3352800E+02
  17.140          -0.2175400E+02
  17.160          -0.1514100E+02
  17.180          -0.1943000E+01
  17.200           0.1727300E+02
  17.220           0.1923100E+02
  17.240           0.3489400E+02
  17.260           0.3576300E+02
  17.280           0.2785400E+02
  17.300           0.2442700E+02
  17.320          -0.1225300E+02
  17.340          -0.2940600E+02
  17.360          -0.2541000E+02
  17.380          -0.2462500E+02
  17.400           0.1348700E+02
  17.420           0.3269500E+02
  17.440           0.1551100E+02
  17.460          -0.9137000E+01
  17.480          -0.3415800E+02
  17.500          -0.2114800E+02
  17.520           0.2378000E+01
  17.540           0.2899000E+01
  17.560           0.7950000E+01
  17.580           0.1457200E+02
  17.600           0.2099800E+02
  17.620           0.1489200E+02
  17.640          -0.1056400E+02
  17.660          -0.2810800E+02
  17.680          -0.1057200E+02
  17.700           0.2031300E+02
  17.720           0.3367700E+02
  17.740           0.2676400E+02
  17.760          -0.1517000E+01
  17.780          -0.2850700E+02
  17.800          -0.2541100E+02
  17.820          -0.8895000E+01
  17.840           0.7091000E+01
  17.860           0.1542000E+01
  17.880          -0.1834400E+02
  17.900          -0.2016100E+02
  17.920          -0.1120700E+02
  17.940           0.4152000E+01
  17.960           0.1638400E+02
  17.980           0.7791000E+01
  18.000          -0.6996000E+01
  18.020          -0.2047500E+02
  18.040          -0.2236800E+02
  18.060           0.1438000E+01
  18.080           0.1606200E+02
  18.100           0.2270000E+01
  18.120          -0.9662000E+01
  18.140          -0.3300000E-01
  18.160           0.4271000E+01
  18.180           0.3279000E+01
  18.200           0.3045600E+02
  18.220           0.4601200E+02
  18.240           0.4464700E+02
  18.260           0.3518300E+02
  18.280           0.8531000E+01
  18.300           0.6539000E+01
  18.320           0.4063000E+01
  18.340          -0.1354300E+02
  18.360          -0.9209000E+01
  18.380          -0.2082900E+02
  18.400          -0.2341500E+02
  18.420           0.7961000E+01
  18.440           0.2168300E+02
  18.460           0.2755600E+02
  18.480           0.1157400E+02
  18.500          -0.1111500E+02
  18.520          -0.5940000E+01
  18.540          -0.1005800E+02
  18.560          -0.2702600E+02
  18.580          -0.2404600E+02
  18.600          -0.1467600E+02
  18.620          -0.6970000E+01
  18.640          -0.2265000E+01
  18.660           0.2299000E+01
  18.680           0.1448900E+02
  18.700           0.2252300E+02
  18.720           0.9363000E+01
  18.740          -0.4710000E+00
  18.760          -0.9918000E+01
  18.780          -0.2384700E+02
  18.800          -0.1202300E+02
  18.820           0.5725000E+01
  18.840           0.9899000E+01
  18.860           0.1950400E+02
  18.880           0.2134000E+02
  18.900           0.1338400E+02
  18.920          -0.9287000E+01
  18.940          -0.3635800E+02
  18.960          -0.2992900E+02
  18.980          -0.1957100E+02
  19.000          -0.1948700E+02
  19.020          -0.2146000E+02
  19.040          -0.3632300E+02
  19.060          -0.1579900E+02
  19.080           0.2056100E+02
  19.100           0.3558900E+02
  19.120           0.4665500E+02
  19.140           0.3468900E+02
  19.160           0.1824700E+02
  19.180           0.3966000E+01
  19.200          -0.1450800E+02
  19.220          -0.6857000E+01
  19.240          -0.2779000E+01
  19.260          -0.1656200E+02
  19.280          -0.1358100E+02
  19.300           0.5784000E+01
  19.320           0.1224700E+02
  19.340          -0.7063000E+01
  19.360          -0.1442000E+02
  19.380          -0.6595000E+01
  19.400          -0.1862200E+02
  19.420          -0.2804500E+02
  19.440          -0.2516500E+02
  19.460           0.1008000E+01
  19.480           0.2293700E+02
  19.500          -0.3900000E-01
  19.520          -0.1527800E+02
  19.540          -0.3551000E+01
  19.560           0.1550500E+02
  19.580           0.3164200E+02
  19.600           0.2173700E+02
  19.620           0.3436000E+01
  19.640          -0.1701400E+02
  19.660          -0.2194300E+02
  19.680           0.1198500E+02
  19.700           0.3159100E+02
  19.720           0.1764000E+02
  19.740          -0.1553000E+01
  19.760          -0.9549000E+01
  19.780           0.8507000E+01
  19.800           0.2083100E+02
  19.820           0.1663000E+02
  19.840           0.3616000E+01
  19.860          -0.6531000E+01
  19.880          -0.1458000E+02
  19.900          -0.2685700E+02
  19.920          -0.2276900E+02
  19.940          -0.7072000E+01
  19.960           0.9925000E+01
  19.980           0.2269400E+02
  20.000           0.8612000E+01
  20.020           0.2346000E+01
  20.040           0.1401400E+02
  20.060           0.1498600E+02
  20.080           0.1821500E+02
  20.100           0.1470000E+02
  20.120           0.7437000E+01
  20.140          -0.1055800E+02
  20.160          -0.2697400E+02
  20.180          -0.1820700E+02
  20.200          -0.2559400E+02
  20.220          -0.3205700E+02
  20.240          -0.9130000E+01
  20.260           0.1320000E+02
  20.280           0.3148000E+02
  20.300           0.2496400E+02
  20.320           0.8502000E+01
  20.340           0.1737300E+02
  20.360           0.1667000E+02
  20.380           0.1436000E+02
  20.400          -0.2048000E+01
  20.420          -0.2489000E+02
  20.440          -0.2396300E+02
  20.460          -0.1756500E+02
  20.480          -0.3931000E+01
  20.500           0.1816000E+01
  20.520           0.4069000E+01
  20.540           0.2514300E+02
  20.560           0.2793300E+02
  20.580           0.2414100E+02
  20.600           0.1992000E+02
  20.620           0.7794000E+01
  20.640           0.1601000E+01
  20.660          -0.2509400E+02
  20.680          -0.3790300E+02
  20.700          -0.2668600E+02
  20.720          -0.1661500E+02
  20.740           0.4000000E-01
  20.760          -0.5974000E+01
  20.780          -0.2769200E+02
  20.800          -0.1925100E+02
  20.820           0.2960000E+00
  20.840           0.3095900E+02
  20.860           0.4344500E+02
  20.880           0.1925500E+02
  20.900          -0.5173000E+01
  20.920          -0.8417000E+01
  20.940           0.7416000E+01
  20.960           0.2452700E+02
  20.980           0.2305100E+02
  21.000           0.1422000E+02
  21.020           0.7592000E+01
  21.040           0.6314000E+01
  21.060           0.3980000E+01
  21.080          -0.9315000E+01
  21.100          -0.1551500E+02
  21.120          -0.1041300E+02
  21.140          -0.1157900E+02
  21.160          -0.1893100E+02
  21.180          -0.5956000E+01
  21.200           0.9736000E+01
  21.220           0.1152400E+02
  21.240           0.1756800E+02
  21.260           0.2306300E+02
  21.280           0.2998800E+02
  21.300           0.3056300E+02
  21.320           0.6828000E+01
  21.340           0.3240000E+01
  21.360           0.8226000E+01
  21.380          -0.9426000E+01
  21.400          -0.2030300E+02
  21.420          -0.2658800E+02
  21.440          -0.3274000E+02
  21.460          -0.3009800E+02
  21.480          -0.1752100E+02
  21.500          -0.9337000E+01
  21.520          -0.6021000E+01
  21.540           0.2150000E+01
  21.560          -0.4991000E+01
  21.580          -0.1438200E+02
  21.600           0.2711000E+01
  21.620           0.1947000E+02
  21.640           0.2520400E+02
  21.660           0.1670300E+02
  21.680          -0.6306000E+01
  21.700          -0.1311300E+02
  21.720          -0.1409900E+02
  21.740          -0.8765000E+01
  21.760           0.5510000E+00
  21.780          -0.2174000E+01
  21.800          -0.2145000E+01
  21.820          -0.5345000E+01
  21.840          -0.1043000E+01
  21.860           0.2334800E+02
  21.880           0.2926200E+02
  21.900           0.2317800E+02
  21.920           0.2481400E+02
  21.940           0.1388900E+02
  21.960           0.5014000E+01
  21.980           0.1267700E+02
  22.000           0.1068400E+02
  22.020          -0.2670000E+01
  22.040          -0.1177400E+02
  22.060          -0.1583200E+02
  22.080          -0.8815000E+01
  22.100           0.4046000E+01
  22.120           0.5399000E+01
  22.140           0.3506000E+01
  22.160           0.3229000E+01
  22.180           0.5243000E+01
  22.200           0.1448300E+02
  22.220           0.1775400E+02
  22.240           0.2339500E+02
  22.260           0.2237300E+02
  22.280           0.1074000E+01
  22.300          -0.9889000E+01
  22.320          -0.2027000E+01
  22.340           0.7343000E+01
  22.360           0.6152000E+01
  22.380          -0.1711900E+02
  22.400          -0.2639900E+02
  22.420          -0.4394000E+01
  22.440           0.1238600E+02
  22.460           0.8482000E+01
  22.480          -0.6816000E+01
  22.500          -0.1622000E+02
  22.520          -0.1496700E+02
  22.540          -0.1262300E+02
  22.560          -0.7860000E+01
  22.580           0.1327000E+01
  22.600           0.9852000E+01
  22.620           0.9554000E+01
  22.640           0.1254200E+02
  22.660           0.1322000E+02
  22.680          -0.3819000E+01
  22.700          -0.7983000E+01
  22.720          -0.4702000E+01
  22.740          -0.1848000E+02
  22.760          -0.1263000E+02
  22.780           0.3200000E-01
  22.800           0.5470000E+01
  22.820           0.1592800E+02
  22.840           0.9910000E+01
  22.860           0.4294000E+01
  22.880           0.1409700E+02
  22.900           0.2112600E+02
  22.920           0.1419000E+02
  22.940          -0.5891000E+01
  22.960          -0.1744200E+02
  22.980          -0.1481900E+02
  23.000          -0.1042000E+02
  23.020           0.2580000E+01
  23.040           0.7789000E+01
  23.060           0.1318000E+01
  23.080          -0.6066000E+01
  23.100          -0.1044600E+02
  23.120          -0.9771000E+01
  23.140          -0.4226000E+01
  23.160           0.4678000E+01
  23.180           0.1576000E+01
  23.200          -0.1075000E+01
  23.220           0.7563000E+01
  23.240           0.9737000E+01
  23.260           0.1789000E+02
  23.280           0.2188700E+02
  23.300           0.5029000E+01
  23.320           0.2411000E+01
  23.340          -0.4890000E+00
  23.360          -0.9184000E+01
  23.380          -0.9195000E+01
  23.400          -0.1254500E+02
  23.420          -0.4361000E+01
  23.440           0.6472000E+01
  23.460           0.2147000E+01
  23.480           0.6649000E+01
  23.500           0.1180200E+02
  23.520           0.4525000E+01
  23.540          -0.9909000E+01
  23.560          -0.2067800E+02
  23.580          -0.1566700E+02
  23.600          -0.1299700E+02
  23.620          -0.2049100E+02
  23.640          -0.1877500E+02
  23.660          -0.1338100E+02
  23.680          -0.1102300E+02
  23.700          -0.8687000E+01
  23.720          -0.7227000E+01
  23.740          -0.4736000E+01
  23.760           0.3537000E+01
  23.780           0.9645000E+01
  23.800           0.1168800E+02
  23.820           0.1435600E+02
  23.840           0.2519000E+01
  23.860          -0.1414500E+02
  23.880          -0.1191300E+02
  23.900          -0.9612000E+01
  23.920          -0.2282000E+01
  23.940           0.1240800E+02
  23.960           0.1533500E+02
  23.980           0.1933500E+02
  24.000           0.1180000E+02
  24.020          -0.8585000E+01
  24.040          -0.9869000E+01
  24.060          -0.5684000E+01
  24.080          -0.6434000E+01
  24.100          -0.9845000E+01
  24.120          -0.9744000E+01
  24.140           0.5267000E+01
  24.160           0.1789800E+02
  24.180           0.1658200E+02
  24.200           0.1435800E+02
  24.220           0.1364400E+02
  24.240           0.7645000E+01
  24.260           0.5800000E+01
  24.280           0.4777000E+01
  24.300          -0.5148000E+01
  24.320          -0.1495400E+02
  24.340          -0.1952900E+02
  24.360          -0.1431700E+02
  24.380           0.3342000E+01
  24.400           0.7078000E+01
  24.420           0.4607000E+01
  24.440           0.1108500E+02
  24.460           0.1525700E+02
  24.480           0.1441100E+02
  24.500           0.3599000E+01
  24.520          -0.1132200E+02
  24.540          -0.1657400E+02
  24.560          -0.1395900E+02
  24.580          -0.2024000E+01
  24.600           0.9040000E+01
  24.620           0.3810000E+01
  24.640          -0.5047000E+01
  24.660          -0.1128100E+02
  24.680          -0.1482600E+02
  24.700          -0.7149000E+01
  24.720           0.3714000E+01
  24.740           0.8996000E+01
  24.760           0.1202300E+02
  24.780           0.1150800E+02
  24.800           0.4190000E+00
  24.820          -0.7781000E+01
  24.840          -0.5991000E+01
  24.860          -0.4372000E+01
  24.880           0.2151000E+01
  24.900           0.1015300E+02
  24.920           0.9012000E+01
  24.940           0.1015200E+02
  24.960           0.8162000E+01
  24.980          -0.8010000E+00
  25.000          -0.5468000E+01
  25.020          -0.1170800E+02
  25.040          -0.2015400E+02
  25.060          -0.2124100E+02
  25.080          -0.1317400E+02
  25.100          -0.4045000E+01
  25.120           0.6650000E+00
  25.140           0.7172000E+01
  25.160           0.1017800E+02
  25.180           0.8492000E+01
  25.200           0.8526000E+01
  25.220           0.8412000E+01
  25.240           0.4841000E+01
  25.260           0.8030000E+00
  25.280           0.8750000E+00
  25.300           0.1170000E+00
  25.320          -0.3915000E+01
  25.340          -0.3119000E+01
  25.360           0.3047000E+01
  25.380           0.1653700E+02
  25.400           0.2509400E+02
  25.420           0.1612600E+02
  25.440           0.4424000E+01
  25.460          -0.6642000E+01
  25.480          -0.1992400E+02
  25.500          -0.2408700E+02
  25.520          -0.1733900E+02
  25.540          -0.5540000E+00
  25.560           0.1452700E+02
  25.580           0.1452200E+02
  25.600           0.5711000E+01
  25.620          -0.1153000E+01
  25.640          -0.3603000E+01
  25.660          -0.4255000E+01
  25.680          -0.6153000E+01
  25.700          -0.7182000E+01
  25.720          -0.5912000E+01
  25.740           0.8510000E+00
  25.760           0.7043000E+01
  25.780           0.7177000E+01
  25.800           0.3424000E+01
  25.820          -0.2048000E+01
  25.840          -0.2002000E+01
  25.860           0.6050000E+00
  25.880          -0.5170000E+01
  25.900          -0.1230800E+02
  25.920          -0.1324400E+02
  25.940          -0.9396000E+01
  25.960          -0.3381000E+01
  25.980           0.5099000E+01
  26.000           0.1702400E+02
  26.020           0.1920200E+02
  26.040           0.9316000E+01
  26.060          -0.3725000E+01
  26.080          -0.1732400E+02
  26.100          -0.2038900E+02
  26.120          -0.1761400E+02
  26.140          -0.1287700E+02
  26.160          -0.1734000E+01
  26.180           0.5682000E+01
  26.200           0.1072900E+02
  26.220           0.1609600E+02
  26.240           0.1266500E+02
  26.260           0.7853000E+01
  26.280           0.1607000E+01
  26.300          -0.3195000E+01
  26.320           0.2277000E+01
  26.340           0.3579000E+01
  26.360           0.5395000E+01
  26.380           0.8678000E+01
  26.400           0.1684000E+01
  26.420          -0.4887000E+01
  26.440          -0.1851000E+01
  26.460           0.1714000E+01
  26.480           0.2820000E+00
  26.500          -0.6857000E+01
  26.520          -0.1336500E+02
  26.540          -0.1046900E+02
  26.560          -0.3120000E+00
  26.580           0.2444000E+01
  26.600          -0.9440000E+00
  26.620           0.1107000E+01
  26.640           0.3415000E+01
  26.660           0.1599000E+01
  26.680          -0.2349000E+01
  26.700          -0.1543000E+01
  26.720           0.2804000E+01
  26.740           0.2000000E+00
  26.760          -0.5815000E+01
  26.780          -0.4610000E+01
  26.800           0.1237000E+01
  26.820           0.1681000E+01
  26.840          -0.4576000E+01
  26.860          -0.8372000E+01
  26.880          -0.9052000E+01
  26.900          -0.8369000E+01
  26.920          -0.5466000E+01
  26.940           0.8100000E-01
  26.960           0.7729000E+01
  26.980           0.8560000E+01
  27.000           0.5925000E+01
  27.020           0.6816000E+01
  27.040           0.1061000E+01
  27.060          -0.6558000E+01
  27.080          -0.6601000E+01
  27.100          -0.5167000E+01
  27.120          -0.1373000E+01
  27.140          -0.1711000E+01
  27.160          -0.2715000E+01
  27.180           0.5000000E-01
  27.200          -0.3580000E+01
  27.220          -0.8660000E+01
  27.240          -0.5681000E+01
  27.260          -0.1706000E+01
  27.280           0.2879000E+01
  27.300           0.3142000E+01
  27.320          -0.7640000E+00
  27.340          -0.1190000E+01
  27.360           0.7160000E+00
  27.380           0.2720000E+01
  27.400           0.5875000E+01
  27.420           0.5563000E+01
  27.440          -0.6710000E+00
  27.460          -0.6170000E+01
  27.480          -0.1003100E+02
  27.500          -0.1049700E+02
  27.520          -0.2916000E+01
  27.540           0.1908000E+01
  27.560           0.1932000E+01
  27.580           0.4399000E+01
  27.600           0.2483000E+01
  27.620          -0.2557000E+01
  27.640          -0.5047000E+01
  27.660          -0.4786000E+01
  27.680           0.1130000E+00
  27.700           0.2994000E+01
  27.720           0.5387000E+01
  27.740           0.7344000E+01
  27.760           0.1522000E+01
  27.780          -0.4329000E+01
  27.800          -0.4574000E+01
  27.820          -0.1719000E+01
  27.840           0.2167000E+01
  27.860           0.2981000E+01
  27.880           0.4028000E+01
  27.900           0.7547000E+01
  27.920           0.7503000E+01
  27.940           0.4064000E+01
  27.960           0.1457000E+01
  27.980          -0.2795000E+01
  28.000          -0.9079000E+01
  28.020          -0.1004600E+02
  28.040          -0.4860000E+01
  28.060           0.1043000E+01
  28.080           0.5731000E+01
  28.100           0.7181000E+01
  28.120           0.5662000E+01
  28.140           0.2491000E+01
  28.160           0.6460000E+00
  28.180           0.9710000E+00
  28.200           0.1112000E+01
  28.220          -0.7340000E+00
  28.240          -0.3565000E+01
  28.260          -0.2886000E+01
  28.280           0.4200000E+00
  28.300           0.1471000E+01
  28.320           0.4291000E+01
  28.340           0.7801000E+01
  28.360           0.6281000E+01
  28.380           0.4561000E+01
  28.400           0.2074000E+01
  28.420          -0.3554000E+01
  28.440          -0.5664000E+01
  28.460          -0.5853000E+01
  28.480          -0.6436000E+01
  28.500          -0.1693000E+01
  28.520           0.4069000E+01
  28.540           0.6220000E+01
  28.560           0.5993000E+01
  28.580           0.1335000E+01
  28.600          -0.3381000E+01
  28.620          -0.4646000E+01
  28.640          -0.6069000E+01
  28.660          -0.5059000E+01
  28.680          -0.7150000E+00
  28.700           0.1426000E+01
  28.720           0.1550000E+01
  28.740           0.3718000E+01
  28.760           0.5714000E+01
  28.780           0.3524000E+01
  28.800          -0.2888000E+01
  28.820          -0.6220000E+01
  28.840          -0.3566000E+01
  28.860          -0.5960000E+00
  28.880           0.3544000E+01
  28.900           0.4847000E+01
  28.920           0.5290000E+00
  28.940          -0.1814000E+01
  28.960          -0.2230000E+01
  28.980          -0.4400000E-01
  29.000           0.3418000E+01
  29.020           0.1370000E+00
  29.040          -0.3179000E+01
  29.060          -0.2445000E+01
  29.080          -0.2239000E+01
  29.100          -0.1683000E+01
  29.120          -0.1173000E+01
  29.140           0.1800000E+01
  29.160           0.6154000E+01
  29.180           0.6567000E+01
  29.200           0.5061000E+01
  29.220           0.4634000E+01
  29.240           0.2312000E+01
  29.260          -0.2970000E+00
  29.280          -0.2696000E+01
  29.300          -0.3448000E+01
  29.320           0.6530000E+00
  29.340           0.6362000E+01
  29.360           0.4852000E+01
  29.380           0.1264000E+01
  29.400          -0.1527000E+01
  29.420          -0.6846000E+01
  29.440          -0.9126000E+01
  29.460          -0.8678000E+01
  29.480          -0.7735000E+01
  29.500          -0.3450000E+01
  29.520           0.2790000E+00
  29.540           0.3764000E+01
  29.560           0.9827000E+01
  29.580           0.7175000E+01
  29.600          -0.6720000E+00
  29.620          -0.2420000E+01
  29.640          -0.2703000E+01
  29.660          -0.2432000E+01
  29.680          -0.6100000E+00
  29.700          -0.1920000E+01
  29.720          -0.3515000E+01
  29.740          -0.2570000E+01
  29.760          -0.8740000E+00
  29.780           0.1121000E+01
  29.800           0.1833000E+01
  29.820          -0.1088000E+01
  29.840          -0.2678000E+01
  29.860          -0.9220000E+00
  29.880           0.5060000E+00
  29.900           0.2390000E+01
  29.920           0.4461000E+01
  29.940           0.5839000E+01
  29.960           0.6305000E+01
  29.980           0.1196000E+01
  30.000          -0.4278000E+01
  30.020          -0.4445000E+01
  30.040          -0.4043000E+01
  30.060          -0.3215000E+01
  30.080          -0.2049000E+01
  30.100           0.1850000E+01
  30.120           0.7679000E+01
  30.140           0.7841000E+01
  30.160           0.4963000E+01
  30.180           0.4452000E+01
  30.200           0.3532000E+01
  30.220          -0.3470000E+00
  30.240          -0.4228000E+01
  30.260          -0.5776000E+01
  30.280          -0.4354000E+01
  30.300          -0.2716000E+01
  30.320          -0.3140000E+01
  30.340          -0.2249000E+01
  30.360           0.1013000E+01
  30.380           0.1413000E+01
  30.400          -0.2520000E+00
  30.420          -0.7710000E+00
  30.440          -0.2311000E+01
  30.460          -0.4260000E+01
  30.480          -0.2319000E+01
  30.500           0.3310000E+01
  30.520           0.5066000E+01
  30.540           0.1317000E+01
  30.560           0.2880000E+00
  30.580           0.1786000E+01
  30.600           0.1094000E+01
  30.620           0.8300000E-01
  30.640          -0.2212000E+01
  30.660          -0.2137000E+01
  30.680           0.6700000E+00
  30.700          -0.1005000E+01
  30.720          -0.3030000E+01
  30.740          -0.6130000E+00
  30.760           0.1600000E+00
  30.780          -0.1601000E+01
  30.800          -0.2701000E+01
  30.820          -0.7080000E+00
  30.840           0.3137000E+01
  30.860           0.4336000E+01
  30.880           0.1552000E+01
  30.900          -0.2122000E+01
  30.920          -0.3946000E+01
  30.940          -0.6189000E+01
  30.960          -0.6892000E+01
  30.980          -0.3853000E+01
  31.000          -0.1710000E+01
  31.020          -0.2620000E+00
  31.040           0.1981000E+01
  31.060           0.2856000E+01
  31.080           0.3543000E+01
  31.100           0.4829000E+01
  31.120           0.5497000E+01
  31.140           0.4346000E+01
  31.160          -0.3490000E+00
  31.180          -0.5398000E+01
  31.200          -0.5748000E+01
  31.220          -0.3037000E+01
  31.240          -0.2498000E+01
  31.260          -0.4030000E+01
  31.280          -0.2513000E+01
  31.300           0.1672000E+01
  31.320           0.3934000E+01
  31.340           0.2787000E+01
  31.360           0.1311000E+01
  31.380           0.5110000E+00
  31.400           0.1300000E-01
  31.420           0.8610000E+00
  31.440           0.1609000E+01
  31.460           0.1574000E+01
  31.480           0.1762000E+01
  31.500           0.4820000E+00
  31.520          -0.2260000E+00
  31.540           0.1933000E+01
  31.560           0.2189000E+01
  31.580           0.8450000E+00
  31.600          -0.6450000E+00
  31.620          -0.3401000E+01
  31.640          -0.4762000E+01
  31.660          -0.3999000E+01
  31.680          -0.3822000E+01
  31.700          -0.3877000E+01
  31.720          -0.4651000E+01
  31.740          -0.4493000E+01
  31.760          -0.1726000E+01
  31.780          -0.1586000E+01
  31.800          -0.2680000E+01
  31.820          -0.6900000E+00
  31.840           0.5870000E+00
  31.860           0.1445000E+01
  31.880           0.1416000E+01
  31.900          -0.5480000E+00
  31.920           0.5340000E+00
  31.940           0.1424000E+01
  31.960          -0.5050000E+00
  31.980          -0.4170000E+00
  32.000          -0.1417000E+01
  32.020          -0.2900000E+01
  32.040          -0.1184000E+01
  32.060           0.2500000E-01
  32.080           0.5720000E+00
  32.100           0.8400000E+00
  32.120           0.7380000E+00
  32.140           0.2611000E+01
  32.160           0.4268000E+01
  32.180           0.4055000E+01
  32.200           0.3100000E+01
  32.220           0.1692000E+01
  32.240           0.7330000E+00
  32.260           0.1470000E+00
  32.280          -0.3490000E+00
  32.300           0.7200000E+00
  32.320           0.1610000E+01
  32.340           0.1536000E+01
  32.360           0.1925000E+01
  32.380           0.3041000E+01
  32.400           0.1746000E+01
  32.420          -0.6560000E+00
  32.440           0.2010000E+00
  32.460           0.2675000E+01
  32.480           0.4012000E+01
  32.500           0.3435000E+01
  32.520           0.9740000E+00
  32.540           0.5890000E+00
  32.560           0.1540000E+01
  32.580          -0.1414000E+01
  32.600          -0.4151000E+01
  32.620          -0.3061000E+01
  32.640          -0.1400000E+01
  32.660          -0.9770000E+00
  32.680          -0.7560000E+00
  32.700          -0.3420000E+00
  32.720          -0.5850000E+00
  32.740          -0.2395000E+01
  32.760          -0.3019000E+01
  32.780          -0.2444000E+01
  32.800          -0.3467000E+01
  32.820          -0.4896000E+01
  32.840          -0.3611000E+01
  32.860          -0.1360000E+00
  32.880           0.2990000E+01
  32.900           0.3419000E+01
  32.920           0.3198000E+01
  32.940           0.3535000E+01
  32.960           0.1631000E+01
  32.980          -0.1458000E+01
  33.000          -0.3095000E+01
  33.020          -0.2876000E+01
  33.040          -0.9570000E+00
  33.060          -0.1920000E+00
  33.080          -0.2380000E+00
  33.100           0.9110000E+00
  33.120           0.9470000E+00
  33.140           0.5030000E+00
  33.160           0.4580000E+00
  33.180          -0.3840000E+00
  33.200           0.6940000E+00
  33.220           0.2843000E+01
  33.240           0.3360000E+01
  33.260           0.4045000E+01
  33.280           0.4841000E+01
  33.300           0.4406000E+01
  33.320           0.2938000E+01
  33.340           0.1179000E+01
  33.360          -0.6650000E+00
  33.380          -0.2616000E+01
  33.400          -0.2664000E+01
  33.420          -0.2494000E+01
  33.440          -0.3657000E+01
  33.460          -0.2418000E+01
  33.480           0.1048000E+01
  33.500           0.4075000E+01
  33.520           0.5456000E+01
  33.540           0.2707000E+01
  33.560          -0.9750000E+00
  33.580          -0.2449000E+01
  33.600          -0.3255000E+01
  33.620          -0.3034000E+01
  33.640          -0.1801000E+01
  33.660          -0.7670000E+00
  33.680          -0.2510000E+00
  33.700          -0.4470000E+00
  33.720          -0.7450000E+00
  33.740          -0.1042000E+01
  33.760          -0.1824000E+01
  33.780          -0.1585000E+01
  33.800          -0.2070000E+00
  33.820           0.4720000E+00
  33.840           0.8150000E+00
  33.860           0.6790000E+00
  33.880          -0.1032000E+01
  33.900          -0.2109000E+01
  33.920          -0.1272000E+01
  33.940          -0.2990000E+00
  33.960           0.1610000E+00
  33.980          -0.2260000E+00
  34.000          -0.7670000E+00
  34.020          -0.6570000E+00
  34.040          -0.3680000E+00
  34.060           0.1670000E+00
  34.080           0.3610000E+00
  34.100           0.5900000E-01
  34.120          -0.6800000E-01
  34.140          -0.7210000E+00
  34.160          -0.1121000E+01
  34.180          -0.2040000E+00
  34.200           0.5480000E+00
  34.220           0.1025000E+01
  34.240           0.1438000E+01
  34.260           0.9830000E+00
  34.280           0.5320000E+00
  34.300           0.7760000E+00
  34.320           0.9590000E+00
  34.340           0.5640000E+00
  34.360          -0.2540000E+00
  34.380          -0.6980000E+00
  34.400          -0.5080000E+00
  34.420          -0.7100000E-01
  34.440           0.3840000E+00
  34.460           0.3420000E+00
  34.480           0.2100000E-01
  34.500           0.5000000E-02
  34.520           0.1400000E-01
  34.540          -0.6200000E-01
  34.560           0.1280000E+00
  34.580           0.2460000E+00
  34.600           0.4600000E-01
  34.620          -0.3600000E-01
  34.640           0.7200000E-01
  34.660           0.3300000E-01
  34.680          -0.2190000E+00
  34.700          -0.5300000E+00
  34.720          -0.7690000E+00
  34.740          -0.7170000E+00
  34.760          -0.5110000E+00
  34.780          -0.4240000E+00
  34.800          -0.2190000E+00
  34.820           0.1780000E+00
  34.840           0.4680000E+00
  34.860           0.5710000E+00
  34.880           0.3790000E+00
  34.900          -0.7700000E-01
  34.920          -0.5270000E+00
  34.940          -0.6990000E+00
  34.960          -0.5250000E+00
  34.980          -0.3300000E+00
  35.000          -0.1720000E+00
  35.020           0.1760000E+00
  35.040           0.4530000E+00
  35.060           0.4950000E+00
  35.080           0.4500000E+00
  35.100           0.2890000E+00
  35.120           0.9400000E-01
  35.140          -0.2000000E-01
  35.160          -0.1080000E+00
  35.180          -0.1580000E+00
  35.200          -0.1510000E+00
  35.220          -0.9400000E-01
  35.240          -0.6000000E-02
  35.260           0.5100000E-01
  35.280           0.6300000E-01
  35.300           0.3700000E-01
  35.320           0.0000000E+00
  35.340           0.0000000E+00
  35.360           0.0000000E+00
  35.380           0.0000000E+00
  35.400           0.0000000E+00
  35.420           0.0000000E+00
  35.440           0.0000000E+00
  35.460           0.0000000E+00
  35.480           0.0000000E+00
  35.500           0.0000000E+00
  35.520           0.0000000E+00
  35.540           0.0000000E+00
  35.560           0.0000000E+00
  35.580           0.0000000E+00
  35.600           0.0000000E+00
  35.620           0.0000000E+00
  35.640           0.0000000E+00
  35.660           0.0000000E+00
  35.680           0.0000000E+00
  35.700           0.0000000E+00
  35.720           0.0000000E+00
  35.740           0.0000000E+00
  35.760           0.0000000E+00
  35.780           0.0000000E+00
  35.800           0.0000000E+00
  35.820           0.0000000E+00
  35.840           0.0000000E+00
  35.860           0.0000000E+00
  35.880           0.0000000E+00
  35.900           0.0000000E+00
  35.920           0.0000000E+00
  35.940           0.0000000E+00
  35.960           0.0000000E+00
  35.980           0.0000000E+00
  36.000           0.0000000E+00
  36.020           0.0000000E+00
  36.040           0.0000000E+00
  36.060           0.0000000E+00
  36.080           0.0000000E+00
  36.100           0.0000000E+00
  36.120           0.0000000E+00
  36.140           0.0000000E+00
  36.160           0.0000000E+00
  36.180           0.0000000E+00
  36.200           0.0000000E+00
  36.220           0.0000000E+00
  36.240           0.0000000E+00
  36.260           0.0000000E+00
  36.280           0.0000000E+00
  36.300           0.0000000E+00
  36.320           0.0000000E+00
  36.340           0.0000000E+00
  36.360           0.0000000E+00
  36.380           0.0000000E+00
  36.400           0.0000000E+00
  36.420           0.0000000E+00
  36.440           0.0000000E+00
  36.460           0.0000000E+00
  36.480           0.0000000E+00
  36.500           0.0000000E+00
  36.520           0.0000000E+00
  36.540           0.0000000E+00
  36.560           0.0000000E+00
  36.580           0.0000000E+00
  36.600           0.0000000E+00
  36.620           0.0000000E+00
  36.640           0.0000000E+00
  36.660           0.0000000E+00
  36.680           0.0000000E+00
  36.700           0.0000000E+00
  36.720           0.0000000E+00
  36.740           0.0000000E+00
  36.760           0.0000000E+00
  36.780           0.0000000E+00
  36.800           0.0000000E+00
  36.820           0.0000000E+00
  36.840           0.0000000E+00
  36.860           0.0000000E+00
  36.880           0.0000000E+00
  36.900           0.0000000E+00
  36.920           0.0000000E+00
  36.940           0.0000000E+00
  36.960           0.0000000E+00
  36.980           0.0000000E+00
  37.000           0.0000000E+00
  37.020           0.0000000E+00
  37.040           0.0000000E+00
  37.060           0.0000000E+00
  37.080           0.0000000E+00
  37.100           0.0000000E+00
  37.120           0.0000000E+00
  37.140           0.0000000E+00
  37.160           0.0000000E+00
  37.180           0.0000000E+00
  37.200           0.0000000E+00
  37.220           0.0000000E+00
  37.240           0.0000000E+00
  37.260           0.0000000E+00
  37.280           0.0000000E+00
  37.300           0.0000000E+00
  37.320           0.0000000E+00
  37.340           0.0000000E+00
  37.360           0.0000000E+00
  37.380           0.0000000E+00
  37.400           0.0000000E+00
  37.420           0.0000000E+00
  37.440           0.0000000E+00
  37.460           0.0000000E+00
  37.480           0.0000000E+00
  37.500           0.0000000E+00
  37.520           0.0000000E+00
  37.540           0.0000000E+00
  37.560           0.0000000E+00
  37.580           0.0000000E+00
  37.600           0.0000000E+00
  37.620           0.0000000E+00
  37.640           0.0000000E+00
  37.660           0.0000000E+00
  37.680           0.0000000E+00
  37.700           0.0000000E+00
  37.720           0.0000000E+00
  37.740           0.0000000E+00
  37.760           0.0000000E+00
  37.780           0.0000000E+00
  37.800           0.0000000E+00
  37.820           0.0000000E+00
  37.840           0.0000000E+00
  37.860           0.0000000E+00
  37.880           0.0000000E+00
  37.900           0.0000000E+00
  37.920           0.0000000E+00
  37.940           0.0000000E+00
  37.960           0.0000000E+00
  37.980           0.0000000E+00
  38.000           0.0000000E+00
  38.020           0.0000000E+00
  38.040           0.0000000E+00
  38.060           0.0000000E+00
  38.080           0.0000000E+00
  38.100           0.0000000E+00
  38.120           0.0000000E+00
  38.140           0.0000000E+00
  38.160           0.0000000E+00
  38.180           0.0000000E+00
  38.200           0.0000000E+00
  38.220           0.0000000E+00
  38.240           0.0000000E+00
  38.260           0.0000000E+00
  38.280           0.0000000E+00
  38.300           0.0000000E+00
  38.320           0.0000000E+00
  38.340           0.0000000E+00
  38.360           0.0000000E+00
  38.380           0.0000000E+00
  38.400           0.0000000E+00
  38.420           0.0000000E+00
  38.440           0.0000000E+00
  38.460           0.0000000E+00
  38.480           0.0000000E+00
  38.500           0.0000000E+00
  38.520           0.0000000E+00
  38.540           0.0000000E+00
  38.560           0.0000000E+00
  38.580           0.0000000E+00
  38.600           0.0000000E+00
  38.620           0.0000000E+00
  38.640           0.0000000E+00
  38.660           0.0000000E+00
  38.680           0.0000000E+00
  38.700           0.0000000E+00
  38.720           0.0000000E+00
  38.740           0.0000000E+00
  38.760           0.0000000E+00
  38.780           0.0000000E+00
  38.800           0.0000000E+00
  38.820           0.0000000E+00
  38.840           0.0000000E+00
  38.860           0.0000000E+00
  38.880           0.0000000E+00
  38.900           0.0000000E+00
  38.920           0.0000000E+00
  38.940           0.0000000E+00
  38.960           0.0000000E+00
  38.980           0.0000000E+00
  39.000           0.0000000E+00
  39.020           0.0000000E+00
  39.040           0.0000000E+00
  39.060           0.0000000E+00
  39.080           0.0000000E+00
  39.100           0.0000000E+00
  39.120           0.0000000E+00
  39.140           0.0000000E+00
  39.160           0.0000000E+00
  39.180           0.0000000E+00
  39.200           0.0000000E+00
  39.220           0.0000000E+00
  39.240           0.0000000E+00
  39.260           0.0000000E+00
  39.280           0.0000000E+00
  39.300           0.0000000E+00
  39.320           0.0000000E+00
  39.340           0.0000000E+00
  39.360           0.0000000E+00
  39.380           0.0000000E+00
  39.400           0.0000000E+00
  39.420           0.0000000E+00
  39.440           0.0000000E+00
  39.460           0.0000000E+00
  39.480           0.0000000E+00
  39.500           0.0000000E+00
  39.520           0.0000000E+00
  39.540           0.0000000E+00
  39.560           0.0000000E+00
  39.580           0.0000000E+00
  39.600           0.0000000E+00
  39.620           0.0000000E+00
  39.640           0.0000000E+00
  39.660           0.0000000E+00
  39.680           0.0000000E+00
  39.700           0.0000000E+00
  39.720           0.0000000E+00
  39.740           0.0000000E+00
  39.760           0.0000000E+00
  39.780           0.0000000E+00
  39.800           0.0000000E+00
  39.820           0.0000000E+00
  39.840           0.0000000E+00
  39.860           0.0000000E+00
  39.880           0.0000000E+00
  39.900           0.0000000E+00
  39.920           0.0000000E+00
  39.940           0.0000000E+00
  39.960           0.0000000E+00
  39.980           0.0000000E+00
  40.000           0.0000000E+00
  40.020           0.0000000E+00
  40.040           0.0000000E+00
  40.060           0.0000000E+00
  40.080           0.0000000E+00
  40.100           0.0000000E+00
  40.120           0.0000000E+00
  40.140           0.0000000E+00
  40.160           0.0000000E+00
  40.180           0.0000000E+00
  40.200           0.0000000E+00
  40.220           0.0000000E+00
  40.240           0.0000000E+00
  40.260           0.0000000E+00
  40.280           0.0000000E+00
  40.300           0.0000000E+00
  40.320           0.0000000E+00
  40.340           0.0000000E+00
  40.360           0.0000000E+00
  40.380           0.0000000E+00
  40.400           0.0000000E+00
  40.420           0.0000000E+00
  40.440           0.0000000E+00
  40.460           0.0000000E+00
  40.480           0.0000000E+00
  40.500           0.0000000E+00
  40.520           0.0000000E+00
  40.540           0.0000000E+00
  40.560           0.0000000E+00
  40.580           0.0000000E+00
  40.600           0.0000000E+00
  40.620           0.0000000E+00
  40.640           0.0000000E+00
  40.660           0.0000000E+00
  40.680           0.0000000E+00
  40.700           0.0000000E+00
  40.720           0.0000000E+00
  40.740           0.0000000E+00
  40.760           0.0000000E+00
  40.780           0.0000000E+00
  40.800           0.0000000E+00
  40.820           0.0000000E+00
  40.840           0.0000000E+00
  40.860           0.0000000E+00
  40.880           0.0000000E+00
  40.900           0.0000000E+00
  40.920           0.0000000E+00
  40.940           0.0000000E+00
  40.960           0.0000000E+00
