        2048     0.02000
       0.159       0.159       0.159       0.187       0.159       0.159       0.272       0.160       0.160       0.413
       0.185       0.172       0.611       0.190       0.137      -0.142       0.049       0.064      -0.501      -0.966
      -0.389      -0.405      -0.096       0.365       0.494       0.399       0.454       0.848       0.943       1.540
       2.987       3.029       1.821       0.896       0.206      -1.515      -1.366      -1.427      -3.704      -4.620
      -2.667      -2.798       0.014       1.254       2.278       1.404       1.636       3.666       2.290       3.171
       8.014       7.374       5.306       1.530      -4.825      -7.374      -5.435      -3.888      -5.199      -5.071
      -5.524      -9.582     -11.920      -4.596       1.605       9.853       9.316       7.616      11.813      15.119
       9.965       4.246      -8.301     -13.550     -12.545     -11.634     -11.391      -9.015      -5.395      -9.618
     -15.064     -17.640     -20.969     -18.916      -6.365      -4.964     -13.108     -20.783     -23.855     -16.287
      -5.507       3.844      10.545      19.693      26.362      28.517      25.745      21.684      10.858      -7.466
     -24.024     -29.846     -21.496      -9.682      -4.778      -8.700     -24.839     -35.816     -31.484     -25.154
     -23.416     -21.033     -28.744     -30.661     -20.838      -1.869      23.888      42.462      43.910      30.855
      19.275      20.250      34.869      47.696      44.488      23.153     -10.404     -36.834     -31.154     -26.823
     -32.157     -37.601     -40.242     -26.828      -5.092      21.106      45.044      59.134      52.269      27.443
       6.717       6.397      21.383      18.472      -2.316     -21.867     -52.209     -67.740     -58.602     -40.540
     -16.370     -15.683     -21.747      -8.115       5.544      28.054      41.211      41.961      19.250     -18.988
       7.221      55.175      82.621      83.368      67.219      51.741      15.299     -21.314     -30.766     -30.726
     -42.916     -66.033     -66.665     -51.991     -29.555     -23.711     -10.096      11.353      10.053      11.197
      37.128      66.724      70.287      32.135       8.932     -16.387     -62.364     -79.938     -57.607      -1.321
      17.920       7.493      10.716      22.444      45.481      80.019      92.349      76.540      13.260     -43.320
     -36.632      17.546      48.791      24.885     -48.868    -106.553    -125.275     -82.553       1.134      59.081
      39.137     -33.005     -75.911     -75.957     -53.272     -60.286     -64.767     -20.315       6.297     -26.119
     -53.573     -24.474     -17.995     -48.906     -51.214     -17.120     -11.142     -19.976      -1.141      13.745
      44.590      54.431      69.515      96.692      92.764      39.279      36.900      58.187      26.668      -6.519
      -8.296      -4.217      14.347     -35.532    -119.127    -142.441    -139.706     -79.281      22.106      57.714
      75.880      42.979      -8.680     -30.990     -48.824     -24.682     -10.173      12.867      48.921      93.980
     111.302     112.694      78.357      24.854       0.104       2.965      42.592     123.949     130.304     110.443
      67.215       1.576     -78.029    -115.625     -95.955     -64.713     -57.345     -59.082     -63.206     -82.594
     -53.772     -22.502     -52.766    -104.813     -96.838     -29.970       6.062     -16.404     -25.647     -19.935
      19.498      13.712     -11.720     -27.011     -31.508     -11.849     -15.731       6.323      19.051     -41.369
     -97.950    -138.557     -97.935     -21.750       7.247      16.435      69.512     142.776     204.057     224.159
     208.243     196.162     188.660     145.202      58.944     -17.414     -48.493     -84.942     -93.223     -31.160
      -5.568      27.630      60.116      68.057      45.543       6.420       4.151      -5.980     -61.093     -51.776
     -15.039      15.240      24.189     -21.063     -58.730    -116.454    -144.866     -78.827     -22.377     -46.726
     -79.815     -65.482     -39.717     -28.026       5.641      43.586      30.639      42.169      33.623      43.097
      89.823      95.199      75.681      62.265      81.173      35.353      -4.876     -19.262     -39.146     -65.039
     -63.702     -55.081     -63.000     -53.057      26.434     102.672      92.879      44.707      31.755      -5.173
     -51.200     -55.520      -3.095      32.320     -10.925      -2.849      28.383     -30.716     -58.835     -33.420
      20.928      92.708     105.799     138.779     141.819      93.366      21.808     -68.608    -124.405     -70.392
     -30.828      -9.768     -26.318     -66.614     -72.021     -80.407     -34.461      -6.638     -42.217      16.224
     138.737     161.202      79.783      38.807      21.396      -8.982     -98.299    -125.198     -47.818      -1.873
       4.124     -31.844     -52.869      -4.990      57.719     126.552     134.122      89.013      38.268     -52.671
     -61.062     -82.177     -79.213       5.349      93.611     156.135     118.809      32.707      33.690      26.453
       5.385     -19.661     -25.075     -24.377     -25.322     -28.020      -9.222      -1.494      34.280     108.415
     115.247      68.820      76.481     124.047     112.495      33.885     -66.035    -119.423    -116.814     -86.813
     -52.626     -58.944    -109.234    -122.397     -65.488      25.604      73.784     102.099     103.495      87.393
      65.032      37.263      44.733      62.844      15.577      -8.237      -4.341      -3.946     -33.195     -61.541
     -77.492     -13.147      59.256      41.376       5.854     -39.457     -77.433     -42.315      14.194      74.416
      92.560      16.282     -52.983     -56.194      17.542      88.000      59.075      49.747       9.041     -55.182
     -49.341    -130.753    -153.820     -98.444     -28.548      99.854     137.577     135.455     161.946     100.580
      28.079       6.586      20.027      -2.476     -52.709     -76.106     -27.820     -33.197     -38.850      -9.588
     -75.135    -162.795    -147.510     -91.687      -3.237      19.270      18.546      25.462     -38.002     -31.227
     -75.264    -103.155     -31.752      46.509      92.970     106.837      25.864     -62.660    -137.028     -98.350
       4.596      67.153     100.031      73.363      48.643      15.994       7.034       9.227     -37.947    -102.996
    -137.765    -123.580     -88.692     -51.112       8.320      52.799      -3.551     -71.381    -130.534    -127.452
     -73.254     -38.508      74.483     127.113      94.803      23.192       9.645      47.038      54.572     -21.509
    -106.724    -171.121    -180.670    -100.087     -37.106      30.552      77.559      99.413      70.086      53.476
      30.305      41.216      81.172      83.490      31.408     -37.487     -50.981     -52.038     -55.058    -108.148
    -143.017     -62.880      26.728      65.484      56.801      17.439       7.395      18.725      22.735      10.801
     -56.933     -30.384      57.250     100.011      88.122      12.554     -81.823    -115.904    -125.895     -67.967
     -39.714     -59.689      26.588     107.486     100.093      52.104     -27.109     -82.293     -75.292      11.312
     104.145      85.750      26.916     -28.291     -52.531     -57.675     -69.550     -22.119      58.135      16.908
     -30.743     -21.028      11.230      32.618       9.805     -17.290     -44.004     -83.910     -33.095      83.961
     169.895     143.919      61.546      12.891      28.805      24.014      -5.978      30.662      76.416      93.450
      61.962      38.104       6.281     -47.676    -116.584    -168.798    -143.026    -107.299    -121.649     -83.822
      14.227      89.957     128.783     186.163     224.159     180.863      93.386      -1.343       4.208      78.007
      75.986     109.697     173.393     175.753     144.732     107.483      31.032     -50.593    -133.340    -106.043
     -65.408     -64.301     -59.688     -37.350     -15.959     -12.232      27.705      40.013     -27.306     -83.483
     -59.494     -44.914     -23.820     -23.905     -73.184    -104.897     -72.447      13.984     102.560     177.100
     186.358     148.820      85.940      35.652      -0.484     -52.873     -96.822     -84.111     -46.312     -36.451
      17.910      80.048      70.781      39.085      42.813      91.637     113.817      71.883      31.607       4.273
     -41.385     -12.994       4.227     -19.463     -20.496     -46.999     -27.906      -7.970     -49.991     -23.664
     -26.867      26.173      22.063     -51.925     -21.046      31.901      14.155     -35.035     -99.423    -146.511
    -135.056    -117.948     -42.599      35.987      59.597      58.419      34.588     -12.589     -48.722    -100.715
     -68.582      -3.298      13.348     -46.287     -64.108      30.824      93.799      46.672      15.861      21.403
       6.234     -46.160     -45.848     -36.353     -41.615     -71.901     -45.968     -18.912      -3.824     -21.120
     -37.900     -16.700       1.449     -22.212     -48.584     -22.661      29.791      26.311     -17.942     -25.173
      -3.694      -5.173      -9.775      42.070      58.083      -2.545     -36.834      19.006      83.737      81.139
      32.201      40.075      44.985      17.394      48.780     117.800     137.472     105.370      21.027       3.488
       4.397      13.719       6.329      -1.168     -19.562     -25.181     -70.580     -61.443       0.737      38.931
      35.306      -0.139       1.226       3.580      23.042      52.042      85.165      89.829      35.564     -13.683
     -13.863     -41.477     -69.816     -88.770     -90.208     -95.534    -129.158    -101.358     -19.634       9.839
       9.845      16.596      11.648     -30.456     -66.809     -65.713    -101.367    -129.756     -98.799     -47.898
       2.211       3.161     -10.871      -3.713       3.856     -46.631     -78.737     -51.765     -12.031      23.091
      15.706      -2.310      17.917      41.275      60.086      98.690     112.616      85.176      29.287      -5.498
      10.664      32.237      25.913      -3.173     -38.972    -111.157    -146.031    -100.019     -27.251     -12.328
     -45.792     -63.938     -43.833     -14.244      19.296      30.043      19.595      13.174       7.231       8.224
      22.503       5.956      10.532      43.586      57.124      52.151      16.812       1.482       0.820       4.245
      34.263      33.911       3.773     -30.905     -48.932     -52.559     -44.709     -25.854      -8.518       9.686
      26.432      53.753      53.606      51.229      32.541     -12.926     -50.189     -47.687     -29.927     -17.910
      -3.243      -9.610     -41.815     -79.028     -72.311     -42.096     -35.479     -33.695     -38.623     -19.376
     -13.789       6.140      14.065      29.592      46.902      67.834      82.324      89.522      76.280      68.811
      53.013      44.152      21.959     -14.246     -45.262     -73.497     -58.053     -49.406     -45.864     -18.596
      -5.311       0.460      19.589      39.507      71.620      83.261      61.480      53.860      57.569      62.844
      75.242      62.359      37.318       6.976       0.917       4.882      24.272      25.688      28.252       3.910
      -6.876      -6.522      15.891      40.139      33.891       3.219     -17.733     -16.242     -13.807      -7.780
       4.655       0.900     -17.910     -30.825     -18.753     -10.605       2.327      -5.604     -30.235     -31.701
     -21.719     -14.004       1.345      18.665      25.995      13.471       4.510       7.667      -5.332     -12.652
     -11.594       1.679      -9.934     -40.111     -62.546     -41.755     -24.518     -12.104     -15.356     -29.224
     -39.049     -36.816     -22.502       7.095      -2.938     -26.214     -43.667     -44.040     -28.281       6.903
      24.197      20.675      -8.179     -31.878     -43.141     -40.340     -13.170     -12.407     -36.623     -40.814
     -29.718     -26.886     -16.711     -12.159      -4.240      -1.145       0.006       2.202       0.689       6.735
      15.739      21.760      20.159      15.070      19.384      20.888      30.113      27.997      13.655       3.364
       6.827      16.067      34.353      41.859      34.624       6.156     -23.343     -19.436       3.861      24.124
      38.149      40.969      47.339      45.357      41.881      32.732      22.131      18.250      14.585      19.650
      20.065      25.757      16.737     -11.751     -34.174     -48.980     -55.641     -53.639     -40.671     -26.728
     -17.361      -5.785      13.762      26.323      31.093      40.579      37.253      26.290      23.704      21.900
      11.237       3.446       8.872      -2.738     -12.987     -25.143     -48.469     -54.451     -36.751     -16.759
      -8.468     -13.079      -7.694       3.662       5.849       7.733       4.218       5.097      10.352      28.198
      39.208      24.539       7.183      -2.362      -6.330      -9.991     -15.712      -6.495       6.030      13.404
      15.002      16.798      18.219      24.175      13.805       6.359       9.883      22.341      30.454      27.153
      29.465      30.974      15.473       3.433      -7.981     -12.188     -28.763     -43.917     -56.172     -43.562
     -20.737      -2.494      18.434      26.594      25.527      10.208       0.038      13.720      30.678      31.563
      22.646       6.035      -9.703     -18.424     -14.823      -9.982     -19.977     -45.912     -60.019     -54.040
     -36.287     -18.796      -9.548     -22.775     -31.963     -43.238     -40.766     -28.420      -9.635       7.846
      18.275       8.338       2.965      -3.791      -7.019      -3.933       3.066      -4.396     -14.419      -9.622
      -5.230      -5.665       1.157       1.888     -12.739     -23.217     -14.475      -0.479      16.836      21.192
      12.102       1.535      -6.578      -0.263      12.721      13.586       0.728     -12.717     -26.607     -20.053
      -5.210       0.186     -13.440     -28.776     -44.805     -50.158     -48.172     -35.578     -23.873     -20.335
     -28.351     -29.667     -16.000       7.034      22.331      28.588      29.983      24.168      16.550      10.352
      -0.540      -4.589     -17.504     -39.666     -54.570     -54.106     -48.064     -34.827     -28.297     -31.918
     -42.495     -47.521     -38.157     -20.141       1.909       2.319      -7.919     -12.300      -9.450       0.320
      16.831      24.521      15.481      -1.157     -13.219     -12.083      -3.804       3.950       8.525       2.701
      -2.992       1.852       9.660      15.024      21.871      22.479      24.560      31.815      41.258      46.365
      48.510      40.127      27.231      16.157       4.125      -4.375      -1.062      -0.955      -4.176      -9.938
     -17.115     -12.147      -0.957       9.108      17.992      21.220      23.508      21.955      27.207      34.745
      33.452      24.583      10.033      -1.678       0.822       4.839      10.245      12.058       3.905      -6.197
     -14.967     -16.338     -15.158     -17.080     -17.511     -17.594     -11.107      -1.424       8.696      15.644
      10.656       4.130       0.929       1.882       4.580       5.637       5.502       5.547      -0.943      -3.570
       1.257       8.423      10.547       7.563      11.678      21.650      30.256      41.448      48.716      50.364
      46.256      39.844      33.350      28.510      26.984      24.913      19.563      16.395      16.543      20.945
      24.909      26.173      22.700      15.953      10.528      11.951      13.278      10.244       4.489       3.950
       3.663       2.195       3.711       2.485       3.446       2.744       0.786       1.297       1.523       2.386
       5.028       5.049       1.906      -5.454     -11.126      -9.763      -4.890       0.766       3.528       2.631
       0.599      -4.250      -6.068      -7.053     -10.317     -16.142     -21.123     -22.787     -19.154     -15.867
     -15.424     -17.240     -19.733     -20.247     -15.307      -9.347      -4.461      -2.025      -2.768      -3.494
      -2.158      -0.017       1.813       2.614       3.080       2.692       3.079       4.420       4.874       4.629
       3.045      -0.185      -2.886      -5.062      -5.741      -4.754      -3.443      -2.763      -3.035      -2.959
      -1.646       0.494       2.633       3.893       4.146       4.239       4.254       4.159       3.768       2.937
       1.554       0.118      -0.877      -1.308      -1.346      -1.184      -1.036      -0.778      -0.425       0.000
       0.000       0.000       0.000       0.000       0.000       0.000       0.000       0.000       0.000       0.000
       0.000       0.000       0.000       0.000       0.000       0.000       0.000       0.000       0.000       0.000
       0.000       0.000       0.000       0.000       0.000       0.000       0.000       0.000       0.000       0.000
       0.000       0.000       0.000       0.000       0.000       0.000       0.000       0.000       0.000       0.000
       0.000       0.000       0.000       0.000       0.000       0.000       0.000       0.000       0.000       0.000
       0.000       0.000       0.000       0.000       0.000       0.000       0.000       0.000       0.000       0.000
       0.000       0.000       0.000       0.000       0.000       0.000       0.000       0.000       0.000       0.000
       0.000       0.000       0.000       0.000       0.000       0.000       0.000       0.000       0.000       0.000
       0.000       0.000       0.000       0.000       0.000       0.000       0.000       0.000       0.000       0.000
       0.000       0.000       0.000       0.000       0.000       0.000       0.000       0.000       0.000       0.000
       0.000       0.000       0.000       0.000       0.000       0.000       0.000       0.000       0.000       0.000
       0.000       0.000       0.000       0.000       0.000       0.000       0.000       0.000       0.000       0.000
       0.000       0.000       0.000       0.000       0.000       0.000       0.000       0.000       0.000       0.000
       0.000       0.000       0.000       0.000       0.000       0.000       0.000       0.000       0.000       0.000
       0.000       0.000       0.000       0.000       0.000       0.000       0.000       0.000       0.000       0.000
       0.000       0.000       0.000       0.000       0.000       0.000       0.000       0.000       0.000       0.000
       0.000       0.000       0.000       0.000       0.000       0.000       0.000       0.000       0.000       0.000
       0.000       0.000       0.000       0.000       0.000       0.000       0.000       0.000       0.000       0.000
       0.000       0.000       0.000       0.000       0.000       0.000       0.000       0.000       0.000       0.000
       0.000       0.000       0.000       0.000       0.000       0.000       0.000       0.000       0.000       0.000
       0.000       0.000       0.000       0.000       0.000       0.000       0.000       0.000       0.000       0.000
       0.000       0.000       0.000       0.000       0.000       0.000       0.000       0.000       0.000       0.000
       0.000       0.000       0.000       0.000       0.000       0.000       0.000       0.000       0.000       0.000
       0.000       0.000       0.000       0.000       0.000       0.000       0.000       0.000       0.000       0.000
       0.000       0.000       0.000       0.000       0.000       0.000       0.000       0.000       0.000       0.000
       0.000       0.000       0.000       0.000       0.000       0.000       0.000       0.000       0.000       0.000
       0.000       0.000       0.000       0.000       0.000       0.000       0.000       0.000       0.000       0.000
       0.000       0.000       0.000       0.000       0.000       0.000       0.000       0.000       0.000       0.000
       0.000       0.000       0.000       0.000       0.000       0.000       0.000       0.000       0.000       0.000
       0.000       0.000       0.000       0.000       0.000       0.000       0.000       0.000       0.000       0.000
       0.000       0.000       0.000       0.000       0.000       0.000       0.000       0.000       0.000       0.000
       0.000       0.000       0.000       0.000       0.000       0.000       0.000       0.000       0.000       0.000
       0.000       0.000       0.000       0.000       0.000       0.000       0.000       0.000       0.000       0.000
       0.000       0.000       0.000       0.000       0.000       0.000       0.000       0.000       0.000       0.000
       0.000       0.000       0.000       0.000       0.000       0.000       0.000       0.000       0.000       0.000
       0.000       0.000       0.000       0.000       0.000       0.000       0.000       0.000       0.000       0.000
       0.000       0.000       0.000       0.000       0.000       0.000       0.000       0.000       0.000       0.000
       0.000       0.000       0.000       0.000       0.000       0.000       0.000       0.000       0.000       0.000
       0.000       0.000       0.000       0.000       0.000       0.000       0.000       0.000       0.000       0.000
       0.000       0.000       0.000       0.000       0.000       0.000       0.000       0.000       0.000       0.000
       0.000       0.000       0.000       0.000       0.000       0.000       0.000       0.000       0.000       0.000
       0.000       0.000       0.000       0.000       0.000       0.000       0.000       0.000       0.000       0.000
       0.000       0.000       0.000       0.000       0.000       0.000       0.000       0.000       0.000       0.000
       0.000       0.000       0.000       0.000       0.000       0.000       0.000       0.000       0.000       0.000
       0.000       0.000       0.000       0.000       0.000       0.000       0.000       0.000       0.000       0.000
       0.000       0.000       0.000       0.000       0.000       0.000       0.000       0.000       0.000       0.000
       0.000       0.000       0.000       0.000       0.000       0.000       0.000       0.000       0.000       0.000
       0.000       0.000       0.000       0.000       0.000       0.000       0.000       0.000       0.000       0.000
       0.000       0.000       0.000       0.000       0.000       0.000       0.000       0.000       0.000       0.000
       0.000       0.000       0.000       0.000       0.000       0.000       0.000       0.000       0.000       0.000
       0.000       0.000       0.000       0.000       0.000       0.000       0.000       0.000       0.000       0.000
       0.000       0.000       0.000       0.000       0.000       0.000       0.000       0.000       0.000       0.000
       0.000       0.000       0.000       0.000       0.000       0.000       0.000       0.000       0.000       0.000
       0.000       0.000       0.000       0.000       0.000       0.000       0.000       0.000       0.000       0.000
       0.000       0.000       0.000       0.000       0.000       0.000       0.000       0.000       0.000       0.000
       0.000       0.000       0.000       0.000       0.000       0.000       0.000       0.000       0.000       0.000
       0.000       0.000       0.000       0.000       0.000       0.000       0.000       0.000       0.000       0.000
       0.000       0.000       0.000       0.000       0.000       0.000       0.000       0.000       0.000       0.000
       0.000       0.000       0.000       0.000       0.000       0.000       0.000       0.000       0.000       0.000
       0.000       0.000       0.000       0.000       0.000       0.000       0.000       0.000       0.000       0.000
       0.000       0.000       0.000       0.000       0.000       0.000       0.000       0.000       0.000       0.000
       0.000       0.000       0.000       0.000       0.000       0.000       0.000       0.000       0.000       0.000
       0.000       0.000       0.000       0.000       0.000       0.000       0.000       0.000       0.000       0.000
       0.000       0.000       0.000       0.000       0.000       0.000       0.000       0.000       0.000       0.000
       0.000       0.000       0.000       0.000       0.000       0.000       0.000       0.000