        2048     0.02000
       0.012       0.012       0.012       0.011       0.012       0.012       0.007       0.012       0.012      -0.001
       0.012       0.012      -0.011       0.009       0.010       0.017       0.014       0.028       0.064       0.018
       0.011      -0.044       0.000       0.009      -0.017       0.021       0.026       0.068       0.029       0.030
       0.081       0.025       0.019       0.069       0.026       0.020       0.095       0.036       0.024       0.119
       0.040       0.027       0.134       0.044       0.032       0.183       0.080       0.042       0.179       0.079
       0.049       0.199       0.120       0.124       0.458       0.111       0.014      -0.325      -0.202      -0.195
      -0.563      -0.379       0.059      -0.176       0.019      -0.250      -0.194      -0.199      -0.329      -0.283
      -0.265      -0.285      -0.220      -0.264      -0.276      -0.265      -0.374      -0.375      -0.524      -0.639
      -0.339      -0.457      -0.532      -0.320      -0.523      -0.890      -0.740      -0.848      -1.048      -1.254
      -0.925      -0.903      -0.824      -1.248      -0.684      -1.318      -1.461      -1.365      -0.642      -0.247
       0.322      -1.106      -0.760      -0.305      -0.545       0.152       1.352       1.773       1.878       1.872
       1.941       1.635       0.381       0.422       1.051       1.073       0.998       1.534       2.239       2.089
       0.883      -0.841      -1.878      -0.680      -0.491       0.382       1.518       2.592       1.775       1.252
       0.296      -0.177      -1.907      -0.206       0.856       2.023       2.336       2.701       0.778       0.925
      -0.168       0.512       1.409       2.935       1.986       2.839       3.421       3.407       1.570       1.510
       0.637       1.788       1.731       0.467      -0.835      -0.794      -1.451      -2.387      -3.980      -3.715
      -3.303      -2.445      -1.189      -1.756      -2.906      -0.863       0.175      -1.848      -3.111      -2.434
      -0.994       0.125       0.435       0.414       0.750      -0.437      -0.613       1.084       1.626       1.079
       1.561       2.094       3.302       2.754       1.482      -0.230      -1.451      -2.022       0.097       1.689
       2.085       1.094       1.138      -0.259      -0.299       1.074       1.433       0.592       2.193      -0.026
      -1.441      -0.097      -0.047      -0.864       2.560       2.465       0.591       1.048       1.206       1.703
       3.187       1.649      -1.734      -4.628      -4.189      -2.684      -4.430      -4.411      -4.081      -5.734
      -4.214      -2.365      -3.612      -2.870       0.186       0.724       2.693       6.375       6.330       4.041
      -0.817       0.213       3.329       4.251       2.229       1.812      -0.561       1.018       3.676       3.915
       2.464       2.575       1.783       2.586       1.138      -0.260      -2.357      -2.628      -2.143       0.225
       4.212       6.490      -1.283      -5.873      -4.362      -4.905      -7.485      -3.346      -2.543      -2.088
       0.997       1.000      -5.465      -8.264      -8.807      -5.056       4.766      11.408       8.940       4.416
       3.300       2.446      -4.735     -10.905      -9.962      -9.491      -5.743      -0.016       2.697       3.009
       1.902      -0.747       0.744       4.155       7.815       8.409       4.492      -5.531     -12.313     -10.613
      -5.109      -1.208       1.057      -2.606       2.101       6.780       8.623       4.189       1.370      -1.684
       0.466      -1.232      -4.517      -4.239      -1.138      -1.444       3.180       4.328       3.431       7.152
      12.739       7.936       0.421      -1.157       7.040       7.180       7.811       5.554       0.034      -4.485
      -4.654      -5.841      -0.348      -2.546      -4.976       0.409       5.368       5.664       8.992      11.043
       5.187      -3.163      -1.791       0.745      -1.656      -5.716     -10.515     -14.251      -6.633       3.698
       4.251      -0.234       0.016       4.694       8.133       5.675      -5.630     -11.786      -5.991       2.137
       5.539       3.131      -2.174      -6.635     -10.910     -11.572      -8.452      -3.776      -6.059      -1.387
       1.971      -1.717      -5.766      -6.023     -12.729     -11.586      -7.119      -5.652       2.716      13.576
      13.264       9.294       6.877       6.349       4.896       2.891      -2.560      -5.059       0.906       7.549
       3.006       4.471       7.950       9.542       6.072      -1.254      -3.972      -5.374     -14.301     -18.305
     -16.326      -0.262      19.194      18.646      12.170       8.859       3.991       4.392       5.632       5.807
       5.950       4.048       4.415       2.740       0.781      -7.639     -13.806     -12.445      -9.035       9.221
      22.997      19.893      18.269       0.664     -20.996     -15.201     -17.950     -27.797     -16.915      -8.462
      -3.160      11.010      22.751      16.473      -0.731     -14.258     -16.637     -11.675      -3.093       4.724
       7.751       6.144       6.362       8.666       8.583       4.755      -8.765     -12.622       3.219       6.722
       5.865      12.763       8.494       7.556       4.875      -4.563     -10.568     -15.793     -24.956     -21.520
      -2.859      19.108      27.070      21.223      16.917      18.797       8.323      -4.904      -5.464      -4.137
     -11.684     -10.675     -11.270      -0.300      10.084      10.257       1.052      -2.075       4.412      16.452
       9.104       6.750       2.963     -12.587     -13.330      -8.100      -9.930       1.383       6.828      -6.656
      -7.112       4.214      -3.508       1.728       4.946      -0.878      -6.557     -11.247     -19.751     -17.469
     -10.559      -8.488      -2.357      21.855      39.041      20.351      -3.901      -7.944      -8.002     -11.607
      -9.226      -9.713     -11.357      -8.178      -9.681     -14.267      -6.156       3.418       0.190      -8.931
     -18.559     -15.239       7.601      13.518      13.141      25.583      26.527       7.587       1.684      -2.891
     -10.286     -11.669      -6.810      -8.320       6.779      19.411      21.100      17.600       4.680     -30.119
     -40.069     -28.525      -7.996      19.513      33.902      21.849      13.092       4.216       2.420      18.330
      27.527       6.959      -6.925      -6.695      -4.758     -11.107      -4.493       0.560      -0.474      -4.179
       4.538       0.475       0.627      18.198       8.893      -4.798      12.283      12.551       5.871      -1.949
     -20.901     -26.738     -19.233     -21.921     -16.434      10.946      26.890      21.002      19.499       7.946
     -11.567      -8.958      -7.512      -9.782       4.997       4.233      -5.803     -20.142     -27.992      -7.582
      10.910      24.371      21.283      -9.033     -33.432     -38.477     -28.714       8.761      27.406      29.499
      19.445      -9.149     -13.033       2.102      -0.473       7.140       2.132     -27.567     -28.043     -12.766
      -9.456      -8.636      -5.829       2.204       6.323      22.361      38.394      33.674      20.620      26.360
      15.658      -7.195      -9.134     -16.970     -37.063     -32.569     -16.506     -15.831      -6.720       4.737
       8.249      27.048      37.759      16.743      -8.749     -32.201     -44.308     -22.600      -4.704      -5.165
      16.986      22.493      17.697      28.099      17.242       1.959       7.937      13.040      15.197       3.532
      -0.294      11.766       0.846     -22.560     -28.287     -32.728     -37.351     -21.612      11.941      40.714
      43.020      13.036      -7.642      -1.311      -0.204     -11.443       3.680       5.788      -4.845       4.043
       0.977      -2.063      10.777      17.403      -2.709     -24.710     -25.281       4.128      16.206       8.162
      -2.663     -11.952      -9.864     -10.360     -24.118     -37.118     -30.045      -1.035      23.047      32.795
      42.652      44.833      24.200      14.380      -7.269     -22.410     -13.916      -1.021     -11.830     -13.881
       5.786      30.990      17.816      -7.417      -8.904      -2.349      -9.993     -13.002     -24.948     -32.900
     -32.312     -18.515      17.506      51.520      42.847      17.620       1.529      -6.543     -24.057     -33.309
     -23.898     -14.152      -8.779       1.490      -3.112       1.549      14.884      22.230      13.979       5.976
      10.859      20.657      21.922       6.599       0.185       6.009       4.963      -5.492     -20.754     -35.191
     -23.519      -0.524      17.804      24.484      16.234       4.905      -6.611     -11.252       8.276       6.600
     -16.510     -10.072       7.861      18.415      26.141      19.024       5.977     -15.535     -16.233       2.084
      34.193      43.441      12.991     -18.353     -15.013      -7.198       6.794      14.437       5.134      -6.616
      -5.978     -14.568     -16.536     -16.255     -15.108     -18.299     -35.989     -39.484     -28.491     -24.467
     -18.705      -6.245       0.946       4.105      21.806      31.356      37.737      18.678      -7.250     -18.736
     -10.112      11.224      23.754       7.703      -3.052      11.490       1.196     -15.718     -11.503      -4.723
       5.467      20.560      21.056      17.222      14.069       7.419       3.012       8.419      10.249      -9.625
     -15.863     -13.196     -10.256      10.815      32.751      41.101      24.599      -2.372     -33.291     -56.988
     -44.603     -12.573      -5.913       1.787      16.035      16.499      14.223      -0.164      -6.988      16.124
      38.867      44.704      28.235       0.271     -14.828     -11.751      -8.050      -8.220     -19.912     -26.566
     -10.641      16.785      31.954      19.833       4.841      -6.247      11.040      32.278      27.520      21.640
      -1.783     -27.959     -31.613     -31.321      -4.917      29.679      34.302      19.287       8.392       5.426
       7.614     -13.096     -46.144     -56.055     -27.518      -2.554       8.884      13.601       8.299      -7.151
      -7.612     -13.801       4.028      31.069      21.740       9.916       5.335       3.416       9.195      -7.539
     -18.179     -17.230     -17.062       3.047      15.180      -5.694     -14.068     -28.491     -35.743       2.273
      24.467      14.333      18.620       4.709     -15.294      -8.758       3.105       2.691       2.848      20.048
      28.016      25.011      25.825      26.651       7.201     -16.401     -43.506     -50.098     -21.251      12.603
      19.449       4.524     -15.800     -17.088     -25.253     -28.323     -18.808     -22.427     -13.035      20.908
      24.635      17.401      10.016       0.297      -7.594     -11.864     -19.492     -10.438      -2.822      10.875
      12.976       5.757       5.751      -6.269     -33.551     -22.214      -1.198       8.276      27.122      26.166
      -8.950     -21.094     -20.642     -25.878     -19.218      -5.814      -0.023       1.863       5.391      12.082
      -3.923     -12.164       5.837      24.119      48.475      57.012      27.926       3.018      -1.840       0.320
     -12.014     -21.823     -22.554     -33.272     -19.835      -0.304     -10.984     -14.038      12.500      31.894
      44.351      38.617       6.152     -14.694     -21.903     -24.620     -15.689     -11.034     -10.120      -1.252
       0.029       3.834       0.096     -12.842       1.620       8.563      -3.984       0.248      -4.492     -22.828
      -4.994       6.417      21.960      40.339      36.394      28.719      12.398      -2.071     -13.387     -41.411
     -49.227     -23.891     -12.647      -8.341      -0.577     -21.980     -36.373     -22.392      -8.305      -2.990
      18.884      29.285       2.813      -3.081       7.321      -2.038       3.726      25.003      27.301      14.251
       1.447      -4.074      -1.725       7.977      20.391      11.857     -11.033     -13.880     -11.030     -10.780
      -0.827      12.793       8.081      11.372       8.977      -8.527      -5.867      -3.161     -26.490     -31.233
     -18.104     -10.288       5.065      12.999       1.776     -19.664     -20.371       6.030      23.694      22.919
      12.948       1.584     -12.786      -6.762      -3.673     -17.159      -8.328       8.579       7.854      16.534
      34.837      21.896       3.191       7.161       7.199      -0.577       5.546      15.785      17.197       6.546
      -2.509      -5.356       6.470      13.897       7.804      -1.336       7.003       3.069     -16.160     -27.467
     -30.273     -31.848      -6.403      16.900       7.804      -2.034       2.173      -7.508      -5.537       5.531
      12.291      14.260      18.207       4.440     -12.675     -23.057     -29.394     -34.641      -7.996      21.465
      22.070      21.269      32.023      31.560      19.143       2.749      -0.140      -3.157      -7.549       2.990
       6.043      -0.202      -1.213     -16.932     -30.146     -24.099      -3.192       7.054       9.269      15.915
       7.164      -1.172       4.424      -3.566     -15.134      -7.817     -13.573     -26.548     -15.629      -4.877
      -6.466      -4.542       1.827       8.490       4.856       9.367       8.928       3.721       3.216      -3.995
     -19.044     -12.912     -13.152     -29.121     -27.833     -11.419       6.017      22.972      25.664      23.077
      12.540      -3.105     -14.814     -20.631     -14.644       5.724       6.296      12.081      24.225      32.965
      33.244      21.796       0.310      -7.294      -5.952      -6.454      -5.661     -10.492     -19.458     -20.262
     -13.090       1.642      10.463       5.644      -0.804       2.004       0.219       1.220      -0.087      -4.414
      -7.898      -8.588      -3.565       6.499      17.476      20.628      10.140       1.269      -4.165      -7.275
      -3.835      -0.115      -0.950       0.227      -2.947      -8.449     -10.468     -11.500      -3.636      -1.754
       0.780       6.655       6.014      11.679      18.179       5.387     -12.031     -22.339     -28.043     -24.871
     -13.472      -1.505       6.454       9.177      13.230      22.852      26.499      15.788       9.986      11.555
       6.873      -8.621     -12.429     -13.307     -18.440     -20.014     -15.201      -1.915       8.698       9.243
       6.395      12.172       9.433      -2.914     -10.502     -13.706      -6.598       1.220      -3.772      -6.997
       0.952       4.697       4.113       5.377       3.333       3.250       5.621      15.539      23.906      21.879
      16.851      10.747       1.061       0.641      -0.747      -7.147      -8.027      -6.289      -4.089       2.598
       1.517      -4.150      -5.571      -4.503      -5.918      -1.885       0.266      -3.438     -13.199     -18.868
     -16.002     -10.588      -4.711      -5.988      -8.567      -1.854       3.857       2.730       0.547       5.366
       8.197       4.650       2.927       4.004      -0.817      -7.306     -10.351      -6.207       1.333       4.206
      10.345       9.804       5.510       3.275      -1.319      -9.896      -9.521      -4.320      -0.823       6.263
      12.278       8.813       4.963       0.873       0.055      -3.753      -6.975      -4.922       6.924       9.401
       1.662      -9.494     -12.673     -10.969      -7.315      -4.559      -1.308       2.473       7.130       6.576
       4.710       0.071      -3.372      -7.427      -7.708      -6.803      -4.768       0.041      12.987      12.107
       6.972       5.449       0.690      -2.249      -2.504      -4.024       0.874       4.178       0.591       4.032
       7.502       3.008      -0.826      -1.955       2.427       1.239       0.055       3.977       6.230       2.011
      -2.842      -6.019      -7.757      -6.710      -8.793      -5.432       1.910       7.155       7.079       6.962
      11.467      10.814       2.857       3.331       6.909       3.546      -2.284      -1.803      -2.936      -5.898
      -6.843       1.398       6.882       5.970       4.186       2.046      -0.992       2.263      -2.414      -8.396
      -4.359      -2.672      -3.346       4.084       7.218       6.277       1.793      -1.209      -4.157      -4.094
      -1.831       1.629      -1.729      -4.952      -6.756      -7.596      -4.634      -5.776      -8.336      -5.895
      -2.437      -1.392      -1.516       0.428       0.898       0.208      -4.161      -7.564      -5.850      -0.621
       0.070      -4.261      -6.829      -6.957      -5.503       1.153      10.010       8.775       7.603       6.875
       3.740       4.171       4.230       3.112       0.927      -3.604      -2.876      -1.418      -3.035      -2.129
      -3.416      -8.535      -5.978      -4.887      -5.508      -5.956      -5.224      -4.905      -2.893      -0.057
       1.320       3.163       6.903       8.127       6.944       7.640       5.911       1.505       2.386       1.243
      -4.339      -3.577       5.145      10.312      13.487      11.831       4.891      -0.024      -1.650      -2.890
      -5.317      -3.046      -0.458      -1.134       1.023       6.017       1.518      -2.339       0.189      -1.354
      -0.852       4.622       7.170       5.879       3.321       2.921       1.303       2.929       4.801       2.330
       0.672       5.074       2.468      -3.410      -6.272      -7.026      -5.829      -3.586      -1.829      -1.204
      -3.369      -2.211      -0.271      -3.257      -7.782      -6.433      -3.756       1.161       1.754      -1.595
      -2.206       0.126      -1.396      -0.608       6.111       8.401       5.564       5.986       8.909       6.437
       2.533       1.336      -4.302      -7.447      -4.702      -2.414      -1.987      -1.652      -3.431      -8.982
     -10.109      -7.212      -5.566      -3.057       3.477       4.204       2.952       3.446       2.063      -1.101
      -3.073      -4.691      -5.310      -3.450       1.388       3.208       3.394      -0.445      -5.790      -8.847
      -5.673      -3.328      -1.918      -0.546       1.920       1.961       1.778       2.746       2.325      -2.004
      -5.250      -6.269      -5.797      -3.254       0.517      -0.354       0.754       3.647       4.793       4.488
       8.938       9.074       5.187       3.505       2.674       1.292       0.338      -1.507      -2.836       0.045
       2.270       1.578       3.101       4.381       1.824      -1.601      -1.439      -1.876      -5.182      -7.501
      -5.616      -3.502      -0.944       4.660       6.128       5.600       5.620       5.287       4.603       5.505
       4.227       1.716      -0.324      -1.545      -3.144      -4.475      -4.015      -1.164       1.060       3.682
       4.551       4.167       0.875      -1.670      -3.714      -1.815       0.437       0.110      -0.717       1.035
       0.950      -0.838      -0.638       0.623      -0.669      -0.809       2.016       3.504       1.449       0.530
      -2.447      -4.024      -3.922      -3.304      -2.569       0.440       0.500      -3.291      -5.079      -3.814
      -4.625      -6.328      -4.063      -1.275      -0.346       1.089       1.604       1.088       0.896       0.661
       0.187       2.011       2.964       0.993      -0.245       0.244      -0.054      -1.599      -1.235      -0.660
      -0.597      -0.200       0.668       1.158       1.689       0.217      -1.869      -2.165      -0.767      -0.402
      -0.125      -1.348      -2.208      -2.200      -1.319      -0.010       1.994       1.417       0.832       1.237
       2.255       2.745       3.370       1.345      -2.274      -2.673      -1.765      -1.275       1.538       2.227
       0.028      -0.544       1.022       0.319       0.779       1.271       0.918       0.068       0.482       2.206
       2.684       1.913       1.703       2.344       2.764       2.802       2.340       1.462       0.652       0.384
       0.004      -0.078       0.589       0.387       0.409       1.234       0.372      -1.429      -2.732      -3.156
      -3.066      -2.906      -2.532      -1.387      -1.280      -1.357      -1.033      -1.153      -1.206      -0.775
      -1.021      -0.506       0.062      -0.600      -1.453      -1.196      -1.331      -1.303      -0.815      -0.359
      -0.149       0.305       0.579       0.615       0.157      -0.010      -0.103      -0.302      -0.055       0.138
       0.148       0.598       0.953       1.181       1.316       1.227       0.988       0.887       0.628       0.469
       0.464       0.503       0.591       0.756       0.997       0.958       0.926       0.840       0.758       0.678
       0.645       0.612       0.602       0.564       0.456       0.346       0.299       0.190       0.116       0.084
       0.123       0.107       0.097       0.078       0.056      -0.003      -0.007      -0.005       0.000       0.000
       0.000       0.000       0.000       0.000       0.000       0.000       0.000       0.000       0.000       0.000
       0.000       0.000       0.000       0.000       0.000       0.000       0.000       0.000       0.000       0.000
       0.000       0.000       0.000       0.000       0.000       0.000       0.000       0.000       0.000       0.000
       0.000       0.000       0.000       0.000       0.000       0.000       0.000       0.000       0.000       0.000
       0.000       0.000       0.000       0.000       0.000       0.000       0.000       0.000       0.000       0.000
       0.000       0.000       0.000       0.000       0.000       0.000       0.000       0.000       0.000       0.000
       0.000       0.000       0.000       0.000       0.000       0.000       0.000       0.000       0.000       0.000
       0.000       0.000       0.000       0.000       0.000       0.000       0.000       0.000       0.000       0.000
       0.000       0.000       0.000       0.000       0.000       0.000       0.000       0.000       0.000       0.000
       0.000       0.000       0.000       0.000       0.000       0.000       0.000       0.000       0.000       0.000
       0.000       0.000       0.000       0.000       0.000       0.000       0.000       0.000       0.000       0.000
       0.000       0.000       0.000       0.000       0.000       0.000       0.000       0.000       0.000       0.000
       0.000       0.000       0.000       0.000       0.000       0.000       0.000       0.000       0.000       0.000
       0.000       0.000       0.000       0.000       0.000       0.000       0.000       0.000       0.000       0.000
       0.000       0.000       0.000       0.000       0.000       0.000       0.000       0.000       0.000       0.000
       0.000       0.000       0.000       0.000       0.000       0.000       0.000       0.000       0.000       0.000
       0.000       0.000       0.000       0.000       0.000       0.000       0.000       0.000       0.000       0.000
       0.000       0.000       0.000       0.000       0.000       0.000       0.000       0.000       0.000       0.000
       0.000       0.000       0.000       0.000       0.000       0.000       0.000       0.000       0.000       0.000
       0.000       0.000       0.000       0.000       0.000       0.000       0.000       0.000       0.000       0.000
       0.000       0.000       0.000       0.000       0.000       0.000       0.000       0.000       0.000       0.000
       0.000       0.000       0.000       0.000       0.000       0.000       0.000       0.000       0.000       0.000
       0.000       0.000       0.000       0.000       0.000       0.000       0.000       0.000       0.000       0.000
       0.000       0.000       0.000       0.000       0.000       0.000       0.000       0.000       0.000       0.000
       0.000       0.000       0.000       0.000       0.000       0.000       0.000       0.000       0.000       0.000
       0.000       0.000       0.000       0.000       0.000       0.000       0.000       0.000       0.000       0.000
       0.000       0.000       0.000       0.000       0.000       0.000       0.000       0.000       0.000       0.000
       0.000       0.000       0.000       0.000       0.000       0.000       0.000       0.000