        2048     0.02000
       0.007       0.007       0.007       0.005       0.007       0.007       0.001       0.007       0.007       0.018
       0.007       0.007       0.023       0.007       0.007       0.034       0.007       0.007       0.056       0.007
       0.007       0.074       0.010       0.009       0.099       0.008       0.004      -0.110       0.001       0.014
       0.150       0.012       0.011       0.146       0.121       0.029       0.046      -0.142      -0.030       0.002
       0.135       0.101       0.063       0.243       0.316       0.130       0.029      -0.002      -0.098      -0.078
      -0.051      -0.206      -0.108      -0.043      -0.164      -0.115      -0.073      -0.278      -0.179      -0.060
      -0.247      -0.293      -0.297      -0.628      -0.481       0.145       0.390       0.386       0.539      -0.062
      -0.303      -0.318      -0.374      -0.580      -0.771      -0.181       0.405       0.910       0.865       0.898
       1.030       0.201       0.105       0.283       0.227       0.446       0.588       0.462       0.714       1.258
       1.016       1.022       1.360       1.268       0.408      -0.914      -1.467      -1.207      -0.627       0.546
       0.738      -0.343      -1.458      -0.729       0.784       0.735      -0.010      -0.148      -0.099      -0.521
       0.268       1.647       2.013       1.390       1.088       1.404       1.373       1.478       1.185      -0.091
      -1.741      -2.335      -1.828      -1.292      -0.531       0.188      -0.083      -1.515      -1.945      -1.680
      -1.388      -0.824      -1.319      -2.367      -2.838      -2.158      -0.167       1.386       1.067      -0.442
      -2.021      -3.173      -2.628      -0.167       2.437       3.001       2.066       0.983       0.823       2.327
       3.605       2.778       1.383       1.158       0.999       1.043       1.969       2.427       0.593      -1.931
      -4.088      -4.076      -2.856      -1.453      -0.908      -1.734      -1.118       0.634       1.446       2.030
       3.324       3.097       1.078      -0.068       0.175       0.205      -0.559       0.254       2.339       3.154
       1.782       1.713       2.786       2.564       2.380       2.170       0.801      -0.014       0.073      -0.184
      -1.886      -2.166      -0.362      -0.676      -2.786      -3.264      -2.071      -1.686      -2.112      -0.563
       2.506       4.532       5.596       5.997       3.192      -0.318      -2.124      -2.465      -2.814      -3.102
      -4.074      -6.428      -7.181      -5.973      -3.871      -1.368      -0.411      -0.642      -1.298      -0.450
       1.129       2.927       4.555       5.445       2.546      -2.453      -2.928       0.825       2.100      -0.506
      -0.845      -0.856      -3.415      -5.719      -4.653      -4.545      -6.981      -7.166      -2.870       1.205
       3.127       1.853      -0.211      -0.803       0.289       3.047       5.412       4.660       5.092       7.841
       8.515       4.421       0.682       0.293      -1.361      -2.834      -1.708      -3.347      -5.161      -4.403
      -2.277      -1.200       0.442       2.769       0.132      -3.087      -2.561      -2.245      -2.921      -3.454
      -3.223      -3.231      -2.677      -0.553       2.779       5.794       5.139       4.962       7.342       6.751
       1.089      -2.128      -4.963      -9.786     -11.969      -7.424      -0.376       2.279       0.837      -3.174
      -5.951      -4.689       0.873       8.930      13.830      13.695       9.420       5.243       1.276      -2.137
      -0.631       2.633       1.510       2.803       4.049       2.467      -3.280      -7.484      -7.584      -8.353
      -7.800      -4.998      -0.881      -1.035      -0.870       2.830       7.395      10.978      12.406      13.385
      10.095       3.908      -3.160      -7.903      -8.915      -7.146      -4.669      -2.482       0.307      -0.976
      -6.038     -11.609     -16.793     -17.060     -11.533      -6.642       1.060      10.909      12.544       6.781
       2.692      -1.473      -2.936      -0.935      -0.041      -3.457      -5.464      -6.741      -8.926      -3.793
       1.627       0.160       3.268       9.312      13.611      16.450      20.275      18.236       9.037      -1.145
     -11.472     -17.597     -15.774     -10.189      -3.906       1.671       2.696      -2.992      -6.116      -1.005
       9.000      15.923      16.149       7.142      -5.640     -15.783     -17.568     -10.528      -4.961       0.018
       9.383      18.803      22.039      17.570       8.289      -1.811     -10.730     -12.473      -5.340       0.285
       3.973       5.955       3.184      -3.509      -4.591       4.270      14.026      18.715      14.074       4.854
      -3.165      -8.912     -12.954     -15.039     -14.130      -6.412       3.010       8.420       4.467      -5.516
     -14.138     -13.556      -5.049       1.572       1.874      -6.349     -12.411      -9.994      -5.110      -0.216
       3.494      -0.451      -4.315      -0.922      -5.230      -5.244       0.753       8.558      11.932       7.361
       3.692       2.505       8.008      14.223      12.275       5.725       5.574       8.079       6.436       3.790
       3.084       3.735       5.718       4.630      -6.853     -14.694     -15.476     -15.372      -8.396       6.781
      15.411       7.772      -2.285       0.622       6.504       2.292      -6.915     -12.823      -7.184       1.875
      10.749      18.874      20.352       8.800      -4.260     -11.909     -19.307     -23.058     -25.485     -27.308
     -19.294       0.034      15.266      15.444      10.973      -0.067      -9.503      -8.708      -3.171      -6.855
     -24.766     -34.237     -29.038     -14.836       2.920      17.515      27.047      23.136      16.497      14.659
      14.950      13.333       7.529       4.585       1.690       2.097      -3.479     -14.451     -10.591       5.680
      18.905      20.616      20.811      12.328       4.883       7.615       9.453      13.206       2.453     -18.845
     -33.096     -30.439     -15.015       6.285      27.451      23.152      11.572       6.515      -0.431       0.636
       2.017      -0.066       7.213      15.835       7.772      -9.041     -17.960     -14.395      -4.176      15.454
      34.819      42.016      30.204       1.983     -11.783     -11.619      -8.240      -1.708       5.252       7.664
      -9.513     -20.037      -0.166      25.920      27.675      12.212      -0.712      -5.214      -4.936       4.122
      15.553       9.904     -11.020     -12.057      15.027      30.968      24.300      16.735       3.136     -18.527
     -40.882     -49.607     -41.090     -31.928     -22.495      -5.383      12.711      21.875      18.934      15.126
       7.684      -9.263     -23.138     -27.506     -28.496     -15.698      -0.213       4.117      15.133      30.634
      29.033      10.677       2.424       8.553       5.138      -5.588      -9.010      -6.514      -8.896      -6.533
       7.159      15.959      18.867      17.380       9.992       0.053      -8.342     -20.244     -21.665       2.138
      19.323      17.371       2.395     -18.274     -35.539     -31.253      -4.651      19.863      42.642      36.100
      12.385      -6.519     -12.963      -4.041      -4.153     -10.786      -8.397       6.787      13.814       0.210
      -2.965       5.573       9.814       0.264       0.687      10.034      -1.012     -13.673     -16.274     -26.228
     -33.842     -31.071     -16.131       2.738      15.223      11.284       8.219      16.226      19.670      10.435
       3.070       2.643      -1.604     -12.343     -32.718     -37.116     -20.613      -5.135       1.863      15.233
      31.824      25.590      12.357       7.850      -1.879     -15.970     -19.651     -20.970     -22.434      -8.289
      10.345      18.321      16.730       8.906       2.092       9.373      11.281       7.502       4.341      15.568
      21.704      16.651      24.093      17.730     -10.089     -29.859     -30.109     -31.416     -30.504     -15.279
      -5.805     -12.986     -35.408     -35.823      -8.991       9.997      12.843      23.731      24.977       7.583
      -7.326     -10.339      -1.409      17.481      27.794       9.602     -18.612     -26.996     -19.443      -4.892
      15.038      36.636      40.641      21.776      10.775       0.974     -25.653     -41.098     -33.485      -7.129
      18.955      32.039      33.346      29.929      14.893     -14.686     -23.206      -6.088       6.419      -7.698
     -23.764     -13.941       4.306       0.984     -10.645      -8.028       8.653      21.776      27.748      31.124
      23.159       5.852      -4.345       1.754       6.972      -6.038     -11.854      -4.556      -8.026     -34.686
     -46.967     -27.853       7.538      19.133      12.264      15.100      13.980       3.590     -10.673      -8.576
       3.260       0.146     -16.872     -34.720     -34.433     -27.254     -16.027      -0.213      13.193       8.728
      -7.310     -12.813      -6.983       6.501      27.071      35.592      26.254      12.709       5.850       8.837
      11.959      12.686       6.889       2.393      -3.247      -5.234     -12.811     -23.695     -19.621      -9.849
       4.741      -4.002     -20.473     -11.741      -0.278      -2.511     -10.669      -3.359       5.303      -2.433
     -16.530     -15.728      -5.259      12.619      28.478      35.367      26.731       5.439       1.912       4.929
      -8.269     -19.064     -10.486      -3.430       3.058      15.829      12.623       8.409      10.612      16.252
      14.313       6.506       3.205      -3.788     -13.359     -17.200      -6.907      18.172      27.668      14.454
      -2.220       0.625      16.324       4.509     -26.929     -44.037     -35.497     -12.049      10.482      17.996
       1.848     -13.378     -26.528     -29.239      -9.910       9.907      22.079      24.527      28.052      21.723
       5.320       2.770       4.634       0.375      -6.668      -7.464      -0.168      -0.337      -1.602      -0.286
      12.687      22.359      16.603       9.633      -0.547     -11.343     -30.801     -45.659     -39.766     -17.634
       8.253      20.845      35.701      41.852      22.722       1.168      10.041      18.084       2.263      -7.493
     -10.534     -17.858     -23.679     -23.917     -23.557     -23.790     -26.991     -21.001       5.068      38.975
      46.871      23.708      -5.291     -25.676     -24.697     -19.092      -9.782       3.240      13.211      16.270
       7.414      -2.597     -11.775     -15.318     -14.703      -3.832       3.658       3.458      30.548      57.007
      46.594      15.495      -5.725     -16.848     -21.944     -19.729     -16.359     -16.369     -24.217     -26.144
     -18.166      -5.588       2.846       2.306       0.593     -18.039     -33.143     -26.076     -21.289     -11.317
      12.761      35.464      42.950      34.032      19.014       3.805      -9.888      -8.533       6.264      17.468
      25.575      22.507       5.417     -10.659     -30.498     -40.101     -25.131       0.075       9.882       2.702
      -6.289      -4.696      10.189      30.438      37.672      23.288      10.717       6.651      -8.077     -12.881
      -1.299       6.525      -1.025     -11.975     -15.091      -5.002       5.348       6.908      -2.617     -20.848
     -31.556     -32.396     -13.131      14.893      19.762      23.647      23.780      -0.319     -21.884     -18.889
      -0.261      11.103      12.625       9.586       6.174       6.840       0.407      -5.342      -9.690     -10.905
     -13.743     -14.801     -13.460     -15.746     -12.314      -7.714      -3.047       5.019       4.265      -5.594
     -14.180     -20.058      -8.266      11.303      18.545      18.493      12.616       2.961       2.173      -1.059
      -4.234      -7.779     -14.420      -5.399      12.100      20.473      11.529      -7.270     -14.177     -11.177
     -12.661     -23.913     -28.293     -10.838      27.124      49.802      48.932      38.293       7.927     -28.514
     -32.580      -5.656       6.765     -11.390     -17.985      -4.577       4.227      22.100      39.174      38.581
      17.674     -17.265     -26.889     -12.421      -9.923     -18.260      -9.463       6.058      -5.271     -18.515
      -7.701      13.401      19.514       6.011     -10.649     -11.963      -0.857      16.033      30.726      33.816
      10.398     -16.434     -26.708     -24.983     -17.019     -14.411      -8.568       7.966      11.107       1.383
     -12.903     -19.562     -23.439     -30.045     -27.889     -19.286      -0.419      17.062      17.692      10.719
      -2.041      -4.599       5.451      11.507       9.810      10.030       5.818       1.848      16.006      26.651
      20.563      16.405       9.556      -9.738     -16.895      -2.148       3.349      -5.483      -9.996      -6.477
      -3.778       0.911       2.893     -10.012     -23.028     -30.761     -34.234     -23.344      -9.415       1.912
       7.504       3.536      -6.681     -13.648      -1.815      11.134      19.985      26.453      22.058       4.823
     -10.203     -12.839     -13.662     -13.588     -10.160     -13.973     -20.253     -19.072      -4.385       9.979
      12.403       9.198       5.099       5.794       8.002       0.052     -12.090     -17.498     -12.878       2.808
      18.313      18.228       7.744      10.345      19.292      22.086      23.967      22.454      17.316       7.587
       1.456      -3.354      -1.324       4.420      -2.372     -10.961     -17.873     -18.371      -4.646      11.031
      11.675       8.684       3.716      -5.011     -17.245     -21.973     -16.625     -15.424     -13.654     -13.887
     -14.345      -6.625       8.278      21.634      30.454      28.705      18.650       9.361      -2.136     -12.059
     -14.921      -4.338       6.637       4.955      -1.159      -3.739      -4.503      -5.240      -4.729      -1.721
      -0.681       5.625      19.278      26.147      26.008      19.552       8.525      -4.576     -17.241     -21.721
     -16.477      -5.671       2.793       5.995      10.756       9.851       3.705      -1.013      -9.955     -14.327
     -11.572      -7.117      -7.918      -5.352       4.555       3.535      -5.170      -8.396      -8.704      -5.124
       2.301       2.629       3.062       5.571       7.203      13.770      17.025       4.733     -14.276     -17.773
     -13.382     -16.176     -14.440      -6.340       2.091       7.789      13.600      16.785      12.551       6.911
      -1.741     -12.337     -16.415      -8.564       3.685      12.868      12.942       3.662      -6.595     -10.508
      -8.890      -4.740       2.914       6.036       5.119       4.338       3.685       0.751       0.167      -1.050
      -6.358      -9.519      -6.980      -0.475       4.526      11.323      14.684      11.868       8.231      -0.656
      -8.036      -9.361     -13.443     -18.672     -14.832      -9.954      -5.358       3.474       9.484       4.311
      -1.842      -0.545       2.671       5.996      11.945      16.320      16.629      17.926      16.850       8.077
       1.751      -2.887      -7.919      -8.609      -2.375       7.907      12.336       8.658       1.910      -1.762
       3.650       7.658       5.630       2.666      -0.249      -0.816       6.485      13.291      14.286      10.885
       4.356      -1.570      -8.877     -12.406     -11.357      -8.225      -2.748      -0.728      -2.316      -3.967
      -6.057      -9.047      -9.331      -4.967      -0.854       3.147       7.362       7.440       5.265       7.747
       9.468       4.781      -4.140     -12.206     -16.932     -17.498     -12.000      -4.840       1.815       6.300
       2.436      -4.327      -8.052      -8.931      -3.407       4.834       4.143       1.582       2.959       4.385
       1.110       0.482       0.515      -4.771      -5.170      -1.926       0.933       2.863       3.574       1.712
      -1.749       1.042       7.480      10.828       7.471       0.935      -0.265       6.116      12.564      15.924
      16.521      14.683       8.165       3.008       4.658       2.054      -5.054      -6.249      -2.406       0.760
       3.657       5.749       2.289      -5.040     -10.689     -13.333     -10.221      -2.124       2.506       1.182
       0.953       0.217      -0.023       2.012       2.362       0.417       0.417       2.429       3.048       3.813
       6.899       5.838       0.994      -4.118      -7.861     -10.006     -10.705     -10.879      -8.160      -4.054
      -2.616      -4.219      -4.510      -4.448      -6.339      -5.135      -3.867      -6.119      -6.581      -1.572
       3.329       1.270      -1.978      -1.917      -0.844      -0.267       0.925       0.338      -1.043      -1.131
      -0.136       2.954       6.021       5.138      -2.248      -7.299      -5.328      -1.632       1.769       3.591
       2.894       0.722      -1.996      -3.580      -1.682       1.165      -1.721      -5.391      -1.549       2.997
       4.597       6.220       4.804       2.884       3.908       4.271       2.738       3.021       2.915       0.243
      -1.396       0.601       1.266      -0.004      -2.050      -5.410      -8.517      -9.914      -9.336      -6.598
      -2.646       0.610       1.434       2.928       4.464       4.416       2.496      -0.417      -2.798      -3.290
      -3.551      -3.386      -3.941      -5.725      -8.222     -10.782      -8.605      -4.121      -1.139       2.767
       5.504       6.050       3.644       2.153       2.578       2.610       4.163       4.678       4.920       4.896
       2.887      -0.483      -1.230       1.712       2.677       1.032      -0.163      -1.462      -4.239      -6.346
      -6.895      -4.525       0.524       3.778       5.177       6.332       3.347      -2.914      -5.895      -5.023
      -2.025       2.172       5.480       5.620       4.792       4.091       0.965      -1.008       1.175       1.881
       0.934       1.759       2.825       1.665      -0.079      -0.109       0.126      -0.163      -0.565      -0.243
       2.072       3.740       2.709       0.452      -0.837       0.409       1.264       0.044      -0.282       0.327
       0.781      -0.698      -2.103      -0.869       2.457       3.883       2.716       2.615       2.589       0.338
      -0.215       1.920       2.085       0.833      -0.531      -0.668       1.189       3.359       3.412       1.638
       1.655       0.415      -1.833      -1.830      -0.282       1.081       1.002       0.506       1.062       2.345
       2.346       1.168       2.296       3.606       2.499       1.545       2.042       3.019       3.770       5.155
       5.913       5.603       5.347       4.853       3.046       0.858      -1.200      -3.447      -2.965      -0.539
       0.186      -0.804      -1.430      -0.385      -0.118       1.262       4.591       6.287       4.048       0.913
       0.778       1.719       0.618      -2.249      -4.485      -5.308      -5.070      -4.031      -3.499      -3.441
      -3.930      -4.948      -5.736      -2.615       2.462       3.484       0.259      -3.225      -3.986      -4.785
      -4.155       0.106       2.003      -0.088      -2.450      -3.634      -4.545      -3.191      -0.668      -0.495
      -2.093      -2.566      -2.082      -1.893      -1.409      -0.306       1.574       1.295      -1.230      -2.354
      -2.549      -3.325      -4.112      -3.730      -1.906       0.291       1.936       2.653       3.447       3.955
       3.170       1.977       1.402       0.663       0.391       1.177       1.915       1.896       1.443       1.320
       2.366       2.446       1.515       1.629       2.065       1.567       0.720      -0.607      -3.134      -4.878
      -3.410      -1.210       0.835       1.756       0.439      -2.102      -3.734      -4.414      -4.006      -2.413
      -0.532       0.893       0.555      -0.659      -0.958      -0.244      -0.889      -1.649      -0.325       0.883
       1.126       1.675       3.195       3.695       2.685       1.777       0.876      -0.087      -0.292       0.273
       0.950       1.350       1.425       0.891      -0.200      -0.949      -0.833      -0.098       0.408       0.527
       0.894       1.701       2.429       3.121       3.487       3.012       2.074       1.199       0.817       0.780
       0.600       0.312       0.288       0.510       0.510       0.329       0.194       0.052      -0.431      -0.855
      -0.883      -1.010      -1.411      -1.510      -1.413      -1.572      -1.744      -1.437      -0.992      -0.959
      -0.906      -0.620      -0.629      -0.956      -0.978      -0.577      -0.302      -0.414      -0.497      -0.322
      -0.112      -0.012      -0.014      -0.108      -0.230      -0.298      -0.309      -0.222      -0.040       0.087
       0.041      -0.021       0.027       0.088       0.077       0.044       0.024       0.003       0.000       0.000
       0.000       0.000       0.000       0.000       0.000       0.000       0.000       0.000       0.000       0.000
       0.000       0.000       0.000       0.000       0.000       0.000       0.000       0.000       0.000       0.000
       0.000       0.000       0.000       0.000       0.000       0.000       0.000       0.000       0.000       0.000
       0.000       0.000       0.000       0.000       0.000       0.000       0.000       0.000       0.000       0.000
       0.000       0.000       0.000       0.000       0.000       0.000       0.000       0.000       0.000       0.000
       0.000       0.000       0.000       0.000       0.000       0.000       0.000       0.000       0.000       0.000
       0.000       0.000       0.000       0.000       0.000       0.000       0.000       0.000       0.000       0.000
       0.000       0.000       0.000       0.000       0.000       0.000       0.000       0.000       0.000       0.000
       0.000       0.000       0.000       0.000       0.000       0.000       0.000       0.000       0.000       0.000
       0.000       0.000       0.000       0.000       0.000       0.000       0.000       0.000       0.000       0.000
       0.000       0.000       0.000       0.000       0.000       0.000       0.000       0.000       0.000       0.000
       0.000       0.000       0.000       0.000       0.000       0.000       0.000       0.000       0.000       0.000
       0.000       0.000       0.000       0.000       0.000       0.000       0.000       0.000       0.000       0.000
       0.000       0.000       0.000       0.000       0.000       0.000       0.000       0.000       0.000       0.000
       0.000       0.000       0.000       0.000       0.000       0.000       0.000       0.000       0.000       0.000
       0.000       0.000       0.000       0.000       0.000       0.000       0.000       0.000       0.000       0.000
       0.000       0.000       0.000       0.000       0.000       0.000       0.000       0.000       0.000       0.000
       0.000       0.000       0.000       0.000       0.000       0.000       0.000       0.000       0.000       0.000
       0.000       0.000       0.000       0.000       0.000       0.000       0.000       0.000       0.000       0.000
       0.000       0.000       0.000       0.000       0.000       0.000       0.000       0.000       0.000       0.000
       0.000       0.000       0.000       0.000       0.000       0.000       0.000       0.000       0.000       0.000
       0.000       0.000       0.000       0.000       0.000       0.000       0.000       0.000       0.000       0.000
       0.000       0.000       0.000       0.000       0.000       0.000       0.000       0.000       0.000       0.000
       0.000       0.000       0.000       0.000       0.000       0.000       0.000       0.000       0.000       0.000
       0.000       0.000       0.000       0.000       0.000       0.000       0.000       0.000       0.000       0.000
       0.000       0.000       0.000       0.000       0.000       0.000       0.000       0.000       0.000       0.000
       0.000       0.000       0.000       0.000       0.000       0.000       0.000       0.000       0.000       0.000
       0.000       0.000       0.000       0.000       0.000       0.000       0.000       0.000