        2048     0.02000
      -0.036      -0.036      -0.036      -0.045      -0.036      -0.036      -0.057      -0.037      -0.037      -0.121
      -0.037      -0.035       0.115      -0.031      -0.033       0.130      -0.027      -0.024       0.304      -0.019
      -0.017       0.421       0.006      -0.001       0.569       0.114      -0.025      -0.223      -0.251      -0.157
      -0.402      -1.045      -0.815      -0.383      -0.195      -0.387      -0.352      -0.249      -0.700      -1.002
      -0.992      -1.801      -1.444      -0.820      -1.329      -1.961      -2.257      -0.339       0.395       2.020
       1.669       1.342       2.802       1.611       0.796       1.679       3.256       1.590      -1.020      -2.837
      -2.891      -2.505      -3.488      -4.202      -2.496      -0.710      -1.424      -3.009      -4.753      -3.788
      -3.543      -1.643       1.543       3.749       5.456       4.774       5.288       6.188       4.029       4.713
       6.118       6.670       4.746       3.655       6.006       7.548       6.965       6.927       1.326      -2.409
      -6.974      -8.729      -7.420      -5.691      -0.938      -0.347      -3.990      -5.705      -5.590      -7.826
     -10.533      -9.330      -5.364      -1.519       4.608       3.234      -0.683       2.688       6.114      11.491
      12.666       5.782      -3.114     -12.697     -13.678     -12.418      -8.701      -2.057       2.326       5.084
       3.746       3.447       3.906       1.515       0.727       3.221       4.852       6.626       5.431      -0.931
      -8.038     -14.573     -11.659      -0.266      11.021      14.296      11.342       7.110       2.275       7.373
      11.414       9.541       2.545      -5.520       1.072       9.660      19.535      22.647      11.507       0.398
      -7.966      -8.726      -8.023     -13.511     -18.826     -18.993     -10.845       3.161      14.022      16.565
      21.977      27.174      24.592      15.353       7.394      -8.287     -20.965     -28.944     -28.491     -15.820
      -6.864       0.438       1.780      -0.987      -2.272      -0.869       4.088      10.023      23.293      30.567
      23.660       5.701      -8.671     -18.043     -30.632     -21.811      -7.903      -0.376       4.808       0.622
      -5.947     -15.379     -18.604     -15.361      -9.535       2.084       6.270      -3.406     -20.099     -23.594
      -8.426      15.280      34.251      24.276       2.604      -0.881       3.913      17.024       9.138     -17.989
     -27.486     -20.098       3.812      13.531      13.862      15.115      -0.811     -12.109     -11.569       7.368
       9.758      -3.953     -16.668     -43.731     -38.831      -7.881      12.921      31.268      35.196      34.801
      51.614      55.978      37.998       5.435     -32.497     -40.770     -30.044     -29.841     -31.702     -20.677
     -15.222      -8.915       3.580      12.933      31.436      24.017       1.814     -12.985     -21.840     -18.525
     -25.507     -36.330     -32.190     -14.390      -3.159       8.523      12.236      -5.192     -10.108       9.547
      41.456      53.809      54.404      40.570      27.309      37.620      44.775      42.527      13.013     -16.309
     -36.590     -54.953     -32.059     -14.184     -15.618     -31.049     -44.070     -32.572     -34.650     -24.343
      -6.888       6.453      40.815      25.478     -19.855     -26.637     -25.755     -19.892     -24.894     -30.981
     -17.721     -14.914     -16.860     -30.092     -25.674     -19.300      -9.539      31.937      45.345      54.026
      45.789      44.489      77.230      69.807      67.632      64.925      43.727       0.552     -52.535     -82.796
    -100.914     -89.076     -56.042     -35.996       0.787      13.848       1.962     -25.690     -64.555     -58.489
     -41.181     -14.969      46.409      80.533      66.561       7.354     -44.824     -59.830     -36.116      24.173
      50.050      50.813      38.026      20.874      24.321      25.702      29.990      22.139      -0.363       8.720
      14.010     -14.419     -36.618     -49.912     -55.357     -53.695     -52.716     -31.250     -14.830     -14.760
     -27.952     -16.977      16.759      22.240      26.956     -11.425     -49.011     -17.202      19.629      40.622
      27.816      14.557      21.824      29.749      49.698      20.811     -50.191     -83.040     -87.160     -61.624
     -15.575      17.348       4.187      -9.805      16.943       5.957      13.817      26.163     -20.880     -67.353
     -97.014     -47.001      17.553      46.900      80.608      83.352      91.523      87.505      56.302      44.107
      51.678      18.303     -76.413    -117.211    -102.599     -76.434     -37.437     -52.242     -39.665      16.266
      20.447      -0.351      -7.052      -9.025     -16.690     -26.440       3.565      23.983      11.443      16.033
      28.270      11.775     -40.328     -87.121     -91.495     -26.229      62.042     100.030      89.066      29.127
     -11.066     -53.024     -60.370       6.197      51.383      60.172      31.725      17.709      32.729      10.158
     -18.554     -27.470     -26.348     -31.752     -24.745     -14.532     -13.248      -3.407     -32.059     -83.674
     -65.241      -9.675      21.717      49.801      80.557      95.165      72.968      35.746      29.088      23.162
      10.617      -5.890     -47.967     -84.797     -71.803     -29.166      16.604      63.156      56.493      25.699
      16.527     -10.204     -38.228     -71.175     -79.758     -46.641     -36.093     -34.416     -34.153      -5.738
      46.581      17.906     -41.421     -54.651     -47.076      -9.357      11.809       1.216     -33.068     -48.392
       3.652      46.878      61.448      51.342      39.739      37.994       5.183       2.620     -35.442     -68.838
     -58.447     -80.252     -39.146       2.838      33.330      65.502      34.188       7.321     -10.753      -4.717
      23.148      45.733      41.495       4.969      16.432      16.076      -8.883      17.994       9.972      19.321
      64.626      57.483      41.253     -17.062     -57.729     -55.247     -45.408     -20.503     -26.797       0.084
      10.799       2.764      26.366      10.373      21.854       0.402     -37.473     -24.117       7.818      57.044
      54.006      30.988       8.732     -20.041     -19.331     -36.227     -41.328     -24.043       1.227      48.398
      75.745      75.083      62.850      16.938       9.324      30.925      44.560      43.129       3.565     -11.082
      -9.176      13.976      83.273     112.915      90.278      10.138     -48.974     -82.897    -120.848    -115.927
    -100.885     -58.991       7.109      14.405     -10.172     -29.384     -31.671     -24.789      -8.329      11.111
       5.498      -4.179     -17.332     -19.678       9.930      -7.265     -44.905     -61.710     -54.014      -1.524
      10.271      -1.604     -25.585     -46.983      -7.724      40.899      89.968     101.526      64.870      16.196
      -1.926      45.115      56.460      24.986       2.162     -10.793       4.244       7.356      -3.072     -25.399
     -43.550       5.059      39.937      43.940      45.939      32.945      42.638      39.227       6.002      -4.745
      24.330      58.539      61.250      26.679     -29.067     -40.168     -41.611     -58.134     -52.270     -42.523
     -13.525      21.389      22.940      -5.634     -30.271      -5.490      50.723      95.972      95.172      33.513
     -39.179     -69.007     -40.032      -0.928     -20.066     -31.053     -13.431     -21.014       2.637      34.480
      46.151      73.981      92.894      70.537      44.757       0.723     -63.808     -86.032    -104.822     -98.663
     -44.819     -11.078      46.694      85.423      63.120      23.784       1.884      16.102      61.632      52.551
      -1.827     -22.605     -26.805     -31.555     -26.307      -8.567      11.581      33.143      51.124      41.671
      45.569      46.169      35.232      17.296      38.501      68.675      42.053      24.841     -12.241     -41.693
     -10.862       9.198      18.678       4.125      -4.709       6.746      30.450      76.539     102.640      91.762
      46.948     -12.445     -54.922     -65.722     -39.958      -7.449       7.984       5.337      -3.291       3.509
     -27.163    -109.255    -141.036    -124.125     -69.033      -2.520      25.126      59.652      83.319      98.941
      51.499       2.591      15.870      28.623      42.064       5.506     -24.279     -20.265     -26.337     -18.911
     -25.750     -16.815       4.208      32.713      42.717       1.861     -25.226     -18.502      12.265      58.217
      69.142      68.459      42.687     -11.826     -37.163     -25.328      19.857      71.096      61.692      -2.717
     -69.509     -88.727     -71.431     -67.066     -66.134     -37.864      -5.273      10.113      15.009      20.003
       2.345     -27.480     -35.756     -22.157      -0.643      19.178       7.873     -40.674     -70.918     -62.423
     -26.372       8.550      19.339      19.486      14.001     -26.699     -56.538     -38.679     -26.069     -15.864
       1.032       2.520     -16.926     -34.405     -36.789     -68.030     -88.233     -72.099     -32.770       3.660
     -23.608     -31.799     -10.051      12.248      82.138      95.135      42.986      -7.367     -43.379     -46.371
     -32.473     -38.577     -29.431      13.725      35.174      36.092      41.296      14.659     -16.362     -23.832
      -4.253      29.684      23.434       7.655       5.811      -7.744     -11.821      -1.931      16.500      47.770
      61.376      20.634     -44.140     -93.476    -109.906     -87.761     -67.446     -41.524     -13.267     -36.142
     -39.080     -12.078     -11.805       9.170      15.102      -1.511      25.562      46.847      23.622      12.961
      16.208      36.111      57.757      54.141      61.569      60.107      20.863      -7.436     -20.237     -10.041
      -4.529     -35.202     -45.699     -20.712       2.962      30.406      34.153       4.969     -32.828     -36.403
     -15.050     -18.021     -49.512     -76.996     -76.277     -53.802     -11.105      18.586       7.283       0.148
      -0.555     -28.864     -67.285     -57.875     -37.916     -27.457     -30.641     -53.429     -36.483      -7.732
       2.399       1.851      -2.838      23.456      47.713      47.771      20.984       4.236      11.545      14.675
      12.437     -10.445     -38.781     -40.310     -35.421     -30.921     -14.058       2.803      17.446      20.785
      13.219       8.121      22.753      37.232      24.768      31.724      43.787      47.346      45.007      14.288
      -6.332      -4.115      -0.169     -27.555     -49.023     -38.060     -33.705     -28.109     -42.307     -53.473
     -35.861     -14.459       8.284      28.357      41.444      52.312      57.644      35.474       6.603       2.625
      10.827      12.326       7.436      -4.215      -2.638      23.484      23.591      13.194       1.882      -2.321
      21.878      17.072     -15.377     -34.169     -29.994       3.407      23.081       9.700       7.674      30.658
      49.977      53.275      34.512      11.394       0.371      -5.986     -11.265     -11.365     -21.687     -30.599
     -23.360     -18.940      -7.893     -17.560     -37.726     -25.849     -10.000       2.105       6.254       5.277
      15.664      44.560      64.250      52.416      45.573      47.682      51.748      65.760      45.873       9.824
     -14.223     -28.459     -21.069     -23.924     -33.719     -30.406     -21.185      -5.425     -17.624     -31.855
     -28.448     -27.664     -28.736     -45.184     -47.730     -35.969     -18.820       4.700      19.475      38.113
      37.474      41.129      41.450      20.698      16.386       8.693      -7.998     -19.992     -28.727     -32.394
     -24.128     -13.416     -15.704     -20.960     -25.696     -29.860     -18.656     -15.066     -19.302      -7.501
      -5.263       1.372       8.374       8.017      31.597      40.220      35.652      36.240      31.327      21.242
       4.060     -10.122     -13.139     -17.004     -26.434     -24.526     -17.498      -8.930      -1.571      -6.880
     -15.754     -13.272       3.529      21.986      37.972      38.074      25.078      21.080      23.622      25.294
      11.991       6.176      21.276      26.032      20.206       3.941     -11.228      -1.334      15.974      12.338
       0.986      -7.335     -14.820      -3.787      10.461      17.041      31.503      39.094      37.544      32.362
      18.269      13.166       9.892       5.518      -0.605     -13.734     -12.305      -7.152      -6.698     -12.221
     -21.946     -15.485      -3.185       5.766       0.300     -20.805     -32.679     -23.450      -8.501      -0.930
       2.325       9.508      18.596      21.856      27.794      33.747      28.661      19.812       7.352      -1.803
       1.339       0.913      -8.718     -13.429     -18.018     -13.667      -7.065     -10.401      -8.596      -7.203
     -10.615     -21.909     -32.632     -29.369     -25.865     -23.092     -18.325      -5.311       5.525       9.851
      19.151      19.727      13.783       8.312       4.140      -2.938      -8.893      -8.889       0.043       9.983
      13.544      12.555       4.826       1.533       0.463      -4.484     -13.247     -21.017     -17.629      -8.528
       0.673      11.591      26.515      35.844      40.589      37.112      24.908      10.443      -1.429      -2.444
       0.861      -1.280     -11.098     -13.033      -7.367      -3.764       3.075       1.505       0.150       5.397
       6.416       3.451       1.816      -7.642     -10.901      -2.869      -1.632       0.912      -3.905     -11.401
      -3.267      -3.794     -13.034      -9.018      -1.016       0.936      -2.267     -18.049     -26.462     -21.922
     -16.858     -11.443      -8.887      -3.462       3.656       5.637       6.449       7.248       6.988      13.140
      15.536       9.182       7.558       3.749       3.440       8.030       5.042      -1.653      -7.564      -7.896
      -8.174     -14.358     -28.645     -32.254     -22.313     -18.284     -11.633      -8.027      -5.377       5.302
       8.389       9.685      13.631      14.971      16.042      15.024       7.712       1.120      -6.931     -12.505
     -10.228      -5.123       4.751      11.502       8.523       7.134      12.175      14.110      13.590       8.733
      -5.449     -10.481      -5.843      -1.970      -2.627      -6.127      -4.750      -0.662       5.129       8.899
      10.062       8.618       7.457       6.152      -1.289      -5.760      -4.932      -2.816      -1.390       0.294
       1.636       4.739      10.534       7.241      -2.114      -7.822      -6.157      -4.725      -5.454       0.226
       8.660      13.157      14.907      10.965       4.917       3.797       4.960       1.123      -6.072     -10.861
     -10.006      -4.375      -1.165      -3.761      -2.975      -1.157       0.314      -1.225      -3.893      -3.242
      -4.864      -6.569      -7.611      -9.000      -5.100       1.632       5.112       5.788       4.772       3.135
       9.480      17.184      17.421      10.468       0.793      -6.512      -9.389     -10.763      -9.767      -6.008
      -3.892      -1.467      -0.732      -6.760     -16.216     -21.722     -21.697     -14.426      -0.051       8.298
      11.470      14.926      13.420       8.363       1.549      -3.333      -2.034       2.943       5.098       5.584
       5.506       2.912      -0.410      -2.989       0.594       8.201      16.077      21.191      18.204      13.012
       7.828       8.064      11.617      11.460      10.433       9.403       7.944       7.878      10.623      12.584
      13.188      16.070      13.644       7.469       2.668       1.766       2.479       1.854       2.323       5.023
       6.845       6.631       2.228      -4.536      -8.966      -8.844      -5.947      -3.262       0.821       5.399
       5.942       4.452       1.173       1.757       2.743      -0.691      -3.769      -6.473      -4.579      -0.876
      -0.255       0.372       2.737       7.445       9.827       6.492      -1.023      -2.720       4.246       7.607
       5.396       0.029      -5.759      -5.446      -5.168      -8.693      -9.112      -8.613      -8.593      -8.929
     -11.294     -14.534     -13.923     -10.813      -7.638      -8.099     -10.382     -10.164     -10.129      -9.692
      -5.273       2.918       9.151       9.994       2.229      -9.534     -13.897     -11.633      -3.963       1.241
       2.354       4.174       4.023       4.289       5.072       4.738       5.066       4.694       1.239      -3.467
      -3.772      -1.659      -0.387       0.215       2.952       6.757       8.094       4.424      -1.521      -5.879
      -6.202      -2.475      -1.003       1.170       2.810       0.596      -1.327      -3.784      -5.545      -6.235
      -6.848      -6.451      -4.166      -2.029      -3.053      -3.296      -2.986      -1.142       1.402       1.084
       0.400      -0.104       0.433       3.439       7.104       9.768      10.122       7.814       3.950       1.228
       0.339       0.879       0.610       0.432       0.825       1.010       2.120       3.868       4.142       2.351
      -0.072      -1.917      -3.674      -5.677      -6.460      -4.990      -2.567      -0.578      -0.478      -0.992
      -0.949      -0.694      -0.707      -0.522       0.957       2.688       3.203       2.096       0.635      -0.281
      -0.701      -0.312       0.512       1.282       2.040       2.692       2.606       1.842       1.130       1.189
       1.516       1.648       1.125       0.369       0.412       0.561       0.724       0.752       0.794       0.788
       0.237      -0.428      -1.116      -1.385      -1.344      -1.148      -0.844      -0.707      -0.480      -0.235
      -0.012       0.122       0.048      -0.057      -0.054      -0.045      -0.036       0.000       0.000       0.000
       0.000       0.000       0.000       0.000       0.000       0.000       0.000       0.000       0.000       0.000
       0.000       0.000       0.000       0.000       0.000       0.000       0.000       0.000       0.000       0.000
       0.000       0.000       0.000       0.000       0.000       0.000       0.000       0.000       0.000       0.000
       0.000       0.000       0.000       0.000       0.000       0.000       0.000       0.000       0.000       0.000
       0.000       0.000       0.000       0.000       0.000       0.000       0.000       0.000       0.000       0.000
       0.000       0.000       0.000       0.000       0.000       0.000       0.000       0.000       0.000       0.000
       0.000       0.000       0.000       0.000       0.000       0.000       0.000       0.000       0.000       0.000
       0.000       0.000       0.000       0.000       0.000       0.000       0.000       0.000       0.000       0.000
       0.000       0.000       0.000       0.000       0.000       0.000       0.000       0.000       0.000       0.000
       0.000       0.000       0.000       0.000       0.000       0.000       0.000       0.000       0.000       0.000
       0.000       0.000       0.000       0.000       0.000       0.000       0.000       0.000       0.000       0.000
       0.000       0.000       0.000       0.000       0.000       0.000       0.000       0.000       0.000       0.000
       0.000       0.000       0.000       0.000       0.000       0.000       0.000       0.000       0.000       0.000
       0.000       0.000       0.000       0.000       0.000       0.000       0.000       0.000       0.000       0.000
       0.000       0.000       0.000       0.000       0.000       0.000       0.000       0.000       0.000       0.000
       0.000       0.000       0.000       0.000       0.000       0.000       0.000       0.000       0.000       0.000
       0.000       0.000       0.000       0.000       0.000       0.000       0.000       0.000       0.000       0.000
       0.000       0.000       0.000       0.000       0.000       0.000       0.000       0.000       0.000       0.000
       0.000       0.000       0.000       0.000       0.000       0.000       0.000       0.000       0.000       0.000
       0.000       0.000       0.000       0.000       0.000       0.000       0.000       0.000       0.000       0.000
       0.000       0.000       0.000       0.000       0.000       0.000       0.000       0.000       0.000       0.000
       0.000       0.000       0.000       0.000       0.000       0.000       0.000       0.000       0.000       0.000
       0.000       0.000       0.000       0.000       0.000       0.000       0.000       0.000       0.000       0.000
       0.000       0.000       0.000       0.000       0.000       0.000       0.000       0.000       0.000       0.000
       0.000       0.000       0.000       0.000       0.000       0.000       0.000       0.000       0.000       0.000
       0.000       0.000       0.000       0.000       0.000       0.000       0.000       0.000       0.000       0.000
       0.000       0.000       0.000       0.000       0.000       0.000       0.000       0.000       0.000       0.000
       0.000       0.000       0.000       0.000       0.000       0.000       0.000       0.000       0.000       0.000
       0.000       0.000       0.000       0.000       0.000       0.000       0.000       0.000       0.000       0.000
       0.000       0.000       0.000       0.000       0.000       0.000       0.000       0.000       0.000       0.000
       0.000       0.000       0.000       0.000       0.000       0.000       0.000       0.000       0.000       0.000
       0.000       0.000       0.000       0.000       0.000       0.000       0.000       0.000       0.000       0.000
       0.000       0.000       0.000       0.000       0.000       0.000       0.000       0.000       0.000       0.000
       0.000       0.000       0.000       0.000       0.000       0.000       0.000       0.000       0.000       0.000
       0.000       0.000       0.000       0.000       0.000       0.000       0.000       0.000       0.000       0.000
       0.000       0.000       0.000       0.000       0.000       0.000       0.000       0.000       0.000       0.000
       0.000       0.000       0.000       0.000       0.000       0.000       0.000       0.000       0.000       0.000
       0.000       0.000       0.000       0.000       0.000       0.000       0.000       0.000       0.000       0.000
       0.000       0.000       0.000       0.000       0.000       0.000       0.000       0.000       0.000       0.000
       0.000       0.000       0.000       0.000       0.000       0.000       0.000       0.000       0.000       0.000
       0.000       0.000       0.000       0.000       0.000       0.000       0.000       0.000       0.000       0.000
       0.000       0.000       0.000       0.000       0.000       0.000       0.000       0.000       0.000       0.000
       0.000       0.000       0.000       0.000       0.000       0.000       0.000       0.000       0.000       0.000
       0.000       0.000       0.000       0.000       0.000       0.000       0.000       0.000       0.000       0.000
       0.000       0.000       0.000       0.000       0.000       0.000       0.000       0.000       0.000       0.000
       0.000       0.000       0.000       0.000       0.000       0.000       0.000       0.000       0.000       0.000
       0.000       0.000       0.000       0.000       0.000       0.000       0.000       0.000       0.000       0.000
       0.000       0.000       0.000       0.000       0.000       0.000       0.000       0.000       0.000       0.000
       0.000       0.000       0.000       0.000       0.000       0.000       0.000       0.000       0.000       0.000
       0.000       0.000       0.000       0.000       0.000       0.000       0.000       0.000       0.000       0.000
       0.000       0.000       0.000       0.000       0.000       0.000       0.000       0.000       0.000       0.000
       0.000       0.000       0.000       0.000       0.000       0.000       0.000       0.000       0.000       0.000
       0.000       0.000       0.000       0.000       0.000       0.000       0.000       0.000