        2048     0.02000
       0.026       0.026       0.026      -0.002       0.026       0.026      -0.087       0.025       0.026       0.228
       0.031       0.032       0.448       0.040       0.039       0.700       0.045       0.048       1.027       0.058
       0.060       1.412       0.114       0.095       1.792       0.122       0.151       2.317       0.243       0.228
       2.854       0.294       0.130       1.994       0.822       0.786       3.750       0.909       0.905       4.405
       2.938       2.114       5.569       0.441       0.048       6.389       4.614       0.948      -4.234      -7.209
      -6.977      -8.147      -3.824      -0.946      -3.484      -8.601      -9.828      -8.548      -6.427       0.387
       1.920      -1.653      -3.690      -2.969      -2.444      -2.794      -3.998      -8.214      -2.699      -4.815
     -11.124     -12.341      -7.795      -8.498     -11.081      -7.766      -8.382     -11.206      -8.352      -9.838
     -13.462     -10.970     -14.381     -19.185     -13.556     -16.438     -23.213     -22.572     -18.186      -7.659
       8.231      13.568      18.819      26.534      26.303      27.584      27.293      22.173      25.257      29.623
      23.714      23.928      17.426      13.193      -2.757     -19.143     -18.791      -6.176      -1.867      -7.009
      -2.446       3.139     -12.771     -17.261     -17.894     -11.879      -0.121       4.985      -0.136      -4.609
      -9.055     -11.901     -14.313     -20.107     -35.436     -37.907     -33.491     -25.019     -13.183     -29.210
     -33.601     -35.046     -34.328     -21.239     -13.599     -16.118      -6.502      -3.444       1.693      12.122
      12.859      20.778      24.182      24.477      35.343      32.838      45.489      61.313      68.851      56.851
      49.418      36.847       3.070      10.403       8.002       6.389       2.221      11.504      42.812      38.394
       4.615     -33.719     -49.105     -43.781     -51.531     -45.164     -36.440     -44.513     -40.573     -23.477
     -25.089     -30.749     -14.752     -29.060     -11.803     -26.846     -29.561      -0.857      33.746      16.583
      -5.400      -9.323       1.740      30.884      21.884     -22.913     -11.704       8.191      12.768      13.888
      -0.339     -22.187     -19.192     -17.165     -35.477       0.937      52.346      88.253     102.504      96.352
      61.046      17.776     -52.226     -95.537     -71.568     -13.997      31.140      94.214     117.813      95.216
      57.331       2.916     -42.954     -85.206     -55.260     -53.958    -116.284    -130.512    -120.521     -51.654
       4.337     -19.419      -2.469      66.061      82.736      30.975     -13.054       0.966      21.919      39.626
      58.198      56.687      47.541      52.536      57.912       1.160     -62.113     -28.023      16.676      30.330
      -1.216     -20.515     -81.621     -91.769     -11.654      31.747      43.131      93.556      83.847      12.972
      21.769      10.825       8.614      30.023     -15.804      16.679       9.650     -12.006     -60.541     -99.115
     -96.131     -60.178     -50.671     -26.776      10.922      35.611     110.544     117.632     103.313      83.630
      89.157      66.916       1.999     -59.288     -48.418     -52.796      -1.523     -16.395      -9.264      10.534
     -30.892     -79.722     -46.164      60.936      95.962      90.384      23.446       2.505       0.668      16.610
      37.817      34.986     -10.264      -8.754     -39.024     -55.551     -72.853    -121.569    -104.219     -56.787
     -29.022      11.606      35.052     -25.521     -51.459     -25.543       2.875      58.530      36.685      35.980
      35.336      79.447     136.419     148.732     116.401      75.756      56.125      46.902      -6.844     -68.959
     -28.613     -30.837     -66.173     -96.167     -93.261     -81.698     -92.850    -131.671    -141.108     -71.591
      14.866      80.497     125.297      70.198      57.129      67.528      38.341     -15.761     -59.396     -10.995
      11.229     -39.350     -64.659     -45.745       9.892      -5.911     -11.076       3.906     -40.374       6.445
      67.531      78.327      71.138     -18.423      10.015      58.561      27.763     -28.083     -56.769     -63.863
     -39.248       8.911      57.074     133.963     183.159     152.214      57.147       0.506      35.978      63.290
      34.347      -4.783      -2.530      61.816      34.186      -8.083      24.410     108.416      67.749      15.870
     -42.986     -80.314     -10.144     -27.111     -54.202     -34.985     -52.595     -60.052     -81.347     -25.963
      30.146      32.411      33.418     -12.057     -24.789     -30.421     -65.537     -15.728      52.545      54.135
     -18.723     -77.755     -16.003     -17.812     -38.746     -61.597    -138.398     -85.163      28.325      82.302
      40.802     -14.907     -99.822    -165.315    -205.935    -195.496    -113.412     -33.844      30.508     133.625
     127.079     120.972     169.840     179.293     173.189     146.299      50.662     -16.676      15.472       2.460
     -13.178     -19.262     -22.854     -32.564     -36.453      -8.344      42.555      85.734      54.644     -62.964
     -79.368     -14.620      56.379      71.428      37.872       3.054     -41.503     -46.944     -24.986     -15.348
       9.285      72.558      43.810      -2.628     -91.496     -70.973     -67.815     -59.117     -72.795     -30.914
     -21.795      33.499      54.051       2.766     -36.123     -76.656     -84.931     -99.130     -31.935     -37.607
     -94.337    -113.537     -67.478      -9.625      19.530      70.257      97.459     117.897      54.130     -24.200
     -81.858    -115.272     -47.445      38.124     106.090      95.948      56.164     101.205     103.084      62.780
      58.779     -10.118    -103.876    -132.741    -147.169    -167.716     -99.424     -67.325     -90.055     -59.552
     -29.409      57.674      57.512      -0.899     -37.091     -48.732      26.708       7.662       4.541     110.540
     141.556      80.935     -11.288     -49.087    -114.470     -84.595    -104.134    -130.183     -69.649    -108.791
     -57.021      58.240     146.973     144.502     136.378     119.126      34.437      -5.637     -74.576     -84.931
     -28.321     -27.047      22.061      54.223      40.620       6.693     -60.517     -65.552     -20.072       0.369
      21.655      36.337      49.293      43.623      78.652      64.021      -5.369     -22.616     -51.153    -105.725
     -82.426    -151.109    -162.327    -108.379     -48.029      32.908      37.882      -3.632     -44.415     -51.010
     -35.970     -43.989      25.091      93.747      98.236     126.507     110.613     106.503      58.247     -22.010
     -10.085     -81.446     -83.140     -51.749      38.130      88.397      71.915      64.664      27.366      25.689
      53.337      68.170      73.011     110.410     130.758      72.902      55.742      66.101     118.036     111.707
      10.545     -81.268    -156.147     -99.462     -75.134      -7.272      95.813     145.485     140.588      85.057
     -18.969     -20.791      62.806      74.390      22.778     -33.817     -62.454    -117.046    -143.544    -127.381
     -36.667      36.647     102.461     118.952      86.628     100.458     135.210      96.690      15.586     -41.972
      -1.755      45.171      63.702      49.641      22.352       7.770     -16.480     -83.940    -147.672     -85.400
      16.351     113.320     119.999      66.022      35.155      16.872      77.602      43.483      23.152      39.488
      30.190      40.475       2.671     -11.040     -57.231     -91.303     -51.612       7.115       8.277     -45.183
     -53.229     -63.642    -128.286    -187.943    -223.974    -178.690    -108.964       2.338     100.777      92.640
      80.598     127.101     150.500     128.201      70.445      33.145      15.013       0.333     -57.141     -86.863
     -11.175     -11.581      -9.603     -96.143     -92.415     -25.400     -43.480     -97.538    -100.934       8.874
      44.669       7.917     -28.407     -49.662     -87.516    -143.271    -164.551    -155.770    -116.363     -92.008
     -34.657     -22.620      33.558      44.338      78.800      96.891      98.019      74.562      31.475      48.622
      79.642      97.289      90.521      99.089      80.818      61.246      42.608      55.902      48.841      41.602
      20.259     -71.942    -116.631     -73.882     -84.892     -43.589     -12.030     -40.748      23.836      34.076
      15.765      28.941     -41.931     -76.425      -8.312      33.246      64.355      58.263      95.619      42.289
     -21.054     -60.256    -125.173    -143.318    -160.625    -146.982    -152.810     -89.217     -77.477     -28.346
      36.578      79.478      67.999     -10.865     -52.792       5.977      39.035      13.295     -19.241     -40.886
      19.841      43.532      44.093      45.791      21.496      23.975     -11.603     -42.204     -39.091     -66.749
     -63.001      -4.731       7.165     -27.743     -85.468    -101.890     -64.630     -21.691     -23.434     -45.637
     -51.434       6.508      16.932     -31.982     -32.907      30.540      94.443      90.171      38.705     -58.434
     -64.771     -39.522     -25.167     -33.849      10.999      67.378      78.667      97.581      65.360      24.809
     -15.255     -47.622      -9.923       1.241      23.999      28.486      -0.699      54.148      44.626      47.950
       1.936     -63.772     -68.905     -69.484     -34.844     -34.987     -29.584      11.107      38.801      23.920
      -5.135      20.169      27.129      45.242      32.288       3.687      30.587      45.234      67.131      38.778
       9.451      28.556       1.176     -27.300     -37.197      17.479      45.471       4.297     -33.105     -50.113
     -42.156       1.909      22.184      10.147     -20.342      -7.773      25.715      12.585      11.936      -0.488
     -21.011     -64.436     -43.604     -22.645     -17.607       1.917      21.407      29.741      51.831      44.068
       8.069     -13.229     -19.185     -12.732     -43.238     -32.263       9.521      69.663      89.737      49.511
      17.008       2.576      23.880      32.343      38.748      35.540      10.878      -7.114     -10.096      25.788
      29.601      50.181      38.052      -5.832     -35.671     -47.805     -47.624       1.201       6.867      39.440
      59.789      59.379      16.513     -10.706     -22.567     -25.912     -42.947     -62.851     -67.978     -68.038
     -64.785     -85.474     -61.994     -52.940     -53.226     -50.254     -31.780      -4.045       2.411       8.754
      35.903      20.658      15.213     -16.884     -20.981      16.820      31.229      48.237      56.427      44.015
      56.337      43.733      59.808      56.941      49.786      37.208      30.209      39.949      28.803      44.750
      38.401      54.162      66.134      48.532      45.910       1.031     -30.995     -17.327     -27.466     -21.876
       4.736      17.431      18.954       9.843     -10.352     -41.734     -49.453      -7.996      12.697      34.715
      37.443      24.878       5.055     -12.868     -15.025     -19.512     -27.071     -18.878     -13.484       9.195
      17.206      12.651       8.450     -28.551     -32.024     -20.855      11.775      28.162      12.337      11.831
      17.642       7.500      -8.446     -26.359     -32.058     -30.846     -24.445       4.344      18.331       9.172
     -18.207     -21.837     -28.839     -39.044     -44.423     -41.961     -19.529     -34.210     -60.079     -66.505
     -43.792      -4.974       2.024       3.852     -13.168     -20.368     -10.199       0.407       7.638      16.305
       8.052       0.093      15.154       4.098       8.889      20.232      14.460      19.964      17.883      42.981
      67.293      75.548      57.329      26.978      22.118       8.450      -6.249       6.948      10.496       2.103
     -10.461      -0.663      -3.555     -11.191     -13.449     -19.995     -12.292     -14.192      -8.040       6.000
      13.146      11.490      -0.640     -20.375     -10.709      -2.070      -0.525       8.726      21.158      23.709
      26.135      17.874       2.282     -10.745      -1.572      -4.151       1.055      19.770      25.325      22.914
      23.554       6.696      18.334      35.178      43.564      53.725      50.407      31.124      12.936      -9.360
      -6.332     -20.101     -44.423     -51.034     -41.260     -36.959     -40.293     -37.134     -33.955     -30.302
     -25.420     -27.667     -24.931     -24.398     -27.110     -47.978     -40.786     -31.658     -30.692     -24.546
     -12.612      -2.938      -9.870     -12.736     -10.794     -19.518     -28.876     -20.956       2.013      19.047
      28.502      39.867      34.078      32.059      36.189      20.368      20.138       8.066      -9.451     -18.643
     -29.464     -16.767       1.213      14.611      11.607     -15.429     -31.510     -21.890      -0.926      14.657
      11.409       3.956     -13.755     -19.410     -15.284     -21.070     -21.057     -24.655     -30.466     -15.588
      -5.991     -11.778      -4.552      -2.374      -1.518     -13.876     -23.445     -16.312     -17.551     -12.905
      -2.050     -11.123      -3.219      -0.176       7.225      24.801      26.512      11.623      -7.557      -2.988
      -1.353      13.768      24.538      27.233      24.620      16.996       9.856       0.263     -11.475     -13.544
      -1.608      -1.264      14.048      12.787       3.330       2.552     -11.827     -14.974     -13.332      -6.800
      -6.039      -7.252      -7.678     -16.190     -26.672     -30.642     -14.702      -9.975      -3.842       5.288
      12.123       8.538       2.013       7.040      16.417      14.594       7.253       9.588       4.410      -0.122
       8.350       5.453      12.519      19.178      24.119      22.057      31.279      32.577      22.801       7.329
      14.793      24.278      24.615       9.415       2.974       1.954       3.579       6.299       3.538       2.647
       3.058       4.115      12.229      24.071      32.688      38.699      40.014      32.156      27.448      32.450
      29.217      27.572      28.592      29.816      24.147      21.210      26.334      19.859      12.061       6.539
       1.565       3.940      12.864      26.768      32.394      16.519      -1.163      -8.773     -12.794     -11.479
      -8.535       2.459       0.759      -6.711     -18.787     -29.079     -25.030     -25.850     -27.710     -37.291
     -44.397     -46.766     -51.346     -50.053     -50.833     -47.142     -44.009     -36.658     -26.502     -24.540
     -22.122     -20.089     -21.923     -19.079      -8.639      -0.760      -0.482      -3.857      -3.969      -0.138
      11.352      20.305      18.208      26.336      32.394      33.787      32.336      27.124      28.235      25.087
      27.366      29.193      32.357      23.991       9.898       2.939       2.854       6.308       9.430      11.415
      10.371       3.144      -8.642     -17.336      -8.838       0.056      13.633      15.424      14.930      16.754
      11.428       8.801       8.955       9.645       8.928      11.874      14.147      18.249      14.409      14.674
      10.418       8.152      14.168      19.088      25.909      24.134      15.462       7.753      11.252      13.487
      15.606      17.802      19.568      19.939      15.595      11.647       9.595       3.733      -1.337      -8.342
     -10.583     -16.806     -16.144     -19.127     -24.052     -24.845     -24.150     -22.565     -23.029     -27.812
     -33.477     -38.630     -39.604     -38.918     -38.378     -32.933     -27.693     -31.732     -33.676     -33.119
     -23.680     -16.990     -13.400     -17.048     -19.655     -17.453     -12.078      -6.754      -4.554      -4.572
      -2.540      -1.611      -0.958      -0.614      -2.593      -5.738      -7.251      -7.435      -6.285      -2.824
       0.197       0.322      -2.507      -5.174      -5.539      -2.048       2.048       5.029       5.670       3.657
       0.973      -0.036       0.688       1.338       2.511       3.132       2.823       2.598       1.703       1.823
       1.425       0.179      -1.668      -1.735       0.312       3.164       4.116       2.970       0.930       0.745
       2.402       4.374       5.980       5.439       3.979       2.624       2.032       2.039       2.419       2.388
       2.286       1.783       1.211       0.994       0.856       0.746       0.421       0.201       0.126       0.000
       0.000       0.000       0.000       0.000       0.000       0.000       0.000       0.000       0.000       0.000
       0.000       0.000       0.000       0.000       0.000       0.000       0.000       0.000       0.000       0.000
       0.000       0.000       0.000       0.000       0.000       0.000       0.000       0.000       0.000       0.000
       0.000       0.000       0.000       0.000       0.000       0.000       0.000       0.000       0.000       0.000
       0.000       0.000       0.000       0.000       0.000       0.000       0.000       0.000       0.000       0.000
       0.000       0.000       0.000       0.000       0.000       0.000       0.000       0.000       0.000       0.000
       0.000       0.000       0.000       0.000       0.000       0.000       0.000       0.000       0.000       0.000
       0.000       0.000       0.000       0.000       0.000       0.000       0.000       0.000       0.000       0.000
       0.000       0.000       0.000       0.000       0.000       0.000       0.000       0.000       0.000       0.000
       0.000       0.000       0.000       0.000       0.000       0.000       0.000       0.000       0.000       0.000
       0.000       0.000       0.000       0.000       0.000       0.000       0.000       0.000       0.000       0.000
       0.000       0.000       0.000       0.000       0.000       0.000       0.000       0.000       0.000       0.000
       0.000       0.000       0.000       0.000       0.000       0.000       0.000       0.000       0.000       0.000
       0.000       0.000       0.000       0.000       0.000       0.000       0.000       0.000       0.000       0.000
       0.000       0.000       0.000       0.000       0.000       0.000       0.000       0.000       0.000       0.000
       0.000       0.000       0.000       0.000       0.000       0.000       0.000       0.000       0.000       0.000
       0.000       0.000       0.000       0.000       0.000       0.000       0.000       0.000       0.000       0.000
       0.000       0.000       0.000       0.000       0.000       0.000       0.000       0.000       0.000       0.000
       0.000       0.000       0.000       0.000       0.000       0.000       0.000       0.000       0.000       0.000
       0.000       0.000       0.000       0.000       0.000       0.000       0.000       0.000       0.000       0.000
       0.000       0.000       0.000       0.000       0.000       0.000       0.000       0.000       0.000       0.000
       0.000       0.000       0.000       0.000       0.000       0.000       0.000       0.000       0.000       0.000
       0.000       0.000       0.000       0.000       0.000       0.000       0.000       0.000       0.000       0.000
       0.000       0.000       0.000       0.000       0.000       0.000       0.000       0.000       0.000       0.000
       0.000       0.000       0.000       0.000       0.000       0.000       0.000       0.000       0.000       0.000
       0.000       0.000       0.000       0.000       0.000       0.000       0.000       0.000       0.000       0.000
       0.000       0.000       0.000       0.000       0.000       0.000       0.000       0.000       0.000       0.000
       0.000       0.000       0.000       0.000       0.000       0.000       0.000       0.000       0.000       0.000
       0.000       0.000       0.000       0.000       0.000       0.000       0.000       0.000       0.000       0.000
       0.000       0.000       0.000       0.000       0.000       0.000       0.000       0.000       0.000       0.000
       0.000       0.000       0.000       0.000       0.000       0.000       0.000       0.000       0.000       0.000
       0.000       0.000       0.000       0.000       0.000       0.000       0.000       0.000       0.000       0.000
       0.000       0.000       0.000       0.000       0.000       0.000       0.000       0.000       0.000       0.000
       0.000       0.000       0.000       0.000       0.000       0.000       0.000       0.000       0.000       0.000
       0.000       0.000       0.000       0.000       0.000       0.000       0.000       0.000       0.000       0.000
       0.000       0.000       0.000       0.000       0.000       0.000       0.000       0.000       0.000       0.000
       0.000       0.000       0.000       0.000       0.000       0.000       0.000       0.000       0.000       0.000
       0.000       0.000       0.000       0.000       0.000       0.000       0.000       0.000       0.000       0.000
       0.000       0.000       0.000       0.000       0.000       0.000       0.000       0.000       0.000       0.000
       0.000       0.000       0.000       0.000       0.000       0.000       0.000       0.000       0.000       0.000
       0.000       0.000       0.000       0.000       0.000       0.000       0.000       0.000       0.000       0.000
       0.000       0.000       0.000       0.000       0.000       0.000       0.000       0.000       0.000       0.000
       0.000       0.000       0.000       0.000       0.000       0.000       0.000       0.000       0.000       0.000
       0.000       0.000       0.000       0.000       0.000       0.000       0.000       0.000       0.000       0.000
       0.000       0.000       0.000       0.000       0.000       0.000       0.000       0.000       0.000       0.000
       0.000       0.000       0.000       0.000       0.000       0.000       0.000       0.000       0.000       0.000
       0.000       0.000       0.000       0.000       0.000       0.000       0.000       0.000       0.000       0.000
       0.000       0.000       0.000       0.000       0.000       0.000       0.000       0.000       0.000       0.000
       0.000       0.000       0.000       0.000       0.000       0.000       0.000       0.000       0.000       0.000
       0.000       0.000       0.000       0.000       0.000       0.000       0.000       0.000       0.000       0.000
       0.000       0.000       0.000       0.000       0.000       0.000       0.000       0.000       0.000       0.000
       0.000       0.000       0.000       0.000       0.000       0.000       0.000       0.000       0.000       0.000
       0.000       0.000       0.000       0.000       0.000       0.000       0.000       0.000       0.000       0.000
       0.000       0.000       0.000       0.000       0.000       0.000       0.000       0.000       0.000       0.000
       0.000       0.000       0.000       0.000       0.000       0.000       0.000       0.000       0.000       0.000
       0.000       0.000       0.000       0.000       0.000       0.000       0.000       0.000       0.000       0.000
       0.000       0.000       0.000       0.000       0.000       0.000       0.000       0.000       0.000       0.000
       0.000       0.000       0.000       0.000       0.000       0.000       0.000       0.000       0.000       0.000
       0.000       0.000       0.000       0.000       0.000       0.000       0.000       0.000       0.000       0.000
       0.000       0.000       0.000       0.000       0.000       0.000       0.000       0.000       0.000       0.000
       0.000       0.000       0.000       0.000       0.000       0.000       0.000       0.000       0.000       0.000
       0.000       0.000       0.000       0.000       0.000       0.000       0.000       0.000       0.000       0.000
       0.000       0.000       0.000       0.000       0.000       0.000       0.000       0.000       0.000       0.000
       0.000       0.000       0.000       0.000       0.000       0.000       0.000       0.000       0.000       0.000
       0.000       0.000       0.000       0.000       0.000       0.000       0.000       0.000