        2048     0.02000
      -0.032      -0.032      -0.032      -0.048      -0.032      -0.032      -0.097      -0.033      -0.033      -0.179
      -0.041      -0.038      -0.270      -0.041      -0.051      -0.412      -0.055      -0.061      -0.618      -0.087
      -0.041       0.535       0.076       0.088       0.852       0.455       0.365       0.716      -0.030      -0.367
      -0.926      -0.408      -0.635      -1.638      -0.567      -0.661      -1.031      -0.377      -0.580      -1.417
      -0.695      -1.031      -1.748      -0.755      -1.353      -2.988      -1.273      -1.706      -2.590      -0.939
      -1.400      -3.663      -1.836      -2.236      -5.303      -4.591      -3.756       0.390       2.186       2.521
       2.911       3.128       2.757       2.748       3.884       3.906       3.335       4.040       4.313       4.806
       6.774       6.080       5.782       8.429       9.866       4.132       4.600       8.706       8.725       4.969
       7.861      11.270       8.624       8.881      10.049       9.463      11.564      13.649      10.897       8.286
       4.333       1.144       6.411      10.671      15.940      13.015      10.082       8.031      10.957      13.723
      15.497      13.345       2.736      -4.793      -6.774      -9.468      -1.988       5.103      13.629      15.393
      12.860       3.732      -0.465      -2.842      -6.008      -6.419       1.508      -3.965     -14.796      -9.736
       0.233      -3.932     -16.109     -13.725       2.655      12.675      21.162      27.837      28.371      26.759
      30.516      26.753      17.593      13.303      15.611      17.820      20.003      14.278      11.377      21.306
      30.461      29.401      13.591       2.421       4.369      19.189      22.438      15.940      11.497      12.612
       7.006       6.856       3.014       3.235       8.149       6.428     -12.386     -25.547     -35.722     -34.694
     -41.330     -39.250     -35.186     -30.812     -24.367     -12.062      -0.421      20.743      36.962      39.627
      19.283       9.126      10.682       2.064     -22.266     -20.842      -6.369       8.976      -6.511     -22.850
     -17.249       5.600      21.653      15.454       7.565      -0.451      13.074      30.606      18.172      -6.533
     -25.525     -16.191      -1.139       1.332     -12.877     -12.022       1.574      -3.321      -8.072     -12.318
     -11.571     -24.941     -42.736     -22.338      31.443      64.032      60.214      33.481      -5.405     -13.283
      -2.413      -1.798     -14.555     -36.037     -36.060     -42.584     -26.193       3.589      11.977       1.281
     -13.085     -12.295     -39.192     -40.038     -21.710     -13.600     -18.695     -11.443       0.318       9.598
      27.299      34.298      40.932      50.256      42.633      -3.749     -39.298     -42.665     -26.956      11.325
      37.755      42.098      14.366      19.432      51.798      44.432      25.237       4.405     -13.179      -3.615
      22.762      10.684     -29.759     -37.297      10.195      68.010      82.866      63.577      71.959      76.428
      39.681     -37.020    -108.919    -106.175     -73.126     -53.784     -43.760     -38.465      -9.640      39.750
      67.995      39.713     -15.191     -63.551     -45.207     -38.086     -36.153     -18.598       2.726       5.137
       3.801      -1.352     -18.553      -7.307      -2.451     -33.013     -40.307     -65.742     -58.273     -35.742
     -11.010     -10.286     -11.096     -29.960       5.085      70.241     114.368     135.382     125.008     104.244
      41.436      -1.367     -42.348     -66.341     -76.102     -86.042     -84.609     -64.667      20.802      77.268
      42.409     -14.227     -47.190     -50.073     -67.770     -72.625     -18.572      12.924     -51.953     -91.439
     -76.909     -27.908     -19.937     -20.216      29.189      15.055     -26.426     -11.024      39.985      72.229
      60.331       2.148     -74.433     -85.922     -92.710     -30.330      14.349      25.688      52.602      68.942
      58.640       8.850     -60.214     -67.111       6.060      59.700      32.071      80.305     127.366      81.511
      10.708     -43.770     -81.192     -88.337     -66.094    -107.850    -150.794    -171.052    -161.168     -89.557
     -96.640     -82.310     -60.717      14.494      67.735      26.331     -23.451     -30.202       2.559      -3.520
     -12.520     -41.318     -37.377     -67.193     -38.356     -19.691     -19.595      14.819     -28.530     -53.089
     -36.385       9.838      23.333      -3.808      51.677      62.699      85.424      75.288      37.873     -15.665
     -67.468     -68.466     -61.231     -45.157     -31.771      -0.227      27.150       3.682     -16.060      30.941
      84.298      89.700      68.498      35.260     -18.020     -60.007     -54.310     -21.166      -7.455     -55.873
     -87.708     -81.966     -78.177      -3.084      71.057      53.533      -5.638     -59.273     -84.416      -6.143
      61.293      42.022      -6.788      -6.197     -22.262     -23.358     -20.726     -44.590     -79.415    -152.345
    -136.400     -66.579     -12.250      35.037      66.657      51.837      64.226      94.644      31.749      -2.667
      46.361      47.850      23.900      11.914     -27.026     -54.736     -16.323      32.921      12.560     -50.862
     -41.371      48.920      90.536      41.060      12.177      32.640      40.050       2.763     -30.944     -16.051
      18.604     -59.872     -84.143     -44.397      -3.725       7.487      30.982      95.319      73.921      16.506
     -17.797      -6.902      -1.353     -40.941     -37.838     -61.713     -79.632    -104.538     -46.771      44.114
      96.107      71.742      31.171     -33.245     -23.167      37.259      55.982      31.420      22.799      63.874
      57.861     -20.251     -86.130     -65.590      11.119      34.728      35.517      24.917      16.733      34.990
      34.253     -31.328     -77.090     -83.616     -21.682      32.333      63.024      78.877     110.283      87.358
      28.463     -11.848     -14.318      -8.862     -31.093     -16.783     -16.676     -17.761      33.962     105.576
     126.357     127.639      86.100       8.437     -68.469    -144.907    -166.067    -104.562     -36.530     -19.025
      18.438      76.760      53.411      54.840      80.563      76.552     -16.536     -89.223     -61.626      31.194
      54.870      -7.716     -92.113    -108.204    -101.033     -46.434     -19.297      11.167      56.209      61.511
      62.839      56.016      13.919     -18.508       8.575      15.601      -8.018      43.586      55.185      10.012
       3.716      -7.201     -11.708     -13.519     -20.126     -27.874     -16.427       0.547     -10.778     -84.645
    -117.334     -75.351     -21.112       6.581      41.765     110.651     130.318     129.520     115.356      79.777
       9.943     -88.823     -81.400     -32.175     -27.543     -43.901     -57.765     -82.461    -130.067    -125.269
     -68.859      21.681      52.608      84.400     140.742     150.786      58.126     -31.431     -27.990       1.949
       3.686      39.252      93.133      89.317      62.608      29.546      21.190     -13.011     -16.595     -24.357
     -13.232     -40.974     -30.346      31.020      84.286      86.933      64.158      52.244      63.289      74.477
      56.728      13.260     -15.335     -18.329       4.868      24.749      90.828     174.407     187.968     149.854
     141.945      71.702      -5.099     -13.075      52.731      88.416      43.766     -12.795     -79.233    -125.557
    -138.129    -128.390     -68.645     -44.271     -31.191     -63.508     -64.648      -1.543      58.839      73.212
      30.921     -27.615     -47.805     -36.669     -27.913     -51.880     -60.161     -28.273      30.141      64.429
      99.742     168.310     187.968     102.035      58.127      49.102      -8.937     -67.772     -27.478      51.448
      52.755      22.439     -31.902     -84.642    -108.321     -54.478      -5.920      -3.907       8.188     -38.977
     -76.388      -4.531      68.220      80.844      48.116     -17.959     -46.485     -81.020     -94.619     -57.993
      13.745      68.102      75.226      57.478      52.839     111.762      91.430      77.942      49.022     -18.202
     -92.352     -68.907     -23.066     -18.244      19.599      28.128      50.834      90.291      78.554       8.278
     -44.352     -55.359     -78.970       8.934      80.047     122.092     102.481      49.068      -0.981     -53.932
     -38.032     -18.202       2.237      10.540     -34.429     -89.435    -130.805    -140.932    -137.315    -111.285
    -111.930     -90.022     -36.469      37.207     108.966      65.740      17.756      47.326      54.523      -2.160
       6.406      29.570      14.450      -5.166     -47.076     -90.078     -52.768      -3.777      45.598     105.981
      87.192     -14.100     -58.240     -18.313      42.919     100.866      83.813      47.779      16.162     -59.452
     -88.276     -43.152      -1.524       9.760      61.787      56.991      90.869     108.767     105.557      98.414
      22.978     -54.699     -69.856     -54.902     -35.875       7.858      10.001       3.748      17.670      32.814
      44.070      35.289      26.230       6.911     -10.854     -82.697    -120.596    -102.665     -95.860     -53.025
     -20.776     -34.966     -28.400     -35.445     -29.653      26.447       8.208     -92.526    -118.471     -64.388
      -9.509      26.077      54.512      89.721     115.816      85.438      36.948      11.273      23.963      25.257
       3.265     -35.085     -42.676     -34.770     -69.845     -68.276     -57.444     -59.414     -49.150      -7.741
      27.934      35.626      -0.955     -40.423     -53.711     -68.793    -100.213     -75.807     -28.537     -15.211
     -40.199     -62.126     -66.340     -20.321      52.594     107.922      94.909      46.787       6.779     -21.537
      -3.399       5.849     -25.917     -78.425     -50.987      14.210      46.915      42.436      14.278     -29.333
     -36.891     -26.824     -43.991     -40.433     -13.271      24.621      61.745      88.117     123.301     113.856
     100.475      77.329      47.649      14.765     -24.613     -63.189     -62.100     -27.395      39.366      84.040
      62.027      12.054     -36.591     -28.850      24.959      44.647      34.002       4.703      -2.495      19.030
      10.996     -14.518      -2.663      34.885      17.295     -42.146     -73.141     -87.220     -57.898     -24.187
       4.046       2.523     -28.459     -17.767      14.433      42.302      49.012      42.692      20.797       4.781
       8.703      10.849      22.978       9.091      -7.448      32.843      65.962      46.256      46.574      66.017
      36.342      -2.092     -18.269      -8.973      -0.358      11.108      27.918      52.927      57.984      69.319
      80.928      52.357      -3.639     -49.805     -53.752     -26.228      -5.156      -4.656      18.412      47.865
      32.525      20.473      22.924      28.378      11.479      -3.089     -16.659     -24.555       8.659      63.312
      69.829      39.835      15.736      -1.105     -14.428     -36.597     -19.781      13.120      24.492      19.966
      26.046      48.467      68.806      68.089      47.259      22.839     -17.055     -39.188     -49.825     -43.449
     -35.293     -33.652     -23.621       2.461       1.536      -3.855       9.113      17.859      12.924      10.942
      29.291      49.520      47.714      18.049     -19.242      -9.126      20.042      34.576      11.973     -17.132
     -31.861     -22.321       7.670      24.162      12.361     -16.563     -27.033     -13.347      12.418      21.558
      15.285       2.612      -3.997     -11.225     -20.380     -23.840       6.202      23.577       9.018     -10.128
      -9.646      -5.476      -6.903     -14.400     -17.274      -9.058      -4.930      -3.684      13.467      27.860
      43.855      59.142      54.835      25.668      -5.596     -15.756     -10.986     -14.265      -6.758       2.253
      23.093      30.960      34.401      33.464      46.082      56.879      45.438      13.195      -1.721     -17.949
     -17.777     -22.942     -17.081      -0.246       3.676       7.625      11.313      12.660      27.398      44.512
      51.045      40.704      14.964     -12.245     -14.053       4.731      -1.571     -11.482     -13.235     -10.982
      -8.871       1.557      -5.904     -20.063     -15.747     -23.537     -33.723     -29.510      -4.756      14.310
      25.455      30.415      20.669       4.924     -16.277     -22.490     -21.149     -32.107     -24.655      -4.764
      12.394      32.879      44.524      36.659      20.114      12.905       7.252       7.919      19.005      34.826
      39.523      34.566      19.174      12.674      17.767      10.945      -0.933     -16.935     -22.860     -14.559
       6.697      27.822      27.849      21.596      14.079      -5.323     -34.195     -40.232     -37.709     -47.728
     -43.934     -24.207      -2.278       9.893      11.308       6.777      -6.018     -24.345     -37.872     -47.948
     -39.234     -44.449     -57.646     -60.191     -39.675     -19.826      -9.333     -11.444     -10.576      -2.679
       1.248     -11.120     -26.062     -22.278     -14.888     -20.471     -25.556     -20.153      -4.751      -4.366
       2.433       2.299      -0.466      -5.026     -11.517     -19.852      -9.377      -2.278      -4.358       8.435
      12.559       7.146       4.872       4.061      -3.970     -23.171     -30.821     -31.495     -32.659     -24.201
     -15.496     -15.417     -17.420     -21.777     -23.963     -28.115     -28.255     -33.878     -40.196     -37.632
     -23.589      -8.743       5.603       5.216       1.629      -3.292     -23.280     -35.799     -35.891     -30.037
     -22.339     -27.023     -20.652      -7.952       1.230       7.994      14.270      15.232       9.610       4.145
       6.502      15.166      18.093      23.315      22.835      26.735      27.610      19.469      11.934      -0.501
     -14.829     -25.213     -30.465     -28.864     -23.234     -10.988      -7.399      -5.923     -11.017     -20.267
     -20.749     -16.762     -22.666     -23.576     -20.711     -17.928     -23.454     -30.845     -34.459     -26.657
     -13.373      -6.724     -11.430     -13.962      -7.948      -0.831       4.466      12.164      10.488       8.326
       8.780      13.695      12.648       1.577      -1.480       7.231      15.509      17.718       9.993       3.710
       6.819      17.178      25.802      35.026      40.773      32.391      25.078      17.195       8.129      -0.610
       2.403       5.347      11.240      13.425       7.986       6.415      10.284       6.114       0.015      -1.518
       1.868       6.364      15.497      19.830      20.180      16.880       4.821      -9.727     -17.623     -29.241
     -37.800     -38.240     -33.569     -28.877     -20.276      -6.396       9.837      17.350      13.936       6.659
       4.403       1.978      -2.679      -3.235       6.316      15.158      16.448       8.077       4.472       7.503
      13.635      21.243      29.756      28.053      24.839      22.277      21.777      16.965       9.468       5.679
       9.258      11.342      10.810       7.922       8.989       1.178      -5.927     -14.526     -22.968     -29.287
     -24.880     -17.671      -6.322       8.526      21.629      27.931      23.898      12.969       2.753      -6.841
     -12.613     -17.399     -16.246     -16.380     -10.615      -9.488      -8.896      -8.931     -15.577     -18.207
     -15.380     -14.195     -16.061     -12.072      -4.271       9.357      12.454       7.886       0.210       2.443
      -0.655      -6.174      -7.807      -1.724       0.173      -1.004       3.524      13.487      15.277       7.962
       0.526      -1.134      -1.211      -1.873      -4.186      -7.042      -8.787     -12.554     -13.844     -13.039
     -12.913     -12.422      -9.673      -7.932      -6.255     -11.328     -17.842     -22.449     -24.932     -25.060
     -21.322     -21.991     -25.099     -29.700     -33.477     -32.815     -30.342     -31.968     -34.762     -36.726
     -34.566     -27.237     -16.572      -8.297      -4.436      -7.372     -12.227     -14.489     -18.218     -20.328
     -17.095     -14.867     -13.101     -10.289      -4.809       1.355       6.825       9.257       9.140       8.950
       8.445       7.869       6.810       7.603       9.097       7.106       3.643       1.410       1.089      -0.386
      -2.154      -3.740      -3.863      -4.794      -4.074      -0.588       3.250       4.012       4.159       3.756
       2.206       0.596      -1.436      -2.985      -3.599      -4.483      -5.362      -4.617      -2.844      -1.319
      -0.544       0.146       0.968       1.158      -0.030      -0.878      -0.591      -0.271      -0.400       0.769
       1.737       1.608       0.158      -0.408      -0.152      -0.274      -0.947      -1.057      -1.030      -0.808
      -0.143       0.902       1.710       2.420       2.911       3.057       2.908       2.607       2.008       1.464
       1.360       1.450       1.342       1.051       0.926       0.853       0.756       0.582       0.365       0.147
       0.000       0.000       0.000       0.000       0.000       0.000       0.000       0.000       0.000       0.000
       0.000       0.000       0.000       0.000       0.000       0.000       0.000       0.000       0.000       0.000
       0.000       0.000       0.000       0.000       0.000       0.000       0.000       0.000       0.000       0.000
       0.000       0.000       0.000       0.000       0.000       0.000       0.000       0.000       0.000       0.000
       0.000       0.000       0.000       0.000       0.000       0.000       0.000       0.000       0.000       0.000
       0.000       0.000       0.000       0.000       0.000       0.000       0.000       0.000       0.000       0.000
       0.000       0.000       0.000       0.000       0.000       0.000       0.000       0.000       0.000       0.000
       0.000       0.000       0.000       0.000       0.000       0.000       0.000       0.000       0.000       0.000
       0.000       0.000       0.000       0.000       0.000       0.000       0.000       0.000       0.000       0.000
       0.000       0.000       0.000       0.000       0.000       0.000       0.000       0.000       0.000       0.000
       0.000       0.000       0.000       0.000       0.000       0.000       0.000       0.000       0.000       0.000
       0.000       0.000       0.000       0.000       0.000       0.000       0.000       0.000       0.000       0.000
       0.000       0.000       0.000       0.000       0.000       0.000       0.000       0.000       0.000       0.000
       0.000       0.000       0.000       0.000       0.000       0.000       0.000       0.000       0.000       0.000
       0.000       0.000       0.000       0.000       0.000       0.000       0.000       0.000       0.000       0.000
       0.000       0.000       0.000       0.000       0.000       0.000       0.000       0.000       0.000       0.000
       0.000       0.000       0.000       0.000       0.000       0.000       0.000       0.000       0.000       0.000
       0.000       0.000       0.000       0.000       0.000       0.000       0.000       0.000       0.000       0.000
       0.000       0.000       0.000       0.000       0.000       0.000       0.000       0.000       0.000       0.000
       0.000       0.000       0.000       0.000       0.000       0.000       0.000       0.000       0.000       0.000
       0.000       0.000       0.000       0.000       0.000       0.000       0.000       0.000       0.000       0.000
       0.000       0.000       0.000       0.000       0.000       0.000       0.000       0.000       0.000       0.000
       0.000       0.000       0.000       0.000       0.000       0.000       0.000       0.000       0.000       0.000
       0.000       0.000       0.000       0.000       0.000       0.000       0.000       0.000       0.000       0.000
       0.000       0.000       0.000       0.000       0.000       0.000       0.000       0.000       0.000       0.000
       0.000       0.000       0.000       0.000       0.000       0.000       0.000       0.000       0.000       0.000
       0.000       0.000       0.000       0.000       0.000       0.000       0.000       0.000       0.000       0.000
       0.000       0.000       0.000       0.000       0.000       0.000       0.000       0.000       0.000       0.000
       0.000       0.000       0.000       0.000       0.000       0.000       0.000       0.000       0.000       0.000
       0.000       0.000       0.000       0.000       0.000       0.000       0.000       0.000       0.000       0.000
       0.000       0.000       0.000       0.000       0.000       0.000       0.000       0.000       0.000       0.000
       0.000       0.000       0.000       0.000       0.000       0.000       0.000       0.000       0.000       0.000
       0.000       0.000       0.000       0.000       0.000       0.000       0.000       0.000       0.000       0.000
       0.000       0.000       0.000       0.000       0.000       0.000       0.000       0.000       0.000       0.000
       0.000       0.000       0.000       0.000       0.000       0.000       0.000       0.000       0.000       0.000
       0.000       0.000       0.000       0.000       0.000       0.000       0.000       0.000       0.000       0.000
       0.000       0.000       0.000       0.000       0.000       0.000       0.000       0.000       0.000       0.000
       0.000       0.000       0.000       0.000       0.000       0.000       0.000       0.000       0.000       0.000
       0.000       0.000       0.000       0.000       0.000       0.000       0.000       0.000       0.000       0.000
       0.000       0.000       0.000       0.000       0.000       0.000       0.000       0.000       0.000       0.000
       0.000       0.000       0.000       0.000       0.000       0.000       0.000       0.000       0.000       0.000
       0.000       0.000       0.000       0.000       0.000       0.000       0.000       0.000       0.000       0.000
       0.000       0.000       0.000       0.000       0.000       0.000       0.000       0.000       0.000       0.000
       0.000       0.000       0.000       0.000       0.000       0.000       0.000       0.000       0.000       0.000
       0.000       0.000       0.000       0.000       0.000       0.000       0.000       0.000       0.000       0.000
       0.000       0.000       0.000       0.000       0.000       0.000       0.000       0.000       0.000       0.000
       0.000       0.000       0.000       0.000       0.000       0.000       0.000       0.000       0.000       0.000
       0.000       0.000       0.000       0.000       0.000       0.000       0.000       0.000       0.000       0.000
       0.000       0.000       0.000       0.000       0.000       0.000       0.000       0.000       0.000       0.000
       0.000       0.000       0.000       0.000       0.000       0.000       0.000       0.000       0.000       0.000
       0.000       0.000       0.000       0.000       0.000       0.000       0.000       0.000       0.000       0.000
       0.000       0.000       0.000       0.000       0.000       0.000       0.000       0.000       0.000       0.000
       0.000       0.000       0.000       0.000       0.000       0.000       0.000       0.000       0.000       0.000
       0.000       0.000       0.000       0.000       0.000       0.000       0.000       0.000       0.000       0.000
       0.000       0.000       0.000       0.000       0.000       0.000       0.000       0.000       0.000       0.000
       0.000       0.000       0.000       0.000       0.000       0.000       0.000       0.000       0.000       0.000
       0.000       0.000       0.000       0.000       0.000       0.000       0.000       0.000       0.000       0.000
       0.000       0.000       0.000       0.000       0.000       0.000       0.000       0.000       0.000       0.000
       0.000       0.000       0.000       0.000       0.000       0.000       0.000       0.000