   0.020          -0.1900000E-01
   0.040          -0.1900000E-01
   0.060          -0.1900000E-01
   0.080          -0.2100000E-01
   0.100          -0.1900000E-01
   0.120          -0.1900000E-01
   0.140          -0.2400000E-01
   0.160          -0.2100000E-01
   0.180          -0.1900000E-01
   0.200          -0.1900000E-01
   0.220          -0.1100000E-01
   0.240          -0.1800000E-01
   0.260          -0.1900000E-01
   0.280          -0.2100000E-01
   0.300          -0.2100000E-01
   0.320          -0.2000000E-01
   0.340          -0.2400000E-01
   0.360          -0.3900000E-01
   0.380          -0.2000000E-01
   0.400          -0.2100000E-01
   0.420          -0.1000000E-01
   0.440          -0.1800000E-01
   0.460          -0.1600000E-01
   0.480           0.4700000E-01
   0.500          -0.1800000E-01
   0.520          -0.2100000E-01
   0.540          -0.9500000E-01
   0.560          -0.2200000E-01
   0.580          -0.2200000E-01
   0.600          -0.1250000E+00
   0.620          -0.2100000E-01
   0.640          -0.1700000E-01
   0.660           0.8500000E-01
   0.680           0.1200000E-01
   0.700           0.4000000E-02
   0.720           0.1800000E-01
   0.740          -0.2200000E-01
   0.760          -0.4100000E-01
   0.780          -0.6500000E-01
   0.800          -0.5100000E-01
   0.820          -0.9900000E-01
   0.840          -0.3700000E-01
   0.860          -0.9000000E-02
   0.880           0.4300000E-01
   0.900           0.2000000E-02
   0.920           0.0000000E+00
   0.940           0.1360000E+00
   0.960           0.2900000E-01
   0.980           0.2500000E-01
   1.000           0.2810000E+00
   1.020           0.1500000E-01
   1.040          -0.5000000E-01
   1.060          -0.2980000E+00
   1.080          -0.7600000E-01
   1.100          -0.8600000E-01
   1.120          -0.2150000E+00
   1.140          -0.1800000E-01
   1.160           0.4600000E-01
   1.180           0.4020000E+00
   1.200           0.3000000E-02
   1.220          -0.3300000E-01
   1.240          -0.2990000E+00
   1.260          -0.6400000E-01
   1.280          -0.7700000E-01
   1.300          -0.5330000E+00
   1.320          -0.1110000E+00
   1.340          -0.2700000E-01
   1.360           0.1720000E+00
   1.380           0.9400000E-01
   1.400           0.1150000E+00
   1.420           0.4980000E+00
   1.440           0.9500000E-01
   1.460          -0.1900000E-01
   1.480          -0.4570000E+00
   1.500          -0.1450000E+00
   1.520          -0.1570000E+00
   1.540          -0.7430000E+00
   1.560          -0.2850000E+00
   1.580          -0.3600000E-01
   1.600           0.5270000E+00
   1.620           0.7830000E+00
   1.640           0.2910000E+00
   1.660           0.2830000E+00
   1.680           0.4140000E+00
   1.700          -0.6600000E-01
   1.720          -0.6310000E+00
   1.740          -0.9460000E+00
   1.760          -0.8480000E+00
   1.780          -0.8900000E+00
   1.800          -0.3340000E+00
   1.820          -0.6000000E-01
   1.840          -0.5810000E+00
   1.860          -0.1080000E+01
   1.880          -0.8170000E+00
   1.900          -0.4020000E+00
   1.920          -0.2660000E+00
   1.940          -0.5950000E+00
   1.960          -0.1198000E+01
   1.980          -0.6820000E+00
   2.000          -0.7390000E+00
   2.020          -0.4110000E+00
   2.040           0.1520000E+00
   2.060           0.6040000E+00
   2.080           0.3540000E+00
   2.100           0.2120000E+00
   2.120           0.7420000E+00
   2.140           0.1389000E+01
   2.160           0.5810000E+00
   2.180           0.2600000E+00
   2.200          -0.5780000E+00
   2.220          -0.5160000E+00
   2.240          -0.5150000E+00
   2.260          -0.1167000E+01
   2.280          -0.1620000E+01
   2.300          -0.1280000E+01
   2.320          -0.1239000E+01
   2.340           0.2230000E+00
   2.360          -0.1056000E+01
   2.380          -0.3120000E+00
   2.400           0.8080000E+00
   2.420           0.2800000E-01
   2.440          -0.7500000E-01
   2.460          -0.1272000E+01
   2.480          -0.1915000E+01
   2.500          -0.6860000E+00
   2.520           0.2900000E+00
   2.540           0.9870000E+00
   2.560           0.1332000E+01
   2.580           0.2008000E+01
   2.600           0.2066000E+01
   2.620           0.1288000E+01
   2.640          -0.1440000E+00
   2.660          -0.1018000E+01
   2.680          -0.2071000E+01
   2.700          -0.2269000E+01
   2.720          -0.1058000E+01
   2.740           0.0000000E+00
   2.760           0.1131000E+01
   2.780           0.9060000E+00
   2.800           0.1443000E+01
   2.820           0.2437000E+01
   2.840           0.1364000E+01
   2.860           0.1580000E+00
   2.880          -0.1023000E+01
   2.900          -0.1329000E+01
   2.920          -0.7750000E+00
   2.940          -0.1281000E+01
   2.960          -0.2727000E+01
   2.980          -0.2502000E+01
   3.000          -0.1460000E+01
   3.020          -0.3770000E+00
   3.040           0.2326000E+01
   3.060           0.2876000E+01
   3.080           0.1671000E+01
   3.100           0.1533000E+01
   3.120           0.1175000E+01
   3.140           0.1551000E+01
   3.160           0.8860000E+00
   3.180           0.8440000E+00
   3.200           0.2271000E+01
   3.220           0.2363000E+01
   3.240           0.1974000E+01
   3.260           0.3269000E+01
   3.280           0.1027000E+01
   3.300          -0.1813000E+01
   3.320          -0.2798000E+01
   3.340          -0.2939000E+01
   3.360          -0.2237000E+01
   3.380          -0.2759000E+01
   3.400          -0.3598000E+01
   3.420          -0.2651000E+01
   3.440          -0.4180000E+00
   3.460           0.2022000E+01
   3.480           0.3731000E+01
   3.500           0.3416000E+01
   3.520           0.3260000E+00
   3.540          -0.1103000E+01
   3.560          -0.1015000E+01
   3.580          -0.1510000E+01
   3.600          -0.1205000E+01
   3.620          -0.1552000E+01
   3.640           0.1520000E+00
   3.660           0.2687000E+01
   3.680           0.4177000E+01
   3.700           0.4208000E+01
   3.720           0.2035000E+01
   3.740           0.9030000E+00
   3.760           0.1156000E+01
   3.780           0.1259000E+01
   3.800           0.1326000E+01
   3.820           0.2167000E+01
   3.840           0.3668000E+01
   3.860           0.4600000E+01
   3.880           0.3453000E+01
   3.900           0.2401000E+01
   3.920           0.1943000E+01
   3.940           0.2356000E+01
   3.960           0.1583000E+01
   3.980           0.1270000E+00
   4.000          -0.2378000E+01
   4.020          -0.5032000E+01
   4.040          -0.4855000E+01
   4.060          -0.3534000E+01
   4.080          -0.2363000E+01
   4.100          -0.4170000E+00
   4.120           0.6820000E+00
   4.140           0.5109000E+01
   4.160           0.5350000E+01
   4.180           0.3182000E+01
   4.200           0.1370000E+00
   4.220          -0.4052000E+01
   4.240          -0.1600000E+01
   4.260           0.6350000E+00
   4.280           0.1921000E+01
   4.300           0.5136000E+01
   4.320           0.5773000E+01
   4.340           0.4087000E+01
   4.360           0.2740000E+01
   4.380           0.9260000E+00
   4.400          -0.1127000E+01
   4.420          -0.4545000E+01
   4.440          -0.5858000E+01
   4.460          -0.2392000E+01
   4.480           0.3720000E+01
   4.500           0.3740000E+01
   4.520           0.7280000E+00
   4.540           0.1325000E+01
   4.560          -0.1537000E+01
   4.580          -0.3695000E+01
   4.600          -0.2469000E+01
   4.620          -0.2952000E+01
   4.640          -0.1601000E+01
   4.660          -0.3811000E+01
   4.680          -0.6822000E+01
   4.700          -0.4572000E+01
   4.720          -0.2957000E+01
   4.740          -0.4385000E+01
   4.760          -0.1432000E+01
   4.780           0.7250000E+00
   4.800           0.3548000E+01
   4.820           0.3059000E+01
   4.840           0.1230000E+00
   4.860           0.7030000E+00
   4.880           0.9810000E+00
   4.900          -0.1384000E+01
   4.920          -0.5857000E+01
   4.940          -0.7603000E+01
   4.960          -0.3815000E+01
   4.980           0.6360000E+00
   5.000           0.5814000E+01
   5.020           0.7812000E+01
   5.040           0.1579000E+01
   5.060          -0.4158000E+01
   5.080          -0.5927000E+01
   5.100          -0.5143000E+01
   5.120          -0.3801000E+01
   5.140          -0.6271000E+01
   5.160          -0.8296000E+01
   5.180          -0.5425000E+01
   5.200          -0.2471000E+01
   5.220          -0.7050000E+00
   5.240          -0.4200000E+00
   5.260          -0.2448000E+01
   5.280          -0.1687000E+01
   5.300           0.2902000E+01
   5.320           0.5599000E+01
   5.340           0.4482000E+01
   5.360           0.6387000E+01
   5.380           0.6181000E+01
   5.400           0.5129000E+01
   5.420           0.7156000E+01
   5.440           0.7636000E+01
   5.460           0.7592000E+01
   5.480           0.5954000E+01
   5.500           0.1527000E+01
   5.520          -0.7850000E+00
   5.540           0.1956000E+01
   5.560           0.5827000E+01
   5.580           0.7396000E+01
   5.600           0.3563000E+01
   5.620          -0.3161000E+01
   5.640          -0.8885000E+01
   5.660          -0.9985000E+01
   5.680          -0.5928000E+01
   5.700          -0.4700000E-01
   5.720           0.6716000E+01
   5.740           0.8746000E+01
   5.760           0.9394000E+01
   5.780           0.7825000E+01
   5.800           0.4538000E+01
   5.820           0.4754000E+01
   5.840           0.2411000E+01
   5.860          -0.1931000E+01
   5.880          -0.5965000E+01
   5.900          -0.3571000E+01
   5.920          -0.1164000E+01
   5.940           0.9550000E+00
   5.960           0.2137000E+01
   5.980          -0.2943000E+01
   6.000          -0.2574000E+01
   6.020           0.7250000E+00
   6.040           0.6091000E+01
   6.060           0.1140900E+02
   6.080           0.6151000E+01
   6.100           0.3473000E+01
   6.120           0.5974000E+01
   6.140           0.1495000E+01
   6.160           0.4060000E+00
   6.180          -0.7900000E+00
   6.200          -0.5799000E+01
   6.220          -0.5555000E+01
   6.240          -0.6034000E+01
   6.260          -0.8396000E+01
   6.280          -0.6415000E+01
   6.300          -0.3821000E+01
   6.320          -0.3535000E+01
   6.340          -0.4005000E+01
   6.360          -0.6440000E+01
   6.380          -0.6981000E+01
   6.400          -0.5679000E+01
   6.420          -0.3353000E+01
   6.440           0.6316000E+01
   6.460           0.1267600E+02
   6.480           0.1131000E+02
   6.500           0.9422000E+01
   6.520           0.7450000E+01
   6.540           0.4172000E+01
   6.560          -0.1827000E+01
   6.580          -0.6900000E+01
   6.600          -0.9422000E+01
   6.620          -0.4690000E+01
   6.640           0.8580000E+00
   6.660           0.2409000E+01
   6.680           0.1019000E+01
   6.700          -0.3879000E+01
   6.720          -0.3850000E+01
   6.740          -0.5485000E+01
   6.760          -0.4101000E+01
   6.780          -0.2910000E+00
   6.800           0.1480000E+00
   6.820           0.1331000E+01
   6.840          -0.1000000E-01
   6.860           0.7630000E+00
   6.880           0.3084000E+01
   6.900           0.1927000E+01
   6.920          -0.1677000E+01
   6.940          -0.4864000E+01
   6.960          -0.4147000E+01
   6.980          -0.6295000E+01
   7.000          -0.1257200E+02
   7.020          -0.1537000E+02
   7.040          -0.7833000E+01
   7.060           0.1563000E+01
   7.080           0.6187000E+01
   7.100           0.1148200E+02
   7.120           0.9164000E+01
   7.140           0.3873000E+01
   7.160           0.3575000E+01
   7.180           0.1370000E+01
   7.200          -0.3556000E+01
   7.220          -0.7307000E+01
   7.240          -0.8593000E+01
   7.260          -0.2630000E+00
   7.280           0.4329000E+01
   7.300          -0.5050000E+01
   7.320          -0.1083900E+02
   7.340          -0.8078000E+01
   7.360           0.1957000E+01
   7.380           0.8017000E+01
   7.400           0.4436000E+01
   7.420           0.2593000E+01
   7.440          -0.1957000E+01
   7.460          -0.4400000E+01
   7.480          -0.2961000E+01
   7.500          -0.1845000E+01
   7.520          -0.2100000E+00
   7.540          -0.4829000E+01
   7.560          -0.3989000E+01
   7.580           0.2240000E+01
   7.600           0.1257700E+02
   7.620           0.1671700E+02
   7.640           0.9715000E+01
   7.660           0.7369000E+01
   7.680           0.3618000E+01
   7.700          -0.2570000E+00
   7.720          -0.2884000E+01
   7.740          -0.4500000E+01
   7.760           0.1314000E+01
   7.780           0.1556000E+01
   7.800           0.6710000E+00
   7.820           0.5545000E+01
   7.840           0.1347400E+02
   7.860           0.1923600E+02
   7.880           0.1415600E+02
   7.900          -0.2000000E-01
   7.920          -0.1362200E+02
   7.940          -0.1502100E+02
   7.960          -0.7733000E+01
   7.980           0.5000000E+00
   8.000           0.9936000E+01
   8.020           0.1644500E+02
   8.040           0.1140800E+02
   8.060           0.2657000E+01
   8.080           0.2400000E-01
   8.100           0.5096000E+01
   8.120           0.4376000E+01
   8.140          -0.5973000E+01
   8.160          -0.1090900E+02
   8.180          -0.1201000E+01
   8.200           0.1120700E+02
   8.220           0.7343000E+01
   8.240          -0.2829000E+01
   8.260          -0.6161000E+01
   8.280          -0.1314400E+02
   8.300          -0.1368600E+02
   8.320           0.2310000E+00
   8.340           0.1370000E+02
   8.360           0.2177100E+02
   8.380           0.1407800E+02
   8.400           0.7236000E+01
   8.420           0.8534000E+01
   8.440          -0.3640000E+00
   8.460          -0.1244300E+02
   8.480          -0.1244000E+02
   8.500           0.2530000E+01
   8.520           0.1163200E+02
   8.540           0.1598500E+02
   8.560           0.1431300E+02
   8.580           0.5475000E+01
   8.600          -0.5854000E+01
   8.620          -0.1459000E+02
   8.640          -0.1598300E+02
   8.660          -0.1766200E+02
   8.680          -0.3170000E+01
   8.700           0.1171900E+02
   8.720           0.1907500E+02
   8.740           0.1693200E+02
   8.760           0.3191000E+01
   8.780          -0.5356000E+01
   8.800          -0.1943500E+02
   8.820          -0.2427900E+02
   8.840          -0.1487500E+02
   8.860          -0.1136300E+02
   8.880          -0.5106000E+01
   8.900           0.7416000E+01
   8.920           0.1410100E+02
   8.940           0.5792000E+01
   8.960          -0.9598000E+01
   8.980          -0.1550400E+02
   9.000          -0.1835600E+02
   9.020          -0.1001200E+02
   9.040           0.2678000E+01
   9.060           0.9461000E+01
   9.080           0.1159000E+02
   9.100           0.1788000E+01
   9.120           0.7450000E+01
   9.140           0.1112700E+02
   9.160           0.2680000E+00
   9.180          -0.3680000E+01
   9.200          -0.8230000E+01
   9.220           0.5320000E+00
   9.240           0.1002900E+02
   9.260           0.3408000E+01
   9.280           0.5204000E+01
   9.300           0.5968000E+01
   9.320          -0.6851000E+01
   9.340          -0.6937000E+01
   9.360           0.3176000E+01
   9.380           0.1358300E+02
   9.400           0.1836700E+02
   9.420           0.1080900E+02
   9.440           0.1687000E+01
   9.460          -0.7535000E+01
   9.480          -0.1569700E+02
   9.500          -0.2436200E+02
   9.520          -0.2829200E+02
   9.540          -0.1918800E+02
   9.560          -0.9006000E+01
   9.580          -0.4046000E+01
   9.600           0.2824000E+01
   9.620           0.1428000E+02
   9.640           0.1660400E+02
   9.660           0.7713000E+01
   9.680          -0.5077000E+01
   9.700          -0.7963000E+01
   9.720          -0.3420000E+01
   9.740          -0.2540000E+01
   9.760           0.6890000E+01
   9.780           0.1164700E+02
   9.800           0.2308000E+01
   9.820          -0.1412000E+01
   9.840          -0.1559000E+01
   9.860          -0.3792000E+01
   9.880           0.4560000E+00
   9.900           0.5480000E+01
   9.920           0.1261900E+02
   9.940           0.2419500E+02
   9.960           0.2254200E+02
   9.980           0.1556600E+02
  10.000           0.7266000E+01
  10.020          -0.5332000E+01
  10.040          -0.3966000E+01
  10.060           0.3266000E+01
  10.080           0.5100000E+00
  10.100          -0.7694000E+01
  10.120           0.9000000E+00
  10.140           0.1424200E+02
  10.160          -0.1619000E+01
  10.180          -0.1749500E+02
  10.200          -0.2195500E+02
  10.220          -0.3015200E+02
  10.240          -0.2596800E+02
  10.260          -0.1556600E+02
  10.280           0.5284000E+01
  10.300           0.2688400E+02
  10.320           0.3321600E+02
  10.340           0.2340000E+02
  10.360           0.6843000E+01
  10.380           0.8442000E+01
  10.400           0.5360000E+00
  10.420          -0.1332300E+02
  10.440          -0.9002000E+01
  10.460          -0.1062700E+02
  10.480          -0.2827000E+01
  10.500           0.2751000E+01
  10.520          -0.2531000E+01
  10.540          -0.2707000E+01
  10.560          -0.5012000E+01
  10.580           0.9260000E+00
  10.600           0.7702000E+01
  10.620           0.1306000E+02
  10.640           0.1740300E+02
  10.660           0.1395300E+02
  10.680           0.5542000E+01
  10.700          -0.7481000E+01
  10.720          -0.1053700E+02
  10.740          -0.5384000E+01
  10.760          -0.6272000E+01
  10.780           0.7553000E+01
  10.800           0.2152600E+02
  10.820           0.6997000E+01
  10.840          -0.1698900E+02
  10.860          -0.3073300E+02
  10.880          -0.2734900E+02
  10.900          -0.1765700E+02
  10.920          -0.1050600E+02
  10.940          -0.6575000E+01
  10.960           0.5463000E+01
  10.980           0.2336300E+02
  11.000           0.2929000E+02
  11.020           0.2457800E+02
  11.040           0.1672800E+02
  11.060           0.3325000E+01
  11.080          -0.1283500E+02
  11.100          -0.2493200E+02
  11.120          -0.2620300E+02
  11.140          -0.1088500E+02
  11.160          -0.2980000E+00
  11.180           0.8517000E+01
  11.200           0.1775300E+02
  11.220           0.1468900E+02
  11.240          -0.5783000E+01
  11.260          -0.3319200E+02
  11.280          -0.2765400E+02
  11.300          -0.1165300E+02
  11.320           0.6027000E+01
  11.340           0.1601700E+02
  11.360           0.1579400E+02
  11.380           0.9329000E+01
  11.400          -0.3503000E+01
  11.420           0.1149900E+02
  11.440           0.1389900E+02
  11.460           0.6327000E+01
  11.480           0.2356000E+01
  11.500          -0.2330000E+01
  11.520           0.3408000E+01
  11.540           0.2313000E+01
  11.560          -0.1000000E+01
  11.580           0.2585000E+01
  11.600           0.8234000E+01
  11.620           0.7677000E+01
  11.640           0.9387000E+01
  11.660           0.9860000E+00
  11.680          -0.1838400E+02
  11.700          -0.2862400E+02
  11.720          -0.2424900E+02
  11.740          -0.8665000E+01
  11.760           0.1332000E+01
  11.780           0.5352000E+01
  11.800           0.1306800E+02
  11.820           0.3445000E+01
  11.840          -0.4640000E+01
  11.860          -0.3197000E+01
  11.880          -0.1126400E+02
  11.900          -0.7282000E+01
  11.920           0.9470000E+00
  11.940           0.1758400E+02
  11.960           0.2099900E+02
  11.980          -0.1076800E+02
  12.000          -0.2390100E+02
  12.020          -0.5092000E+01
  12.040           0.5538000E+01
  12.060           0.1161900E+02
  12.080           0.1755500E+02
  12.100          -0.3179000E+01
  12.120          -0.1509600E+02
  12.140          -0.1554200E+02
  12.160          -0.2993900E+02
  12.180          -0.2924100E+02
  12.200          -0.3042000E+01
  12.220           0.1990700E+02
  12.240           0.3436500E+02
  12.260           0.4691500E+02
  12.280           0.3468300E+02
  12.300           0.1638900E+02
  12.320          -0.7222000E+01
  12.340          -0.3966800E+02
  12.360          -0.4484400E+02
  12.380          -0.2509200E+02
  12.400          -0.6294000E+01
  12.420          -0.2008000E+01
  12.440           0.1401900E+02
  12.460           0.1244400E+02
  12.480          -0.5260000E+01
  12.500           0.4532000E+01
  12.520           0.1935000E+02
  12.540           0.2532400E+02
  12.560           0.9980000E+01
  12.580          -0.1117900E+02
  12.600          -0.8645000E+01
  12.620          -0.4689000E+01
  12.640          -0.2548000E+01
  12.660           0.6512000E+01
  12.680           0.1618600E+02
  12.700           0.1241000E+02
  12.720           0.1590900E+02
  12.740           0.1608300E+02
  12.760           0.3135000E+01
  12.780           0.1609000E+01
  12.800           0.1834000E+01
  12.820           0.2502000E+01
  12.840          -0.5386000E+01
  12.860          -0.2701000E+01
  12.880           0.1022400E+02
  12.900          -0.2894000E+01
  12.920          -0.1681800E+02
  12.940          -0.1837000E+02
  12.960          -0.2456900E+02
  12.980          -0.1205100E+02
  13.000           0.1129400E+02
  13.020           0.1042600E+02
  13.040          -0.5259000E+01
  13.060          -0.3100000E+00
  13.080           0.1796200E+02
  13.100           0.2598900E+02
  13.120          -0.1122000E+01
  13.140          -0.3697300E+02
  13.160          -0.2865400E+02
  13.180          -0.9499000E+01
  13.200           0.6938000E+01
  13.220           0.2254800E+02
  13.240           0.3079300E+02
  13.260           0.2404000E+02
  13.280           0.2029000E+01
  13.300          -0.9977000E+01
  13.320          -0.2089600E+02
  13.340          -0.2696200E+02
  13.360          -0.3826900E+02
  13.380          -0.3836600E+02
  13.400          -0.9191000E+01
  13.420           0.7726000E+01
  13.440          -0.1192300E+02
  13.460          -0.2281300E+02
  13.480           0.1478000E+01
  13.500           0.1349700E+02
  13.520           0.2046700E+02
  13.540           0.2266700E+02
  13.560           0.1916200E+02
  13.580           0.1990100E+02
  13.600           0.6220000E+00
  13.620          -0.1845500E+02
  13.640          -0.1724900E+02
  13.660          -0.7810000E+00
  13.680           0.8295000E+01
  13.700          -0.8270000E+00
  13.720           0.2585000E+01
  13.740           0.2511400E+02
  13.760           0.3643100E+02
  13.780           0.2170600E+02
  13.800           0.4396000E+01
  13.820           0.3110000E+01
  13.840           0.4603000E+01
  13.860          -0.9932000E+01
  13.880          -0.2179500E+02
  13.900          -0.2443400E+02
  13.920          -0.2205600E+02
  13.940          -0.6373000E+01
  13.960           0.2909000E+01
  13.980          -0.3105000E+01
  14.000          -0.3094000E+01
  14.020          -0.1298300E+02
  14.040          -0.1954400E+02
  14.060          -0.6628000E+01
  14.080           0.1135800E+02
  14.100           0.1573900E+02
  14.120          -0.2156300E+02
  14.140          -0.3302700E+02
  14.160          -0.2643900E+02
  14.180          -0.2542400E+02
  14.200          -0.1149300E+02
  14.220           0.1053000E+01
  14.240           0.2340700E+02
  14.260           0.4104500E+02
  14.280           0.3348000E+02
  14.300           0.5197000E+01
  14.320          -0.9082000E+01
  14.340          -0.2833200E+02
  14.360          -0.4625600E+02
  14.380          -0.2546900E+02
  14.400          -0.1037000E+01
  14.420           0.2775700E+02
  14.440           0.3460600E+02
  14.460           0.6269000E+01
  14.480          -0.1480100E+02
  14.500          -0.8554000E+01
  14.520          -0.8353000E+01
  14.540          -0.1154500E+02
  14.560          -0.2818000E+01
  14.580          -0.5966000E+01
  14.600          -0.3900000E+01
  14.620           0.5870000E+00
  14.640          -0.1387000E+01
  14.660           0.9964000E+01
  14.680           0.2920000E+02
  14.700           0.2629400E+02
  14.720           0.6342000E+01
  14.740          -0.2926000E+01
  14.760          -0.4793000E+01
  14.780           0.5813000E+01
  14.800           0.2686600E+02
  14.820           0.3283500E+02
  14.840           0.2791600E+02
  14.860          -0.5282000E+01
  14.880          -0.3762300E+02
  14.900          -0.3758900E+02
  14.920          -0.1475600E+02
  14.940           0.2231000E+01
  14.960          -0.2578000E+01
  14.980           0.1947700E+02
  15.000           0.1671700E+02
  15.020           0.9332000E+01
  15.040           0.4967000E+01
  15.060          -0.2829900E+02
  15.080          -0.3302300E+02
  15.100          -0.1757800E+02
  15.120          -0.3445000E+01
  15.140          -0.2861000E+01
  15.160          -0.3413000E+01
  15.180           0.3210000E+01
  15.200           0.8775000E+01
  15.220           0.1070000E+01
  15.240          -0.1064200E+02
  15.260          -0.9661000E+01
  15.280          -0.1504700E+02
  15.300          -0.9986000E+01
  15.320           0.7995000E+01
  15.340           0.2030700E+02
  15.360           0.2590500E+02
  15.380           0.2597000E+02
  15.400           0.4437000E+01
  15.420          -0.9270000E+00
  15.440           0.1266100E+02
  15.460           0.1124000E+01
  15.480           0.2729000E+01
  15.500           0.7843000E+01
  15.520           0.1457400E+02
  15.540           0.3328400E+02
  15.560           0.2787100E+02
  15.580           0.1363200E+02
  15.600           0.8335000E+01
  15.620          -0.8996000E+01
  15.640          -0.3184200E+02
  15.660          -0.3113200E+02
  15.680          -0.1447300E+02
  15.700          -0.2828000E+01
  15.720           0.1554300E+02
  15.740           0.1745200E+02
  15.760           0.5863000E+01
  15.780          -0.1452800E+02
  15.800          -0.3906600E+02
  15.820          -0.2400000E+02
  15.840          -0.3540000E+01
  15.860          -0.4400000E-01
  15.880           0.3535000E+01
  15.900           0.8038000E+01
  15.920           0.5092000E+01
  15.940           0.9705000E+01
  15.960           0.1629000E+02
  15.980           0.7800000E+01
  16.000          -0.4548000E+01
  16.020          -0.2092900E+02
  16.040          -0.2102600E+02
  16.060           0.1706000E+01
  16.080           0.1003300E+02
  16.100          -0.1156700E+02
  16.120          -0.2406300E+02
  16.140          -0.2845000E+01
  16.160           0.1663800E+02
  16.180           0.3366400E+02
  16.200           0.3862500E+02
  16.220          -0.2112000E+01
  16.240          -0.2037700E+02
  16.260          -0.2606000E+01
  16.280          -0.5102000E+01
  16.300           0.7687000E+01
  16.320           0.3037000E+02
  16.340           0.3129300E+02
  16.360           0.1586800E+02
  16.380           0.8620000E+00
  16.400          -0.9321000E+01
  16.420          -0.2385300E+02
  16.440          -0.4137800E+02
  16.460          -0.5601900E+02
  16.480          -0.2626700E+02
  16.500          -0.1219000E+01
  16.520           0.1348000E+01
  16.540           0.8049000E+01
  16.560           0.9114000E+01
  16.580           0.1386400E+02
  16.600           0.1370400E+02
  16.620          -0.7400000E-01
  16.640          -0.3727000E+01
  16.660           0.8710000E+01
  16.680           0.8417000E+01
  16.700           0.3588000E+01
  16.720           0.3260000E+00
  16.740           0.6287000E+01
  16.760           0.7524000E+01
  16.780           0.1267900E+02
  16.800           0.2110400E+02
  16.820           0.6202000E+01
  16.840          -0.1197700E+02
  16.860          -0.1801500E+02
  16.880          -0.8115000E+01
  16.900           0.6999000E+01
  16.920           0.1900600E+02
  16.940           0.1391300E+02
  16.960           0.1101000E+01
  16.980           0.1211700E+02
  17.000           0.3130700E+02
  17.020           0.2181400E+02
  17.040           0.4993000E+01
  17.060          -0.7722000E+01
  17.080          -0.1975000E+02
  17.100           0.3944000E+01
  17.120           0.1581800E+02
  17.140          -0.2750000E+01
  17.160          -0.9704000E+01
  17.180          -0.9532000E+01
  17.200          -0.2683000E+01
  17.220           0.1517900E+02
  17.240           0.1962400E+02
  17.260           0.5554000E+01
  17.280          -0.1507500E+02
  17.300          -0.4059200E+02
  17.320          -0.4384600E+02
  17.340          -0.1785400E+02
  17.360           0.1031200E+02
  17.380           0.6165000E+01
  17.400          -0.5647000E+01
  17.420          -0.2256000E+01
  17.440           0.1210600E+02
  17.460           0.1985000E+02
  17.480          -0.5087000E+01
  17.500          -0.1317300E+02
  17.520          -0.9251000E+01
  17.540          -0.1354500E+02
  17.560          -0.1214400E+02
  17.580          -0.2207000E+01
  17.600           0.9808000E+01
  17.620           0.1434900E+02
  17.640           0.1805100E+02
  17.660           0.1056200E+02
  17.680           0.2354000E+01
  17.700          -0.3610000E+01
  17.720          -0.2761100E+02
  17.740          -0.5343000E+02
  17.760          -0.4154500E+02
  17.780          -0.2519600E+02
  17.800          -0.8277000E+01
  17.820           0.1543200E+02
  17.840           0.1311800E+02
  17.860           0.1219300E+02
  17.880           0.1142100E+02
  17.900           0.2360000E+01
  17.920           0.6720000E+01
  17.940           0.3309700E+02
  17.960           0.3159600E+02
  17.980          -0.7297000E+01
  18.000          -0.3114200E+02
  18.020          -0.4007000E+02
  18.040          -0.1998500E+02
  18.060           0.2203000E+01
  18.080           0.5216000E+01
  18.100           0.1457900E+02
  18.120           0.1799000E+02
  18.140           0.2135000E+02
  18.160           0.1243700E+02
  18.180           0.2501000E+01
  18.200           0.8177000E+01
  18.220          -0.1964000E+01
  18.240          -0.5789000E+01
  18.260           0.2682000E+01
  18.280           0.5753000E+01
  18.300           0.3022500E+02
  18.320           0.4160900E+02
  18.340           0.2081900E+02
  18.360          -0.2250000E+00
  18.380          -0.3069000E+01
  18.400          -0.1095800E+02
  18.420          -0.2728700E+02
  18.440          -0.2688000E+02
  18.460          -0.7228000E+01
  18.480           0.2149000E+01
  18.500           0.3710000E+01
  18.520           0.4170000E+01
  18.540           0.9380000E+00
  18.560           0.1082400E+02
  18.580           0.6811000E+01
  18.600           0.2284000E+01
  18.620           0.1156400E+02
  18.640           0.1211900E+02
  18.660           0.4105000E+01
  18.680           0.8249000E+01
  18.700           0.6270000E+01
  18.720           0.2069000E+01
  18.740           0.3026000E+01
  18.760          -0.1258300E+02
  18.780          -0.8751000E+01
  18.800           0.7743000E+01
  18.820           0.3834000E+01
  18.840          -0.3583000E+01
  18.860          -0.1902000E+02
  18.880          -0.1682800E+02
  18.900           0.1096300E+02
  18.920           0.2494800E+02
  18.940           0.1872100E+02
  18.960          -0.2904000E+01
  18.980          -0.1214000E+02
  19.000          -0.1250400E+02
  19.020          -0.1131900E+02
  19.040           0.5132000E+01
  19.060           0.1013300E+02
  19.080           0.1799200E+02
  19.100           0.2285100E+02
  19.120           0.1161700E+02
  19.140           0.1088100E+02
  19.160           0.1603600E+02
  19.180           0.1814000E+01
  19.200          -0.2229800E+02
  19.220          -0.1921200E+02
  19.240          -0.1562800E+02
  19.260          -0.1550300E+02
  19.280          -0.9857000E+01
  19.300           0.1334800E+02
  19.320           0.2875800E+02
  19.340           0.1049000E+02
  19.360          -0.3725000E+01
  19.380          -0.9774000E+01
  19.400           0.3180000E+00
  19.420           0.1188400E+02
  19.440           0.1001300E+02
  19.460           0.8513000E+01
  19.480           0.5113000E+01
  19.500           0.1539000E+01
  19.520          -0.1766100E+02
  19.540          -0.2655200E+02
  19.560          -0.2773000E+01
  19.580          -0.2972000E+01
  19.600           0.2724000E+01
  19.620           0.1224500E+02
  19.640          -0.3596000E+01
  19.660          -0.1007600E+02
  19.680          -0.1948400E+02
  19.700          -0.3029900E+02
  19.720          -0.2739400E+02
  19.740          -0.1266900E+02
  19.760           0.2145500E+02
  19.780           0.4357500E+02
  19.800           0.2211300E+02
  19.820           0.2413700E+02
  19.840           0.2939600E+02
  19.860           0.1173000E+01
  19.880          -0.4687000E+01
  19.900          -0.3594000E+01
  19.920           0.1730000E+01
  19.940           0.8140000E+00
  19.960          -0.6359000E+01
  19.980          -0.8164000E+01
  20.000          -0.8332000E+01
  20.020          -0.2227400E+02
  20.040          -0.4330700E+02
  20.060          -0.2755500E+02
  20.080           0.1594000E+01
  20.100           0.1938600E+02
  20.120           0.2701000E+02
  20.140           0.2790600E+02
  20.160           0.2029700E+02
  20.180           0.7259000E+01
  20.200          -0.1027500E+02
  20.220          -0.2636900E+02
  20.240          -0.2280400E+02
  20.260          -0.1893900E+02
  20.280          -0.2392100E+02
  20.300          -0.9157000E+01
  20.320          -0.1464000E+01
  20.340          -0.1421300E+02
  20.360          -0.1038000E+01
  20.380           0.2718500E+02
  20.400           0.4194700E+02
  20.420           0.4728400E+02
  20.440           0.3752500E+02
  20.460           0.6060000E+00
  20.480          -0.2156300E+02
  20.500          -0.1809900E+02
  20.520          -0.1313600E+02
  20.540          -0.5968000E+01
  20.560          -0.2080500E+02
  20.580          -0.2863000E+02
  20.600          -0.2111300E+02
  20.620          -0.1796800E+02
  20.640          -0.1457700E+02
  20.660          -0.9040000E+00
  20.680           0.1024300E+02
  20.700          -0.8470000E+00
  20.720          -0.4134000E+01
  20.740          -0.1988200E+02
  20.760          -0.7224000E+01
  20.780           0.1367300E+02
  20.800           0.1214600E+02
  20.820           0.3857500E+02
  20.840           0.3951300E+02
  20.860           0.3350900E+02
  20.880           0.2974400E+02
  20.900           0.1613500E+02
  20.920           0.2105100E+02
  20.940          -0.5188000E+01
  20.960          -0.2806900E+02
  20.980          -0.1898100E+02
  21.000          -0.2490800E+02
  21.020          -0.2092900E+02
  21.040           0.3204000E+01
  21.060           0.9442000E+01
  21.080           0.7665000E+01
  21.100           0.8117000E+01
  21.120           0.1720000E+00
  21.140           0.5361000E+01
  21.160          -0.1033900E+02
  21.180          -0.2182300E+02
  21.200          -0.1702200E+02
  21.220          -0.1795300E+02
  21.240           0.1107900E+02
  21.260           0.1395700E+02
  21.280          -0.5456000E+01
  21.300          -0.9603000E+01
  21.320          -0.3530000E+01
  21.340           0.2860000E+01
  21.360           0.7126000E+01
  21.380           0.1820900E+02
  21.400           0.1323900E+02
  21.420           0.8191000E+01
  21.440          -0.1036400E+02
  21.460           0.1690000E+00
  21.480           0.1973900E+02
  21.500          -0.5121000E+01
  21.520          -0.2279600E+02
  21.540          -0.3073300E+02
  21.560          -0.5884000E+01
  21.580           0.1502600E+02
  21.600           0.2791000E+01
  21.620          -0.9327000E+01
  21.640          -0.1160900E+02
  21.660          -0.6666000E+01
  21.680           0.2038000E+01
  21.700           0.1697200E+02
  21.720          -0.6625000E+01
  21.740          -0.1899200E+02
  21.760          -0.1056700E+02
  21.780          -0.2006100E+02
  21.800           0.3734000E+01
  21.820          -0.2893000E+01
  21.840          -0.2713500E+02
  21.860          -0.1244000E+02
  21.880          -0.1171200E+02
  21.900          -0.1665800E+02
  21.920          -0.7268000E+01
  21.940          -0.8353000E+01
  21.960          -0.8407000E+01
  21.980           0.3510000E+01
  22.000           0.2744000E+01
  22.020           0.1635500E+02
  22.040           0.1521000E+02
  22.060           0.1341700E+02
  22.080           0.2951900E+02
  22.100           0.3622000E+01
  22.120           0.2502000E+01
  22.140           0.1771800E+02
  22.160           0.2153500E+02
  22.180           0.3426000E+02
  22.200           0.3172200E+02
  22.220           0.2041100E+02
  22.240           0.2936000E+01
  22.260          -0.3010000E+01
  22.280          -0.1155600E+02
  22.300          -0.1937000E+02
  22.320          -0.3561300E+02
  22.340          -0.4057700E+02
  22.360          -0.2511100E+02
  22.380          -0.1878300E+02
  22.400           0.1151900E+02
  22.420           0.3045000E+02
  22.440           0.2529300E+02
  22.460           0.1546000E+02
  22.480           0.3778000E+01
  22.500          -0.4790000E+01
  22.520          -0.2222200E+02
  22.540          -0.2895300E+02
  22.560          -0.2662100E+02
  22.580          -0.2405600E+02
  22.600          -0.2679800E+02
  22.620          -0.2285800E+02
  22.640          -0.1088600E+02
  22.660          -0.6051000E+01
  22.680           0.2051900E+02
  22.700           0.3430900E+02
  22.720           0.1826600E+02
  22.740           0.1030200E+02
  22.760          -0.1900800E+02
  22.780          -0.3968100E+02
  22.800          -0.2532900E+02
  22.820          -0.2648600E+02
  22.840          -0.9854000E+01
  22.860           0.2063200E+02
  22.880           0.2073000E+02
  22.900           0.2170200E+02
  22.920           0.3229100E+02
  22.940           0.1587100E+02
  22.960           0.4773000E+01
  22.980           0.6301000E+01
  23.000           0.5316000E+01
  23.020           0.2067400E+02
  23.040           0.5711000E+01
  23.060          -0.1673300E+02
  23.080          -0.1534900E+02
  23.100          -0.3067600E+02
  23.120          -0.3750700E+02
  23.140          -0.2220500E+02
  23.160          -0.1038200E+02
  23.180           0.3952000E+01
  23.200           0.1291200E+02
  23.220           0.1370900E+02
  23.240           0.1331500E+02
  23.260           0.2628000E+01
  23.280           0.2739000E+01
  23.300           0.8564000E+01
  23.320           0.5159000E+01
  23.340          -0.2020000E+01
  23.360          -0.4221000E+01
  23.380           0.1579000E+01
  23.400           0.2702000E+01
  23.420           0.1429900E+02
  23.440           0.2050300E+02
  23.460           0.3918000E+01
  23.480          -0.2183000E+01
  23.500          -0.1262100E+02
  23.520          -0.1969900E+02
  23.540          -0.1240600E+02
  23.560          -0.8150000E+01
  23.580           0.5717000E+01
  23.600           0.4332000E+01
  23.620           0.3085000E+01
  23.640           0.1788300E+02
  23.660           0.2698000E+02
  23.680           0.3073800E+02
  23.700           0.3307500E+02
  23.720           0.2491600E+02
  23.740           0.3216000E+01
  23.760          -0.1247700E+02
  23.780          -0.2540700E+02
  23.800          -0.2138800E+02
  23.820          -0.1898700E+02
  23.840          -0.1774900E+02
  23.860          -0.3563000E+01
  23.880           0.4958000E+01
  23.900          -0.3650000E+00
  23.920          -0.1022100E+02
  23.940          -0.7345000E+01
  23.960          -0.2020000E+01
  23.980           0.1708000E+01
  24.000           0.4960000E+01
  24.020           0.1070000E+01
  24.040           0.4986000E+01
  24.060           0.9914000E+01
  24.080           0.6350000E+00
  24.100          -0.8536000E+01
  24.120          -0.5807000E+01
  24.140           0.9632000E+01
  24.160           0.1134200E+02
  24.180           0.6331000E+01
  24.200           0.1400900E+02
  24.220           0.1513600E+02
  24.240           0.1184800E+02
  24.260           0.5670000E+01
  24.280           0.3323000E+01
  24.300           0.1216000E+02
  24.320           0.6557000E+01
  24.340          -0.1214900E+02
  24.360          -0.1595300E+02
  24.380          -0.1669300E+02
  24.400          -0.1783700E+02
  24.420          -0.6207000E+01
  24.440          -0.1875000E+01
  24.460           0.6368000E+01
  24.480           0.1829700E+02
  24.500           0.8782000E+01
  24.520           0.1282000E+01
  24.540           0.4863000E+01
  24.560          -0.1761300E+02
  24.580          -0.3687900E+02
  24.600          -0.3249700E+02
  24.620          -0.2240500E+02
  24.640           0.8435000E+01
  24.660           0.1841900E+02
  24.680           0.1355100E+02
  24.700           0.1947700E+02
  24.720           0.1461300E+02
  24.740           0.2705000E+01
  24.760          -0.7503000E+01
  24.780          -0.1072000E+02
  24.800          -0.7719000E+01
  24.820          -0.9905000E+01
  24.840          -0.1689100E+02
  24.860          -0.4287000E+01
  24.880           0.1056900E+02
  24.900           0.3790000E+01
  24.920           0.4189000E+01
  24.940           0.1056500E+02
  24.960           0.1020800E+02
  24.980           0.1424400E+02
  25.000           0.4541000E+01
  25.020          -0.1130500E+02
  25.040          -0.1192800E+02
  25.060          -0.1305300E+02
  25.080          -0.1132100E+02
  25.100          -0.1005700E+02
  25.120          -0.6413000E+01
  25.140           0.3693000E+01
  25.160           0.1304800E+02
  25.180           0.3167500E+02
  25.200           0.3918300E+02
  25.220           0.2678200E+02
  25.240           0.5127000E+01
  25.260          -0.1191800E+02
  25.280          -0.1182400E+02
  25.300          -0.7350000E+01
  25.320          -0.1378400E+02
  25.340          -0.8939000E+01
  25.360           0.1456600E+02
  25.380           0.1533000E+02
  25.400           0.6104000E+01
  25.420           0.8510000E+00
  25.440          -0.1134800E+02
  25.460          -0.8162000E+01
  25.480          -0.2182000E+01
  25.500           0.3143000E+01
  25.520           0.1716400E+02
  25.540           0.1716600E+02
  25.560           0.1082600E+02
  25.580           0.1765600E+02
  25.600           0.1567200E+02
  25.620          -0.2039000E+01
  25.640          -0.1277900E+02
  25.660          -0.1543400E+02
  25.680          -0.5356000E+01
  25.700           0.1005400E+02
  25.720           0.1663600E+02
  25.740           0.1556800E+02
  25.760           0.4559000E+01
  25.780          -0.8718000E+01
  25.800          -0.7855000E+01
  25.820          -0.6596000E+01
  25.840          -0.1341300E+02
  25.860          -0.8758000E+01
  25.880          -0.1014000E+01
  25.900           0.3120000E+01
  25.920           0.2423000E+01
  25.940          -0.2370000E+00
  25.960           0.4691000E+01
  25.980          -0.4211000E+01
  26.000          -0.1758600E+02
  26.020          -0.2051600E+02
  26.040          -0.1730900E+02
  26.060          -0.8222000E+01
  26.080          -0.4324000E+01
  26.100          -0.9740000E+00
  26.120           0.1510000E+00
  26.140          -0.4510000E+00
  26.160          -0.1569000E+01
  26.180          -0.3019000E+01
  26.200          -0.7140000E+00
  26.220          -0.7224000E+01
  26.240          -0.6442000E+01
  26.260          -0.2073000E+01
  26.280          -0.3959000E+01
  26.300          -0.1774000E+01
  26.320          -0.2919000E+01
  26.340           0.4950000E+00
  26.360           0.6130000E+01
  26.380           0.1038400E+02
  26.400           0.2128300E+02
  26.420           0.3289100E+02
  26.440           0.3551800E+02
  26.460           0.2430900E+02
  26.480           0.7106000E+01
  26.500          -0.1557000E+01
  26.520          -0.4422000E+01
  26.540          -0.5999000E+01
  26.560          -0.3464000E+01
  26.580           0.8020000E+00
  26.600           0.9330000E+00
  26.620          -0.6861000E+01
  26.640          -0.1588600E+02
  26.660          -0.1640900E+02
  26.680          -0.1850300E+02
  26.700          -0.2356400E+02
  26.720          -0.2236900E+02
  26.740          -0.1376300E+02
  26.760          -0.4146000E+01
  26.780           0.5210000E+00
  26.800           0.7904000E+01
  26.820           0.2866000E+01
  26.840          -0.2920000E+00
  26.860           0.7936000E+01
  26.880           0.7345000E+01
  26.900           0.1786000E+01
  26.920           0.1457000E+01
  26.940           0.1588000E+01
  26.960           0.4603000E+01
  26.980           0.4769000E+01
  27.000          -0.8975000E+01
  27.020          -0.1334000E+02
  27.040          -0.1193100E+02
  27.060          -0.1442100E+02
  27.080          -0.9485000E+01
  27.100          -0.3286000E+01
  27.120           0.6711000E+01
  27.140           0.8422000E+01
  27.160           0.1988000E+01
  27.180           0.7710000E+00
  27.200           0.8780000E+00
  27.220          -0.4290000E+00
  27.240           0.2466000E+01
  27.260           0.1053900E+02
  27.280           0.5627000E+01
  27.300          -0.1576000E+01
  27.320          -0.7175000E+01
  27.340          -0.1142300E+02
  27.360          -0.7491000E+01
  27.380          -0.1338400E+02
  27.400          -0.1402900E+02
  27.420          -0.4144000E+01
  27.440          -0.3295000E+01
  27.460           0.6202000E+01
  27.480           0.1478500E+02
  27.500           0.1146900E+02
  27.520           0.7565000E+01
  27.540           0.5409000E+01
  27.560           0.5315000E+01
  27.580           0.6455000E+01
  27.600           0.7832000E+01
  27.620           0.4175000E+01
  27.640           0.8133000E+01
  27.660           0.1176800E+02
  27.680           0.8200000E+01
  27.700           0.4827000E+01
  27.720          -0.1100000E+01
  27.740          -0.4423000E+01
  27.760          -0.5681000E+01
  27.780          -0.4129000E+01
  27.800          -0.4144000E+01
  27.820          -0.8300000E+01
  27.840          -0.1237700E+02
  27.860          -0.1009200E+02
  27.880          -0.7634000E+01
  27.900          -0.4208000E+01
  27.920           0.8240000E+00
  27.940           0.4519000E+01
  27.960           0.7979000E+01
  27.980          -0.1110000E+00
  28.000          -0.2803000E+01
  28.020          -0.1604000E+01
  28.040          -0.4810000E+01
  28.060          -0.4354000E+01
  28.080          -0.4000000E+01
  28.100          -0.1283000E+01
  28.120           0.2598000E+01
  28.140           0.2392000E+01
  28.160           0.3771000E+01
  28.180           0.6569000E+01
  28.200           0.3565000E+01
  28.220          -0.2650000E+01
  28.240          -0.3329000E+01
  28.260          -0.7026000E+01
  28.280          -0.9709000E+01
  28.300          -0.3014000E+01
  28.320          -0.2161000E+01
  28.340           0.2851000E+01
  28.360           0.1041400E+02
  28.380           0.1058100E+02
  28.400           0.1180900E+02
  28.420           0.8230000E+01
  28.440          -0.3516000E+01
  28.460          -0.8218000E+01
  28.480          -0.1280400E+02
  28.500          -0.1814300E+02
  28.520          -0.1227100E+02
  28.540          -0.4898000E+01
  28.560           0.2211000E+01
  28.580           0.4506000E+01
  28.600          -0.6210000E+00
  28.620           0.2244000E+01
  28.640           0.7884000E+01
  28.660           0.6824000E+01
  28.680           0.6770000E+00
  28.700          -0.1373000E+01
  28.720           0.2043000E+01
  28.740           0.6829000E+01
  28.760           0.6091000E+01
  28.780           0.5370000E+00
  28.800          -0.3242000E+01
  28.820          -0.5812000E+01
  28.840          -0.5450000E+01
  28.860          -0.7690000E+01
  28.880          -0.6093000E+01
  28.900           0.9120000E+00
  28.920           0.7080000E+00
  28.940          -0.1250000E+01
  28.960          -0.2754000E+01
  28.980          -0.4928000E+01
  29.000          -0.1617000E+01
  29.020           0.1735000E+01
  29.040           0.8526000E+01
  29.060           0.1610900E+02
  29.080           0.1652200E+02
  29.100           0.1099000E+02
  29.120           0.6255000E+01
  29.140           0.3610000E+00
  29.160          -0.1451000E+01
  29.180          -0.9960000E+00
  29.200          -0.8036000E+01
  29.220          -0.2002000E+01
  29.240           0.4652000E+01
  29.260          -0.1884000E+01
  29.280          -0.3940000E+00
  29.300           0.1812000E+01
  29.320          -0.9060000E+00
  29.340          -0.2030000E+00
  29.360          -0.2110000E+00
  29.380           0.3083000E+01
  29.400           0.3696000E+01
  29.420           0.8650000E+00
  29.440           0.2140000E+01
  29.460           0.2408000E+01
  29.480          -0.2909000E+01
  29.500          -0.4421000E+01
  29.520           0.8730000E+00
  29.540           0.1798000E+01
  29.560           0.3890000E+00
  29.580           0.1820000E+00
  29.600           0.2550000E+00
  29.620          -0.1372000E+01
  29.640          -0.5549000E+01
  29.660          -0.3747000E+01
  29.680          -0.8480000E+00
  29.700           0.1488000E+01
  29.720           0.4332000E+01
  29.740           0.5011000E+01
  29.760           0.9715000E+01
  29.780           0.1263300E+02
  29.800           0.7859000E+01
  29.820           0.5474000E+01
  29.840           0.6074000E+01
  29.860           0.1790000E+01
  29.880          -0.2422000E+01
  29.900          -0.2971000E+01
  29.920          -0.2032000E+01
  29.940          -0.2015000E+01
  29.960          -0.5511000E+01
  29.980          -0.5850000E+01
  30.000          -0.2489000E+01
  30.020          -0.4979000E+01
  30.040          -0.7002000E+01
  30.060          -0.4994000E+01
  30.080          -0.5362000E+01
  30.100          -0.9049000E+01
  30.120          -0.1134600E+02
  30.140          -0.1380800E+02
  30.160          -0.1003800E+02
  30.180          -0.5010000E+01
  30.200          -0.4483000E+01
  30.220          -0.2105000E+01
  30.240           0.1370000E+01
  30.260           0.3843000E+01
  30.280           0.3862000E+01
  30.300           0.4231000E+01
  30.320           0.3920000E+00
  30.340          -0.4596000E+01
  30.360          -0.2459000E+01
  30.380          -0.2810000E+00
  30.400           0.3230000E+00
  30.420           0.3508000E+01
  30.440           0.4441000E+01
  30.460           0.3797000E+01
  30.480           0.1383000E+01
  30.500          -0.1494000E+01
  30.520          -0.2918000E+01
  30.540          -0.4760000E+01
  30.560          -0.6638000E+01
  30.580          -0.6526000E+01
  30.600          -0.4593000E+01
  30.620          -0.4163000E+01
  30.640          -0.2302000E+01
  30.660           0.4840000E+01
  30.680           0.8342000E+01
  30.700           0.6653000E+01
  30.720           0.8514000E+01
  30.740           0.5865000E+01
  30.760          -0.6270000E+00
  30.780          -0.3790000E+00
  30.800          -0.2055000E+01
  30.820          -0.1885000E+01
  30.840          -0.1641000E+01
  30.860          -0.3152000E+01
  30.880           0.2849000E+01
  30.900           0.6834000E+01
  30.920           0.6465000E+01
  30.940           0.4887000E+01
  30.960           0.4815000E+01
  30.980           0.4816000E+01
  31.000           0.3510000E+01
  31.020           0.1246000E+01
  31.040          -0.2796000E+01
  31.060          -0.8525000E+01
  31.080          -0.9896000E+01
  31.100          -0.8430000E+01
  31.120          -0.4480000E+01
  31.140           0.8770000E+00
  31.160           0.2224000E+01
  31.180           0.5851000E+01
  31.200           0.6912000E+01
  31.220           0.2222000E+01
  31.240          -0.1537000E+01
  31.260          -0.5385000E+01
  31.280          -0.7580000E+01
  31.300          -0.5149000E+01
  31.320          -0.1682000E+01
  31.340           0.3348000E+01
  31.360           0.4778000E+01
  31.380           0.1537000E+01
  31.400          -0.1559000E+01
  31.420          -0.2316000E+01
  31.440          -0.3478000E+01
  31.460          -0.2949000E+01
  31.480           0.1509000E+01
  31.500           0.3376000E+01
  31.520           0.3944000E+01
  31.540           0.2766000E+01
  31.560           0.1640000E+00
  31.580          -0.1571000E+01
  31.600          -0.1377000E+01
  31.620           0.1265000E+01
  31.640           0.1719000E+01
  31.660           0.5147000E+01
  31.680           0.5608000E+01
  31.700           0.4269000E+01
  31.720           0.5409000E+01
  31.740          -0.3380000E+00
  31.760          -0.2645000E+01
  31.780           0.7090000E+00
  31.800           0.2832000E+01
  31.820           0.6658000E+01
  31.840           0.9976000E+01
  31.860           0.9871000E+01
  31.880           0.6999000E+01
  31.900           0.1464000E+01
  31.920          -0.4046000E+01
  31.940          -0.5490000E+01
  31.960          -0.2067000E+01
  31.980          -0.1215000E+01
  32.000           0.2965000E+01
  32.020           0.1020100E+02
  32.040           0.1144900E+02
  32.060           0.1045300E+02
  32.080           0.4403000E+01
  32.100          -0.4629000E+01
  32.120          -0.7923000E+01
  32.140          -0.8456000E+01
  32.160          -0.6676000E+01
  32.180          -0.2720000E+00
  32.200           0.1679000E+01
  32.220           0.2150000E+01
  32.240           0.3778000E+01
  32.260          -0.1311000E+01
  32.280          -0.7249000E+01
  32.300          -0.7043000E+01
  32.320          -0.4822000E+01
  32.340          -0.2202000E+01
  32.360           0.2520000E+00
  32.380          -0.6500000E-01
  32.400          -0.2500000E-01
  32.420           0.2970000E+00
  32.440          -0.8440000E+00
  32.460          -0.2925000E+01
  32.480          -0.4487000E+01
  32.500          -0.1652000E+01
  32.520           0.1579000E+01
  32.540           0.3949000E+01
  32.560           0.3113000E+01
  32.580           0.5160000E+00
  32.600           0.2009000E+01
  32.620           0.2406000E+01
  32.640           0.5300000E+00
  32.660           0.3310000E+00
  32.680           0.9900000E+00
  32.700           0.2030000E+00
  32.720          -0.1668000E+01
  32.740          -0.1878000E+01
  32.760          -0.3511000E+01
  32.780          -0.6528000E+01
  32.800          -0.1169000E+02
  32.820          -0.1533400E+02
  32.840          -0.9582000E+01
  32.860          -0.4837000E+01
  32.880          -0.1911000E+01
  32.900           0.1556000E+01
  32.920           0.2516000E+01
  32.940           0.3288000E+01
  32.960           0.3260000E+01
  32.980           0.1693000E+01
  33.000           0.5200000E-01
  33.020          -0.1900000E+00
  33.040          -0.4600000E-01
  33.060           0.2513000E+01
  33.080           0.4242000E+01
  33.100           0.1267000E+01
  33.120           0.3360000E+00
  33.140          -0.1189000E+01
  33.160          -0.1531000E+01
  33.180           0.1156000E+01
  33.200          -0.2420000E+01
  33.220          -0.5472000E+01
  33.240          -0.7064000E+01
  33.260          -0.8645000E+01
  33.280          -0.2843000E+01
  33.300           0.2924000E+01
  33.320           0.3413000E+01
  33.340           0.5966000E+01
  33.360           0.6881000E+01
  33.380           0.6033000E+01
  33.400           0.5874000E+01
  33.420           0.1535000E+01
  33.440          -0.3160000E+00
  33.460           0.2247000E+01
  33.480           0.1210000E+01
  33.500          -0.2018000E+01
  33.520          -0.3267000E+01
  33.540          -0.3965000E+01
  33.560          -0.3035000E+01
  33.580          -0.1792000E+01
  33.600           0.6550000E+00
  33.620           0.3834000E+01
  33.640           0.3504000E+01
  33.660           0.4570000E+01
  33.680           0.8162000E+01
  33.700           0.8681000E+01
  33.720           0.7013000E+01
  33.740           0.3022000E+01
  33.760          -0.4032000E+01
  33.780          -0.6408000E+01
  33.800          -0.5977000E+01
  33.820          -0.3892000E+01
  33.840           0.1906000E+01
  33.860           0.4713000E+01
  33.880           0.3353000E+01
  33.900           0.2242000E+01
  33.920           0.5100000E+00
  33.940          -0.9050000E+00
  33.960          -0.9930000E+00
  33.980          -0.4800000E+01
  34.000          -0.4525000E+01
  34.020          -0.8490000E+00
  34.040           0.5590000E+00
  34.060           0.4779000E+01
  34.080           0.6763000E+01
  34.100           0.7692000E+01
  34.120           0.8763000E+01
  34.140           0.4192000E+01
  34.160          -0.6080000E+00
  34.180          -0.3534000E+01
  34.200          -0.7583000E+01
  34.220          -0.9217000E+01
  34.240          -0.8469000E+01
  34.260          -0.7304000E+01
  34.280          -0.3539000E+01
  34.300          -0.7320000E+00
  34.320           0.1642000E+01
  34.340           0.4604000E+01
  34.360           0.3274000E+01
  34.380           0.1829000E+01
  34.400           0.1120000E+01
  34.420          -0.6810000E+00
  34.440          -0.2031000E+01
  34.460          -0.4643000E+01
  34.480          -0.5357000E+01
  34.500          -0.2677000E+01
  34.520          -0.2137000E+01
  34.540          -0.1577000E+01
  34.560           0.6800000E-01
  34.580           0.2865000E+01
  34.600           0.6134000E+01
  34.620           0.6076000E+01
  34.640           0.1672000E+01
  34.660          -0.2031000E+01
  34.680          -0.2170000E+01
  34.700          -0.1302000E+01
  34.720          -0.1820000E+00
  34.740           0.1017000E+01
  34.760           0.2356000E+01
  34.780           0.4651000E+01
  34.800           0.7410000E+01
  34.820           0.8820000E+01
  34.840           0.9225000E+01
  34.860           0.4176000E+01
  34.880          -0.2768000E+01
  34.900          -0.6166000E+01
  34.920          -0.8552000E+01
  34.940          -0.7717000E+01
  34.960          -0.6618000E+01
  34.980          -0.5717000E+01
  35.000          -0.2468000E+01
  35.020          -0.2230000E+01
  35.040          -0.2814000E+01
  35.060          -0.3256000E+01
  35.080          -0.4679000E+01
  35.100          -0.4259000E+01
  35.120          -0.3906000E+01
  35.140          -0.1592000E+01
  35.160           0.2905000E+01
  35.180           0.4693000E+01
  35.200           0.3051000E+01
  35.220           0.3166000E+01
  35.240           0.3428000E+01
  35.260           0.2106000E+01
  35.280           0.9620000E+00
  35.300          -0.1549000E+01
  35.320          -0.1884000E+01
  35.340          -0.9970000E+00
  35.360          -0.1132000E+01
  35.380          -0.2186000E+01
  35.400          -0.4517000E+01
  35.420          -0.6012000E+01
  35.440          -0.6976000E+01
  35.460          -0.6130000E+01
  35.480          -0.2684000E+01
  35.500          -0.3930000E+00
  35.520           0.3860000E+00
  35.540           0.1239000E+01
  35.560           0.3640000E+00
  35.580          -0.1135000E+01
  35.600          -0.1503000E+01
  35.620          -0.1968000E+01
  35.640          -0.3232000E+01
  35.660          -0.3628000E+01
  35.680          -0.3761000E+01
  35.700          -0.2504000E+01
  35.720           0.5330000E+00
  35.740           0.1236000E+01
  35.760           0.1659000E+01
  35.780           0.2263000E+01
  35.800           0.1636000E+01
  35.820           0.1773000E+01
  35.840           0.2282000E+01
  35.860           0.3175000E+01
  35.880           0.4153000E+01
  35.900           0.3787000E+01
  35.920           0.3205000E+01
  35.940           0.3127000E+01
  35.960           0.2794000E+01
  35.980           0.2081000E+01
  36.000           0.1377000E+01
  36.020           0.1389000E+01
  36.040           0.1203000E+01
  36.060           0.2850000E+00
  36.080           0.3700000E-01
  36.100          -0.1560000E+00
  36.120          -0.2390000E+00
  36.140          -0.1280000E+00
  36.160           0.4250000E+00
  36.180           0.1216000E+01
  36.200           0.1618000E+01
  36.220           0.1783000E+01
  36.240           0.2088000E+01
  36.260           0.2385000E+01
  36.280           0.1978000E+01
  36.300           0.1860000E+01
  36.320           0.1701000E+01
  36.340           0.1211000E+01
  36.360           0.8280000E+00
  36.380           0.3710000E+00
  36.400           0.9000000E-01
  36.420           0.4400000E-01
  36.440           0.5400000E-01
  36.460           0.5060000E+00
  36.480           0.1221000E+01
  36.500           0.1482000E+01
  36.520           0.1265000E+01
  36.540           0.9480000E+00
  36.560           0.3230000E+00
  36.580          -0.1420000E+00
  36.600          -0.1430000E+00
  36.620          -0.2800000E+00
  36.640          -0.2600000E+00
  36.660          -0.3730000E+00
  36.680          -0.6570000E+00
  36.700          -0.6140000E+00
  36.720          -0.7850000E+00
  36.740          -0.8710000E+00
  36.760          -0.8150000E+00
  36.780          -0.9330000E+00
  36.800          -0.7520000E+00
  36.820          -0.4610000E+00
  36.840          -0.1260000E+00
  36.860           0.1580000E+00
  36.880           0.1980000E+00
  36.900           0.2260000E+00
  36.920           0.2180000E+00
  36.940           0.9400000E-01
  36.960          -0.4000000E-02
  36.980          -0.2000000E-01
  37.000           0.0000000E+00
  37.020           0.0000000E+00
  37.040           0.0000000E+00
  37.060           0.0000000E+00
  37.080           0.0000000E+00
  37.100           0.0000000E+00
  37.120           0.0000000E+00
  37.140           0.0000000E+00
  37.160           0.0000000E+00
  37.180           0.0000000E+00
  37.200           0.0000000E+00
  37.220           0.0000000E+00
  37.240           0.0000000E+00
  37.260           0.0000000E+00
  37.280           0.0000000E+00
  37.300           0.0000000E+00
  37.320           0.0000000E+00
  37.340           0.0000000E+00
  37.360           0.0000000E+00
  37.380           0.0000000E+00
  37.400           0.0000000E+00
  37.420           0.0000000E+00
  37.440           0.0000000E+00
  37.460           0.0000000E+00
  37.480           0.0000000E+00
  37.500           0.0000000E+00
  37.520           0.0000000E+00
  37.540           0.0000000E+00
  37.560           0.0000000E+00
  37.580           0.0000000E+00
  37.600           0.0000000E+00
  37.620           0.0000000E+00
  37.640           0.0000000E+00
  37.660           0.0000000E+00
  37.680           0.0000000E+00
  37.700           0.0000000E+00
  37.720           0.0000000E+00
  37.740           0.0000000E+00
  37.760           0.0000000E+00
  37.780           0.0000000E+00
  37.800           0.0000000E+00
  37.820           0.0000000E+00
  37.840           0.0000000E+00
  37.860           0.0000000E+00
  37.880           0.0000000E+00
  37.900           0.0000000E+00
  37.920           0.0000000E+00
  37.940           0.0000000E+00
  37.960           0.0000000E+00
  37.980           0.0000000E+00
  38.000           0.0000000E+00
  38.020           0.0000000E+00
  38.040           0.0000000E+00
  38.060           0.0000000E+00
  38.080           0.0000000E+00
  38.100           0.0000000E+00
  38.120           0.0000000E+00
  38.140           0.0000000E+00
  38.160           0.0000000E+00
  38.180           0.0000000E+00
  38.200           0.0000000E+00
  38.220           0.0000000E+00
  38.240           0.0000000E+00
  38.260           0.0000000E+00
  38.280           0.0000000E+00
  38.300           0.0000000E+00
  38.320           0.0000000E+00
  38.340           0.0000000E+00
  38.360           0.0000000E+00
  38.380           0.0000000E+00
  38.400           0.0000000E+00
  38.420           0.0000000E+00
  38.440           0.0000000E+00
  38.460           0.0000000E+00
  38.480           0.0000000E+00
  38.500           0.0000000E+00
  38.520           0.0000000E+00
  38.540           0.0000000E+00
  38.560           0.0000000E+00
  38.580           0.0000000E+00
  38.600           0.0000000E+00
  38.620           0.0000000E+00
  38.640           0.0000000E+00
  38.660           0.0000000E+00
  38.680           0.0000000E+00
  38.700           0.0000000E+00
  38.720           0.0000000E+00
  38.740           0.0000000E+00
  38.760           0.0000000E+00
  38.780           0.0000000E+00
  38.800           0.0000000E+00
  38.820           0.0000000E+00
  38.840           0.0000000E+00
  38.860           0.0000000E+00
  38.880           0.0000000E+00
  38.900           0.0000000E+00
  38.920           0.0000000E+00
  38.940           0.0000000E+00
  38.960           0.0000000E+00
  38.980           0.0000000E+00
  39.000           0.0000000E+00
  39.020           0.0000000E+00
  39.040           0.0000000E+00
  39.060           0.0000000E+00
  39.080           0.0000000E+00
  39.100           0.0000000E+00
  39.120           0.0000000E+00
  39.140           0.0000000E+00
  39.160           0.0000000E+00
  39.180           0.0000000E+00
  39.200           0.0000000E+00
  39.220           0.0000000E+00
  39.240           0.0000000E+00
  39.260           0.0000000E+00
  39.280           0.0000000E+00
  39.300           0.0000000E+00
  39.320           0.0000000E+00
  39.340           0.0000000E+00
  39.360           0.0000000E+00
  39.380           0.0000000E+00
  39.400           0.0000000E+00
  39.420           0.0000000E+00
  39.440           0.0000000E+00
  39.460           0.0000000E+00
  39.480           0.0000000E+00
  39.500           0.0000000E+00
  39.520           0.0000000E+00
  39.540           0.0000000E+00
  39.560           0.0000000E+00
  39.580           0.0000000E+00
  39.600           0.0000000E+00
  39.620           0.0000000E+00
  39.640           0.0000000E+00
  39.660           0.0000000E+00
  39.680           0.0000000E+00
  39.700           0.0000000E+00
  39.720           0.0000000E+00
  39.740           0.0000000E+00
  39.760           0.0000000E+00
  39.780           0.0000000E+00
  39.800           0.0000000E+00
  39.820           0.0000000E+00
  39.840           0.0000000E+00
  39.860           0.0000000E+00
  39.880           0.0000000E+00
  39.900           0.0000000E+00
  39.920           0.0000000E+00
  39.940           0.0000000E+00
  39.960           0.0000000E+00
  39.980           0.0000000E+00
  40.000           0.0000000E+00
  40.020           0.0000000E+00
  40.040           0.0000000E+00
  40.060           0.0000000E+00
  40.080           0.0000000E+00
  40.100           0.0000000E+00
  40.120           0.0000000E+00
  40.140           0.0000000E+00
  40.160           0.0000000E+00
  40.180           0.0000000E+00
  40.200           0.0000000E+00
  40.220           0.0000000E+00
  40.240           0.0000000E+00
  40.260           0.0000000E+00
  40.280           0.0000000E+00
  40.300           0.0000000E+00
  40.320           0.0000000E+00
  40.340           0.0000000E+00
  40.360           0.0000000E+00
  40.380           0.0000000E+00
  40.400           0.0000000E+00
  40.420           0.0000000E+00
  40.440           0.0000000E+00
  40.460           0.0000000E+00
  40.480           0.0000000E+00
  40.500           0.0000000E+00
  40.520           0.0000000E+00
  40.540           0.0000000E+00
  40.560           0.0000000E+00
  40.580           0.0000000E+00
  40.600           0.0000000E+00
  40.620           0.0000000E+00
  40.640           0.0000000E+00
  40.660           0.0000000E+00
  40.680           0.0000000E+00
  40.700           0.0000000E+00
  40.720           0.0000000E+00
  40.740           0.0000000E+00
  40.760           0.0000000E+00
  40.780           0.0000000E+00
  40.800           0.0000000E+00
  40.820           0.0000000E+00
  40.840           0.0000000E+00
  40.860           0.0000000E+00
  40.880           0.0000000E+00
  40.900           0.0000000E+00
  40.920           0.0000000E+00
  40.940           0.0000000E+00
  40.960           0.0000000E+00
