        2048     0.02000
      -0.007      -0.007      -0.007      -0.002      -0.007      -0.007       0.013      -0.006      -0.006       0.038
      -0.006      -0.008       0.010       0.087       0.001      -0.017      -0.144      -0.034      -0.016       0.193
       0.023      -0.012       0.118       0.081       0.025       0.131       0.367       0.222       0.023      -0.046
      -0.377      -0.362      -0.055       0.596       0.089      -0.076      -0.353      -0.764      -0.163      -0.101
      -0.501      -0.295      -0.169      -0.605      -0.845      -0.554      -0.995      -1.096      -0.293       0.707
       0.472       0.305       0.768       0.834       0.364       0.711       0.836       0.381       0.771       1.298
       0.494       0.784       1.442       0.621       0.907       2.330       2.049       1.859       2.551       2.170
       1.418       0.763      -0.334      -2.426      -2.808      -1.813      -1.676      -1.550      -1.689      -2.334
      -2.186      -1.299      -1.773      -2.777      -1.669      -1.757      -2.856      -1.865      -1.804      -3.426
      -3.366      -3.290      -4.421      -4.791      -2.729       1.032       2.839       3.040       4.511       4.552
       2.922       2.269       4.669       3.964       2.753       3.425       3.442       3.259       5.068       5.836
       4.500       5.856       6.932       4.312       3.539       5.857       7.436       6.527       4.288       2.266
       4.228       6.852       6.185       0.919      -1.907      -2.808      -6.420      -6.935      -3.648      -5.715
      -9.027      -9.500      -7.455      -8.362      -9.778     -10.088      -8.672      -8.234      -3.910      -2.366
      -3.923      -5.203      -7.902      -9.284      -6.685       0.180       0.754      -1.795      -0.381       5.264
       3.628      -0.462       0.382      -2.586      -6.261      -2.944       2.481       4.157       5.776       6.346
       4.899       6.544       8.349      10.809       8.869       3.768       5.921       9.394       7.911       6.765
       6.408       9.693      14.630      12.319       3.940       0.177       0.932       4.936       2.476      -8.297
     -13.940     -18.110     -18.330     -12.378      -8.698      -9.104     -15.486     -19.350     -12.635      -4.799
       3.386       7.692       3.381      -5.443      -5.397      -0.704      -7.104     -13.621     -12.539     -11.761
      -7.179      -3.936      -3.503       2.936      13.611      19.905      18.526      17.354      10.475      -4.234
     -11.764      -6.117       6.332       9.663       6.363       5.757      -6.073     -15.961     -13.803      -5.487
      -0.232      -6.476      -5.029       1.164      -5.249     -15.370     -20.459     -16.573     -12.641      -9.862
      -3.476       8.161      12.457      23.515      30.282      18.561       2.235      -9.169     -18.883     -18.278
      -3.603      14.073      15.231       4.439       6.540      12.147      10.719       5.939       0.213     -17.987
     -22.973     -11.427      -2.909       7.524      13.715       8.457      -6.778      -5.098       8.224       2.443
      -5.803      -8.612      -8.147       4.162      17.798      19.057       7.249      -3.258      -5.415      -3.994
       5.399      21.669      31.206      17.490      -0.646      -2.070      -1.734      -8.518     -12.783     -15.542
     -23.254     -26.833     -16.342      -1.883      -0.820       3.834      -1.802      -7.075      -5.645      -8.069
      -8.357     -13.249     -15.244     -23.390     -23.932     -11.228       1.607      12.654      13.956      16.699
      13.729      11.094      19.726      22.918      17.700       7.598       3.800      -4.541     -27.005     -34.969
     -22.629      -5.454       8.148      16.288      25.530      39.594      44.404       5.487     -28.996     -30.654
     -21.891     -10.341     -15.723      -6.693       9.562       0.631     -19.247     -30.613     -12.884      13.011
      24.802      34.776      31.289      28.999      35.121      23.499      22.722      15.409      -9.932     -32.246
     -34.317     -14.389      16.004      48.425      43.006      17.997      15.554      24.210      15.327     -15.882
     -31.297     -28.086     -29.986     -15.364       7.709      13.030      19.543       0.727     -33.309     -34.424
     -33.708     -29.040     -18.842     -33.451     -27.230      -1.202      13.082       8.996       1.190      -0.856
      -4.005       5.097      -1.851      26.643      38.393      24.810      37.066      22.831     -15.814     -24.603
     -29.109     -14.425     -14.379      -6.722      26.264      35.805      44.399      49.876      31.665      18.603
       0.709     -25.488     -37.393     -17.134      -3.005      -6.221      19.000      53.563      54.178       1.162
     -27.285     -21.358     -18.846     -30.891     -20.959       9.580      18.104      11.177      -9.601     -43.268
     -28.772     -20.760       0.890      42.225      59.268      44.263      20.167      -6.345     -41.260     -54.833
     -36.596      -3.635      -5.108     -30.192     -27.785     -24.114      -0.315      15.905      31.319      66.412
      64.097      29.979      -5.579     -17.155     -18.737       5.032       8.711     -27.388     -51.253     -23.356
      10.716      -2.791       3.112      25.687       8.064     -14.537      -4.004      25.484      13.306     -20.630
     -37.542     -31.674       8.554      34.061      34.556       2.011     -24.494     -14.912      11.878      17.937
       0.553      31.044      42.913      29.027       5.978     -14.965      -3.659      -8.181     -19.344     -22.229
     -29.833       6.794      27.423      18.073      15.527      -2.623     -29.093     -64.064     -77.798     -51.338
      -6.933      27.063      53.547      45.536      -0.122      -3.189       9.158      15.591      14.903      -9.126
     -29.153      -9.726      34.296      62.804      50.613      29.541      12.398     -17.851     -34.446     -16.538
     -12.575     -35.731     -22.984      -2.636      20.095      20.181      10.530      -1.154      -9.771      -1.544
      20.230      31.489      12.337      10.166      11.510      -1.062      -0.963      -2.470     -28.827     -48.417
     -67.182     -85.007     -69.591     -50.536     -37.361      -3.344      25.638      44.853      41.211      10.571
      18.416      27.249      23.855      21.968      28.981      43.311      16.102     -20.650     -24.627      -1.266
      16.330      19.081       6.856      -0.589      18.104      19.822      -4.730     -30.347     -36.987     -35.603
     -33.946     -38.972     -13.320      18.162       1.723     -14.394       7.156      20.471      -6.700     -20.686
     -22.135     -44.279     -43.454     -15.485       7.899      23.201      30.213      41.767      55.200      20.772
      -8.570     -11.862     -17.235     -24.026     -46.534     -66.312     -68.013     -56.493     -35.892     -27.031
     -11.713      33.089      31.047     -12.627     -13.274       5.550      -5.020     -16.320     -11.711      -2.804
      -2.405       1.256       7.661       9.596      29.277      59.726      32.223     -13.725     -26.481      -8.999
     -16.229     -32.046      -3.559      22.025      24.370      18.476      28.264      37.013      10.418       1.414
     -22.789     -14.846       1.574     -15.063     -40.059     -48.502     -27.336      -9.464       2.570      11.758
       7.448     -16.091     -38.811     -46.159     -26.444     -13.236      -3.104      18.261      25.540      16.928
      14.332      22.078       6.272     -32.936     -25.219      13.054      17.887      12.734      28.886      33.212
      36.256      41.914      30.626      15.003       7.193      27.064      43.740      28.449       9.155     -18.765
     -38.535     -42.867     -31.183     -12.172      -1.023     -17.908     -35.060     -31.308     -14.219       6.349
      -2.236      11.325      48.846      69.126      44.879      31.737      40.102      28.218      -2.926     -36.723
     -42.421     -42.865     -30.949       6.930      47.883      67.349      54.139      40.670      16.965     -29.326
     -40.680      -6.885       6.337       4.484      11.308      16.421      26.846       1.365     -39.136     -42.210
     -20.570      15.065      27.329      33.922      11.214      -1.412       8.640       6.323      12.224      22.137
      26.269      13.869       9.833      32.914      33.360      32.582      36.384       3.294     -41.483     -48.686
      -7.141      12.552      16.215      38.651      39.084      34.633      31.479      31.472      32.267      -6.862
     -36.360     -40.478     -34.027      -3.099      47.939      64.661      38.027      26.359      17.955      -7.106
     -11.079       3.006      26.417       9.108     -22.784     -22.460       0.823      -0.527     -26.922     -53.149
     -53.709     -43.009     -27.005     -26.737     -39.869     -43.979     -39.715     -35.172     -29.432       1.037
      25.700      22.166      -6.375     -37.786     -37.688     -15.399      11.555      20.537      23.240      55.714
      74.663      40.796      23.380      36.352       3.828     -18.246     -17.160     -34.657     -55.218     -59.064
     -46.079     -12.241       3.196       2.319      14.922      22.003       6.693       9.216       7.031      -4.011
      -0.067      -0.116      -6.831       4.558      37.475      51.697      19.881       8.063      17.722      -8.245
      -6.160      30.452      17.447     -10.827      -4.032     -17.418     -36.082     -19.293      17.662      29.021
       0.465     -14.741       8.046      31.090      44.516      43.675      28.200      -8.647     -16.923      -9.338
     -11.938     -16.468     -17.598      -0.997      -5.441      -6.441      18.505      19.755       1.051     -17.524
     -13.453     -11.305       1.684      21.407      30.003      11.107      10.138       6.824     -16.027     -35.921
     -43.415     -39.992     -26.337       5.240      35.058      38.293      26.547      18.472       4.505     -15.197
      -9.380      10.151       1.048     -29.171     -61.266     -77.517     -57.558     -25.686       9.095      32.995
      35.228      26.709      24.673      29.399      37.549      45.655      33.154      29.023      21.407      -2.212
      -2.179      -9.293     -18.225     -18.069     -41.903     -54.611     -46.482     -29.300       3.388      36.576
      36.867      19.392     -11.431     -46.151     -54.183     -36.829     -14.611       1.093      -7.500     -21.316
      -5.933       8.489      -1.962     -31.249     -47.689     -34.464     -16.130      10.819      39.094      55.154
      55.124      20.040     -13.442     -14.987       7.965      21.340      10.149      -3.217     -18.994     -32.115
     -29.228     -27.952     -13.653       1.110      -9.772     -22.824      -5.914      14.968      12.783       1.388
      -1.348       7.106      17.539       8.936       4.736      13.586      21.731      17.576      12.426      16.497
      12.147       2.866     -11.791     -21.733     -10.965      -1.519      -5.893     -16.901      -5.188      18.204
      19.632      17.822      18.082      27.026      36.305      25.054      19.839      11.618     -10.873     -28.689
     -25.723      -9.881      -7.085     -13.289     -13.732       8.931      25.755      21.238      15.391      24.796
      29.249      20.471       9.013      -5.387     -17.035     -32.977     -40.923     -46.024     -56.387     -45.207
     -25.629     -20.514     -20.514      -1.650      15.540       7.368      -0.633       3.414      14.259      11.559
      -7.572     -22.063     -20.515     -11.936       0.210       2.605      -1.392      -4.076      -5.009       4.089
      16.474      37.307      47.831      34.328       9.120       0.106       3.717       4.262       7.952       5.809
      -0.163      -5.780      -2.692      -0.083      -4.190     -10.223     -12.331      -3.934      15.174      30.213
      23.912      13.181      11.950       8.667      -0.992      -5.089       4.220       8.635       0.834      -0.247
       2.028       0.884      -7.270     -16.351     -29.466     -22.007      -7.588      -7.184      -7.457      -8.647
      -3.103       0.172      -4.014     -15.103     -19.259     -10.295       6.447      13.221      10.768      15.169
      14.730      17.983      13.184       9.537      13.729       7.717      -1.941       3.383      13.335      14.843
      13.725       3.187      -7.705      -9.702      -3.041       9.139       5.437       3.213       2.070      -3.590
     -11.662     -14.666     -17.410     -27.090     -22.083     -10.968     -13.072     -24.067     -27.207     -17.361
      -5.866      -1.681      -1.908      -6.076      -7.097      -6.658     -13.211      -7.192       3.497       8.025
      16.401      17.743      17.546      12.392       7.960       8.543      11.286      16.992      24.749      33.054
      31.348      22.250       9.798      -6.917     -13.108     -10.441      -6.371       3.571      10.150       8.260
       0.398      -8.654     -10.819      -7.768      -8.490      -8.533      -0.175       5.204      -1.781      -2.176
       3.429       5.638       2.078       0.582       3.365       4.907       6.722      13.747      20.787      18.420
      16.755      14.828       4.461      -3.910      -6.928      -2.758      -0.742      -0.195      -4.943     -12.178
     -12.749      -2.806       6.930       2.707      -4.420       1.426       9.804      10.157       1.516      -2.469
      -0.720      -4.726      -7.384      -4.762      -1.795       0.524       6.494       5.191       4.799      14.666
      14.901       7.078       5.590       8.375       8.906       2.294      -4.550      -7.182     -13.271     -21.303
     -19.598     -14.338      -8.879      -0.048       1.149      -3.814     -10.008     -15.787     -13.410      -5.186
       0.005       3.853       1.749      -6.118      -4.845      -3.970      -7.986      -5.086      -1.313      -1.660
       2.490       2.659      -0.368       2.099       1.470      -5.453     -12.344     -11.234      -3.559      -2.644
      -8.689     -10.072      -6.497      -6.347      -2.661      -1.531      -7.263     -10.336     -11.126     -12.724
     -11.885      -8.900      -4.138      -2.552      -0.430       6.625       6.642       4.423       6.345       3.573
       1.527       1.734      -0.088      -0.365       1.860       7.793      14.468      16.223      10.782       4.193
       2.788       3.369       6.019       8.810       6.161       3.037       5.586       5.646       5.356       4.430
       3.342       1.983      -4.366      -6.258      -1.114       2.167       4.209       6.863       3.504      -3.468
      -4.672      -2.608      -2.268       0.936       9.872      13.206       9.432       5.823       5.392       3.023
      -2.644      -7.273     -11.700     -12.630      -8.270      -3.358      -2.166       0.055       3.329       3.336
       2.618       6.550       8.826       4.348       1.563       5.020       3.787      -2.562      -8.055     -10.636
     -12.573     -11.442      -7.613      -5.080      -5.870      -5.235       0.848       5.120       7.037       9.935
       7.620       2.588       1.647       1.880      -3.788     -10.787     -14.101     -13.656     -10.822      -6.838
      -3.966      -2.342       0.717       4.073       4.022       0.556      -1.678      -4.404      -8.115      -5.283
       0.447       0.539      -0.865      -3.333      -1.553       0.397       0.835       3.036       7.113      10.902
      11.565      10.647       9.230       5.782       0.976      -5.116      -6.675      -5.439      -3.608      -0.016
       2.436       2.649       0.020      -2.607      -2.213      -4.462      -4.234      -2.815      -3.517      -1.453
       2.666       2.817       1.103       2.279       4.007       5.326       7.844      11.064      12.214      12.069
      13.493      13.604      10.876       6.223       3.931       5.406       4.757       1.612      -2.322      -4.227
      -2.794      -1.714      -2.366      -1.054      -1.618      -3.440      -5.583      -7.731     -10.148     -12.203
     -13.245     -13.170      -9.752      -5.595      -3.085      -2.019      -2.564      -2.943      -2.385      -2.262
      -1.120       2.907       5.232       6.683       6.948       6.461       5.814       5.073       2.664       0.560
       0.094       0.597       1.287       1.757       1.631       1.051       1.100       0.434      -1.859      -2.154
       0.210       1.304       1.109       0.191      -1.075      -0.733      -0.024      -1.267      -3.622      -4.420
      -3.065      -1.088       0.666       0.734      -0.100      -0.633      -0.277       0.130      -0.276      -0.995
      -1.973      -2.839      -3.137      -3.773      -4.224      -3.656      -2.643      -2.561      -2.708      -2.465
      -2.243      -1.665      -0.408       0.483       0.404       0.189       0.243       0.544       1.249       1.911
       1.706       1.049       1.035       1.415       1.559       1.769       1.785       1.586       1.671       1.859
       1.788       1.353       0.939       0.737       0.611       0.578       0.468       0.289       0.326       0.471
       0.407       0.156      -0.076      -0.228      -0.291      -0.263      -0.228      -0.171      -0.074       0.000
       0.000       0.000       0.000       0.000       0.000       0.000       0.000       0.000       0.000       0.000
       0.000       0.000       0.000       0.000       0.000       0.000       0.000       0.000       0.000       0.000
       0.000       0.000       0.000       0.000       0.000       0.000       0.000       0.000       0.000       0.000
       0.000       0.000       0.000       0.000       0.000       0.000       0.000       0.000       0.000       0.000
       0.000       0.000       0.000       0.000       0.000       0.000       0.000       0.000       0.000       0.000
       0.000       0.000       0.000       0.000       0.000       0.000       0.000       0.000       0.000       0.000
       0.000       0.000       0.000       0.000       0.000       0.000       0.000       0.000       0.000       0.000
       0.000       0.000       0.000       0.000       0.000       0.000       0.000       0.000       0.000       0.000
       0.000       0.000       0.000       0.000       0.000       0.000       0.000       0.000       0.000       0.000
       0.000       0.000       0.000       0.000       0.000       0.000       0.000       0.000       0.000       0.000
       0.000       0.000       0.000       0.000       0.000       0.000       0.000       0.000       0.000       0.000
       0.000       0.000       0.000       0.000       0.000       0.000       0.000       0.000       0.000       0.000
       0.000       0.000       0.000       0.000       0.000       0.000       0.000       0.000       0.000       0.000
       0.000       0.000       0.000       0.000       0.000       0.000       0.000       0.000       0.000       0.000
       0.000       0.000       0.000       0.000       0.000       0.000       0.000       0.000       0.000       0.000
       0.000       0.000       0.000       0.000       0.000       0.000       0.000       0.000       0.000       0.000
       0.000       0.000       0.000       0.000       0.000       0.000       0.000       0.000       0.000       0.000
       0.000       0.000       0.000       0.000       0.000       0.000       0.000       0.000       0.000       0.000
       0.000       0.000       0.000       0.000       0.000       0.000       0.000       0.000       0.000       0.000
       0.000       0.000       0.000       0.000       0.000       0.000       0.000       0.000       0.000       0.000
       0.000       0.000       0.000       0.000       0.000       0.000       0.000       0.000       0.000       0.000
       0.000       0.000       0.000       0.000       0.000       0.000       0.000       0.000       0.000       0.000
       0.000       0.000       0.000       0.000       0.000       0.000       0.000       0.000       0.000       0.000
       0.000       0.000       0.000       0.000       0.000       0.000       0.000       0.000       0.000       0.000
       0.000       0.000       0.000       0.000       0.000       0.000       0.000       0.000       0.000       0.000
       0.000       0.000       0.000       0.000       0.000       0.000       0.000       0.000       0.000       0.000
       0.000       0.000       0.000       0.000       0.000       0.000       0.000       0.000       0.000       0.000
       0.000       0.000       0.000       0.000       0.000       0.000       0.000       0.000       0.000       0.000
       0.000       0.000       0.000       0.000       0.000       0.000       0.000       0.000       0.000       0.000
       0.000       0.000       0.000       0.000       0.000       0.000       0.000       0.000       0.000       0.000
       0.000       0.000       0.000       0.000       0.000       0.000       0.000       0.000       0.000       0.000
       0.000       0.000       0.000       0.000       0.000       0.000       0.000       0.000       0.000       0.000
       0.000       0.000       0.000       0.000       0.000       0.000       0.000       0.000       0.000       0.000
       0.000       0.000       0.000       0.000       0.000       0.000       0.000       0.000       0.000       0.000
       0.000       0.000       0.000       0.000       0.000       0.000       0.000       0.000       0.000       0.000
       0.000       0.000       0.000       0.000       0.000       0.000       0.000       0.000       0.000       0.000
       0.000       0.000       0.000       0.000       0.000       0.000       0.000       0.000       0.000       0.000
       0.000       0.000       0.000       0.000       0.000       0.000       0.000       0.000       0.000       0.000
       0.000       0.000       0.000       0.000       0.000       0.000       0.000       0.000       0.000       0.000
       0.000       0.000       0.000       0.000       0.000       0.000       0.000       0.000       0.000       0.000
       0.000       0.000       0.000       0.000       0.000       0.000       0.000       0.000       0.000       0.000
       0.000       0.000       0.000       0.000       0.000       0.000       0.000       0.000       0.000       0.000
       0.000       0.000       0.000       0.000       0.000       0.000       0.000       0.000       0.000       0.000
       0.000       0.000       0.000       0.000       0.000       0.000       0.000       0.000       0.000       0.000
       0.000       0.000       0.000       0.000       0.000       0.000       0.000       0.000       0.000       0.000
       0.000       0.000       0.000       0.000       0.000       0.000       0.000       0.000       0.000       0.000
       0.000       0.000       0.000       0.000       0.000       0.000       0.000       0.000       0.000       0.000
       0.000       0.000       0.000       0.000       0.000       0.000       0.000       0.000       0.000       0.000
       0.000       0.000       0.000       0.000       0.000       0.000       0.000       0.000       0.000       0.000
       0.000       0.000       0.000       0.000       0.000       0.000       0.000       0.000       0.000       0.000
       0.000       0.000       0.000       0.000       0.000       0.000       0.000       0.000       0.000       0.000
       0.000       0.000       0.000       0.000       0.000       0.000       0.000       0.000       0.000       0.000
       0.000       0.000       0.000       0.000       0.000       0.000       0.000       0.000       0.000       0.000
       0.000       0.000       0.000       0.000       0.000       0.000       0.000       0.000       0.000       0.000
       0.000       0.000       0.000       0.000       0.000       0.000       0.000       0.000       0.000       0.000
       0.000       0.000       0.000       0.000       0.000       0.000       0.000       0.000       0.000       0.000
       0.000       0.000       0.000       0.000       0.000       0.000       0.000       0.000       0.000       0.000
       0.000       0.000       0.000       0.000       0.000       0.000       0.000       0.000       0.000       0.000
       0.000       0.000       0.000       0.000       0.000       0.000       0.000       0.000       0.000       0.000
       0.000       0.000       0.000       0.000       0.000       0.000       0.000       0.000