        2048     0.02000
      -0.041      -0.041      -0.041      -0.008      -0.040      -0.041      -0.105      -0.052      -0.049      -0.190
      -0.071      -0.064      -0.372      -0.169      -0.145      -0.863      -0.668      -0.268      -0.063      -0.487
       0.611       0.303       0.523       1.345       0.588       0.483       1.264       0.819       0.804       1.977
       0.941       0.910       2.322       1.337       1.736       4.433       2.461       2.157       5.232       2.416
      -0.705      -4.135      -6.317      -6.400      -7.111      -4.664      -0.459      -3.133      -0.706       2.995
       5.216       7.415       8.943       4.191      -1.636      -4.332      -5.632      -2.055      -4.960      -8.874
      -8.477      -9.685     -14.079     -13.145      -6.485      -9.984     -14.880     -16.435     -15.501     -15.415
      -8.628     -13.075     -16.731     -19.503     -18.941      -9.348     -10.118     -17.167     -16.548     -17.813
     -23.414     -19.355      -9.579     -11.335     -19.527     -17.932      -6.266       4.571      13.137      10.006
       2.050       3.791       8.668      19.125      30.434      26.368      14.728       3.727       0.579       0.225
      12.686      23.859      18.216       9.777       1.865       3.715       2.913       1.039      -4.303      -3.380
       3.733      11.044      14.892      25.610      34.830      42.869      37.783      19.440       2.862     -13.108
     -29.596     -27.149     -32.561     -27.940      -4.163      26.188      57.276      55.789      37.241      -1.307
     -22.909     -22.647     -13.394     -12.306      -8.555       4.082       3.960      -0.798      -8.859      -2.422
      -1.971      -5.115     -23.596     -18.692     -27.137     -50.910     -63.416     -59.047     -56.881     -44.371
     -29.011     -46.582     -53.965     -45.061     -40.811     -18.476       7.650       0.541      -0.889       0.348
       9.748      33.071      32.332       9.399      14.662      36.557      61.728      89.754      59.239      67.990
      79.981      87.896      76.829      64.246      44.832      13.738      12.204      -6.552     -37.083     -28.588
     -14.802       9.757      10.058      48.609      77.878      76.594      50.641      -7.780     -52.313     -38.489
     -41.316     -23.920     -29.817     -75.354    -107.720    -137.958    -105.038     -29.148      -8.439       8.081
      13.942      42.904     105.318     126.668     126.964      69.566      14.893     -49.017     -15.693       1.154
      18.635       7.677      15.440      70.908     106.053      82.220      18.302     -43.911     -66.372     -91.531
     -63.343     -21.752      57.104      66.758      80.190      97.205      65.438      48.521      49.656      39.351
      47.268      32.444      40.636      11.325     -33.262     -36.074     -30.994       4.975      40.741      24.154
      23.006      66.914      73.477      34.867     -37.110     -50.689     -42.201       8.021      90.809      73.576
      60.858      21.657      22.048      63.541      82.194     105.980      56.526      -4.036     -69.087     -72.339
     -19.520     -16.460       0.298     -15.001      -6.639      10.243       9.743       9.440      17.431      23.941
      27.346      31.066       7.481     -52.172    -123.480    -120.108    -114.504     -41.460      -5.203      22.726
      33.778     -22.443     -24.737     -53.158     -12.907      36.078      11.511     -27.110     -30.007     -25.190
     -13.377      14.508      30.635       6.019     -47.931     -66.317     -50.632     -47.581     -30.843      -3.003
      19.579       8.952      31.925      -3.658     -39.149     -84.878     -95.990     -78.502     -34.737      -8.286
      -9.273     -38.983     -11.524      32.115      91.748     137.023      93.397      23.553     -17.633     -28.031
     -60.885    -125.292    -158.041    -108.555     -20.128       2.218      26.545      21.644      27.966      20.218
     -14.669      -7.599      26.001      18.687     -54.004     -94.366     -52.770       4.979       2.471     -11.146
      -0.097     -21.523     -32.617     -32.082      31.456      61.353     109.462      82.150      55.364       8.009
     -14.733      -1.688       5.736      53.759      44.772      30.358      -7.830       0.434      44.587      43.295
      10.728     -23.253      18.621       6.922     -12.040     -64.833     -74.002     -75.865     -92.647     -43.439
     -17.214     -63.551     -58.929       0.595      25.167      -1.217     -71.970     -88.499     -78.909     -33.225
     -51.044     -27.268      18.778      49.067      13.004     -16.055     -19.161      12.466     -14.351     -46.381
     -85.481     -54.355     -11.069      -7.607      52.137      78.864      84.994     119.786     103.187      55.040
       4.435     -43.270     -68.651     -87.149     -50.594     -39.403      -1.476      -2.344      -1.684      50.223
      98.325      96.936      44.882      13.046       5.213     -12.746       1.362      17.064     -17.543     -37.807
     -49.816     -68.743     -78.743     -32.700     -18.581       9.937     -36.721     -51.036      -6.837      31.386
      31.182      22.453       3.157     -31.164     -12.187      39.817      54.430      92.018      71.592      25.229
     -57.143     -89.910     -68.284      -1.742      47.227      68.774      73.427      58.905      47.669      22.882
      -0.845       4.345      -5.594       2.995      20.300       7.813     -18.940     -52.643    -112.822    -158.041
    -145.825     -62.730      -1.110      -9.138       6.743      41.322      72.628      59.879      56.876      25.732
      54.766      28.067     -32.836     -27.230       5.380      20.859       0.918     -30.400     -37.827     -50.708
     -52.282     -70.265    -110.161    -126.678    -103.336     -47.680     -32.171     -59.225     -48.910     -39.467
      -8.952      48.261      93.483     135.503     141.572      82.963      -7.614     -40.905     -59.432     -28.947
      25.644      59.540      41.956      35.248      57.954      45.681      57.558      56.724      66.234      35.371
      31.143      15.701      -3.579     -59.459     -54.713     -36.475     -25.267     -10.202     -27.328     -41.896
     -57.311       0.779      17.100      60.539      53.599      25.655      24.323      -8.517     -52.821     -71.919
     -34.527      30.900      43.336      39.854      67.394      81.234      68.556      46.383      27.876      37.285
      31.865      19.624      16.331     -34.220     -14.583      14.954      12.963      -3.692      -5.141     -26.350
     -17.047     -15.140       5.416     -28.201     -43.480     -81.895    -101.430     -72.094     -11.893      58.159
      88.354      63.778      52.777      47.408      34.175      18.933     -24.866     -45.103     -10.755      35.544
      62.017      52.249      60.042      60.634      52.538      40.298      34.798      33.574      28.011      -2.146
     -44.674     -38.222      -4.351      35.281      74.780      54.362      41.003      38.747      14.990      17.676
      11.405       5.820     -11.611     -34.064     -56.026     -60.460     -58.972     -45.431     -23.227      -0.712
      44.458      54.792      17.192     -19.828     -50.210     -73.666     -96.822     -89.673     -58.597     -46.273
     -66.011     -48.499     -12.493       7.744      35.847      71.177      57.262      50.439      45.027      27.668
      30.476      17.342      14.965      12.008      -5.332      14.237       2.868       0.422     -16.749     -32.212
     -31.974     -43.528     -46.372     -20.646      10.976      14.130      27.265      15.801      20.307      27.761
      33.185      28.548      16.732      21.013      34.708      44.199      23.777      21.748      25.903      34.744
      44.835      39.352      53.822      45.914      53.095      30.168      18.995      -2.733     -11.362     -28.700
     -64.634     -73.952     -72.419     -55.455     -20.180       2.664       7.016      13.339      23.625       9.341
       1.749     -11.845     -18.962     -21.761     -19.105      10.867      22.676      17.406     -14.308     -40.826
     -54.040     -43.650     -31.453     -17.042     -35.125     -31.806     -24.130       2.240      21.441      21.615
      20.247      10.447       6.580       9.246      31.647      23.610      -4.554     -27.805     -39.234     -47.615
     -40.800     -28.176      -9.448     -23.207     -43.531     -60.284     -46.909     -33.102     -19.074      -3.393
       9.332      11.478       7.382      16.535      25.660      28.577      15.392      -3.628      -1.314       9.312
       4.173      -3.630     -31.440     -38.966     -32.692     -26.685     -13.468      -9.355     -22.181     -26.865
     -24.627      -8.660      -1.337      -6.020      -9.041     -14.140      -3.330      13.152      21.320      30.500
      24.524      11.635      19.000      18.806      32.802      36.733      26.290      10.628      -5.884     -21.528
     -23.814     -19.660     -13.201       1.948       2.816      -6.430     -10.809       2.568      25.927      34.877
      34.579      18.786       3.877       0.638      10.874      21.833      13.173      -6.087     -16.210     -19.976
     -13.393     -13.403     -21.745     -39.145     -46.573     -46.786     -29.383     -10.463      -3.107      -2.456
       3.926       3.327       8.613      21.917      30.255      30.421      18.794      -5.419     -11.006      -8.324
      -2.444       0.001     -18.512     -41.921     -49.423     -36.062     -17.992      -3.815       3.414       1.040
       7.332      13.060      19.050      29.932      26.558      25.207      17.128      22.784      20.099      19.729
      17.251       9.217      -1.099     -13.264     -12.553       4.484      12.205      10.473      13.356       9.534
      10.088      24.570      36.105      34.925      37.037      33.453      23.417      18.847      19.879      14.701
       7.953      -0.946      -4.691      -2.913      -0.666       0.733      -4.274     -16.854     -26.072     -24.725
     -11.818      -5.066       0.901      -1.834      -5.885      -4.152      -1.322       6.118       7.183       4.211
       1.235       5.428      12.337      17.934      26.030      21.805      14.261       1.916      -8.033      -6.727
      -0.561       0.938      -7.601     -14.912      -7.537      -1.049       6.729       6.826      -1.131      -2.609
      -1.799       6.110      14.274      14.558      10.742       8.110       5.922       0.731      -7.783     -13.930
     -16.663     -16.522     -12.037       1.908      11.588      16.001      14.771      10.628       8.212       7.757
       7.233      -0.132      -4.417      -1.097       1.005       0.962       0.630      -2.808       0.653       0.120
      -1.988       7.800      11.304       9.790       1.162      -8.889     -15.419     -19.231     -18.541     -12.609
      -8.155      -5.153      -1.642       2.594       8.133       6.962       3.873      -9.079     -20.416     -27.552
     -26.288     -25.921     -30.383     -38.042     -37.484     -32.151     -26.629     -18.937     -10.475      -4.646
      -2.749      -1.472       4.740       9.328       5.277      -3.501      -7.948      -6.969      -2.811       3.864
       7.540       8.146       4.904       4.890       8.855       7.941       6.263       3.191       1.006      -0.881
       3.501       8.561       8.645       7.245       7.982       7.821       8.035       7.915      10.445      13.878
      13.716      12.409      11.501       8.099       4.132       1.986       0.876      -1.480      -5.833      -6.102
      -4.360      -1.922      -1.313      -1.134      -0.205       2.433       6.124      10.252      12.787      11.568
       9.060       6.329       4.185       2.662       1.055      -0.224      -1.676      -4.265      -4.582      -4.508
      -5.388      -6.323      -6.683      -7.258      -7.844      -7.300      -4.797      -2.979      -2.248      -2.205
      -2.436      -3.207      -3.308      -3.455      -3.657      -4.072      -4.826      -4.849      -4.385      -4.064
      -3.818      -3.346      -3.641      -4.119      -3.698      -2.762      -1.832      -0.955      -0.141       0.264
       0.215       0.347       0.668       1.021       0.907       0.758       0.548       0.449       0.517       0.569
       0.476       0.273       0.097       0.000       0.000       0.000       0.000       0.000       0.000       0.000
       0.000       0.000       0.000       0.000       0.000       0.000       0.000       0.000       0.000       0.000
       0.000       0.000       0.000       0.000       0.000       0.000       0.000       0.000       0.000       0.000
       0.000       0.000       0.000       0.000       0.000       0.000       0.000       0.000       0.000       0.000
       0.000       0.000       0.000       0.000       0.000       0.000       0.000       0.000       0.000       0.000
       0.000       0.000       0.000       0.000       0.000       0.000       0.000       0.000       0.000       0.000
       0.000       0.000       0.000       0.000       0.000       0.000       0.000       0.000       0.000       0.000
       0.000       0.000       0.000       0.000       0.000       0.000       0.000       0.000       0.000       0.000
       0.000       0.000       0.000       0.000       0.000       0.000       0.000       0.000       0.000       0.000
       0.000       0.000       0.000       0.000       0.000       0.000       0.000       0.000       0.000       0.000
       0.000       0.000       0.000       0.000       0.000       0.000       0.000       0.000       0.000       0.000
       0.000       0.000       0.000       0.000       0.000       0.000       0.000       0.000       0.000       0.000
       0.000       0.000       0.000       0.000       0.000       0.000       0.000       0.000       0.000       0.000
       0.000       0.000       0.000       0.000       0.000       0.000       0.000       0.000       0.000       0.000
       0.000       0.000       0.000       0.000       0.000       0.000       0.000       0.000       0.000       0.000
       0.000       0.000       0.000       0.000       0.000       0.000       0.000       0.000       0.000       0.000
       0.000       0.000       0.000       0.000       0.000       0.000       0.000       0.000       0.000       0.000
       0.000       0.000       0.000       0.000       0.000       0.000       0.000       0.000       0.000       0.000
       0.000       0.000       0.000       0.000       0.000       0.000       0.000       0.000       0.000       0.000
       0.000       0.000       0.000       0.000       0.000       0.000       0.000       0.000       0.000       0.000
       0.000       0.000       0.000       0.000       0.000       0.000       0.000       0.000       0.000       0.000
       0.000       0.000       0.000       0.000       0.000       0.000       0.000       0.000       0.000       0.000
       0.000       0.000       0.000       0.000       0.000       0.000       0.000       0.000       0.000       0.000
       0.000       0.000       0.000       0.000       0.000       0.000       0.000       0.000       0.000       0.000
       0.000       0.000       0.000       0.000       0.000       0.000       0.000       0.000       0.000       0.000
       0.000       0.000       0.000       0.000       0.000       0.000       0.000       0.000       0.000       0.000
       0.000       0.000       0.000       0.000       0.000       0.000       0.000       0.000       0.000       0.000
       0.000       0.000       0.000       0.000       0.000       0.000       0.000       0.000       0.000       0.000
       0.000       0.000       0.000       0.000       0.000       0.000       0.000       0.000       0.000       0.000
       0.000       0.000       0.000       0.000       0.000       0.000       0.000       0.000       0.000       0.000
       0.000       0.000       0.000       0.000       0.000       0.000       0.000       0.000       0.000       0.000
       0.000       0.000       0.000       0.000       0.000       0.000       0.000       0.000       0.000       0.000
       0.000       0.000       0.000       0.000       0.000       0.000       0.000       0.000       0.000       0.000
       0.000       0.000       0.000       0.000       0.000       0.000       0.000       0.000       0.000       0.000
       0.000       0.000       0.000       0.000       0.000       0.000       0.000       0.000       0.000       0.000
       0.000       0.000       0.000       0.000       0.000       0.000       0.000       0.000       0.000       0.000
       0.000       0.000       0.000       0.000       0.000       0.000       0.000       0.000       0.000       0.000
       0.000       0.000       0.000       0.000       0.000       0.000       0.000       0.000       0.000       0.000
       0.000       0.000       0.000       0.000       0.000       0.000       0.000       0.000       0.000       0.000
       0.000       0.000       0.000       0.000       0.000       0.000       0.000       0.000       0.000       0.000
       0.000       0.000       0.000       0.000       0.000       0.000       0.000       0.000       0.000       0.000
       0.000       0.000       0.000       0.000       0.000       0.000       0.000       0.000       0.000       0.000
       0.000       0.000       0.000       0.000       0.000       0.000       0.000       0.000       0.000       0.000
       0.000       0.000       0.000       0.000       0.000       0.000       0.000       0.000       0.000       0.000
       0.000       0.000       0.000       0.000       0.000       0.000       0.000       0.000       0.000       0.000
       0.000       0.000       0.000       0.000       0.000       0.000       0.000       0.000       0.000       0.000
       0.000       0.000       0.000       0.000       0.000       0.000       0.000       0.000       0.000       0.000
       0.000       0.000       0.000       0.000       0.000       0.000       0.000       0.000       0.000       0.000
       0.000       0.000       0.000       0.000       0.000       0.000       0.000       0.000       0.000       0.000
       0.000       0.000       0.000       0.000       0.000       0.000       0.000       0.000       0.000       0.000
       0.000       0.000       0.000       0.000       0.000       0.000       0.000       0.000       0.000       0.000
       0.000       0.000       0.000       0.000       0.000       0.000       0.000       0.000       0.000       0.000
       0.000       0.000       0.000       0.000       0.000       0.000       0.000       0.000       0.000       0.000
       0.000       0.000       0.000       0.000       0.000       0.000       0.000       0.000       0.000       0.000
       0.000       0.000       0.000       0.000       0.000       0.000       0.000       0.000       0.000       0.000
       0.000       0.000       0.000       0.000       0.000       0.000       0.000       0.000       0.000       0.000
       0.000       0.000       0.000       0.000       0.000       0.000       0.000       0.000       0.000       0.000
       0.000       0.000       0.000       0.000       0.000       0.000       0.000       0.000       0.000       0.000
       0.000       0.000       0.000       0.000       0.000       0.000       0.000       0.000       0.000       0.000
       0.000       0.000       0.000       0.000       0.000       0.000       0.000       0.000       0.000       0.000
       0.000       0.000       0.000       0.000       0.000       0.000       0.000       0.000       0.000       0.000
       0.000       0.000       0.000       0.000       0.000       0.000       0.000       0.000       0.000       0.000
       0.000       0.000       0.000       0.000       0.000       0.000       0.000       0.000       0.000       0.000
       0.000       0.000       0.000       0.000       0.000       0.000       0.000       0.000       0.000       0.000
       0.000       0.000       0.000       0.000       0.000       0.000       0.000       0.000       0.000       0.000
       0.000       0.000       0.000       0.000       0.000       0.000       0.000       0.000       0.000       0.000
       0.000       0.000       0.000       0.000       0.000       0.000       0.000       0.000       0.000       0.000
       0.000       0.000       0.000       0.000       0.000       0.000       0.000       0.000       0.000       0.000
       0.000       0.000       0.000       0.000       0.000       0.000       0.000       0.000       0.000       0.000
       0.000       0.000       0.000       0.000       0.000       0.000       0.000       0.000       0.000       0.000
       0.000       0.000       0.000       0.000       0.000       0.000       0.000       0.000       0.000       0.000
       0.000       0.000       0.000       0.000       0.000       0.000       0.000       0.000       0.000       0.000
       0.000       0.000       0.000       0.000       0.000       0.000       0.000       0.000       0.000       0.000
       0.000       0.000       0.000       0.000       0.000       0.000       0.000       0.000       0.000       0.000
       0.000       0.000       0.000       0.000       0.000       0.000       0.000       0.000       0.000       0.000
       0.000       0.000       0.000       0.000       0.000       0.000       0.000       0.000       0.000       0.000
       0.000       0.000       0.000       0.000       0.000       0.000       0.000       0.000       0.000       0.000
       0.000       0.000       0.000       0.000       0.000       0.000       0.000       0.000       0.000       0.000
       0.000       0.000       0.000       0.000       0.000       0.000       0.000       0.000       0.000       0.000
       0.000       0.000       0.000       0.000       0.000       0.000       0.000       0.000       0.000       0.000
       0.000       0.000       0.000       0.000       0.000       0.000       0.000       0.000       0.000       0.000
       0.000       0.000       0.000       0.000       0.000       0.000       0.000       0.000       0.000       0.000
       0.000       0.000       0.000       0.000       0.000       0.000       0.000       0.000       0.000       0.000
       0.000       0.000       0.000       0.000       0.000       0.000       0.000       0.000       0.000       0.000
       0.000       0.000       0.000       0.000       0.000       0.000       0.000       0.000       0.000       0.000
       0.000       0.000       0.000       0.000       0.000       0.000       0.000       0.000       0.000       0.000
       0.000       0.000       0.000       0.000       0.000       0.000       0.000       0.000       0.000       0.000
       0.000       0.000       0.000       0.000       0.000       0.000       0.000       0.000       0.000       0.000
       0.000       0.000       0.000       0.000       0.000       0.000       0.000       0.000       0.000       0.000
       0.000       0.000       0.000       0.000       0.000       0.000       0.000       0.000       0.000       0.000
       0.000       0.000       0.000       0.000       0.000       0.000       0.000       0.000       0.000       0.000
       0.000       0.000       0.000       0.000       0.000       0.000       0.000       0.000       0.000       0.000
       0.000       0.000       0.000       0.000       0.000       0.000       0.000       0.000       0.000       0.000
       0.000       0.000       0.000       0.000       0.000       0.000       0.000       0.000       0.000       0.000
       0.000       0.000       0.000       0.000       0.000       0.000       0.000       0.000       0.000       0.000
       0.000       0.000       0.000       0.000       0.000       0.000       0.000       0.000       0.000       0.000
       0.000       0.000       0.000       0.000       0.000       0.000       0.000       0.000       0.000       0.000
       0.000       0.000       0.000       0.000       0.000       0.000       0.000       0.000       0.000       0.000
       0.000       0.000       0.000       0.000       0.000       0.000       0.000       0.000       0.000       0.000
       0.000       0.000       0.000       0.000       0.000       0.000       0.000       0.000       0.000       0.000
       0.000       0.000       0.000       0.000       0.000       0.000       0.000       0.000       0.000       0.000
       0.000       0.000       0.000       0.000       0.000       0.000       0.000       0.000