        4096     0.02000
       0.006       0.006       0.006       0.006       0.006       0.006       0.008       0.006       0.006       0.003
       0.006       0.006      -0.000       0.006       0.006      -0.004       0.006       0.006       0.014       0.006
       0.006       0.017       0.007       0.007       0.032       0.026       0.007       0.003      -0.014      -0.006
      -0.007      -0.006       0.012       0.019       0.018       0.013       0.022       0.019       0.013       0.024
       0.025       0.020       0.047       0.089       0.010      -0.003      -0.047      -0.007      -0.008      -0.077
      -0.014      -0.017      -0.116      -0.052      -0.013       0.123       0.097       0.117       0.085       0.163
       0.103       0.088       0.006       0.003      -0.080      -0.074      -0.069      -0.063      -0.047      -0.059
      -0.079      -0.106      -0.185      -0.234      -0.082       0.004       0.135       0.107       0.093       0.211
       0.244       0.214       0.309       0.199       0.269       0.077      -0.041      -0.183      -0.214      -0.185
      -0.235      -0.329      -0.243      -0.059       0.148       0.232       0.174       0.242       0.439       0.291
       0.083      -0.162      -0.286      -0.191      -0.218      -0.393      -0.221      -0.248      -0.512      -0.492
      -0.413      -0.550      -0.238       0.086       0.372       0.505       0.613       0.599       0.604       0.273
      -0.168      -0.422      -0.398      -0.281      -0.487      -0.699      -0.382      -0.049       0.293       0.498
       0.399       0.454       0.792       0.663       0.637       0.828       0.691       0.467       0.276      -0.091
      -0.509      -0.442      -0.290       0.339       0.892       0.726       0.235      -0.163      -0.352      -0.102
       0.355       0.771       0.725       0.047      -0.273      -0.697      -1.092      -1.080      -0.845      -0.660
      -0.738      -0.809      -0.657      -0.735      -0.326      -0.017       0.406       0.637       0.231      -0.692
      -1.022      -0.833      -0.595      -0.419      -0.704      -0.609       0.028       0.128       0.273       0.585
      -0.171      -0.463       0.066       0.823       0.994       1.246       1.566       1.500       1.270       0.695
      -0.027       0.075       0.696       0.264      -0.204      -0.125       0.228       0.075      -0.098       0.101
       0.287      -0.027      -1.110      -1.494      -0.439       0.880       1.742       1.908       1.135      -0.076
      -0.279      -0.398      -1.087      -1.059      -1.136      -1.018      -1.867      -1.386      -1.463      -1.823
      -2.177      -2.074      -1.628      -1.276      -0.016       1.047       2.154       2.330       2.140       1.039
      -0.133       0.004       0.428      -0.097      -0.000       0.444       0.702      -0.407      -1.026      -0.211
       0.976       0.997       0.947       1.808       2.461       1.885       1.140       1.249       0.638       0.825
       1.314      -0.152      -1.713      -2.301      -2.327      -1.330      -1.569      -1.938      -2.096      -0.640
       1.671       2.857       2.596       1.351      -0.100      -0.219      -0.281      -2.067      -2.768      -1.932
      -0.496       0.523       1.009      -0.652      -2.856      -3.107      -1.416      -0.273       0.791       0.168
      -1.145      -0.923       0.629       1.560       0.573      -0.279       0.748       1.798       2.017       0.827
       0.716       1.948       2.428       1.160       1.538       2.193       1.176       1.094      -0.100      -0.973
      -0.913       1.241       1.349       0.302      -0.881       0.700       1.861       2.234       1.821       0.273
      -0.686       0.257       1.360      -0.254      -2.316      -2.657      -3.694      -2.014       0.071       0.424
      -0.841      -2.836      -1.753      -1.147      -0.602       1.524       1.927      -0.085      -1.724      -2.804
      -4.906      -4.547      -1.709       0.139      -0.323      -0.466      -1.806      -4.081      -3.807      -2.486
      -0.669      -0.591       0.587       0.683       2.036       3.080       3.243       1.852       2.484       2.145
       1.308      -1.294      -0.609       1.366       4.628       5.583       3.075       0.803      -0.014       2.413
       4.247       3.446       0.701      -0.701      -0.936       0.165      -1.741      -3.039      -4.735      -2.886
      -2.378      -1.855       0.379       2.451       3.669       3.689       3.377      -0.296      -3.679      -3.956
      -0.694       2.541       3.648       0.052      -3.129      -5.030      -4.738      -4.688      -5.078      -3.830
      -1.778       2.826       4.427       3.766       0.970      -1.907      -1.205       2.067       1.237       2.163
       3.864       1.287      -1.416      -1.509      -3.047      -1.945      -3.171      -4.705      -2.446      -1.785
       0.362       3.701       4.401       3.303       4.309       2.785       3.949       3.489       1.317       2.224
       0.740      -2.171      -1.744      -1.291      -5.127      -3.811      -0.527       1.222       1.643       1.045
       1.317       0.214       1.530      -0.694      -0.304       2.262       2.177       0.300      -2.146      -5.211
      -2.496      -0.680       1.139      -1.038      -1.291      -2.909      -3.102      -1.724      -2.559       1.720
       4.643       5.301       3.200      -0.660      -0.030       3.790       4.463      -0.909      -4.747      -3.902
      -1.114      -2.425      -1.200       1.673      -0.852      -3.598      -1.562       1.589       0.175       3.014
       5.062       3.953       0.084      -2.131       0.141      -0.617       4.520      10.013      10.311       5.517
       0.373      -3.492      -4.792      -4.278      -4.410      -2.122      -4.037      -1.009      -2.587      -1.684
       0.822       2.278       1.913       0.085      -3.219      -6.422      -3.805      -7.499      -7.982      -7.036
      -5.010      -6.191      -4.041      -0.551       3.076       4.023       8.836      10.548       6.611      -2.398
      -5.781      -5.801      -1.873       3.575       9.228       9.232       5.048       4.001       2.994      -2.895
      -1.959      -0.031      -2.531      -4.393      -0.969      -0.613       0.128       5.159       7.465       2.512
      -3.544      -3.933       0.626       2.193      -0.422       1.472      -1.833     -10.634     -12.335      -6.534
       2.159       8.574      13.256       9.084       5.704       6.919       3.941      -0.896      -4.739      -5.585
      -0.949      -0.152      -4.047      -8.012     -10.831     -10.815      -8.914      -1.833       4.626       5.936
       1.070       3.365       1.366       0.428      -0.479      -1.415       2.794       1.954       4.687       7.958
       3.811       3.623       6.015       5.132       0.016      -6.858      -6.570      -3.765      -6.505      -4.107
       3.968       6.990       3.275      -6.661     -10.028     -12.106      -9.107      -0.960       5.356       7.672
      11.020       8.487      -0.084      -8.854      -6.870      -4.254       3.453       7.563       2.248      -6.267
      -9.546      -6.573      -0.160       1.215       1.816       8.493       7.927      10.242       9.507       4.234
      -3.492      -6.930      -1.605       0.729      -1.811      -1.336      -6.181     -10.688      -8.413      -5.729
      -2.264       6.198      10.992       7.915       3.070       5.671       2.796      -2.856      -0.041      -2.447
      -5.372       1.874      12.748      18.079      12.181       4.123      -4.586      -4.529      -8.935      -7.646
      -1.551       0.098      -2.120      -2.282       2.867      -2.762      -2.752       0.229      -5.213     -14.022
     -17.754     -14.235      -4.070       6.991      15.775      17.307      17.628       6.420      -0.191       2.307
      -0.524      -7.962      -6.341      -6.781     -10.818     -12.199     -15.074     -10.124      -0.256      14.082
      18.651      14.449       5.398       2.375       6.177      -1.755      -5.307      -6.239      -4.681      -2.447
       2.505      11.969       8.502       5.511      -4.152     -15.014     -14.309      -8.749      -1.203      -4.247
       1.395      11.198      17.241       8.393       3.657      -1.127      -7.148      -7.889      -3.715       0.879
      -5.550      -6.947      -0.408       3.518       7.992       1.095      -4.027      -6.559      -8.318      -6.423
      -7.532      -5.102     -14.915     -11.914      -0.891      12.345      19.658      19.152      10.972       8.660
       0.392      -7.266      -1.203       4.335      -0.039      -8.126     -12.116      -3.206       7.046       7.392
      13.001      13.374       0.298      -5.457     -13.354      -8.906       4.196      12.694      12.199       7.478
      10.650       5.655      -2.093      -2.776      -4.279       0.915      -2.979      -6.504     -16.733     -21.378
     -10.946      -2.936       5.957       0.654       2.603       1.843       8.574      12.501       2.745      -9.222
      -8.197     -11.221     -12.070      -8.951      -0.900       7.817      18.394      20.284       6.670      -7.586
     -18.767     -21.222     -14.587       1.301       6.642       4.212       5.317      -2.655      -3.831       1.342
      12.562      19.156      13.365      12.169      13.680      -0.452     -12.900     -18.574     -17.178      -9.843
       0.862       7.266      14.112      11.226       0.797      -3.520      -7.796       0.217      -0.472      -1.026
       0.549      -4.497       2.660       4.954       7.613      -0.006      -6.089     -10.915      -9.801      -5.239
       0.417       0.814       3.670       1.296      -4.198      -3.340     -10.011      -1.773      -0.038       8.601
      18.874      16.007       2.592      -5.149     -11.729      -3.493       2.317      -1.367       2.638       7.094
      -1.689       3.249      -0.856      -5.710      -0.526       2.853      -2.691      -1.598      -0.220      -1.516
       4.321       4.709       7.182       6.335       6.118      -4.544      -0.454       3.247      -2.901     -11.274
      -7.167     -11.619      -9.183      -3.021       6.520      12.227       5.481       1.842       5.287      13.377
       7.520      -5.593     -17.539     -22.494     -17.757      -2.231      13.086      22.385      20.881      10.101
      -4.250     -17.221     -21.388     -11.047       1.096       3.552       9.818       7.447       9.662       9.402
       0.874       1.796      -4.520     -11.683      -9.691      -1.544       2.195      -3.964      -3.878       6.936
      13.142      15.081      16.354       3.477      -8.699     -13.611     -13.649      -6.111       6.530      12.320
       4.238      -4.907     -13.160     -16.264     -19.729     -12.446      -2.509       3.207       8.149       1.950
      -3.403       3.860       8.975       2.885      -0.890       8.772      11.867      17.080      19.587      17.445
      10.563       7.376       1.559      -2.081      -8.234      -8.367     -12.118     -14.447      -4.579      -3.866
      -5.472      -0.945       5.265      -4.032      -8.365      -2.306       5.235       4.609       3.782       8.787
       0.807      -5.534     -16.184     -16.410     -13.296     -15.252      -8.972       2.558      13.989      22.379
      25.006      17.693       5.573      -6.746     -14.831      -4.440       5.973      12.450      18.206      10.353
      -1.115      -1.478      -5.590      -6.404       1.262      -5.735     -14.214     -15.381     -12.028       3.200
       7.493      13.455      12.840      13.251      11.412       2.550      -9.758     -17.453      -6.072       3.930
       9.222       4.505       5.072      -6.209      -3.328      -2.932      -2.583       6.834      14.829       5.970
      -0.181      -2.164     -10.465     -10.191       0.833      11.086       7.788       2.944      -7.956     -16.424
     -10.790      -3.458       6.100      12.704       3.339      -6.594     -11.085      -5.040       3.684       2.562
       7.855       4.906       0.414      -0.584       1.721       3.677      -2.187      -2.210      -9.864      -7.874
     -16.590     -10.426      -7.284     -10.237      -6.155       1.301      -0.717      -0.952       2.218       4.905
      10.062      11.385       5.712       1.177       3.306       1.724       7.357       7.468      11.621       9.027
      11.567       0.421      -2.332      -2.649      -3.142       4.382      -1.184      -6.755      -1.654      10.542
       8.733      11.829      10.508       3.488      -6.042     -12.073     -12.013      -2.897      -4.123       1.030
      -1.768     -12.793     -16.553      -5.449       4.340       7.706       3.817       3.625      13.521      16.985
      12.482       5.425      -1.257      -1.954     -10.909     -17.039     -11.411      -8.783       1.705      11.623
       9.127       5.206      13.362      11.002       0.312     -11.680     -12.465      -9.143      -2.230      -0.307
      -9.775     -14.351     -13.728       0.100      10.858      17.698      15.226      12.908       6.816       8.390
       6.582       2.221      -3.660      -2.128      -6.548      -8.672      -1.888      -6.491     -10.018       1.617
       7.471       9.176       9.320      -3.471     -13.438     -15.617      -7.288      -4.396       4.081      16.471
      16.609       7.102      -0.942      -2.553      -7.381      -3.516      -9.920     -12.732      -2.416       4.579
       1.215       5.006      15.492      12.302       5.105       1.488      -4.451      -2.885      -6.527      -8.395
      -4.868       2.731       0.807       0.863      -7.939      -9.970      -4.015      -9.316     -10.414     -10.758
      -7.936       5.459      13.312       9.387      -2.468      -9.532      -6.464      -4.821     -13.238     -10.684
      -0.199      14.458      15.261      15.425      16.110       9.547      -3.463      -8.301      -6.424     -13.807
     -12.408      -1.462       5.516      -0.691      -5.869       2.503       8.024      10.000       6.258       3.168
       7.406       1.659      -3.119       3.276       2.353       7.617      11.129       3.190     -10.089     -21.013
     -22.651      -9.142      -3.413      -2.523       6.533       1.923      -5.598       0.074       2.503      -1.728
       1.874      -3.239       0.039      -2.986       0.498      -2.968      -6.926       4.769      12.180       9.088
      -2.947     -11.571      -9.048       4.494       5.786       4.133      10.622       6.574      12.453      14.681
       4.928      -5.413     -12.674      -8.672       4.312       7.038       0.694       2.037      -8.565     -13.605
      -5.139       3.521      -2.407      -4.080       5.470      10.876      19.185      15.016       5.335      -1.114
      -5.861      -4.873     -12.767     -21.838     -24.994     -19.433      -8.460       5.462      15.510      16.892
       4.961      -8.050      -8.070      -2.039      -5.819      -2.292       5.322       9.239      13.836       6.326
      -1.856      -1.346      -7.331      -7.543      -1.015      -1.698       3.129       3.006      -0.488       8.707
      12.159      11.807       6.114       2.807      -3.270       1.463      13.044      15.911      12.032       4.783
      -3.813     -14.293     -12.968      -8.955      -9.866      -1.203       9.766       8.929       2.559       2.519
      -3.241      -2.518      -0.728      -7.928      -4.208       4.655      12.399       7.489       6.150       2.250
      -8.741     -13.195      -7.334      -3.489      -7.387      -0.675       0.932      -5.685      -4.187      -6.671
      -8.526      -0.156       6.457       7.374      12.040       6.765      -0.289      -0.867      -3.046       1.356
      -2.969      -9.972     -12.498      -2.832       3.479       7.339      14.131      10.920       3.071      -0.389
      -8.328     -10.797      -4.013       4.050      -0.576      -4.461      -4.540     -11.295     -11.066      -5.451
       0.846       1.704       5.165       9.871       6.606       4.758       6.823       8.092      12.051      11.225
      13.608       6.582      -2.731      -8.300      -8.451      -5.822      -9.001      -3.625       0.321       2.083
       0.478       1.677       7.837       4.261      -4.202     -10.840     -11.280      -5.565       4.709      10.038
       4.720      -3.343     -12.520     -14.203     -10.158     -10.871      -8.514       0.546       4.970       5.638
      11.309      14.472      10.549       9.287       8.281       0.020      -1.374       5.407       9.919      11.655
      11.317       4.767      -1.596      -4.953      -9.443     -11.042     -12.125      -7.350       1.801       7.912
       6.875      -0.253      -0.635       0.642      -3.051      -4.581      -1.096      -3.367      -6.701      -2.336
       2.581       4.334       3.189      -2.427      -8.909      -6.251      -2.135      -3.771      -6.148      -2.344
      -1.367      -0.734       2.327       1.188       1.485      -4.331      -4.181      -3.019       0.598       1.589
       3.347      -0.164       1.608       4.350       6.687       0.323      -4.111      -6.934      -5.506      -2.956
       1.011       0.643       1.155       2.643       5.077       6.140       2.863       4.316       0.932       1.841
      -2.248      -8.755     -11.717     -10.636      -6.791      -1.984       1.584       0.756       0.864      -3.287
      -4.574      -0.656       2.435       2.808       6.416      11.122      10.362       9.178       6.129       3.401
       1.429       1.855       1.072       2.643      -0.337      -3.159      -0.929       0.351      -2.528      -0.149
       0.213      -1.824       0.821       1.558      -2.142      -2.980      -5.544      -4.112      -6.412      -6.971
      -5.116      -4.984      -2.293      -0.136       4.098       7.616       5.713       4.716       2.603       1.196
      -1.490      -1.996      -0.052      -3.229      -8.013      -7.689      -2.521       3.095       6.750       7.841
       6.249       5.183       3.008       0.023      -4.337      -9.314      -8.759      -4.580       0.312       2.200
       5.127       5.132       6.818       3.974      -1.902      -6.554      -6.702      -1.472       3.858       6.599
       7.042       2.871       1.422       0.356      -3.122      -3.778       0.153       2.436       0.107      -3.216
      -1.830      -1.201       0.331      -1.668      -1.640      -1.493      -0.401       3.410       2.892       1.020
      -2.665      -2.232      -0.574      -2.032       0.207       3.597       3.125       4.015       3.428       1.870
       0.165      -1.684       1.306       0.294      -2.750      -4.743      -2.582      -3.147      -3.011      -1.357
      -1.506       1.467       5.653       5.284       1.839      -1.308      -4.209      -2.439       1.890       4.759
       4.146       1.500       2.179       2.893       1.179      -0.469      -2.953      -4.880      -5.353      -4.473
      -2.786      -0.929       1.114       1.499      -0.257      -1.566      -4.166      -2.601      -1.164      -1.623
      -1.014      -0.730      -1.075      -0.390      -3.537      -4.302      -2.581      -1.993      -0.500       2.441
       3.718       1.723      -1.547      -1.982      -0.193       2.799       1.197       1.653       3.320       4.079
       1.997       0.956      -0.177      -3.388      -3.692      -0.419       0.916       2.255       3.973       4.561
       5.059       4.316       2.891      -0.011      -0.012       2.902       3.263       4.007       2.590      -0.218
      -3.296      -3.524      -0.472       0.961       0.728       0.095       2.522       2.594       0.809      -0.005
      -1.407      -0.893      -1.650      -1.060      -2.619      -2.835      -1.220      -2.096      -4.316      -3.697
      -1.591      -0.148       1.935       3.040       4.243       2.525       1.018       0.978       0.686       1.725
       0.790       0.806      -0.885      -1.340       0.664       1.571      -0.807      -3.407      -3.007      -1.443
       0.030      -0.961       0.398       1.123       2.416       2.728      -0.390      -3.158      -5.008      -3.836
      -0.850       2.105       1.366       0.605       1.847       2.084       0.278       0.095      -0.094       0.693
       2.207       1.036      -0.877      -2.599      -2.854      -2.758      -3.533      -3.598      -2.312      -2.230
      -3.358      -1.997       0.075       1.673       3.364       2.374       0.983       0.643      -1.268      -2.535
      -2.699      -0.370       1.541       1.875       2.189       0.457      -1.267      -0.633       0.402       0.672
       1.784       3.214       3.201       1.994       0.185       0.027      -1.003      -0.285      -0.283      -1.886
      -2.465      -0.532       0.439       0.648      -0.201      -0.497      -0.471      -2.296      -2.286      -1.476
      -2.923      -3.317      -2.338      -1.995      -1.243      -1.316       0.476       1.929       2.140       1.880
       3.573       3.041       1.536       0.840       0.164       1.111       1.188      -0.684      -2.464      -3.516
      -3.764      -3.317      -2.579      -2.996      -3.128      -1.320       0.592       2.320       4.488       5.260
       3.733       2.289       1.396      -0.630      -0.774      -0.124       1.413       2.364       1.393      -0.498
      -1.147      -0.629      -1.802      -2.487      -1.354       0.089      -0.105      -0.769      -0.257       0.315
       1.124       1.458       1.560       0.302      -1.782      -1.716      -1.251      -1.321      -0.399      -0.359
       1.145       2.133       1.622      -0.077      -0.810      -0.317       0.255      -0.511      -0.927      -0.136
       0.003       0.184       1.317       2.201       2.777       2.839       3.204       2.209       0.683      -0.825
      -2.102      -2.066      -0.354       1.522       1.636       0.818      -0.600      -1.286      -1.761      -1.913
      -1.791      -1.318      -0.704       0.107       0.085       1.253       1.736       1.013      -0.051      -0.075
      -0.742       0.106       0.322       0.528       0.564       0.441       0.148      -0.583      -1.376      -2.767
      -1.621      -0.367       1.908       3.790       5.226       4.799       2.895       0.515      -0.554      -1.050
      -1.782      -0.923      -0.723       0.318       1.721       2.283       2.072       0.311      -1.083      -1.695
      -2.702      -2.690      -1.066      -0.499       0.622       1.921       1.232      -0.256      -0.523      -0.095
      -0.624      -1.784      -1.672      -0.181       0.514       0.018       0.082       1.002       0.857       0.265
      -0.869      -1.786      -2.116      -1.719      -1.918      -1.777      -1.287       0.146       0.335      -0.548
      -0.133       0.275       0.539       0.994       0.131      -0.511      -0.546       0.126      -0.247      -1.085
      -1.448      -0.819      -0.661      -0.843       0.248       0.663       0.198      -0.097       0.286       1.532
       1.773       0.806      -0.344      -1.024      -1.815      -1.451      -0.322      -0.313       0.492       0.010
      -0.331      -0.134       0.478       0.375      -0.862      -1.927      -1.837      -0.972       0.310       1.116
       1.236       0.288       0.155       0.086       0.676       0.409      -0.212      -0.263      -0.818      -0.687
      -0.076       0.142       0.508       0.746       1.127       1.036       0.246      -0.629      -0.393      -0.084
       0.584       0.561       0.329       0.562       1.773       2.116       1.248       0.234       0.193      -0.318
      -1.291      -1.524      -0.805      -0.255      -0.308      -0.240      -0.502      -0.183       0.006       0.746
       0.644       0.298       0.341       0.329      -0.606      -0.992      -0.634      -0.063       0.518       0.743
      -0.139      -0.688      -1.163      -2.093      -2.094      -1.580      -0.746      -0.087       0.474       1.016
       1.456       1.397       0.955       1.150       0.694       0.291      -0.330      -0.268      -0.299      -0.562
      -0.515      -0.286      -0.437      -0.883      -0.716      -0.018       0.658       1.095       1.334       1.062
       0.231      -0.272      -0.365      -0.274       0.005       0.392       0.559       0.383       0.139      -0.112
      -0.475      -0.788      -0.805      -0.559      -0.228       0.057       0.475       0.811       1.064       0.938
       0.449       0.021      -0.296      -0.331      -0.164       0.091       0.210       0.219       0.120      -0.084
      -0.232      -0.275      -0.263      -0.243      -0.232      -0.265      -0.188      -0.102       0.046       0.217
       0.373       0.349       0.326       0.188       0.029      -0.146      -0.207      -0.198      -0.176      -0.176
      -0.161      -0.169      -0.178      -0.186      -0.180      -0.157      -0.140      -0.089      -0.016       0.028
       0.053       0.046       0.029      -0.001      -0.031      -0.055      -0.065      -0.058      -0.040      -0.022
      -0.008       0.000       0.000       0.000       0.000       0.000       0.000       0.000       0.000       0.000
       0.000       0.000       0.000       0.000       0.000       0.000       0.000       0.000       0.000       0.000
       0.000       0.000       0.000       0.000       0.000       0.000       0.000       0.000       0.000       0.000
       0.000       0.000       0.000       0.000       0.000       0.000       0.000       0.000       0.000       0.000
       0.000       0.000       0.000       0.000       0.000       0.000       0.000       0.000       0.000       0.000
       0.000       0.000       0.000       0.000       0.000       0.000       0.000       0.000       0.000       0.000
       0.000       0.000       0.000       0.000       0.000       0.000       0.000       0.000       0.000       0.000
       0.000       0.000       0.000       0.000       0.000       0.000       0.000       0.000       0.000       0.000
       0.000       0.000       0.000       0.000       0.000       0.000       0.000       0.000       0.000       0.000
       0.000       0.000       0.000       0.000       0.000       0.000       0.000       0.000       0.000       0.000
       0.000       0.000       0.000       0.000       0.000       0.000       0.000       0.000       0.000       0.000
       0.000       0.000       0.000       0.000       0.000       0.000       0.000       0.000       0.000       0.000
       0.000       0.000       0.000       0.000       0.000       0.000       0.000       0.000       0.000       0.000
       0.000       0.000       0.000       0.000       0.000       0.000       0.000       0.000       0.000       0.000
       0.000       0.000       0.000       0.000       0.000       0.000       0.000       0.000       0.000       0.000
       0.000       0.000       0.000       0.000       0.000       0.000       0.000       0.000       0.000       0.000
       0.000       0.000       0.000       0.000       0.000       0.000       0.000       0.000       0.000       0.000
       0.000       0.000       0.000       0.000       0.000       0.000       0.000       0.000       0.000       0.000
       0.000       0.000       0.000       0.000       0.000       0.000       0.000       0.000       0.000       0.000
       0.000       0.000       0.000       0.000       0.000       0.000       0.000       0.000       0.000       0.000
       0.000       0.000       0.000       0.000       0.000       0.000       0.000       0.000       0.000       0.000
       0.000       0.000       0.000       0.000       0.000       0.000       0.000       0.000       0.000       0.000
       0.000       0.000       0.000       0.000       0.000       0.000       0.000       0.000       0.000       0.000
       0.000       0.000       0.000       0.000       0.000       0.000       0.000       0.000       0.000       0.000
       0.000       0.000       0.000       0.000       0.000       0.000       0.000       0.000       0.000       0.000
       0.000       0.000       0.000       0.000       0.000       0.000       0.000       0.000       0.000       0.000
       0.000       0.000       0.000       0.000       0.000       0.000       0.000       0.000       0.000       0.000
       0.000       0.000       0.000       0.000       0.000       0.000       0.000       0.000       0.000       0.000
       0.000       0.000       0.000       0.000       0.000       0.000       0.000       0.000       0.000       0.000
       0.000       0.000       0.000       0.000       0.000       0.000       0.000       0.000       0.000       0.000
       0.000       0.000       0.000       0.000       0.000       0.000       0.000       0.000       0.000       0.000
       0.000       0.000       0.000       0.000       0.000       0.000       0.000       0.000       0.000       0.000
       0.000       0.000       0.000       0.000       0.000       0.000       0.000       0.000       0.000       0.000
       0.000       0.000       0.000       0.000       0.000       0.000       0.000       0.000       0.000       0.000
       0.000       0.000       0.000       0.000       0.000       0.000       0.000       0.000       0.000       0.000
       0.000       0.000       0.000       0.000       0.000       0.000       0.000       0.000       0.000       0.000
       0.000       0.000       0.000       0.000       0.000       0.000       0.000       0.000       0.000       0.000
       0.000       0.000       0.000       0.000       0.000       0.000       0.000       0.000       0.000       0.000
       0.000       0.000       0.000       0.000       0.000       0.000       0.000       0.000       0.000       0.000
       0.000       0.000       0.000       0.000       0.000       0.000       0.000       0.000       0.000       0.000
       0.000       0.000       0.000       0.000       0.000       0.000       0.000       0.000       0.000       0.000
       0.000       0.000       0.000       0.000       0.000       0.000       0.000       0.000       0.000       0.000
       0.000       0.000       0.000       0.000       0.000       0.000       0.000       0.000       0.000       0.000
       0.000       0.000       0.000       0.000       0.000       0.000       0.000       0.000       0.000       0.000
       0.000       0.000       0.000       0.000       0.000       0.000       0.000       0.000       0.000       0.000
       0.000       0.000       0.000       0.000       0.000       0.000       0.000       0.000       0.000       0.000
       0.000       0.000       0.000       0.000       0.000       0.000       0.000       0.000       0.000       0.000
       0.000       0.000       0.000       0.000       0.000       0.000       0.000       0.000       0.000       0.000
       0.000       0.000       0.000       0.000       0.000       0.000       0.000       0.000       0.000       0.000
       0.000       0.000       0.000       0.000       0.000       0.000       0.000       0.000       0.000       0.000
       0.000       0.000       0.000       0.000       0.000       0.000       0.000       0.000       0.000       0.000
       0.000       0.000       0.000       0.000       0.000       0.000       0.000       0.000       0.000       0.000
       0.000       0.000       0.000       0.000       0.000       0.000       0.000       0.000       0.000       0.000
       0.000       0.000       0.000       0.000       0.000       0.000       0.000       0.000       0.000       0.000
       0.000       0.000       0.000       0.000       0.000       0.000       0.000       0.000       0.000       0.000
       0.000       0.000       0.000       0.000       0.000       0.000       0.000       0.000       0.000       0.000
       0.000       0.000       0.000       0.000       0.000       0.000       0.000       0.000       0.000       0.000
       0.000       0.000       0.000       0.000       0.000       0.000       0.000       0.000       0.000       0.000
       0.000       0.000       0.000       0.000       0.000       0.000       0.000       0.000       0.000       0.000
       0.000       0.000       0.000       0.000       0.000       0.000       0.000       0.000       0.000       0.000
       0.000       0.000       0.000       0.000       0.000       0.000       0.000       0.000       0.000       0.000
       0.000       0.000       0.000       0.000       0.000       0.000       0.000       0.000       0.000       0.000
       0.000       0.000       0.000       0.000       0.000       0.000       0.000       0.000       0.000       0.000
       0.000       0.000       0.000       0.000       0.000       0.000       0.000       0.000       0.000       0.000
       0.000       0.000       0.000       0.000       0.000       0.000       0.000       0.000       0.000       0.000
       0.000       0.000       0.000       0.000       0.000       0.000       0.000       0.000       0.000       0.000
       0.000       0.000       0.000       0.000       0.000       0.000       0.000       0.000       0.000       0.000
       0.000       0.000       0.000       0.000       0.000       0.000       0.000       0.000       0.000       0.000
       0.000       0.000       0.000       0.000       0.000       0.000       0.000       0.000       0.000       0.000
       0.000       0.000       0.000       0.000       0.000       0.000       0.000       0.000       0.000       0.000
       0.000       0.000       0.000       0.000       0.000       0.000       0.000       0.000       0.000       0.000
       0.000       0.000       0.000       0.000       0.000       0.000       0.000       0.000       0.000       0.000
       0.000       0.000       0.000       0.000       0.000       0.000       0.000       0.000       0.000       0.000
       0.000       0.000       0.000       0.000       0.000       0.000       0.000       0.000       0.000       0.000
       0.000       0.000       0.000       0.000       0.000       0.000       0.000       0.000       0.000       0.000
       0.000       0.000       0.000       0.000       0.000       0.000       0.000       0.000       0.000       0.000
       0.000       0.000       0.000       0.000       0.000       0.000       0.000       0.000       0.000       0.000
       0.000       0.000       0.000       0.000       0.000       0.000       0.000       0.000       0.000       0.000
       0.000       0.000       0.000       0.000       0.000       0.000       0.000       0.000       0.000       0.000
       0.000       0.000       0.000       0.000       0.000       0.000       0.000       0.000       0.000       0.000
       0.000       0.000       0.000       0.000       0.000       0.000       0.000       0.000       0.000       0.000
       0.000       0.000       0.000       0.000       0.000       0.000       0.000       0.000       0.000       0.000
       0.000       0.000       0.000       0.000       0.000       0.000       0.000       0.000       0.000       0.000
       0.000       0.000       0.000       0.000       0.000       0.000       0.000       0.000       0.000       0.000
       0.000       0.000       0.000       0.000       0.000       0.000       0.000       0.000       0.000       0.000
       0.000       0.000       0.000       0.000       0.000       0.000       0.000       0.000       0.000       0.000
       0.000       0.000       0.000       0.000       0.000       0.000       0.000       0.000       0.000       0.000
       0.000       0.000       0.000       0.000       0.000       0.000       0.000       0.000       0.000       0.000
       0.000       0.000       0.000       0.000       0.000       0.000       0.000       0.000       0.000       0.000
       0.000       0.000       0.000       0.000       0.000       0.000       0.000       0.000       0.000       0.000
       0.000       0.000       0.000       0.000       0.000       0.000       0.000       0.000       0.000       0.000
       0.000       0.000       0.000       0.000       0.000       0.000       0.000       0.000       0.000       0.000
       0.000       0.000       0.000       0.000       0.000       0.000       0.000       0.000       0.000       0.000
       0.000       0.000       0.000       0.000       0.000       0.000       0.000       0.000       0.000       0.000
       0.000       0.000       0.000       0.000       0.000       0.000       0.000       0.000       0.000       0.000
       0.000       0.000       0.000       0.000       0.000       0.000       0.000       0.000       0.000       0.000
       0.000       0.000       0.000       0.000       0.000       0.000       0.000       0.000       0.000       0.000
       0.000       0.000       0.000       0.000       0.000       0.000       0.000       0.000       0.000       0.000
       0.000       0.000       0.000       0.000       0.000       0.000       0.000       0.000       0.000       0.000
       0.000       0.000       0.000       0.000       0.000       0.000       0.000       0.000       0.000       0.000
       0.000       0.000       0.000       0.000       0.000       0.000       0.000       0.000       0.000       0.000
       0.000       0.000       0.000       0.000       0.000       0.000       0.000       0.000       0.000       0.000
       0.000       0.000       0.000       0.000       0.000       0.000       0.000       0.000       0.000       0.000
       0.000       0.000       0.000       0.000       0.000       0.000       0.000       0.000       0.000       0.000
       0.000       0.000       0.000       0.000       0.000       0.000       0.000       0.000       0.000       0.000
       0.000       0.000       0.000       0.000       0.000       0.000       0.000       0.000       0.000       0.000
       0.000       0.000       0.000       0.000       0.000       0.000       0.000       0.000       0.000       0.000
       0.000       0.000       0.000       0.000       0.000       0.000       0.000       0.000       0.000       0.000
       0.000       0.000       0.000       0.000       0.000       0.000       0.000       0.000       0.000       0.000
       0.000       0.000       0.000       0.000       0.000       0.000       0.000       0.000       0.000       0.000
       0.000       0.000       0.000       0.000       0.000       0.000       0.000       0.000       0.000       0.000
       0.000       0.000       0.000       0.000       0.000       0.000       0.000       0.000       0.000       0.000
       0.000       0.000       0.000       0.000       0.000       0.000       0.000       0.000       0.000       0.000
       0.000       0.000       0.000       0.000       0.000       0.000       0.000       0.000       0.000       0.000
       0.000       0.000       0.000       0.000       0.000       0.000       0.000       0.000       0.000       0.000
       0.000       0.000       0.000       0.000       0.000       0.000       0.000       0.000       0.000       0.000
       0.000       0.000       0.000       0.000       0.000       0.000       0.000       0.000       0.000       0.000
       0.000       0.000       0.000       0.000       0.000       0.000       0.000       0.000       0.000       0.000
       0.000       0.000       0.000       0.000       0.000       0.000       0.000       0.000       0.000       0.000
       0.000       0.000       0.000       0.000       0.000       0.000       0.000       0.000       0.000       0.000
       0.000       0.000       0.000       0.000       0.000       0.000       0.000       0.000       0.000       0.000
       0.000       0.000       0.000       0.000       0.000       0.000       0.000       0.000       0.000       0.000
       0.000       0.000       0.000       0.000       0.000       0.000       0.000       0.000       0.000       0.000
       0.000       0.000       0.000       0.000       0.000       0.000       0.000       0.000       0.000       0.000
       0.000       0.000       0.000       0.000       0.000       0.000       0.000       0.000       0.000       0.000
       0.000       0.000       0.000       0.000       0.000       0.000       0.000       0.000       0.000       0.000
       0.000       0.000       0.000       0.000       0.000       0.000       0.000       0.000       0.000       0.000
       0.000       0.000       0.000       0.000       0.000       0.000       0.000       0.000       0.000       0.000
       0.000       0.000       0.000       0.000       0.000       0.000       0.000       0.000       0.000       0.000
       0.000       0.000       0.000       0.000       0.000       0.000       0.000       0.000       0.000       0.000
       0.000       0.000       0.000       0.000       0.000       0.000       0.000       0.000       0.000       0.000
       0.000       0.000       0.000       0.000       0.000       0.000       0.000       0.000       0.000       0.000
       0.000       0.000       0.000       0.000       0.000       0.000       0.000       0.000       0.000       0.000
       0.000       0.000       0.000       0.000       0.000       0.000       0.000       0.000       0.000       0.000
       0.000       0.000       0.000       0.000       0.000       0.000       0.000       0.000       0.000       0.000
       0.000       0.000       0.000       0.000       0.000       0.000       0.000       0.000       0.000       0.000
       0.000       0.000       0.000       0.000       0.000       0.000       0.000       0.000       0.000       0.000
       0.000       0.000       0.000       0.000       0.000       0.000       0.000       0.000       0.000       0.000
       0.000       0.000       0.000       0.000       0.000       0.000       0.000       0.000       0.000       0.000
       0.000       0.000       0.000       0.000       0.000       0.000       0.000       0.000       0.000       0.000
       0.000       0.000       0.000       0.000       0.000       0.000       0.000       0.000       0.000       0.000
       0.000       0.000       0.000       0.000       0.000       0.000       0.000       0.000       0.000       0.000
       0.000       0.000       0.000       0.000       0.000       0.000       0.000       0.000       0.000       0.000
       0.000       0.000       0.000       0.000       0.000       0.000       0.000       0.000       0.000       0.000
       0.000       0.000       0.000       0.000       0.000       0.000       0.000       0.000       0.000       0.000
       0.000       0.000       0.000       0.000       0.000       0.000       0.000       0.000       0.000       0.000
       0.000       0.000       0.000       0.000       0.000       0.000       0.000       0.000       0.000       0.000
       0.000       0.000       0.000       0.000       0.000       0.000       0.000       0.000       0.000       0.000
       0.000       0.000       0.000       0.000       0.000       0.000       0.000       0.000       0.000       0.000
       0.000       0.000       0.000       0.000       0.000       0.000       0.000       0.000       0.000       0.000
       0.000       0.000       0.000       0.000       0.000       0.000       0.000       0.000       0.000       0.000
       0.000       0.000       0.000       0.000       0.000       0.000       0.000       0.000       0.000       0.000
       0.000       0.000       0.000       0.000       0.000       0.000       0.000       0.000       0.000       0.000
       0.000       0.000       0.000       0.000       0.000       0.000       0.000       0.000       0.000       0.000
       0.000       0.000       0.000       0.000       0.000       0.000       0.000       0.000       0.000       0.000
       0.000       0.000       0.000       0.000       0.000       0.000       0.000       0.000       0.000       0.000
       0.000       0.000       0.000       0.000       0.000       0.000       0.000       0.000       0.000       0.000
       0.000       0.000       0.000       0.000       0.000       0.000       0.000       0.000       0.000       0.000
       0.000       0.000       0.000       0.000       0.000       0.000       0.000       0.000       0.000       0.000
       0.000       0.000       0.000       0.000       0.000       0.000       0.000       0.000       0.000       0.000
       0.000       0.000       0.000       0.000       0.000       0.000       0.000       0.000       0.000       0.000
       0.000       0.000       0.000       0.000       0.000       0.000       0.000       0.000       0.000       0.000
       0.000       0.000       0.000       0.000       0.000       0.000       0.000       0.000       0.000       0.000
       0.000       0.000       0.000       0.000       0.000       0.000       0.000       0.000       0.000       0.000
       0.000       0.000       0.000       0.000       0.000       0.000       0.000       0.000       0.000       0.000
       0.000       0.000       0.000       0.000       0.000       0.000       0.000       0.000       0.000       0.000
       0.000       0.000       0.000       0.000       0.000       0.000       0.000       0.000       0.000       0.000
       0.000       0.000       0.000       0.000       0.000       0.000       0.000       0.000       0.000       0.000
       0.000       0.000       0.000       0.000       0.000       0.000       0.000       0.000       0.000       0.000
       0.000       0.000       0.000       0.000       0.000       0.000       0.000       0.000       0.000       0.000
       0.000       0.000       0.000       0.000       0.000       0.000       0.000       0.000       0.000       0.000
       0.000       0.000       0.000       0.000       0.000       0.000       0.000       0.000       0.000       0.000
       0.000       0.000       0.000       0.000       0.000       0.000       0.000       0.000       0.000       0.000
       0.000       0.000       0.000       0.000       0.000       0.000       0.000       0.000       0.000       0.000
       0.000       0.000       0.000       0.000       0.000       0.000       0.000       0.000       0.000       0.000
       0.000       0.000       0.000       0.000       0.000       0.000       0.000       0.000       0.000       0.000
       0.000       0.000       0.000       0.000       0.000       0.000       0.000       0.000       0.000       0.000
       0.000       0.000       0.000       0.000       0.000       0.000       0.000       0.000       0.000       0.000
       0.000       0.000       0.000       0.000       0.000       0.000       0.000       0.000       0.000       0.000
       0.000       0.000       0.000       0.000       0.000       0.000       0.000       0.000       0.000       0.000
       0.000       0.000       0.000       0.000       0.000       0.000       0.000       0.000       0.000       0.000
       0.000       0.000       0.000       0.000       0.000       0.000       0.000       0.000       0.000       0.000
       0.000       0.000       0.000       0.000       0.000       0.000       0.000       0.000       0.000       0.000
       0.000       0.000       0.000       0.000       0.000       0.000       0.000       0.000       0.000       0.000
       0.000       0.000       0.000       0.000       0.000       0.000       0.000       0.000       0.000       0.000
       0.000       0.000       0.000       0.000       0.000       0.000       0.000       0.000       0.000       0.000
       0.000       0.000       0.000       0.000       0.000       0.000       0.000       0.000       0.000       0.000
       0.000       0.000       0.000       0.000       0.000       0.000       0.000       0.000       0.000       0.000
       0.000       0.000       0.000       0.000       0.000       0.000       0.000       0.000       0.000       0.000
       0.000       0.000       0.000       0.000       0.000       0.000       0.000       0.000       0.000       0.000
       0.000       0.000       0.000       0.000       0.000       0.000       0.000       0.000       0.000       0.000
       0.000       0.000       0.000       0.000       0.000       0.000       0.000       0.000       0.000       0.000
       0.000       0.000       0.000       0.000       0.000       0.000       0.000       0.000       0.000       0.000
       0.000       0.000       0.000       0.000       0.000       0.000       0.000       0.000       0.000       0.000
       0.000       0.000       0.000       0.000       0.000       0.000       0.000       0.000       0.000       0.000
       0.000       0.000       0.000       0.000       0.000       0.000       0.000       0.000       0.000       0.000
       0.000       0.000       0.000       0.000       0.000       0.000       0.000       0.000       0.000       0.000
       0.000       0.000       0.000       0.000       0.000       0.000       0.000       0.000       0.000       0.000
       0.000       0.000       0.000       0.000       0.000       0.000       0.000       0.000       0.000       0.000
       0.000       0.000       0.000       0.000       0.000       0.000