        2048     0.02000
      -0.108      -0.108      -0.108      -0.079      -0.108      -0.108       0.008      -0.106      -0.106       0.153
      -0.103      -0.102       0.356      -0.087      -0.094       0.534      -0.068      -0.066       0.782      -0.033
      -0.018       1.313       0.091      -0.027       1.748       1.814       1.563      -0.031      -0.171      -1.431
      -0.880      -0.685      -1.406      -0.714      -0.605      -1.361      -0.729      -0.824      -2.614      -1.132
      -0.969      -3.061      -1.356      -1.101      -3.589      -1.889      -1.842      -5.969      -3.757      -3.999
      -8.074      -4.286      -3.789      -9.158      -4.985      -3.283      -0.560      -4.091      -0.054       1.373
       7.682       7.960       9.545       9.723       6.903       7.769      13.839      14.287      11.889      10.734
      15.679       9.682       6.149       8.557      17.013      14.154      14.150      18.684      17.079       9.407
       5.948      12.294       7.049       5.522      11.115      15.810      13.521      19.494      24.841      23.314
       7.921      -3.304      -7.626       2.749       0.237      -4.475     -10.797     -17.793     -12.203      -3.781
      -0.399       0.554      -6.067      -4.342       1.624       7.899      13.246       0.838      -8.192      -3.478
      17.250      34.561      30.592      21.624      20.533      12.273       5.511       1.551      16.480      18.818
      15.605       3.557       4.996      11.322      30.361      30.771      39.574      36.425      14.258      -6.239
      -2.449       1.161      -7.604     -21.871     -21.355     -22.400     -10.887      -8.229      17.136      20.635
      21.067       5.979       8.553      -6.415     -12.668     -10.945      13.447       7.124      17.732       4.428
      10.046      19.513      32.178       7.757      -9.673     -21.225     -11.811       7.610      39.229      53.478
      59.276      34.736      10.934     -24.795     -22.304     -25.390     -26.249     -35.153     -26.584     -21.145
       2.348       5.502     -11.674      11.482      11.687     -14.788     -41.092     -43.343     -15.783      10.451
      23.755      27.062      55.299      28.210     -31.937     -70.607     -55.998     -17.526     -20.228     -12.690
      -1.216      19.730      17.348     -19.582     -60.943     -55.619     -55.254     -26.112     -15.776      -2.573
     -19.572     -51.078     -79.505     -49.554     -34.654     -10.369     -53.133     -76.944     -75.781     -53.778
     -28.000     -16.372       2.542      25.826      77.715     121.061     100.072      74.533      48.512      -3.403
     -63.846     -73.224       4.847     111.516     156.722     137.732      67.419      33.419      30.969      50.585
      41.238      -0.353     -18.713       3.166      71.490     135.978     128.756      66.516      20.911       0.128
     -12.922     -20.116    -123.557    -156.756    -124.859     -41.479     -19.432     -96.473    -128.234    -101.977
      -2.010      -2.909      16.829      36.677      -4.157     -59.456     -63.199     -19.208     -28.008       6.894
      -4.451      44.217      30.660      27.858      44.112      35.496      -5.687     -49.091     -31.650       1.342
      49.745      94.993      86.804      72.664      30.251      60.748      24.084      -5.838      14.596      16.811
      -4.723     -94.503    -186.641    -222.108    -200.017    -177.649    -109.312     -34.283     -14.249      15.876
      38.525      78.319      72.112      39.037      26.304       7.108     -79.059    -124.228    -152.284    -107.934
    -112.601     -88.961     -49.504      34.913      72.023      78.909      94.278     129.564      74.483      85.465
      42.055      20.137     -28.738     -23.327     -20.892       8.586      23.082      36.021       1.941     -94.475
    -135.343     -70.683       3.411      34.670      74.031      56.072      43.827     -19.759     -64.726     -45.787
     -34.731       0.003     -58.642     -10.000      10.150      38.141      11.656     -34.070     -94.176    -156.019
    -125.377     -53.823      26.751      57.534      60.335      11.994      44.666      82.819      92.171      -5.813
     -59.141    -112.548    -152.027    -123.689      -4.409     102.318     110.651      91.230      38.393      39.998
      20.249      10.689      34.419      60.558      81.736      75.513      43.951     -45.038    -107.599    -121.061
     -63.477     -34.810      41.905      86.044      42.339      -9.069     -82.032     -83.767     -77.136     -68.286
     -70.533       4.819      84.350      78.911      44.026       1.056      -2.371      -1.556      53.429      67.797
      60.383      59.259      28.030      45.452      59.722     129.134     115.205      53.144     -72.849    -174.697
    -209.182    -145.506     -46.166       8.140      -6.702      79.810     169.106     203.088     132.502      13.336
     -68.393     -67.680     -65.086     -30.336      18.484      15.356     -35.498     -79.893     -37.429     -28.670
     -93.601    -122.710     -51.637     -41.621     -49.021     -83.018     -22.437      60.561     111.993      94.731
      70.859      57.510      17.238      22.314      18.705      56.800      58.391      29.580     -82.834    -174.955
    -209.340    -187.550    -122.792     -61.408      -1.486     -15.903      30.893      24.404      36.360     -60.965
    -134.844    -145.080     -77.400     -20.109      89.082      71.076      41.142       7.748       6.313       4.087
      16.100     -71.644     -41.103     -13.947      23.606      57.048      66.386      73.703     147.728     189.538
     172.489      56.320      -8.761    -102.266     -55.612     -54.227       0.631      32.477      68.420      70.414
     122.053     148.322     109.971      56.697     -12.030     -55.833     -96.162     -46.162     -15.366     -63.742
    -128.083     -89.283       9.533      55.683      37.205      21.480      66.195     101.419      85.292      47.478
      21.442     -70.305    -132.070    -111.231     -95.022     -48.334      70.633     121.772      60.213     -36.344
     -58.808     -56.892     -21.321     -25.133     -60.873       9.646      33.966      -4.435       0.411     113.304
     144.064     118.830      41.634      -1.440      11.310      28.488      31.985      36.652     103.242      98.081
      56.196      44.199      65.030     112.600      94.020      82.525      51.146       0.353     -22.453     -64.448
     -29.469     -62.179     -70.143    -109.576     -52.528      52.590      69.681      72.471      33.724      48.461
     -14.909    -117.912    -116.265    -105.772     -82.387     -93.261     -29.141       6.441      64.778      37.426
      -4.006     -52.973       3.106      70.776      88.088      66.409      32.343      12.439     -10.188      60.938
      98.716      29.154     -31.456     -88.626    -133.251     -78.832     -54.532     -39.309     -56.980      -4.867
       0.512      31.094       9.138     -29.537      -7.271      47.223     112.422     135.581     168.800     123.938
      71.946      40.711     -11.071     -21.323      44.711      59.666      50.355      44.597      62.235      58.063
     -19.497    -123.854    -144.147     -98.804     -57.083     -27.453     -63.662     -84.798    -110.985     -71.711
     -53.889     -19.664     -43.605     -25.053      25.863      85.215      91.380      73.209     -10.917     -31.543
     -83.104      -3.401     -15.680      34.964      59.890      85.586      60.622      19.098     -74.482    -121.269
    -147.646    -156.096    -165.206    -126.692     -76.155       7.495      88.485      69.284     -15.386     -21.427
     -45.730     -52.013     -34.244     -60.836    -134.931    -160.770     -96.294     -13.168      52.378      28.000
     -55.159    -121.046    -147.779    -158.138    -132.265     -89.143     -86.074     -47.350      10.214     103.110
     142.920     115.006      81.008      44.537      31.155       7.277      50.795      85.153     148.111     141.042
      71.308      16.898     -37.926    -128.240     -71.184      35.349     128.628     135.160      57.628     -52.385
    -106.384     -70.831     -40.869       3.193      -8.848     -15.374     -21.070       3.401     -13.216       8.613
     -44.850     -33.341     -23.465     -10.605     -32.149      -9.380     -44.782      -7.013      27.833      58.130
      68.210      60.322      38.822      24.885      20.541     -14.935     -10.957     -16.033      28.665      42.625
       7.060     -75.014     -90.417     -52.081     -17.260     -34.024      21.113      70.671      75.270      23.422
      42.637      94.716      38.563     -48.156    -103.280     -64.874     -40.857      12.914      14.518     -14.409
       6.450      40.992      25.822      23.368      -5.437      -3.888      48.185       7.730       8.608      29.352
      76.824     111.119     165.661     175.915     117.683      25.562     -69.807    -105.540     -98.575    -108.506
     -32.933      -5.784      36.549      21.429      38.438     -14.623     -31.737     -28.184     -39.218     -64.698
     -99.144     -76.801     -48.437      -5.909      30.447      68.910      97.998     101.601      73.389      23.787
     -43.680     -68.308      -8.747      69.302     135.635     155.061     142.909     128.373     108.997      42.895
     -44.631     -74.982     -73.140     -23.796       1.403      -9.025     -23.726      -8.034      -4.154      11.883
      26.860      24.622     -25.745     -64.499     -62.491    -104.119    -109.098     -50.364     -20.214     -10.033
      24.550      70.949      66.822      69.214      53.209       4.999     -38.613     -38.302     -16.864      35.785
      42.716      25.053      18.691      25.652      -1.210     -34.063     -29.755     -45.442     -24.045      35.436
      55.635      11.301     -40.868     -71.568     -59.472       7.680      87.028     103.068      93.948      80.107
      80.608      75.966      38.314       9.483     -38.457     -40.022     -19.590     -10.837     -16.299     -14.268
      -5.154      45.795      86.521      84.877      30.335      -7.060     -28.720     -29.694     -43.775     -64.644
     -38.943     -16.306      10.166      39.063       9.864     -21.899     -65.359     -91.833     -98.922     -82.143
     -57.847     -37.231       3.533      17.804      16.620      40.238      45.420      58.458      67.790      44.783
      43.795      62.396      84.087      61.857      46.106      34.287      25.310      -1.771       4.377      24.126
      32.391      23.567      -3.940     -46.705     -57.255     -73.142     -70.293     -45.978     -48.784     -41.862
     -63.828     -79.609     -76.585     -47.680     -32.829     -17.952     -36.055     -58.848     -73.027     -45.363
       3.636      21.294      36.997      54.626      40.353      12.543       8.782      17.162      10.019      -9.019
      -9.702     -19.967     -48.654     -26.071     -19.821       1.385      -5.977     -14.735     -39.686     -19.256
     -27.143     -25.051      -7.309       3.160     -22.025     -26.052      -8.662      12.280     -14.025     -32.212
     -38.950     -11.890     -15.676     -21.693     -44.818     -53.321     -39.800      -5.733      11.271      13.853
      23.007      31.150      44.213      38.448      44.497      37.089      24.890       6.159       0.976     -11.627
     -10.436     -25.523     -32.321     -21.414     -11.385      -2.916      16.739      10.329     -10.374     -32.323
     -32.167     -30.894      -8.129       0.671      11.939      -3.749     -16.688     -10.864      13.226      37.330
      58.506      42.343      26.307      15.413      24.335      31.172      80.493     106.017     114.479      91.411
      78.528      52.160      48.600      53.518      39.496      22.436      14.595       9.918       8.993      -0.822
       7.620      24.811      13.940     -17.545     -27.540     -14.088     -14.236      -6.080      12.385       3.616
      -5.342     -21.759     -28.879     -41.444     -12.022       6.391       2.130     -30.906     -42.669     -36.510
     -23.573     -14.285     -15.268     -16.185     -15.720     -17.150     -12.987       0.203      -3.463      -2.193
       1.165      -0.819      -5.306     -34.749     -40.811     -45.347     -24.449     -20.323      -5.619     -10.955
       2.396      -8.176      -5.430     -33.607     -10.144       4.210      23.050      13.101      11.526       0.617
       1.211     -19.935     -14.492     -12.842      -0.626      -5.355      -0.409       0.431      10.019      16.015
      50.529      53.255      37.223       4.869      -3.427     -15.701      -8.860     -10.544      -8.303     -10.053
      -8.645      -8.254     -13.561     -25.673     -22.504      -0.362       5.607      -9.755     -29.060     -33.196
     -29.497      -9.177       7.362      16.370       3.886      -8.300      -3.255      12.155      23.975      19.174
      12.626      21.670      27.168      24.485      13.847      18.488      23.554      19.908      19.665      15.087
       7.500      -2.255      -6.870     -24.028     -38.838     -44.422     -35.554     -22.541      -8.398       9.244
      16.553      12.623      19.141      31.718      28.662      19.458      16.132       6.282     -14.106     -17.908
      10.959      44.353      51.907      46.071      42.945      20.954      12.456      18.452      31.346      19.575
       8.783      10.576       7.306       8.639      23.727      50.331      59.045      42.639      19.323      -3.048
     -11.726     -12.555      -8.046       3.971       2.190      -4.213      -5.176       0.602      -0.458      -2.436
      -8.181      -0.271      -3.711     -15.201     -25.559     -15.454     -13.617     -11.347      -5.400      -4.404
      -4.236       2.988       6.395       1.566     -14.174     -20.990     -13.519       4.534       4.527      -6.828
     -22.790     -42.565     -43.981     -28.574      -9.312      -5.031     -23.889     -45.926     -50.927     -37.191
     -21.864     -11.362      -0.143       0.949       4.788      -0.196      -5.538      -4.337       6.900      18.485
      27.185      23.499      21.880      14.189      12.849      18.053      19.327      10.024       1.626      -6.200
       1.471       9.103      11.990      20.747      18.596      10.084       0.596       0.402      -0.830      -6.092
     -16.029     -13.199     -13.654      -7.921      -0.576       3.498     -13.461     -21.690     -19.047       0.480
      -1.735      -6.429     -19.130     -24.576     -24.913      -2.580      13.918      17.091      -3.051     -16.353
     -20.601     -14.467      -6.301       7.093       7.890      10.248       2.129      -2.097     -13.147     -19.031
     -23.350     -13.764     -10.564      -5.479      -3.962      -0.653     -10.376      -4.368      -3.283      -2.267
      -6.513      -5.202       2.292       6.070       4.225       5.128      15.075      17.322      15.234       4.360
      -0.389      -2.765       7.651      15.043      18.008      12.379       8.102      -0.233       1.540      -3.810
       1.569       5.450       6.602      -0.832       0.011      -2.685      -4.886      -8.350       2.671      12.860
      17.010       9.132      -0.843      -1.593       4.637      13.187      23.914      20.805      10.929       1.147
      -2.342       2.188      12.172      18.689      24.638      24.794      15.925      13.646       9.841       9.399
       7.796       8.524       4.182       3.439       0.244       5.432      10.941       9.997       5.409       6.578
       4.413       0.311      -1.367       2.321       1.407      -1.266      -1.616      -2.201      -8.721     -11.144
      -9.193      -6.600      -6.548      -6.455      -5.876      -7.661      -9.736      -9.058      -6.486      -6.733
      -4.728      -1.624       2.683       3.790       4.811       3.787       3.254      -0.109      -1.189      -0.923
       0.279      -1.937      -1.255      -1.328      -1.728      -4.519      -3.111      -1.432      -0.923      -2.715
      -3.261      -5.091      -5.798      -6.257      -4.880      -4.847      -4.627      -4.588      -2.775      -1.627
      -1.182      -1.103      -1.531      -3.397      -4.616      -3.867      -2.392      -1.012      -0.480       0.094
      -0.250      -0.914      -0.908      -0.157       0.041       0.190      -0.085      -0.332      -0.505      -0.265
      -0.070       0.000       0.000       0.000       0.000       0.000       0.000       0.000       0.000       0.000
       0.000       0.000       0.000       0.000       0.000       0.000       0.000       0.000       0.000       0.000
       0.000       0.000       0.000       0.000       0.000       0.000       0.000       0.000       0.000       0.000
       0.000       0.000       0.000       0.000       0.000       0.000       0.000       0.000       0.000       0.000
       0.000       0.000       0.000       0.000       0.000       0.000       0.000       0.000       0.000       0.000
       0.000       0.000       0.000       0.000       0.000       0.000       0.000       0.000       0.000       0.000
       0.000       0.000       0.000       0.000       0.000       0.000       0.000       0.000       0.000       0.000
       0.000       0.000       0.000       0.000       0.000       0.000       0.000       0.000       0.000       0.000
       0.000       0.000       0.000       0.000       0.000       0.000       0.000       0.000       0.000       0.000
       0.000       0.000       0.000       0.000       0.000       0.000       0.000       0.000       0.000       0.000
       0.000       0.000       0.000       0.000       0.000       0.000       0.000       0.000       0.000       0.000
       0.000       0.000       0.000       0.000       0.000       0.000       0.000       0.000       0.000       0.000
       0.000       0.000       0.000       0.000       0.000       0.000       0.000       0.000       0.000       0.000
       0.000       0.000       0.000       0.000       0.000       0.000       0.000       0.000       0.000       0.000
       0.000       0.000       0.000       0.000       0.000       0.000       0.000       0.000       0.000       0.000
       0.000       0.000       0.000       0.000       0.000       0.000       0.000       0.000       0.000       0.000
       0.000       0.000       0.000       0.000       0.000       0.000       0.000       0.000       0.000       0.000
       0.000       0.000       0.000       0.000       0.000       0.000       0.000       0.000       0.000       0.000
       0.000       0.000       0.000       0.000       0.000       0.000       0.000       0.000       0.000       0.000
       0.000       0.000       0.000       0.000       0.000       0.000       0.000       0.000       0.000       0.000
       0.000       0.000       0.000       0.000       0.000       0.000       0.000       0.000       0.000       0.000
       0.000       0.000       0.000       0.000       0.000       0.000       0.000       0.000       0.000       0.000
       0.000       0.000       0.000       0.000       0.000       0.000       0.000       0.000       0.000       0.000
       0.000       0.000       0.000       0.000       0.000       0.000       0.000       0.000       0.000       0.000
       0.000       0.000       0.000       0.000       0.000       0.000       0.000       0.000       0.000       0.000
       0.000       0.000       0.000       0.000       0.000       0.000       0.000       0.000       0.000       0.000
       0.000       0.000       0.000       0.000       0.000       0.000       0.000       0.000       0.000       0.000
       0.000       0.000       0.000       0.000       0.000       0.000       0.000       0.000       0.000       0.000
       0.000       0.000       0.000       0.000       0.000       0.000       0.000       0.000       0.000       0.000
       0.000       0.000       0.000       0.000       0.000       0.000       0.000       0.000       0.000       0.000
       0.000       0.000       0.000       0.000       0.000       0.000       0.000       0.000       0.000       0.000
       0.000       0.000       0.000       0.000       0.000       0.000       0.000       0.000       0.000       0.000
       0.000       0.000       0.000       0.000       0.000       0.000       0.000       0.000       0.000       0.000
       0.000       0.000       0.000       0.000       0.000       0.000       0.000       0.000       0.000       0.000
       0.000       0.000       0.000       0.000       0.000       0.000       0.000       0.000       0.000       0.000
       0.000       0.000       0.000       0.000       0.000       0.000       0.000       0.000       0.000       0.000
       0.000       0.000       0.000       0.000       0.000       0.000       0.000       0.000       0.000       0.000
       0.000       0.000       0.000       0.000       0.000       0.000       0.000       0.000       0.000       0.000
       0.000       0.000       0.000       0.000       0.000       0.000       0.000       0.000       0.000       0.000
       0.000       0.000       0.000       0.000       0.000       0.000       0.000       0.000       0.000       0.000
       0.000       0.000       0.000       0.000       0.000       0.000       0.000       0.000       0.000       0.000
       0.000       0.000       0.000       0.000       0.000       0.000       0.000       0.000       0.000       0.000
       0.000       0.000       0.000       0.000       0.000       0.000       0.000       0.000       0.000       0.000
       0.000       0.000       0.000       0.000       0.000       0.000       0.000       0.000       0.000       0.000
       0.000       0.000       0.000       0.000       0.000       0.000       0.000       0.000       0.000       0.000
       0.000       0.000       0.000       0.000       0.000       0.000       0.000       0.000       0.000       0.000
       0.000       0.000       0.000       0.000       0.000       0.000       0.000       0.000       0.000       0.000
       0.000       0.000       0.000       0.000       0.000       0.000       0.000       0.000       0.000       0.000
       0.000       0.000       0.000       0.000       0.000       0.000       0.000       0.000       0.000       0.000
       0.000       0.000       0.000       0.000       0.000       0.000       0.000       0.000       0.000       0.000
       0.000       0.000       0.000       0.000       0.000       0.000       0.000       0.000       0.000       0.000
       0.000       0.000       0.000       0.000       0.000       0.000       0.000       0.000       0.000       0.000
       0.000       0.000       0.000       0.000       0.000       0.000       0.000       0.000       0.000       0.000
       0.000       0.000       0.000       0.000       0.000       0.000       0.000       0.000       0.000       0.000
       0.000       0.000       0.000       0.000       0.000       0.000       0.000       0.000       0.000       0.000
       0.000       0.000       0.000       0.000       0.000       0.000       0.000       0.000       0.000       0.000
       0.000       0.000       0.000       0.000       0.000       0.000       0.000       0.000       0.000       0.000
       0.000       0.000       0.000       0.000       0.000       0.000       0.000       0.000       0.000       0.000
       0.000       0.000       0.000       0.000       0.000       0.000       0.000       0.000       0.000       0.000
       0.000       0.000       0.000       0.000       0.000       0.000       0.000       0.000       0.000       0.000
       0.000       0.000       0.000       0.000       0.000       0.000       0.000       0.000       0.000       0.000
       0.000       0.000       0.000       0.000       0.000       0.000       0.000       0.000       0.000       0.000
       0.000       0.000       0.000       0.000       0.000       0.000       0.000       0.000       0.000       0.000
       0.000       0.000       0.000       0.000       0.000       0.000       0.000       0.000       0.000       0.000
       0.000       0.000       0.000       0.000       0.000       0.000       0.000       0.000       0.000       0.000
       0.000       0.000       0.000       0.000       0.000       0.000       0.000       0.000       0.000       0.000
       0.000       0.000       0.000       0.000       0.000       0.000       0.000       0.000       0.000       0.000
       0.000       0.000       0.000       0.000       0.000       0.000       0.000       0.000