        2048     0.02000
       0.246       0.246       0.246       0.217       0.246       0.246       0.362       0.249       0.244       0.188
       0.251       0.261       0.456       0.306       0.376       0.971       0.200       0.264       0.977       0.416
       0.438       1.249       0.356       0.393       1.291       0.371       0.432       1.650       0.402       0.486
       2.684       0.770       0.882       3.755       0.722       0.293       1.194       2.061       1.542       1.202
       1.793       1.582       1.397       2.127       2.196       3.496       7.063       4.910       0.193      -2.814
      -2.900      -2.446      -3.317      -5.373      -7.702      -5.681      -0.547       5.841       5.620       3.584
       5.929       5.042       2.876       6.276       9.993      10.219      14.280      11.665      -2.684     -10.268
      -3.917       4.118       2.806      -7.187      -5.343      11.758      17.221       7.385      -2.475     -14.001
     -20.373     -11.180       4.087      16.096       6.221     -12.208     -21.716     -21.586     -14.213       2.793
      15.656       9.622       3.144      14.830      27.874      27.985      23.861      21.017      26.502      31.823
      30.975      29.411      32.991      29.048      21.740       1.292     -24.043     -31.826     -28.392     -25.893
     -19.768     -15.531     -20.948     -28.255     -23.447     -13.966     -15.732     -22.563     -21.373     -13.718
      -7.050     -12.767     -26.260     -31.960     -33.659     -35.642     -27.172     -12.017      -2.019       2.047
      -3.680     -15.260      -4.427      22.685      27.120      14.453      -3.138     -31.817     -60.472     -62.002
     -36.728     -10.515       0.786      -8.638       1.997      31.216      53.394      60.410      44.458      14.299
       6.756      28.317      38.544      12.898     -21.702     -56.141     -78.159     -74.998     -53.385     -19.064
      14.339      25.619      43.672      61.538      64.563      70.537      76.608      65.831      41.052      13.090
      -3.569      -2.705      14.030      33.338      12.862     -50.477     -93.383     -76.878     -16.766      49.553
      93.256     102.025      75.023      47.117      53.384      59.311      37.174       8.919     -21.787     -54.417
     -71.534     -69.827     -42.643       2.565      21.151       4.030     -20.138     -47.940     -65.741     -56.093
     -48.637     -51.513     -41.851     -30.625     -13.368      42.131      93.162      75.536      18.953     -14.549
     -19.953     -11.935      -8.017     -15.452     -13.655      -1.511      12.874      23.896      -3.005     -60.328
     -92.716     -75.153     -24.756      22.765      36.569      15.855     -13.856     -11.327      17.439      26.642
      25.246      34.701      25.384      -3.578     -23.861     -19.582       6.412      15.103     -13.685     -47.812
     -73.526     -74.944     -31.607      -2.460     -31.636     -66.985     -72.843     -67.261     -54.271     -26.149
       4.942       9.180      -7.879       2.297      50.021      76.354      66.246      50.343      34.952      14.878
     -21.650     -75.565    -104.595     -90.940     -56.499     -23.789     -12.329      -8.499      37.492     101.526
     106.705      41.872     -56.075    -141.626    -139.700     -45.076      32.426      32.026      -9.489     -49.298
     -58.332     -39.091     -22.653     -29.442     -58.764     -81.674     -75.790     -34.061      38.425      78.247
      40.941     -21.899     -63.950     -52.208      -0.992      16.044       2.883      -4.029     -27.722     -41.990
       6.285      84.363     121.797      94.115      20.156     -53.663     -92.626    -114.178    -123.316    -108.913
     -98.739     -85.194     -33.880       6.704      14.910       5.522     -42.026     -99.358    -106.813     -85.890
     -63.457     -35.690      -1.211      30.647      45.420      47.949      52.853      48.802      38.210       9.933
     -25.526     -26.248       1.388      43.456      74.790      28.287     -83.280    -172.033    -200.141    -182.808
    -118.677     -21.761      39.877      36.873      13.525      19.363      65.064      96.517      72.386      40.676
      17.116      -7.069      -9.098       1.466       5.993     -16.342     -84.253    -121.411     -80.390     -17.070
      27.015      52.704      82.785     138.261     179.594     187.216     175.099     130.987      50.636     -18.216
     -15.259      38.867      76.583      77.345      38.318      -9.940     -30.064     -32.101     -12.148       9.359
      -8.142     -38.842     -47.326     -14.431      59.606     112.506     112.429      80.870      37.485     -17.384
     -79.017     -83.917      -6.781      54.081      63.019      67.393      76.257      82.696      65.941      27.430
      18.715      19.212     -14.972     -47.729     -47.075     -24.463      -0.678      12.768      -7.945     -46.771
     -36.308      17.192      52.077      44.234     -16.217     -70.550     -71.762     -28.596      42.802      75.362
      35.488       3.828      -2.576      -1.793       3.659     -18.321     -70.800    -110.715     -89.284       4.867
      96.367     139.957     148.309     140.625     133.486     109.428      74.993      57.003      22.843      -7.159
      22.144      73.840      94.835      63.191      11.949     -27.657    -112.705    -198.454    -221.754    -170.724
     -53.499      14.414      -9.806     -29.336      -8.588      28.109      37.390       3.565     -19.046     -51.265
    -102.178    -108.597     -86.663     -61.290     -26.688      -5.861      32.332      75.118      73.406      74.640
     112.426     132.781      93.995      21.434     -41.537     -89.559     -97.323     -70.216     -65.422     -47.105
       7.513      58.614     139.933     215.288     181.107      61.234     -25.309      21.213     122.124     135.099
      85.693      56.075      68.009      85.634      67.063      50.200      31.911     -34.124    -100.153    -122.940
    -122.948    -127.872    -133.238     -99.314     -39.677       0.110       7.593     -29.871     -73.154     -73.661
     -45.630     -18.380      18.050      87.388     148.026     128.425      78.592      47.959      22.517      13.431
       5.759     -24.730     -60.288     -93.498     -71.812       1.005      74.097     140.328     164.850     136.131
      93.417      30.776     -22.406     -43.044     -36.903      -2.312       5.013     -52.779    -130.137    -158.617
     -94.752     -17.879      -9.459     -52.196    -126.323    -138.798     -44.538      50.390     104.378     119.223
      84.002      61.793      79.354     116.834     121.396      52.109       0.303      16.770      52.641      96.084
      82.175       8.102     -52.610     -83.706     -63.669     -38.429     -62.840     -63.989     -23.801      16.742
      28.826       6.417       2.709      30.528      64.259      93.025      67.950      14.567      10.661      38.009
      29.546     -39.081     -83.747     -69.216     -83.753     -95.997     -39.559       0.518     -18.843     -49.860
     -40.852      19.315      58.154      28.989     -26.716     -63.027     -63.375     -77.072    -101.888     -71.598
     -10.770      37.799      40.643     -12.939     -31.619      18.212      44.953      -1.636     -81.480    -142.697
    -177.599    -139.781     -31.347      27.274      23.472      29.105      18.712     -15.151     -60.614     -90.971
     -72.613     -23.228      48.407     130.910     159.932     108.228      -5.930     -80.106     -36.488      45.113
      91.013     114.899     125.361     136.232     123.072      80.099      53.659      42.092      18.921     -31.763
     -70.818     -58.129     -60.904     -74.264     -30.440      16.190      15.674     -33.973     -82.411     -77.254
     -69.408     -61.412     -19.497      -2.650      -6.410     -19.521     -54.793     -76.600     -79.356     -52.360
       8.651      41.153      51.866      58.201      52.189      73.566      94.525      67.930      18.615     -43.765
     -77.984     -66.842     -57.441     -34.720       3.594       8.547     -29.309     -62.707     -63.161    -116.265
    -205.334    -167.721     -21.267     116.474     176.102     114.177      19.391     -18.967     -28.894     -40.512
     -62.289     -64.247     -37.186     -12.221      29.275      82.355      99.820      59.248     -34.712     -96.658
     -60.775      -4.733       0.731      -9.291       7.420      22.430       0.804     -28.840     -40.533     -33.736
      10.697      67.492     101.150     122.140     128.756     105.131      58.307      22.489      34.944      71.372
     104.441     104.562      48.722      -2.019     -20.145     -52.481     -87.555     -98.111     -78.018     -39.413
     -23.177     -25.171      -7.166      14.816      11.445       5.958      31.723      49.488      24.941      11.974
      41.706      81.748      95.664      72.382      36.821       0.459     -18.405      12.278      41.745      22.256
     -12.496     -30.973       8.272     106.154     169.607     150.752      75.878      -1.210     -34.489     -31.155
     -17.133     -23.823     -61.671     -97.238    -113.102     -90.901     -56.706     -81.478    -117.317     -73.484
      15.929      73.676      83.422      84.732      90.354      78.992      58.607      29.166     -11.758     -48.276
     -82.443     -81.591     -25.426      19.867       9.089     -38.867     -83.202     -86.686     -79.723     -79.335
     -40.759      21.797      62.005      58.987      20.917       5.972      17.278      10.678      -3.213      -3.110
      10.998      24.757      23.599      13.156       3.285      -1.126      -8.925     -34.668     -58.211     -71.215
     -74.190     -48.160     -16.835     -10.829     -24.630     -38.945     -15.065      41.046      85.844     110.767
      97.865      36.387     -13.185      -0.183      40.874      50.370      20.179      -5.487      -5.005      10.195
      25.573      35.052      47.130      53.816      39.408      17.558     -13.211     -55.234     -72.304     -57.842
     -58.998     -82.878     -98.893    -109.588    -120.221    -105.178     -74.825     -64.024     -73.110     -92.515
    -102.722     -71.214     -11.449      34.072      51.079      55.569      62.251      66.021      52.839      34.563
      41.334      69.599      79.877      55.257      31.707      31.984      24.301     -11.323     -42.409     -49.401
     -47.815     -37.251     -15.366       2.098      21.294      36.335      39.785      56.321      76.113      62.956
      28.693      10.579      27.396      50.819      44.779      19.547      -4.695     -10.379       4.365      12.379
      12.464       5.649     -13.999     -18.334       2.449      18.300       9.888     -15.283     -31.781     -22.971
      -2.101      12.867      12.862       3.830       2.242      10.698      23.267      25.359       2.155     -26.253
     -35.197     -21.230      -3.519      -1.581       6.863      33.463      35.287       6.694     -18.586     -24.829
     -12.561      -4.734      -9.662      -7.081      -6.682     -25.406     -50.691     -67.867     -74.143     -75.959
     -79.247     -85.541     -84.253     -54.780       0.013      41.500      50.706      38.290      17.928       1.450
      -0.098      14.288      34.476      39.454      25.128       7.265      -2.635      -6.434      -9.921     -20.258
     -33.430     -35.052     -23.882     -14.970     -14.424     -17.899     -17.349     -11.359     -12.726     -22.610
     -26.241     -26.171     -31.281     -20.501      19.318      59.628      75.523      67.230      43.893      27.280
      20.087       8.582      -0.958       1.450       9.507      15.225      12.739       8.081       6.544       3.685
      -0.958      -0.919       3.477       7.592       3.194      -7.092      -6.707       8.725      16.850       1.483
     -23.881     -34.883     -27.452     -11.360       1.648       3.475       3.964      11.378      19.057      28.155
      39.750      50.819      65.074      75.390      68.700      49.489      35.835      23.242      -2.630     -25.302
     -28.849     -26.791     -26.294     -27.394     -26.182     -15.279      -0.433      12.864      31.547      48.497
      54.994      62.947      80.107      96.629     100.952      86.359      54.796      15.421     -18.264     -34.343
     -37.646     -40.112     -41.885     -39.504     -39.173     -38.233     -27.078      -7.447       9.597      18.175
      14.041       2.181      -4.329      -1.242       4.174       7.679      10.508      15.908      17.052       5.226
     -11.412      -8.924      13.812      30.865      26.523      12.725       6.358       7.204       9.785      15.007
      19.933      17.746       3.295     -17.978     -29.253     -25.596     -19.293     -22.183     -35.427     -46.259
     -43.906     -40.191     -41.167     -38.252     -28.872     -18.191     -16.740     -32.833     -50.673     -52.430
     -39.545     -18.740       6.306      25.631      29.061      20.127      12.398       8.724      11.552      20.879
      26.393      21.416       4.659     -11.724     -10.857      -3.661     -10.104     -31.034     -53.052     -60.137
     -49.922     -27.528      -1.975       9.079       5.905       5.877       7.040       2.041      -4.510      -6.447
      -5.280      -5.906      -9.288     -13.089     -17.094     -15.974      -8.302      -2.979      -1.072       2.158
       7.080      12.874      12.601       8.931      11.407      15.851      13.967       9.977      13.643      19.004
      13.846       2.291      -5.432      -1.760      18.042      39.506      45.601      40.693      37.332      36.405
      30.258      18.176      12.058      14.022      13.420       4.138      -4.824      -5.007      -1.020      -5.377
     -16.395     -18.275      -8.262      -1.076      -0.758      -3.295      -7.826     -10.585      -8.771      -4.249
       4.981      15.668      20.463      20.605      19.516      19.697      19.897      16.729      11.723       7.960
       9.226      13.607      11.957       7.393       3.150      -6.534     -17.520     -20.383     -14.910      -7.411
      -3.386       1.784       7.904       7.269       0.952      -5.479      -9.265      -9.840      -7.969      -2.993
       0.534       0.014       1.411       3.634       2.630       1.557       2.616      11.585      27.202      34.091
      28.463      15.721       4.886       6.305      14.141      19.628      25.779      31.628      28.858      10.945
     -11.260     -22.486     -25.886     -29.047     -32.552     -37.061     -38.959     -36.456     -29.957     -23.400
     -21.284     -20.991     -19.063     -14.524      -6.407      -0.627      -1.410      -6.456     -15.248     -24.953
     -30.063     -30.151     -26.962     -24.286     -24.993     -24.806     -22.171     -19.485     -18.433     -15.990
      -9.669      -3.998      -0.122       4.274       1.457     -10.328     -20.845     -22.301     -18.353     -12.993
      -2.844      10.225      15.942      13.395       8.315       5.459       4.459       0.595      -6.344     -14.910
     -22.337     -21.631     -16.869     -15.379     -13.991     -10.024      -4.016       2.345       9.336      19.765
      28.740      28.198      18.195       3.719      -7.102      -8.309      -1.162       6.078       4.103      -2.713
      -7.143     -12.696     -13.949      -4.084      11.514      25.167      31.446      30.673      26.353      19.305
      12.535       3.827      -9.135     -18.270     -21.043     -22.653     -25.864     -30.204     -30.983     -28.173
     -24.769     -17.431      -6.853       2.213       9.765      16.398      20.286      20.243      18.914      19.258
      17.311      12.351       9.248       8.274       8.070       8.373       8.019       5.565       0.338      -1.919
       1.549       5.020       7.720      11.037      11.283       7.565       3.612       3.534       5.669       4.706
       2.349       1.745       0.985       0.004       0.785       3.042       4.284       3.950       5.075       7.303
       8.245       8.640       9.067       8.389       6.795       5.656       5.560       5.169       4.211       3.436
       2.035      -0.056      -1.343      -1.370      -0.571       0.087       0.738       1.528       1.583       1.304
       1.430       1.467       1.260       1.011       0.765       0.616       0.488       0.356       0.193      -0.019
      -0.096       0.000       0.000       0.000       0.000       0.000       0.000       0.000       0.000       0.000
       0.000       0.000       0.000       0.000       0.000       0.000       0.000       0.000       0.000       0.000
       0.000       0.000       0.000       0.000       0.000       0.000       0.000       0.000       0.000       0.000
       0.000       0.000       0.000       0.000       0.000       0.000       0.000       0.000       0.000       0.000
       0.000       0.000       0.000       0.000       0.000       0.000       0.000       0.000       0.000       0.000
       0.000       0.000       0.000       0.000       0.000       0.000       0.000       0.000       0.000       0.000
       0.000       0.000       0.000       0.000       0.000       0.000       0.000       0.000       0.000       0.000
       0.000       0.000       0.000       0.000       0.000       0.000       0.000       0.000       0.000       0.000
       0.000       0.000       0.000       0.000       0.000       0.000       0.000       0.000       0.000       0.000
       0.000       0.000       0.000       0.000       0.000       0.000       0.000       0.000       0.000       0.000
       0.000       0.000       0.000       0.000       0.000       0.000       0.000       0.000       0.000       0.000
       0.000       0.000       0.000       0.000       0.000       0.000       0.000       0.000       0.000       0.000
       0.000       0.000       0.000       0.000       0.000       0.000       0.000       0.000       0.000       0.000
       0.000       0.000       0.000       0.000       0.000       0.000       0.000       0.000       0.000       0.000
       0.000       0.000       0.000       0.000       0.000       0.000       0.000       0.000       0.000       0.000
       0.000       0.000       0.000       0.000       0.000       0.000       0.000       0.000       0.000       0.000
       0.000       0.000       0.000       0.000       0.000       0.000       0.000       0.000       0.000       0.000
       0.000       0.000       0.000       0.000       0.000       0.000       0.000       0.000       0.000       0.000
       0.000       0.000       0.000       0.000       0.000       0.000       0.000       0.000       0.000       0.000
       0.000       0.000       0.000       0.000       0.000       0.000       0.000       0.000       0.000       0.000
       0.000       0.000       0.000       0.000       0.000       0.000       0.000       0.000       0.000       0.000
       0.000       0.000       0.000       0.000       0.000       0.000       0.000       0.000       0.000       0.000
       0.000       0.000       0.000       0.000       0.000       0.000       0.000       0.000       0.000       0.000
       0.000       0.000       0.000       0.000       0.000       0.000       0.000       0.000       0.000       0.000
       0.000       0.000       0.000       0.000       0.000       0.000       0.000       0.000       0.000       0.000
       0.000       0.000       0.000       0.000       0.000       0.000       0.000       0.000       0.000       0.000
       0.000       0.000       0.000       0.000       0.000       0.000       0.000       0.000       0.000       0.000
       0.000       0.000       0.000       0.000       0.000       0.000       0.000       0.000       0.000       0.000
       0.000       0.000       0.000       0.000       0.000       0.000       0.000       0.000       0.000       0.000
       0.000       0.000       0.000       0.000       0.000       0.000       0.000       0.000       0.000       0.000
       0.000       0.000       0.000       0.000       0.000       0.000       0.000       0.000       0.000       0.000
       0.000       0.000       0.000       0.000       0.000       0.000       0.000       0.000       0.000       0.000
       0.000       0.000       0.000       0.000       0.000       0.000       0.000       0.000       0.000       0.000
       0.000       0.000       0.000       0.000       0.000       0.000       0.000       0.000       0.000       0.000
       0.000       0.000       0.000       0.000       0.000       0.000       0.000       0.000       0.000       0.000
       0.000       0.000       0.000       0.000       0.000       0.000       0.000       0.000       0.000       0.000
       0.000       0.000       0.000       0.000       0.000       0.000       0.000       0.000       0.000       0.000
       0.000       0.000       0.000       0.000       0.000       0.000       0.000       0.000       0.000       0.000
       0.000       0.000       0.000       0.000       0.000       0.000       0.000       0.000       0.000       0.000
       0.000       0.000       0.000       0.000       0.000       0.000       0.000       0.000       0.000       0.000
       0.000       0.000       0.000       0.000       0.000       0.000       0.000       0.000       0.000       0.000
       0.000       0.000       0.000       0.000       0.000       0.000       0.000       0.000       0.000       0.000
       0.000       0.000       0.000       0.000       0.000       0.000       0.000       0.000       0.000       0.000
       0.000       0.000       0.000       0.000       0.000       0.000       0.000       0.000       0.000       0.000
       0.000       0.000       0.000       0.000       0.000       0.000       0.000       0.000       0.000       0.000
       0.000       0.000       0.000       0.000       0.000       0.000       0.000       0.000       0.000       0.000
       0.000       0.000       0.000       0.000       0.000       0.000       0.000       0.000       0.000       0.000
       0.000       0.000       0.000       0.000       0.000       0.000       0.000       0.000       0.000       0.000
       0.000       0.000       0.000       0.000       0.000       0.000       0.000       0.000       0.000       0.000
       0.000       0.000       0.000       0.000       0.000       0.000       0.000       0.000       0.000       0.000
       0.000       0.000       0.000       0.000       0.000       0.000       0.000       0.000       0.000       0.000
       0.000       0.000       0.000       0.000       0.000       0.000       0.000       0.000       0.000       0.000
       0.000       0.000       0.000       0.000       0.000       0.000       0.000       0.000       0.000       0.000
       0.000       0.000       0.000       0.000       0.000       0.000       0.000       0.000       0.000       0.000
       0.000       0.000       0.000       0.000       0.000       0.000       0.000       0.000       0.000       0.000
       0.000       0.000       0.000       0.000       0.000       0.000       0.000       0.000       0.000       0.000
       0.000       0.000       0.000       0.000       0.000       0.000       0.000       0.000       0.000       0.000
       0.000       0.000       0.000       0.000       0.000       0.000       0.000       0.000       0.000       0.000
       0.000       0.000       0.000       0.000       0.000       0.000       0.000       0.000       0.000       0.000
       0.000       0.000       0.000       0.000       0.000       0.000       0.000       0.000       0.000       0.000
       0.000       0.000       0.000       0.000       0.000       0.000       0.000       0.000       0.000       0.000
       0.000       0.000       0.000       0.000       0.000       0.000       0.000       0.000       0.000       0.000
       0.000       0.000       0.000       0.000       0.000       0.000       0.000       0.000       0.000       0.000
       0.000       0.000       0.000       0.000       0.000       0.000       0.000       0.000       0.000       0.000
       0.000       0.000       0.000       0.000       0.000       0.000       0.000       0.000       0.000       0.000
       0.000       0.000       0.000       0.000       0.000       0.000       0.000       0.000       0.000       0.000
       0.000       0.000       0.000       0.000       0.000       0.000       0.000       0.000       0.000       0.000
       0.000       0.000       0.000       0.000       0.000       0.000       0.000       0.000