        2048     0.02000
      -0.008      -0.008      -0.008      -0.003      -0.008      -0.008       0.012      -0.008      -0.008      -0.054
      -0.014      -0.011      -0.059       0.001       0.003       0.107       0.063      -0.001      -0.033      -0.153
      -0.187      -0.048      -0.015       0.084       0.020       0.012       0.127       0.054       0.058       0.371
       0.499       0.044      -0.087      -0.463      -0.659      -0.122      -0.030       0.479       0.183       0.139
       0.632       0.315       0.313       1.033       0.847       0.276      -0.241      -0.002       0.762       1.344
       1.157       0.700       0.925       0.456      -0.291      -1.218      -1.774      -1.695      -1.766      -0.343
       0.439       1.119       1.059       1.250       2.217       2.371       1.051      -0.164      -0.863      -1.769
      -2.768      -2.824      -2.138      -0.808      -0.966      -1.950      -2.520      -2.613      -3.011      -3.523
      -3.588      -3.175      -0.704       1.989       3.966       3.625       1.938       0.943      -0.351      -1.193
      -1.528      -1.849      -3.237      -4.879      -4.733      -3.575      -4.310      -2.741      -0.661       0.451
       0.552      -1.420      -2.785      -3.210      -3.819      -4.789      -4.790      -2.851       0.514       4.013
       6.806       4.640       0.072      -6.497      -7.327      -4.122      -0.610       3.034       4.857       6.027
       5.731       2.958      -1.199      -6.118      -8.667      -6.849      -3.577      -3.736      -4.706      -3.033
       0.319       0.065      -4.636      -8.533      -8.387      -3.561       4.652       9.191       7.405       2.862
      -1.793      -4.819      -7.596     -10.469     -11.495      -8.016      -0.196       5.617       7.372       6.519
       5.413       3.385      -0.926      -5.371      -8.073      -8.772      -4.880       2.229       4.442      -2.930
     -13.178     -14.606     -10.226      -5.261      -2.308      -4.284      -9.853     -10.141      -5.491      -1.981
      -0.253       2.767       8.343       8.431       2.385      -2.602      -3.585      -1.935      -4.041      -7.228
      -7.136      -1.488       5.529      10.641       9.107       3.201      -3.533      -6.575      -6.034      -2.063
       1.123       1.482      -1.100      -1.726       1.853       3.413       1.173      -2.870      -4.362       0.592
       5.859       7.556       6.082       6.145       6.434       4.588       3.261       6.549      15.027      24.238
      22.821      12.706      -1.012     -11.413     -13.935     -12.308     -11.432     -14.656     -17.856     -14.999
     -11.626      -1.761      14.399      25.668      25.752      17.322       2.520     -15.259     -25.500     -19.248
      -0.425      16.296      21.815      18.663       9.270      -0.237     -11.369     -23.760     -29.393     -25.485
      -6.608      16.705      26.404      17.627       4.976      -3.934      -7.120      -9.167     -12.553      -9.769
      -2.845      -0.225      -1.169      -4.890      -5.028      -2.705      -0.011      -1.107      -4.530      -4.904
      -0.248      10.145      11.054      -1.439      -0.577      11.886      21.593      25.001      32.148      30.345
       8.530     -18.986     -34.076     -41.980     -37.794     -20.909       4.094      19.284      15.028      13.376
      16.787      13.740       6.751       0.581      -6.120     -16.608     -19.414     -11.345       5.127      12.713
       3.781     -13.882     -15.769       3.137      24.671      25.912      14.457      -2.589     -17.079     -13.893
      -2.163      13.373      28.385      44.654      52.038      38.733      13.383      -2.667     -14.287     -30.929
     -50.473     -54.478     -37.523     -12.485      16.885      32.720      24.965       6.542      -6.011     -12.671
     -14.469      -9.089      -2.308      10.098      24.360      29.415      18.495      11.771      12.464      13.966
      10.074       1.869      -8.246     -12.270       8.732      35.234      35.981      17.459       5.326       2.847
      -2.397      -7.491     -19.419     -20.544      -0.333      26.129      41.395      38.889      21.956      -1.106
     -23.372     -31.961     -29.041      -8.385      22.701      40.731      36.219      22.075       4.681       0.967
       5.786       9.009      17.553      20.577       7.239       1.604       9.425      25.476      22.919       3.374
     -12.260      -8.266      15.028      35.750      27.062       6.447      -5.936      -8.042      -4.040       2.339
       8.845      13.776      11.201     -10.211     -41.427     -34.898       8.605      48.535      60.060      33.492
       8.986       6.052      10.390       7.620      -7.500     -16.838     -19.081     -13.826      -7.432      -0.251
       8.356      29.539      40.633      17.466      -9.365      -9.294      16.742      31.347      28.229      19.497
       6.423     -17.118     -21.579     -13.798      -2.192       7.508      -2.601      -9.570      -8.961      -5.631
     -12.639     -19.617     -19.245     -12.202       3.458      27.247      43.129      49.007      51.264      44.503
      13.803     -41.946     -69.016     -58.664     -18.374      21.654      38.420      30.109       9.962      -6.112
     -10.858     -23.890     -35.189     -22.556      -5.816      -1.288      -8.750     -16.324     -17.842      -7.979
      14.091      18.346       4.823     -18.620     -34.015     -35.242      -6.787      30.744      50.165      51.702
      49.505      30.771      -6.286     -45.484     -55.812     -37.211     -20.401      -3.376       6.691       2.423
      -0.074      -5.216     -11.249     -21.043     -21.682      -0.971      22.109      16.939       0.390       3.010
      12.731       5.527     -11.026     -10.665      17.558      48.617      54.504      40.088      17.356     -14.770
     -43.075     -54.190     -41.687     -23.684     -13.764      -0.860       5.944      32.073      66.719      69.409
      53.988      27.822      -4.083     -28.593     -35.977     -27.673     -25.487     -27.796     -30.719     -47.157
     -62.338     -57.907     -36.770     -28.209     -45.114     -58.294     -52.496     -29.441      -2.857      26.546
      49.478      53.161      31.874       3.969     -26.270     -37.101     -19.980       0.149      16.941      18.292
      12.413      12.715      21.934      36.567      39.475      26.152      17.131      18.209      12.496       8.422
      13.574      19.144      16.520      17.961      22.398      25.432       5.692      -2.856      -0.025     -14.732
     -24.478     -14.647      -0.874      -5.045      -8.602       0.482       6.331      -0.615      -4.546       7.166
       1.082     -30.496     -58.775     -43.832       9.854      59.505      59.306      23.528     -11.083     -18.143
       9.106      39.475      39.822      12.734       1.225      11.834      17.071       6.066     -11.772      -8.054
      21.173      39.946      28.397       4.601     -13.001     -28.856     -34.928     -33.731     -34.384     -31.036
     -19.882      14.044      37.607      17.993      -8.072     -28.760     -40.318     -30.982      -0.506      28.764
      29.328      14.904      14.304      31.863      47.548      53.968      55.986      37.509       1.431     -22.689
     -26.679     -25.377     -34.472     -43.761     -39.839     -39.558     -38.876     -23.854       0.946      29.161
      57.700      70.803      64.540      40.292      12.981      -4.624     -12.012      -4.722       6.370      28.308
      52.498      49.040      38.947      36.114      26.353      -1.096     -24.891     -29.852      -6.309      22.917
      23.092      11.251      -0.606     -16.002     -25.182     -31.321     -39.512     -36.716     -18.252      -0.965
      -4.812     -28.935     -36.186     -14.479      16.620      27.736      17.215       2.839      -8.033     -17.763
     -21.514     -25.346     -19.560      -1.467      22.182      39.627      31.176      20.046      27.326      29.421
      13.148     -10.799     -21.892     -56.083     -85.008     -80.636     -47.012      -6.929      27.900      41.631
      40.092      12.363     -21.809     -27.570     -30.528     -26.507     -10.221       1.282      10.103      20.314
      38.015      29.601      -8.961     -36.169     -30.388      -4.251      13.971      19.362      18.676       7.458
      -3.329      -6.860     -10.297      -4.290       4.931      15.213      21.228       6.768     -13.214     -28.408
     -32.994     -15.719       5.296      21.682      16.489      15.505      32.806      35.731      28.874       0.251
     -39.847     -55.535     -51.035     -40.744     -33.777     -17.287      -4.311      -2.686      -8.829      -2.008
      32.516      59.168      56.706      46.043      21.513      -4.382      -8.229      -7.743     -20.482     -40.258
     -33.353       0.371      21.554      24.074      13.682       3.116       4.483      20.107      36.416      32.894
      14.297      13.037      22.537      15.751     -17.053     -29.562      -8.564       7.378      20.469      30.318
      36.924      24.627     -10.113     -22.879     -18.446     -18.557     -34.079     -52.729     -37.986      -2.814
      26.115      35.597      10.569     -22.404     -33.164     -19.310     -12.137     -28.151     -51.386     -45.380
     -26.499     -32.211     -48.616     -36.112       9.866      42.351      34.720      18.081       7.638      -2.070
      -2.344      -0.435      -9.827     -25.836     -32.285     -15.508      -3.776      -7.667      -6.197      10.294
      27.671      22.058      13.221       6.040     -13.280     -35.761     -52.000     -53.376     -34.490      -7.502
      16.472      16.296      -1.805      -7.846      -0.186      10.002      11.221       2.952       6.506      11.706
       3.127      -7.801      -0.102      18.893      25.948      15.724       5.545      -2.026      -5.098      -8.540
     -21.122     -28.600     -23.342     -13.697     -12.124     -14.951     -30.137     -46.263     -38.885     -29.856
     -24.935     -13.897       9.465      37.362      46.312      40.906      34.852      26.532      27.768      37.540
      48.913      40.410       8.401     -23.631     -33.611     -21.766      -5.292      -3.047      -8.626     -18.660
     -19.887     -11.052      -4.709      -0.446       1.087      -2.736      -4.290     -12.384     -16.994     -23.148
     -29.151     -20.751      -8.627       2.520       7.963      12.501      11.898       7.992       8.712       4.708
      -2.598      -2.536       8.929      18.413      15.892       0.321     -14.119     -15.257      -5.094       7.714
       9.791       9.094      10.439      21.730      29.076      27.757      18.617       5.561      -1.846      -2.911
      -0.157       3.947      -3.666     -16.973     -17.991      -8.790       3.345      16.091      26.119      32.761
      42.661      50.353      39.109      14.698      -9.872     -20.986     -20.334     -21.616     -24.204     -19.548
      -7.287       6.655       8.868       3.661      -6.673     -11.159      -7.333      -6.856      -9.057      -3.227
       7.043      11.928      -1.035     -17.907     -21.365     -16.429      -8.563      -0.925       6.531      11.190
      11.943       6.148      -9.372     -19.075     -19.594     -15.436     -13.988     -16.156     -13.996     -12.227
     -15.178     -11.023      -9.261      -5.904       6.158      12.228       9.632       2.062      -3.692       0.181
       4.004      -2.583      -8.318      -3.305       5.168       4.332       4.092       8.115      11.532      12.362
      11.117       5.910      -7.768     -15.978     -21.910     -31.042     -37.998     -35.114     -23.896      -6.046
      11.289      16.763      12.083       1.452      -6.057     -13.188     -13.725      -7.529       4.054      16.754
      25.253      20.622       9.431       0.333      -4.033      -3.762      -9.312     -14.849     -13.507      -7.802
      -0.155       8.031      16.210      17.856      14.193      13.189      17.688      16.274       6.724      -6.934
     -14.871     -16.142      -9.349       1.333       4.036      -2.058      -7.886     -11.388     -13.243     -14.872
     -12.072      -7.099      -4.342      -1.804       2.113       4.689       1.369      -4.629      -8.148      -9.366
     -12.164     -17.767     -20.364     -15.007      -0.650      12.166      16.721      11.728       1.845      -7.365
     -11.406     -10.301       0.112      12.793      15.683      11.845       4.187      -2.749      -6.497      -7.768
     -11.002     -14.538     -13.122      -7.450      -5.317      -5.518      -6.518      -9.624      -9.144      -1.882
      10.913      19.362      21.049      18.391      11.857       5.731      -1.841      -8.958     -12.508     -13.319
      -9.882      -1.249       4.999       6.987       4.699       2.588      -0.892      -5.514      -7.393      -5.815
      -5.068      -5.462      -1.039       5.105       9.315      10.335       9.093       1.161      -9.822     -14.047
     -11.733      -5.855      -1.196       1.738       0.973       1.927       2.302       0.869      -3.801     -11.895
     -15.741      -9.029       5.396      21.168      31.652      33.577      25.534      12.379       4.322       0.075
      -5.441      -8.737      -6.358       0.423       9.623      16.429      15.707      10.965       4.728      -0.324
      -2.004      -2.105      -1.676       0.429       5.509       9.808      10.177       8.755       6.165       2.168
      -0.206      -1.035      -1.295      -2.998      -4.752      -4.430       0.176       8.233      13.976      14.335
       9.797       2.589      -3.729      -6.716      -6.077      -4.002      -2.953       3.729      13.700      20.233
      22.577      20.430      13.223       2.074      -4.806      -5.087      -2.238      -2.480      -2.362       1.265
       3.781       4.597       6.534      10.030      12.656      12.299       9.517       4.427      -5.078     -16.052
     -18.956     -13.093      -5.579       1.224       5.246       2.641      -4.952     -12.749     -15.982     -16.044
     -14.449     -13.099      -9.921      -4.635       1.673       6.893       7.469       1.936      -6.143     -11.861
     -11.795      -9.609     -11.555     -12.204      -8.311      -2.303       2.116       4.037       5.414       4.739
       4.553       2.253      -3.309      -8.734     -12.205     -10.796      -5.456       0.794       6.085       7.709
       5.780      -0.899      -9.203     -11.544      -8.528      -5.227      -3.335      -3.207      -4.674      -6.870
      -8.906      -9.107      -8.578      -9.733     -12.064     -14.848     -13.122      -7.237       0.108       5.209
       4.360      -1.827      -7.784      -9.404      -9.542     -10.280     -11.570     -10.574      -5.245       2.606
       8.477       9.152       5.738       2.297      -0.086      -1.170      -1.342      -1.250      -1.321       0.060
       2.713       2.762       1.884       0.954      -0.687       1.007       4.627       8.221       9.186       6.690
       3.816       1.627       1.498       3.794       3.646       1.555       0.051       2.181       5.803       7.564
       8.255       5.389       0.257      -2.928      -3.165       0.124       1.548      -0.360      -3.466      -6.629
      -7.188      -5.622      -2.260       0.587       1.587       3.319       4.603       5.766       5.285       3.694
       2.221      -0.517      -2.201      -2.253      -1.577      -0.080       2.768       7.819      11.786      12.193
      10.414       7.317       5.565       3.883       0.235      -1.584      -0.886       2.805       6.585       7.755
       7.801       8.311       7.573       4.517       0.613      -1.698      -1.952      -0.819       1.706       2.625
       2.016       1.433       1.685       1.223      -1.543      -2.923      -2.484      -2.344      -1.730      -0.771
       1.060       2.868       3.710       3.370       1.708      -0.183      -2.513      -4.628      -6.296      -9.527
     -11.655     -11.059      -8.397      -6.623      -6.401      -6.173      -6.008      -5.591      -3.846      -1.037
       1.510       2.240       2.240       2.279       3.065       4.229       3.903       2.366       0.471      -0.329
      -0.357      -1.270      -1.854      -1.604      -0.555       0.093      -0.255      -0.043       0.556       1.022
       0.485      -1.545      -3.780      -5.283      -4.630      -3.119      -1.546      -0.356       0.208       0.777
       0.759       0.908       0.739      -0.183      -1.155      -1.767      -1.416      -0.735      -0.136       0.121
       0.327       0.559       0.378       0.194      -0.106      -0.393      -0.310      -0.373      -0.526      -0.615
      -0.256       0.564       1.138       1.231       0.880       0.755       1.018       1.198       0.950       0.523
       0.475       0.828       1.244       1.482       1.415       1.129       0.740       0.431       0.324       0.266
       0.213       0.185       0.143       0.126       0.180       0.280       0.296       0.207       0.058      -0.051
      -0.098      -0.167      -0.252      -0.341      -0.372      -0.316      -0.221      -0.131      -0.085      -0.045
       0.000       0.000       0.000       0.000       0.000       0.000       0.000       0.000       0.000       0.000
       0.000       0.000       0.000       0.000       0.000       0.000       0.000       0.000       0.000       0.000
       0.000       0.000       0.000       0.000       0.000       0.000       0.000       0.000       0.000       0.000
       0.000       0.000       0.000       0.000       0.000       0.000       0.000       0.000       0.000       0.000
       0.000       0.000       0.000       0.000       0.000       0.000       0.000       0.000       0.000       0.000
       0.000       0.000       0.000       0.000       0.000       0.000       0.000       0.000       0.000       0.000
       0.000       0.000       0.000       0.000       0.000       0.000       0.000       0.000       0.000       0.000
       0.000       0.000       0.000       0.000       0.000       0.000       0.000       0.000       0.000       0.000
       0.000       0.000       0.000       0.000       0.000       0.000       0.000       0.000       0.000       0.000
       0.000       0.000       0.000       0.000       0.000       0.000       0.000       0.000       0.000       0.000
       0.000       0.000       0.000       0.000       0.000       0.000       0.000       0.000       0.000       0.000
       0.000       0.000       0.000       0.000       0.000       0.000       0.000       0.000       0.000       0.000
       0.000       0.000       0.000       0.000       0.000       0.000       0.000       0.000       0.000       0.000
       0.000       0.000       0.000       0.000       0.000       0.000       0.000       0.000       0.000       0.000
       0.000       0.000       0.000       0.000       0.000       0.000       0.000       0.000       0.000       0.000
       0.000       0.000       0.000       0.000       0.000       0.000       0.000       0.000       0.000       0.000
       0.000       0.000       0.000       0.000       0.000       0.000       0.000       0.000       0.000       0.000
       0.000       0.000       0.000       0.000       0.000       0.000       0.000       0.000       0.000       0.000
       0.000       0.000       0.000       0.000       0.000       0.000       0.000       0.000       0.000       0.000
       0.000       0.000       0.000       0.000       0.000       0.000       0.000       0.000       0.000       0.000
       0.000       0.000       0.000       0.000       0.000       0.000       0.000       0.000       0.000       0.000
       0.000       0.000       0.000       0.000       0.000       0.000       0.000       0.000       0.000       0.000
       0.000       0.000       0.000       0.000       0.000       0.000       0.000       0.000       0.000       0.000
       0.000       0.000       0.000       0.000       0.000       0.000       0.000       0.000       0.000       0.000
       0.000       0.000       0.000       0.000       0.000       0.000       0.000       0.000       0.000       0.000
       0.000       0.000       0.000       0.000       0.000       0.000       0.000       0.000       0.000       0.000
       0.000       0.000       0.000       0.000       0.000       0.000       0.000       0.000       0.000       0.000
       0.000       0.000       0.000       0.000       0.000       0.000       0.000       0.000       0.000       0.000
       0.000       0.000       0.000       0.000       0.000       0.000       0.000       0.000       0.000       0.000
       0.000       0.000       0.000       0.000       0.000       0.000       0.000       0.000       0.000       0.000
       0.000       0.000       0.000       0.000       0.000       0.000       0.000       0.000       0.000       0.000
       0.000       0.000       0.000       0.000       0.000       0.000       0.000       0.000       0.000       0.000
       0.000       0.000       0.000       0.000       0.000       0.000       0.000       0.000       0.000       0.000
       0.000       0.000       0.000       0.000       0.000       0.000       0.000       0.000       0.000       0.000
       0.000       0.000       0.000       0.000       0.000       0.000       0.000       0.000       0.000       0.000
       0.000       0.000       0.000       0.000       0.000       0.000       0.000       0.000       0.000       0.000
       0.000       0.000       0.000       0.000       0.000       0.000       0.000       0.000       0.000       0.000
       0.000       0.000       0.000       0.000       0.000       0.000       0.000       0.000       0.000       0.000
       0.000       0.000       0.000       0.000       0.000       0.000       0.000       0.000       0.000       0.000
       0.000       0.000       0.000       0.000       0.000       0.000       0.000       0.000       0.000       0.000
       0.000       0.000       0.000       0.000       0.000       0.000       0.000       0.000       0.000       0.000
       0.000       0.000       0.000       0.000       0.000       0.000       0.000       0.000       0.000       0.000
       0.000       0.000       0.000       0.000       0.000       0.000       0.000       0.000       0.000       0.000
       0.000       0.000       0.000       0.000       0.000       0.000       0.000       0.000       0.000       0.000
       0.000       0.000       0.000       0.000       0.000       0.000       0.000       0.000       0.000       0.000
       0.000       0.000       0.000       0.000       0.000       0.000       0.000       0.000       0.000       0.000
       0.000       0.000       0.000       0.000       0.000       0.000       0.000       0.000       0.000       0.000
       0.000       0.000       0.000       0.000       0.000       0.000       0.000       0.000       0.000       0.000
       0.000       0.000       0.000       0.000       0.000       0.000       0.000       0.000       0.000       0.000
       0.000       0.000       0.000       0.000       0.000       0.000       0.000       0.000       0.000       0.000
       0.000       0.000       0.000       0.000       0.000       0.000       0.000       0.000       0.000       0.000
       0.000       0.000       0.000       0.000       0.000       0.000       0.000       0.000       0.000       0.000
       0.000       0.000       0.000       0.000       0.000       0.000       0.000       0.000       0.000       0.000
       0.000       0.000       0.000       0.000       0.000       0.000       0.000       0.000       0.000       0.000
       0.000       0.000       0.000       0.000       0.000       0.000       0.000       0.000       0.000       0.000
       0.000       0.000       0.000       0.000       0.000       0.000       0.000       0.000       0.000       0.000
       0.000       0.000       0.000       0.000       0.000       0.000       0.000       0.000       0.000       0.000
       0.000       0.000       0.000       0.000       0.000       0.000       0.000       0.000       0.000       0.000
       0.000       0.000       0.000       0.000       0.000       0.000       0.000       0.000       0.000       0.000
       0.000       0.000       0.000       0.000       0.000       0.000       0.000       0.000       0.000       0.000
       0.000       0.000       0.000       0.000       0.000       0.000       0.000       0.000