        2048     0.02000
       0.103       0.103       0.103       0.070       0.103       0.104       0.238       0.105       0.105       0.406
       0.107       0.107       0.642       0.121       0.116       0.945       0.154       0.151       1.316       0.952
       0.241       0.137      -1.707      -0.413       0.303       2.442       1.442       0.070      -1.140      -2.420
      -1.146      -1.431      -3.728      -0.868      -0.846      -3.800      -1.463      -1.477      -5.250      -1.399
      -1.120      -5.406      -2.589      -2.193      -7.140      -4.351      -0.027       1.073       2.698       4.880
       3.124       3.498       8.458       6.546       6.646      11.421       5.840       6.223      12.689       8.333
       7.847      13.037       9.286       8.612       8.177       9.055       9.816       9.398      12.882      17.860
      18.436      17.115      12.182      -0.913      -8.969      -5.766       2.688       7.932       6.309       2.446
       1.117      -0.533      -5.418      -9.956     -12.305     -19.671     -25.378     -22.409     -25.515     -29.532
     -15.652      -3.678       3.743       7.131      -0.032      -9.616     -21.762     -29.963     -33.037     -36.566
     -34.390     -22.118     -13.035      -2.648      -1.693      -3.534       8.652       9.794       0.304       3.895
       8.235      13.757      29.647      34.833      29.256      24.061      18.493      33.848      52.199      47.422
      46.023      54.042      43.329      16.912      -3.608      -6.163      -2.855       8.381      18.757       8.260
      -6.449     -16.285      -3.756      35.116      46.927      31.886      12.649     -16.533     -24.699      -7.222
       5.859      10.135       2.552      -4.608      12.905      26.887      30.718      55.718      69.383      59.360
      29.360     -22.292     -38.284     -11.887      20.697      32.037      -4.613     -38.655     -47.220     -56.494
     -43.150     -14.960      19.760      56.092      60.195      63.104      73.532      61.064      34.762      -3.942
     -47.944     -79.758     -88.874     -67.013     -42.481     -36.182     -10.980      40.686      78.662      74.722
       8.926     -52.540     -53.498     -41.976       1.791      42.498      31.530      61.110     108.189     123.191
     126.803      68.622     -12.116     -37.323     -14.805      37.307      55.461       9.856     -42.714     -56.644
     -46.065     -44.420     -31.054      10.453      32.504      27.214      16.070     -16.010     -45.046     -45.209
     -37.004      -6.680      -9.123     -63.856     -70.629     -69.626    -103.125    -122.009    -119.172     -65.733
      -0.989      13.321      24.140      26.474      31.949      44.754       0.788     -51.929     -42.186       7.931
      53.071      63.999      37.346      -1.998     -29.520     -28.535       6.657      18.391      -7.959     -23.561
     -24.498     -14.976     -25.735     -36.144      14.602      54.692      38.671       5.919     -19.302      -9.697
      -6.037     -14.849     -18.893     -60.596     -98.841    -113.028    -116.815     -87.907     -68.561     -37.456
      49.805     100.600     101.314      79.346     -13.647     -85.401     -71.536     -76.916     -91.559     -63.174
     -10.731      62.720      89.374      77.216      83.058      53.560      11.763       8.255      23.084      13.200
     -39.238     -47.680      -9.296       5.466      10.867      -6.792     -17.172       0.258     -16.931     -18.182
      26.683      50.532      67.281      85.909      84.029      93.006      97.689      62.401      -0.858     -71.208
     -85.408     -45.439     -25.051      -5.548      -3.009     -53.735     -85.863     -86.775     -75.276     -79.445
    -110.891     -67.009       3.116      10.291       9.911     -14.520     -38.462      -6.532      39.428      69.928
      57.811      14.861      18.910      56.540      37.324     -31.768     -61.855     -50.962     -67.752     -76.478
     -31.324     -15.116     -48.745     -61.777     -37.823      10.955      12.859     -56.481     -69.266     -64.107
    -102.553     -77.004     -14.229      41.614      77.640      33.465      -9.450       9.299      53.541      94.466
      64.524     -14.594     -62.270     -57.534     -26.075      -0.855      42.629      85.477      73.395      48.951
      35.971     -31.069    -117.423    -117.664     -70.651     -51.662     -53.163     -41.337       2.930       7.788
     -17.937       1.668      16.812      -0.637     -53.601    -104.795     -94.823     -70.468     -23.860      17.784
     -23.516     -58.341     -30.691      30.074      83.842      78.793      69.083      77.038      37.121      -4.986
      25.032      51.627       8.276     -48.410     -79.491     -83.900     -99.319    -118.558     -70.098     -14.551
      20.557      55.779      37.499     -12.670     -49.795     -46.673     -23.663     -40.498     -60.473     -88.997
    -140.379    -140.107    -113.910     -50.826      -6.247     -17.960      -8.413      14.303      -1.195     -16.379
     -17.739     -51.458     -91.380     -82.989     -28.043      27.766      34.629      29.041      21.750     -44.762
     -77.715     -42.171     -14.755     -19.221     -53.821     -30.649      15.057      -8.621     -25.578     -26.207
     -23.623      -7.589      33.221     100.023      92.582      24.099     -12.705     -32.084     -61.998     -88.970
     -71.125     -37.754     -46.340     -65.258     -47.700     -23.385     -53.216     -80.115     -71.986     -60.151
     -35.237     -27.119      -5.838      10.646     -10.206      19.812      33.370       0.196       8.392       4.632
      -5.864       0.899       8.785      25.783       6.324     -47.087     -81.251     -93.857    -127.750    -157.897
    -115.603     -48.629       9.667      66.000      91.683      57.505       5.524       2.726      20.795      24.583
       4.953     -16.755       9.421      -9.916     -67.284     -56.721     -64.290     -74.505     -47.155      -6.191
      63.998     106.884     126.087     118.391      49.926     -23.611     -56.309     -29.488      14.102      22.967
      23.404      22.569      -4.907     -28.370       0.001      23.265      -2.898     -22.418     -26.494     -13.259
     -13.192     -36.456     -20.517      12.207      52.235      97.397     114.205     106.068      68.563      39.991
       5.836     -55.615     -49.274      -1.145      13.858       3.460     -12.009       2.260      17.636     -12.433
     -41.334     -16.135      18.445      27.156       6.275     -61.634    -111.389    -126.203    -131.917     -95.117
     -68.679     -65.071     -49.747     -65.431     -64.650     -11.125      53.794      84.040      74.195      90.442
      99.883      63.068      27.077       9.038       9.581      -2.155     -13.066      19.142      42.889      24.133
      15.230      28.787      23.960       0.716     -20.810     -18.665      27.664      60.873      58.887      51.026
      35.392      33.709      31.847      26.495      26.443       8.696      10.684      12.894     -25.309     -46.624
     -41.823     -40.758     -40.302     -45.674     -53.478     -55.317     -42.610      -7.948      33.663      52.287
      55.587      65.579      73.896      85.077      86.797      65.418      31.811       8.677      21.116      45.508
      60.050      59.690      34.601      10.103     -22.199     -42.321      -3.111      16.072     -10.332     -18.465
     -12.272       1.516      15.861      19.598      37.167      48.673      24.979      17.702      37.322      32.534
      13.066       8.113      12.204      11.685       2.620       0.180       9.992      30.631      55.564      66.707
      70.219      61.059      53.695      71.081      67.929      40.358      26.603      14.874      -5.846     -20.358
     -19.841      -9.949      -0.680       6.629      13.314       3.604     -13.922     -23.034     -28.499     -17.249
       4.700      24.967      45.800      46.363      34.741      34.529      18.383      -1.587      -0.832      -1.692
      -3.665     -11.717     -24.650     -21.247     -17.814     -20.270      -2.429      19.398      18.937      23.448
      44.779      50.012      29.173      12.757      18.903      30.285      41.922      47.639      40.798      28.623
       2.885     -11.274      -7.371     -17.264     -13.051      10.295      19.553      16.524      -2.499     -20.850
     -15.359     -11.586     -10.693       3.069       6.442      -7.651     -20.741     -27.573     -24.545     -16.697
      -7.135       3.057      -7.109     -26.550     -30.353     -29.206     -27.262     -30.007     -36.332     -32.603
     -23.983      -8.781      -3.477     -21.413     -37.099     -38.881     -26.122     -10.130       0.567      15.157
      21.634      15.572      13.636      16.431      22.413      32.273      42.191      50.272      51.971      43.761
      33.567      18.812      -9.685     -19.932      -6.649      -0.500       0.278      -0.698       7.775      21.995
      23.918      31.389      40.536      33.815      25.794      27.683      35.462      35.684      25.959      21.478
      30.389      45.062      46.279      33.006      14.408      -8.214     -21.057     -20.634     -20.058     -14.517
       0.863       4.954      -3.597      -6.748      -8.363      -3.513       3.104       0.006      10.037      25.943
      30.799      35.473      23.403      -3.430     -17.907     -12.491       5.184      13.664      11.698       5.038
      -8.143     -16.967     -14.153      -4.899       2.318       6.594      14.764      25.571      25.836      15.910
      15.181      20.868      20.932      22.604      29.033      32.373      24.127      11.768      11.043      13.293
      14.184      15.384      13.051      17.889      25.625      33.034      40.349      32.649      22.242      15.833
       7.282       8.810      12.065       2.107     -10.596     -20.539     -27.770     -29.397     -32.889     -34.474
     -27.458     -26.140     -31.266     -28.173     -18.237     -11.569     -14.976     -23.353     -22.135     -12.690
      -7.287     -11.454     -15.054     -12.003      -9.457      -2.286       1.577      -7.577     -12.833     -12.792
     -14.561     -16.068     -17.925     -15.853     -13.487     -18.318     -21.716     -16.152      -6.004      -0.566
      -2.801      -5.327      -1.422       4.179       5.310       3.308      -0.475      -0.611       3.034       1.278
      -2.447      -3.769      -3.531      -0.759      -0.829      -2.808      -4.573      -5.956      -2.899       1.047
       7.046      13.125      14.342      13.632       9.814       6.854      11.250      18.906      23.817      22.692
      16.081       9.176       3.000      -2.347      -5.980      -8.320      -8.973     -10.597     -15.558     -18.963
     -18.064     -17.718     -12.819      -5.595      -3.734       1.516       7.419       9.762      14.987      18.809
      18.715      17.097      16.820      20.332      22.520      19.512      11.606       5.070       3.866       2.471
       2.142       6.404      12.082      16.985      19.878      19.267      17.615      17.283      16.389      16.907
      18.105      14.638       8.943       1.454      -5.953      -8.128      -8.238      -5.279      -0.100       3.062
       6.776       8.188       7.483       5.770       2.976       4.468       5.211       1.802       0.850       1.542
       0.473      -1.394      -2.735      -2.758      -2.171      -3.256      -5.334      -6.568      -7.755      -9.643
     -12.323     -14.652     -14.418     -13.106     -12.541     -11.151      -8.862      -6.402      -4.573      -2.417
       0.404       1.145       0.736      -0.459      -2.076      -3.069      -4.316      -3.757      -1.080       0.839
       1.679       2.085       2.017       2.179       2.449       2.764       3.590       4.494       4.329       3.126
       2.292       2.242       2.702       2.800       2.460       2.313       2.596       3.317       3.390       2.740
       2.053       1.569       1.541       1.561       1.414       1.524       1.722       1.486       0.968       0.765
       0.988       1.485       2.123       2.140       1.537       1.024       0.661       0.400       0.367       0.448
       0.453       0.365       0.190      -0.040      -0.161      -0.167      -0.149      -0.090       0.000       0.000
       0.000       0.000       0.000       0.000       0.000       0.000       0.000       0.000       0.000       0.000
       0.000       0.000       0.000       0.000       0.000       0.000       0.000       0.000       0.000       0.000
       0.000       0.000       0.000       0.000       0.000       0.000       0.000       0.000       0.000       0.000
       0.000       0.000       0.000       0.000       0.000       0.000       0.000       0.000       0.000       0.000
       0.000       0.000       0.000       0.000       0.000       0.000       0.000       0.000       0.000       0.000
       0.000       0.000       0.000       0.000       0.000       0.000       0.000       0.000       0.000       0.000
       0.000       0.000       0.000       0.000       0.000       0.000       0.000       0.000       0.000       0.000
       0.000       0.000       0.000       0.000       0.000       0.000       0.000       0.000       0.000       0.000
       0.000       0.000       0.000       0.000       0.000       0.000       0.000       0.000       0.000       0.000
       0.000       0.000       0.000       0.000       0.000       0.000       0.000       0.000       0.000       0.000
       0.000       0.000       0.000       0.000       0.000       0.000       0.000       0.000       0.000       0.000
       0.000       0.000       0.000       0.000       0.000       0.000       0.000       0.000       0.000       0.000
       0.000       0.000       0.000       0.000       0.000       0.000       0.000       0.000       0.000       0.000
       0.000       0.000       0.000       0.000       0.000       0.000       0.000       0.000       0.000       0.000
       0.000       0.000       0.000       0.000       0.000       0.000       0.000       0.000       0.000       0.000
       0.000       0.000       0.000       0.000       0.000       0.000       0.000       0.000       0.000       0.000
       0.000       0.000       0.000       0.000       0.000       0.000       0.000       0.000       0.000       0.000
       0.000       0.000       0.000       0.000       0.000       0.000       0.000       0.000       0.000       0.000
       0.000       0.000       0.000       0.000       0.000       0.000       0.000       0.000       0.000       0.000
       0.000       0.000       0.000       0.000       0.000       0.000       0.000       0.000       0.000       0.000
       0.000       0.000       0.000       0.000       0.000       0.000       0.000       0.000       0.000       0.000
       0.000       0.000       0.000       0.000       0.000       0.000       0.000       0.000       0.000       0.000
       0.000       0.000       0.000       0.000       0.000       0.000       0.000       0.000       0.000       0.000
       0.000       0.000       0.000       0.000       0.000       0.000       0.000       0.000       0.000       0.000
       0.000       0.000       0.000       0.000       0.000       0.000       0.000       0.000       0.000       0.000
       0.000       0.000       0.000       0.000       0.000       0.000       0.000       0.000       0.000       0.000
       0.000       0.000       0.000       0.000       0.000       0.000       0.000       0.000       0.000       0.000
       0.000       0.000       0.000       0.000       0.000       0.000       0.000       0.000       0.000       0.000
       0.000       0.000       0.000       0.000       0.000       0.000       0.000       0.000       0.000       0.000
       0.000       0.000       0.000       0.000       0.000       0.000       0.000       0.000       0.000       0.000
       0.000       0.000       0.000       0.000       0.000       0.000       0.000       0.000       0.000       0.000
       0.000       0.000       0.000       0.000       0.000       0.000       0.000       0.000       0.000       0.000
       0.000       0.000       0.000       0.000       0.000       0.000       0.000       0.000       0.000       0.000
       0.000       0.000       0.000       0.000       0.000       0.000       0.000       0.000       0.000       0.000
       0.000       0.000       0.000       0.000       0.000       0.000       0.000       0.000       0.000       0.000
       0.000       0.000       0.000       0.000       0.000       0.000       0.000       0.000       0.000       0.000
       0.000       0.000       0.000       0.000       0.000       0.000       0.000       0.000       0.000       0.000
       0.000       0.000       0.000       0.000       0.000       0.000       0.000       0.000       0.000       0.000
       0.000       0.000       0.000       0.000       0.000       0.000       0.000       0.000       0.000       0.000
       0.000       0.000       0.000       0.000       0.000       0.000       0.000       0.000       0.000       0.000
       0.000       0.000       0.000       0.000       0.000       0.000       0.000       0.000       0.000       0.000
       0.000       0.000       0.000       0.000       0.000       0.000       0.000       0.000       0.000       0.000
       0.000       0.000       0.000       0.000       0.000       0.000       0.000       0.000       0.000       0.000
       0.000       0.000       0.000       0.000       0.000       0.000       0.000       0.000       0.000       0.000
       0.000       0.000       0.000       0.000       0.000       0.000       0.000       0.000       0.000       0.000
       0.000       0.000       0.000       0.000       0.000       0.000       0.000       0.000       0.000       0.000
       0.000       0.000       0.000       0.000       0.000       0.000       0.000       0.000       0.000       0.000
       0.000       0.000       0.000       0.000       0.000       0.000       0.000       0.000       0.000       0.000
       0.000       0.000       0.000       0.000       0.000       0.000       0.000       0.000       0.000       0.000
       0.000       0.000       0.000       0.000       0.000       0.000       0.000       0.000       0.000       0.000
       0.000       0.000       0.000       0.000       0.000       0.000       0.000       0.000       0.000       0.000
       0.000       0.000       0.000       0.000       0.000       0.000       0.000       0.000       0.000       0.000
       0.000       0.000       0.000       0.000       0.000       0.000       0.000       0.000       0.000       0.000
       0.000       0.000       0.000       0.000       0.000       0.000       0.000       0.000       0.000       0.000
       0.000       0.000       0.000       0.000       0.000       0.000       0.000       0.000       0.000       0.000
       0.000       0.000       0.000       0.000       0.000       0.000       0.000       0.000       0.000       0.000
       0.000       0.000       0.000       0.000       0.000       0.000       0.000       0.000       0.000       0.000
       0.000       0.000       0.000       0.000       0.000       0.000       0.000       0.000       0.000       0.000
       0.000       0.000       0.000       0.000       0.000       0.000       0.000       0.000       0.000       0.000
       0.000       0.000       0.000       0.000       0.000       0.000       0.000       0.000       0.000       0.000
       0.000       0.000       0.000       0.000       0.000       0.000       0.000       0.000       0.000       0.000
       0.000       0.000       0.000       0.000       0.000       0.000       0.000       0.000       0.000       0.000
       0.000       0.000       0.000       0.000       0.000       0.000       0.000       0.000       0.000       0.000
       0.000       0.000       0.000       0.000       0.000       0.000       0.000       0.000       0.000       0.000
       0.000       0.000       0.000       0.000       0.000       0.000       0.000       0.000       0.000       0.000
       0.000       0.000       0.000       0.000       0.000       0.000       0.000       0.000       0.000       0.000
       0.000       0.000       0.000       0.000       0.000       0.000       0.000       0.000       0.000       0.000
       0.000       0.000       0.000       0.000       0.000       0.000       0.000       0.000       0.000       0.000
       0.000       0.000       0.000       0.000       0.000       0.000       0.000       0.000       0.000       0.000
       0.000       0.000       0.000       0.000       0.000       0.000       0.000       0.000       0.000       0.000
       0.000       0.000       0.000       0.000       0.000       0.000       0.000       0.000       0.000       0.000
       0.000       0.000       0.000       0.000       0.000       0.000       0.000       0.000       0.000       0.000
       0.000       0.000       0.000       0.000       0.000       0.000       0.000       0.000       0.000       0.000
       0.000       0.000       0.000       0.000       0.000       0.000       0.000       0.000       0.000       0.000
       0.000       0.000       0.000       0.000       0.000       0.000       0.000       0.000       0.000       0.000
       0.000       0.000       0.000       0.000       0.000       0.000       0.000       0.000       0.000       0.000
       0.000       0.000       0.000       0.000       0.000       0.000       0.000       0.000       0.000       0.000
       0.000       0.000       0.000       0.000       0.000       0.000       0.000       0.000       0.000       0.000
       0.000       0.000       0.000       0.000       0.000       0.000       0.000       0.000       0.000       0.000
       0.000       0.000       0.000       0.000       0.000       0.000       0.000       0.000       0.000       0.000
       0.000       0.000       0.000       0.000       0.000       0.000       0.000       0.000       0.000       0.000
       0.000       0.000       0.000       0.000       0.000       0.000       0.000       0.000       0.000       0.000
       0.000       0.000       0.000       0.000       0.000       0.000       0.000       0.000       0.000       0.000
       0.000       0.000       0.000       0.000       0.000       0.000       0.000       0.000       0.000       0.000
       0.000       0.000       0.000       0.000       0.000       0.000       0.000       0.000       0.000       0.000
       0.000       0.000       0.000       0.000       0.000       0.000       0.000       0.000       0.000       0.000
       0.000       0.000       0.000       0.000       0.000       0.000       0.000       0.000       0.000       0.000
       0.000       0.000       0.000       0.000       0.000       0.000       0.000       0.000       0.000       0.000
       0.000       0.000       0.000       0.000       0.000       0.000       0.000       0.000       0.000       0.000
       0.000       0.000       0.000       0.000       0.000       0.000       0.000       0.000       0.000       0.000
       0.000       0.000       0.000       0.000       0.000       0.000       0.000       0.000       0.000       0.000
       0.000       0.000       0.000       0.000       0.000       0.000       0.000       0.000       0.000       0.000
       0.000       0.000       0.000       0.000       0.000       0.000       0.000       0.000       0.000       0.000
       0.000       0.000       0.000       0.000       0.000       0.000       0.000       0.000       0.000       0.000
       0.000       0.000       0.000       0.000       0.000       0.000       0.000       0.000       0.000       0.000
       0.000       0.000       0.000       0.000       0.000       0.000       0.000       0.000       0.000       0.000
       0.000       0.000       0.000       0.000       0.000       0.000       0.000       0.000       0.000       0.000
       0.000       0.000       0.000       0.000       0.000       0.000       0.000       0.000       0.000       0.000
       0.000       0.000       0.000       0.000       0.000       0.000       0.000       0.000       0.000       0.000
       0.000       0.000       0.000       0.000       0.000       0.000       0.000       0.000       0.000       0.000
       0.000       0.000       0.000       0.000       0.000       0.000       0.000       0.000       0.000       0.000
       0.000       0.000       0.000       0.000       0.000       0.000       0.000       0.000