   0.020          -0.1290000E+00
   0.040          -0.1290000E+00
   0.060          -0.1290000E+00
   0.080          -0.1450000E+00
   0.100          -0.1290000E+00
   0.120          -0.1290000E+00
   0.140          -0.1940000E+00
   0.160          -0.1300000E+00
   0.180          -0.1290000E+00
   0.200          -0.2480000E+00
   0.220          -0.1310000E+00
   0.240          -0.1310000E+00
   0.260          -0.3730000E+00
   0.280          -0.1330000E+00
   0.300          -0.1340000E+00
   0.320          -0.5380000E+00
   0.340          -0.1410000E+00
   0.360          -0.1400000E+00
   0.380          -0.7180000E+00
   0.400          -0.2630000E+00
   0.420          -0.1680000E+00
   0.440          -0.7400000E+00
   0.460           0.1950000E+00
   0.480          -0.3800000E-01
   0.500          -0.1177000E+01
   0.520          -0.3950000E+00
   0.540           0.5310000E+00
   0.560           0.4500000E+00
   0.580           0.3400000E-01
   0.600           0.7650000E+00
   0.620          -0.9500000E+00
   0.640          -0.6120000E+00
   0.660          -0.6100000E+00
   0.680          -0.1095000E+01
   0.700          -0.9990000E+00
   0.720          -0.1261000E+01
   0.740          -0.1781000E+01
   0.760          -0.1587000E+01
   0.780          -0.1743000E+01
   0.800          -0.1146000E+01
   0.820          -0.1227000E+01
   0.840          -0.2410000E+01
   0.860          -0.2090000E+01
   0.880          -0.1896000E+01
   0.900          -0.3262000E+01
   0.920          -0.4130000E+00
   0.940           0.1424000E+01
   0.960           0.3889000E+01
   0.980           0.2954000E+01
   1.000           0.2490000E+01
   1.020           0.9050000E+00
   1.040          -0.1895000E+01
   1.060          -0.2565000E+01
   1.080          -0.1402000E+01
   1.100          -0.2350000E+01
   1.120          -0.4332000E+01
   1.140          -0.2359000E+01
   1.160          -0.3174000E+01
   1.180          -0.6248000E+01
   1.200          -0.5405000E+01
   1.220          -0.5139000E+01
   1.240          -0.5005000E+01
   1.260          -0.3098000E+01
   1.280          -0.6320000E+00
   1.300           0.4405000E+01
   1.320           0.4844000E+01
   1.340           0.3559000E+01
   1.360           0.4804000E+01
   1.380           0.7765000E+01
   1.400           0.8500000E+01
   1.420           0.8783000E+01
   1.440           0.8933000E+01
   1.460           0.1993000E+01
   1.480           0.3170000E+00
   1.500          -0.2430000E+01
   1.520           0.9890000E+00
   1.540           0.8644000E+01
   1.560           0.5723000E+01
   1.580           0.1840000E+01
   1.600           0.3092000E+01
   1.620          -0.2753000E+01
   1.640          -0.5820000E+01
   1.660          -0.4966000E+01
   1.680          -0.8042000E+01
   1.700          -0.4101000E+01
   1.720           0.3316000E+01
   1.740           0.6624000E+01
   1.760           0.7089000E+01
   1.780           0.1003700E+02
   1.800           0.3274000E+01
   1.820          -0.3710000E+01
   1.840          -0.2319000E+01
   1.860          -0.9800000E-01
   1.880           0.5756000E+01
   1.900           0.1031200E+02
   1.920           0.1628600E+02
   1.940           0.1258300E+02
   1.960           0.1357400E+02
   1.980           0.6219000E+01
   2.000           0.1119200E+02
   2.020           0.1042900E+02
   2.040           0.2956000E+01
   2.060          -0.2610000E+01
   2.080          -0.4112000E+01
   2.100          -0.1329500E+02
   2.120          -0.1968500E+02
   2.140          -0.1876500E+02
   2.160          -0.1403700E+02
   2.180          -0.1255800E+02
   2.200          -0.5358000E+01
   2.220           0.2068000E+01
   2.240           0.4959000E+01
   2.260           0.2006000E+01
   2.280          -0.2660000E+00
   2.300          -0.2220000E+01
   2.320          -0.1234700E+02
   2.340          -0.1905700E+02
   2.360          -0.2252800E+02
   2.380          -0.1981000E+02
   2.400          -0.1352900E+02
   2.420           0.2574000E+01
   2.440           0.1393200E+02
   2.460           0.1401800E+02
   2.480           0.1957700E+02
   2.500           0.1975300E+02
   2.520           0.2295900E+02
   2.540           0.2730200E+02
   2.560           0.2920700E+02
   2.580           0.2926000E+02
   2.600           0.1941400E+02
   2.620           0.9304000E+01
   2.640           0.9690000E+00
   2.660          -0.1202000E+01
   2.680           0.6682000E+01
   2.700          -0.5614000E+01
   2.720          -0.1072200E+02
   2.740          -0.5732000E+01
   2.760           0.2728000E+01
   2.780           0.1175200E+02
   2.800           0.1979000E+02
   2.820           0.1881400E+02
   2.840           0.1138800E+02
   2.860           0.1930000E+01
   2.880           0.4050000E+00
   2.900          -0.9362000E+01
   2.920          -0.2481700E+02
   2.940          -0.3255800E+02
   2.960          -0.2164900E+02
   2.980          -0.1491900E+02
   3.000          -0.1261200E+02
   3.020           0.1180200E+02
   3.040           0.3367800E+02
   3.060           0.2581400E+02
   3.080           0.1971300E+02
   3.100           0.1484300E+02
   3.120          -0.2420000E+01
   3.140          -0.2524500E+02
   3.160          -0.2093300E+02
   3.180          -0.6170000E+01
   3.200           0.5681000E+01
   3.220           0.1906400E+02
   3.240           0.2951500E+02
   3.260           0.2348900E+02
   3.280          -0.1173000E+01
   3.300          -0.5938000E+01
   3.320          -0.1259400E+02
   3.340          -0.1913400E+02
   3.360          -0.1224100E+02
   3.380          -0.1793600E+02
   3.400          -0.3129600E+02
   3.420          -0.2804100E+02
   3.440          -0.3012600E+02
   3.460          -0.2094900E+02
   3.480          -0.2375300E+02
   3.500          -0.2768200E+02
   3.520          -0.1511100E+02
   3.540          -0.1035300E+02
   3.560           0.1251000E+01
   3.580           0.1995500E+02
   3.600           0.3976800E+02
   3.620           0.4619800E+02
   3.640           0.3675900E+02
   3.660           0.1472100E+02
   3.680           0.2003600E+02
   3.700           0.2074700E+02
   3.720           0.1414800E+02
   3.740           0.2105900E+02
   3.760           0.2118600E+02
   3.780           0.5470000E+01
   3.800          -0.8825000E+01
   3.820          -0.1985000E+01
   3.840          -0.2276000E+02
   3.860          -0.2332900E+02
   3.880          -0.3379000E+01
   3.900           0.1617200E+02
   3.920           0.4316400E+02
   3.940           0.6019700E+02
   3.960           0.4805100E+02
   3.980           0.1929400E+02
   4.000           0.1626100E+02
   4.020           0.9033000E+01
   4.040           0.3266700E+02
   4.060           0.5298800E+02
   4.080           0.6300700E+02
   4.100           0.7556400E+02
   4.120           0.6884700E+02
   4.140           0.6008800E+02
   4.160           0.3811000E+02
   4.180           0.9646000E+01
   4.200           0.5044000E+01
   4.220          -0.6034000E+01
   4.240          -0.1063000E+01
   4.260           0.3473000E+01
   4.280          -0.3475000E+02
   4.300          -0.6698000E+02
   4.320          -0.7602700E+02
   4.340          -0.8498900E+02
   4.360          -0.7320800E+02
   4.380          -0.6156800E+02
   4.400          -0.5515800E+02
   4.420          -0.5079000E+02
   4.440          -0.5602100E+02
   4.460          -0.2701300E+02
   4.480          -0.2374000E+02
   4.500          -0.3509000E+02
   4.520          -0.6669000E+01
   4.540           0.2551600E+02
   4.560           0.2107500E+02
   4.580           0.2711100E+02
   4.600           0.3378800E+02
   4.620           0.2806900E+02
   4.640           0.1605100E+02
   4.660          -0.1273800E+02
   4.680          -0.3041500E+02
   4.700          -0.9749000E+01
   4.720           0.4527000E+01
   4.740           0.2361400E+02
   4.760           0.5524900E+02
   4.780           0.6103200E+02
   4.800           0.3915900E+02
   4.820           0.2493500E+02
   4.840           0.6700200E+02
   4.860           0.8412100E+02
   4.880           0.9430800E+02
   4.900           0.7705200E+02
   4.920           0.3751500E+02
   4.940           0.8995000E+01
   4.960          -0.4212700E+02
   4.980          -0.7562200E+02
   5.000          -0.4183000E+02
   5.020          -0.3224500E+02
   5.040          -0.1390400E+02
   5.060           0.3676200E+02
   5.080           0.2679200E+02
   5.100           0.4298200E+02
   5.120           0.3706400E+02
   5.140           0.8818000E+01
   5.160          -0.1438200E+02
   5.180          -0.5018800E+02
   5.200          -0.4443600E+02
   5.220          -0.2336700E+02
   5.240          -0.3625700E+02
   5.260          -0.2387000E+02
   5.280          -0.1481300E+02
   5.300          -0.2811500E+02
   5.320          -0.7712000E+01
   5.340           0.2240600E+02
   5.360           0.4426200E+02
   5.380           0.4874600E+02
   5.400           0.4312900E+02
   5.420           0.2885500E+02
   5.440          -0.2900100E+02
   5.460          -0.6639400E+02
   5.480          -0.1053280E+03
   5.500          -0.9469900E+02
   5.520          -0.6792000E+02
   5.540          -0.5505200E+02
   5.560          -0.4661000E+01
   5.580           0.5972000E+01
   5.600           0.8642000E+01
   5.620           0.6568900E+02
   5.640           0.1811500E+02
   5.660          -0.4416000E+01
   5.680          -0.1271000E+02
   5.700          -0.6713300E+02
   5.720          -0.8645700E+02
   5.740          -0.3368400E+02
   5.760           0.3113300E+02
   5.780           0.5541500E+02
   5.800           0.5220300E+02
   5.820           0.7343000E+02
   5.840           0.4886600E+02
   5.860           0.1932400E+02
   5.880          -0.2554800E+02
   5.900          -0.5605800E+02
   5.920          -0.5870200E+02
   5.940          -0.2986200E+02
   5.960          -0.4340300E+02
   5.980          -0.3616400E+02
   6.000          -0.4156600E+02
   6.020          -0.1604800E+02
   6.040          -0.2617500E+02
   6.060          -0.1140300E+02
   6.080           0.9011000E+01
   6.100           0.1789900E+02
   6.120           0.4581500E+02
   6.140           0.6948200E+02
   6.160           0.6590900E+02
   6.180           0.5391300E+02
   6.200           0.2437400E+02
   6.220          -0.2746400E+02
   6.240          -0.3663700E+02
   6.260           0.1955100E+02
   6.280           0.7031000E+02
   6.300           0.1321860E+03
   6.320           0.1878710E+03
   6.340           0.1577840E+03
   6.360           0.7756300E+02
   6.380           0.1653900E+02
   6.400           0.2414000E+02
   6.420           0.6099100E+02
   6.440           0.9411100E+02
   6.460           0.6261800E+02
   6.480          -0.1938900E+02
   6.500          -0.9805600E+02
   6.520          -0.8344200E+02
   6.540          -0.9169300E+02
   6.560          -0.5982500E+02
   6.580          -0.3191100E+02
   6.600          -0.5944800E+02
   6.620          -0.4059100E+02
   6.640           0.9286000E+01
   6.660           0.3525700E+02
   6.680           0.1218800E+02
   6.700          -0.7293500E+02
   6.720          -0.1264080E+03
   6.740          -0.1388130E+03
   6.760          -0.6819500E+02
   6.780           0.1247000E+02
   6.800           0.4683500E+02
   6.820           0.8442500E+02
   6.840           0.9872100E+02
   6.860           0.9778700E+02
   6.880           0.9346500E+02
   6.900           0.2910500E+02
   6.920          -0.6670000E+00
   6.940          -0.6464000E+02
   6.960          -0.9587100E+02
   6.980          -0.5484000E+02
   7.000          -0.7222400E+02
   7.020          -0.3033900E+02
   7.040          -0.1474700E+02
   7.060          -0.1234900E+02
   7.080           0.5273400E+02
   7.100           0.3320300E+02
   7.120          -0.1583200E+02
   7.140          -0.7265000E+02
   7.160          -0.1306880E+03
   7.180          -0.9254700E+02
   7.200          -0.6055200E+02
   7.220          -0.7680000E+00
   7.240           0.3757200E+02
   7.260          -0.1274300E+02
   7.280          -0.4875900E+02
   7.300          -0.8341500E+02
   7.320          -0.7380200E+02
   7.340          -0.2159900E+02
   7.360          -0.3226300E+02
   7.380           0.8059000E+01
   7.400           0.6254700E+02
   7.420           0.4197600E+02
   7.440          -0.4529300E+02
   7.460          -0.5948000E+02
   7.480           0.2047700E+02
   7.500           0.9552400E+02
   7.520           0.1487450E+03
   7.540           0.1268440E+03
   7.560           0.6404500E+02
   7.580          -0.2276000E+01
   7.600          -0.3819400E+02
   7.620           0.2265100E+02
   7.640           0.3461600E+02
   7.660          -0.1256400E+02
   7.680          -0.8608800E+02
   7.700          -0.7607100E+02
   7.720          -0.1515700E+02
   7.740           0.3137500E+02
   7.760           0.5955700E+02
   7.780           0.3924900E+02
   7.800          -0.2387100E+02
   7.820          -0.1019400E+03
   7.840          -0.8415400E+02
   7.860          -0.3262700E+02
   7.880          -0.9128800E+02
   7.900          -0.1004710E+03
   7.920          -0.3357100E+02
   7.940          -0.5018200E+02
   7.960          -0.9339100E+02
   7.980          -0.2997200E+02
   8.000           0.3025700E+02
   8.020           0.4468900E+02
   8.040           0.5227700E+02
   8.060           0.8249300E+02
   8.080           0.1027580E+03
   8.100           0.5192500E+02
   8.120           0.2425000E+01
   8.140           0.8511000E+01
   8.160          -0.5394700E+02
   8.180          -0.7210300E+02
   8.200          -0.1308200E+02
   8.220           0.4612500E+02
   8.240           0.8259400E+02
   8.260           0.5370700E+02
   8.280           0.1736900E+02
   8.300           0.6443000E+01
   8.320           0.3117000E+01
   8.340          -0.4881900E+02
   8.360          -0.5016200E+02
   8.380          -0.1492300E+02
   8.400          -0.2566900E+02
   8.420          -0.2581600E+02
   8.440          -0.1338900E+02
   8.460           0.5602500E+02
   8.480           0.3840800E+02
   8.500           0.3096800E+02
   8.520           0.3709300E+02
   8.540          -0.2521800E+02
   8.560          -0.5109800E+02
   8.580          -0.4771000E+01
   8.600           0.3305500E+02
   8.620           0.3336900E+02
   8.640           0.2136100E+02
   8.660           0.3225300E+02
   8.680           0.2748500E+02
   8.700          -0.3877600E+02
   8.720          -0.5691900E+02
   8.740          -0.7521800E+02
   8.760          -0.1304980E+03
   8.780          -0.1467310E+03
   8.800          -0.1461830E+03
   8.820          -0.1122790E+03
   8.840          -0.9707000E+01
   8.860           0.5051800E+02
   8.880           0.1091270E+03
   8.900           0.1245960E+03
   8.920           0.1447440E+03
   8.940           0.1188260E+03
   8.960           0.6867100E+02
   8.980           0.7013200E+02
   9.000           0.5785100E+02
   9.020          -0.3719700E+02
   9.040          -0.5292800E+02
   9.060          -0.3633000E+01
   9.080          -0.4008000E+02
   9.100          -0.6889900E+02
   9.120          -0.4153000E+02
   9.140          -0.3091700E+02
   9.160          -0.7350500E+02
   9.180          -0.5938300E+02
   9.200           0.2776700E+02
   9.220           0.7819300E+02
   9.240           0.1027900E+03
   9.260           0.6429900E+02
   9.280           0.3550100E+02
   9.300           0.4649300E+02
   9.320           0.6875600E+02
   9.340           0.1001210E+03
   9.360           0.6423200E+02
   9.380           0.3015200E+02
   9.400          -0.4342700E+02
   9.420          -0.4782600E+02
   9.440           0.2997500E+02
   9.460           0.6390700E+02
   9.480           0.3114400E+02
   9.500           0.2916000E+02
   9.520           0.1496900E+02
   9.540           0.1814200E+02
   9.560           0.3482500E+02
   9.580           0.4870000E+02
   9.600           0.2076800E+02
   9.620           0.6586000E+01
   9.640          -0.3863700E+02
   9.660          -0.4675000E+02
   9.680          -0.3303700E+02
   9.700           0.1021300E+02
   9.720           0.7721600E+02
   9.740           0.1184730E+03
   9.760           0.6428300E+02
   9.780           0.2191200E+02
   9.800           0.2508700E+02
   9.820          -0.2972500E+02
   9.840          -0.6945900E+02
   9.860          -0.7035800E+02
   9.880          -0.8166900E+02
   9.900          -0.1147480E+03
   9.920          -0.1186830E+03
   9.940          -0.4685600E+02
   9.960          -0.2416400E+02
   9.980          -0.1582000E+01
  10.000           0.4818000E+02
  10.020           0.7491400E+02
  10.040           0.7204700E+02
  10.060           0.3636600E+02
  10.080           0.2772500E+02
  10.100           0.6211500E+02
  10.120           0.2050000E+02
  10.140           0.2462800E+02
  10.160          -0.7398000E+01
  10.180          -0.1068300E+02
  10.200          -0.3209900E+02
  10.220          -0.4358200E+02
  10.240          -0.4602300E+02
  10.260          -0.1802100E+02
  10.280           0.4129000E+02
  10.300           0.7804400E+02
  10.320           0.2337500E+02
  10.340           0.3827900E+02
  10.360          -0.2021600E+02
  10.380          -0.4889500E+02
  10.400          -0.9357800E+02
  10.420          -0.7478700E+02
  10.440          -0.3029000E+01
  10.460           0.2698000E+01
  10.480           0.4910900E+02
  10.500           0.9371800E+02
  10.520           0.7044400E+02
  10.540           0.9778300E+02
  10.560           0.1382920E+03
  10.580           0.1399270E+03
  10.600           0.1307770E+03
  10.620           0.6314700E+02
  10.640           0.9943000E+01
  10.660           0.1670200E+02
  10.680           0.6471500E+02
  10.700           0.3287000E+02
  10.720           0.9644000E+01
  10.740          -0.2375100E+02
  10.760          -0.5147300E+02
  10.780          -0.6039500E+02
  10.800           0.1550700E+02
  10.820           0.2259700E+02
  10.840           0.1250900E+02
  10.860           0.4516300E+02
  10.880          -0.1517000E+02
  10.900          -0.6635500E+02
  10.920          -0.3488800E+02
  10.940           0.1980500E+02
  10.960           0.2079300E+02
  10.980           0.2408000E+02
  11.000           0.2795100E+02
  11.020           0.1828600E+02
  11.040          -0.1476000E+01
  11.060          -0.7050400E+02
  11.080          -0.9307500E+02
  11.100          -0.9194600E+02
  11.120          -0.1537550E+03
  11.140          -0.1178210E+03
  11.160          -0.4819500E+02
  11.180           0.4251700E+02
  11.200           0.1235540E+03
  11.220           0.1657630E+03
  11.240           0.1224490E+03
  11.260           0.4951600E+02
  11.280           0.2032700E+02
  11.300           0.4110000E+01
  11.320           0.2953500E+02
  11.340           0.6772700E+02
  11.360           0.4697200E+02
  11.380          -0.1631700E+02
  11.400          -0.5140600E+02
  11.420          -0.8362700E+02
  11.440          -0.3139900E+02
  11.460           0.1866900E+02
  11.480           0.2007800E+02
  11.500           0.6694000E+01
  11.520           0.1295000E+01
  11.540           0.1034700E+02
  11.560           0.1797800E+02
  11.580           0.4773400E+02
  11.600           0.5009700E+02
  11.620          -0.2530900E+02
  11.640          -0.8757900E+02
  11.660          -0.9230900E+02
  11.680          -0.1123930E+03
  11.700          -0.9226500E+02
  11.720          -0.9536000E+01
  11.740          -0.2957400E+02
  11.760          -0.2663400E+02
  11.780           0.1661500E+02
  11.800           0.1195900E+02
  11.820           0.3088000E+01
  11.840          -0.2336200E+02
  11.860          -0.6299800E+02
  11.880          -0.9057500E+02
  11.900          -0.1044400E+03
  11.920          -0.1066310E+03
  11.940          -0.1080150E+03
  11.960          -0.1035730E+03
  11.980          -0.7923800E+02
  12.000          -0.8567400E+02
  12.020          -0.1658900E+02
  12.040           0.5295000E+02
  12.060           0.7172800E+02
  12.080           0.5770100E+02
  12.100           0.5376800E+02
  12.120           0.2236700E+02
  12.140           0.2964500E+02
  12.160           0.3006600E+02
  12.180           0.8650000E+00
  12.200          -0.8881700E+02
  12.220          -0.6663000E+02
  12.240           0.1375900E+02
  12.260           0.1778400E+02
  12.280           0.8502000E+01
  12.300           0.5957700E+02
  12.320           0.9818300E+02
  12.340           0.3613300E+02
  12.360           0.1396400E+02
  12.380           0.4368000E+02
  12.400          -0.2329500E+02
  12.420          -0.3846800E+02
  12.440          -0.2736200E+02
  12.460          -0.3098900E+02
  12.480          -0.1513300E+02
  12.500          -0.7369000E+01
  12.520          -0.7539400E+02
  12.540          -0.2537400E+02
  12.560          -0.4503400E+02
  12.580          -0.8421100E+02
  12.600          -0.5544300E+02
  12.620          -0.4995000E+02
  12.640          -0.8403000E+02
  12.660          -0.7695500E+02
  12.680           0.1562400E+02
  12.700           0.7571400E+02
  12.720           0.6985800E+02
  12.740           0.1176880E+03
  12.760           0.8519600E+02
  12.780           0.3069000E+01
  12.800           0.3271000E+01
  12.820           0.3910000E+01
  12.840           0.3973500E+02
  12.860           0.3418800E+02
  12.880           0.6009000E+01
  12.900          -0.1536600E+02
  12.920          -0.5573600E+02
  12.940          -0.3100600E+02
  12.960           0.4372000E+01
  12.980          -0.1521300E+02
  13.000           0.1405400E+02
  13.020          -0.3227900E+02
  13.040          -0.2753600E+02
  13.060           0.2398500E+02
  13.080           0.1824100E+02
  13.100           0.6431200E+02
  13.120           0.2682100E+02
  13.140          -0.1705200E+02
  13.160          -0.3622900E+02
  13.180          -0.6734600E+02
  13.200           0.2462800E+02
  13.220           0.1110200E+03
  13.240           0.1189820E+03
  13.260           0.1349740E+03
  13.280           0.1184580E+03
  13.300           0.7428900E+02
  13.320          -0.2961000E+01
  13.340          -0.4604200E+02
  13.360          -0.4236900E+02
  13.380          -0.7236300E+02
  13.400          -0.1075360E+03
  13.420          -0.6960400E+02
  13.440          -0.9734800E+02
  13.460          -0.7882700E+02
  13.480          -0.8296200E+02
  13.500          -0.1255920E+03
  13.520          -0.8922200E+02
  13.540          -0.5009400E+02
  13.560           0.8877000E+01
  13.580           0.7721100E+02
  13.600           0.1042750E+03
  13.620           0.9596500E+02
  13.640           0.4691300E+02
  13.660           0.3970900E+02
  13.680          -0.1810600E+02
  13.700           0.5027000E+01
  13.720           0.3549600E+02
  13.740           0.3337600E+02
  13.760           0.7280700E+02
  13.780           0.4555100E+02
  13.800           0.2250300E+02
  13.820           0.8506000E+01
  13.840          -0.2459600E+02
  13.860          -0.3500900E+02
  13.880          -0.5046000E+02
  13.900          -0.2644000E+01
  13.920           0.5918100E+02
  13.940           0.7765900E+02
  13.960           0.6578500E+02
  13.980           0.8895600E+02
  14.000           0.6678000E+02
  14.020           0.5604800E+02
  14.040           0.2180500E+02
  14.060          -0.8125800E+02
  14.080          -0.1494810E+03
  14.100          -0.1545400E+03
  14.120          -0.1604170E+03
  14.140          -0.9263600E+02
  14.160          -0.6343900E+02
  14.180          -0.2216000E+01
  14.200           0.3107200E+02
  14.220           0.9998300E+02
  14.240           0.1057510E+03
  14.260           0.2823800E+02
  14.280          -0.2528600E+02
  14.300          -0.4726900E+02
  14.320          -0.5289500E+02
  14.340           0.2267200E+02
  14.360           0.4921400E+02
  14.380           0.1953000E+01
  14.400          -0.3940800E+02
  14.420          -0.5320800E+02
  14.440          -0.9565100E+02
  14.460          -0.5122900E+02
  14.480           0.1308700E+02
  14.500           0.8899000E+01
  14.520           0.2015100E+02
  14.540           0.3743800E+02
  14.560           0.7279000E+01
  14.580          -0.4121200E+02
  14.600          -0.3920200E+02
  14.620          -0.2647600E+02
  14.640           0.3050000E+02
  14.660           0.8894100E+02
  14.680           0.8630400E+02
  14.700           0.7307800E+02
  14.720           0.2849200E+02
  14.740          -0.6904000E+02
  14.760          -0.1105770E+03
  14.780          -0.9075600E+02
  14.800          -0.9862500E+02
  14.820          -0.7888300E+02
  14.840           0.3231800E+02
  14.860           0.6335500E+02
  14.880           0.7238200E+02
  14.900           0.1345100E+03
  14.920           0.8608500E+02
  14.940           0.4200000E+02
  14.960           0.1507200E+02
  14.980           0.8434000E+01
  15.000          -0.2408800E+02
  15.020          -0.3217400E+02
  15.040          -0.2258800E+02
  15.060          -0.6369400E+02
  15.080          -0.8157100E+02
  15.100          -0.2653200E+02
  15.120          -0.1109800E+02
  15.140           0.4528500E+02
  15.160           0.4431700E+02
  15.180          -0.1990100E+02
  15.200          -0.6629500E+02
  15.220          -0.9718700E+02
  15.240          -0.1394970E+03
  15.260          -0.1299810E+03
  15.280          -0.7751000E+02
  15.300          -0.8872000E+01
  15.320           0.3946100E+02
  15.340           0.2188800E+02
  15.360          -0.7950000E+01
  15.380          -0.2846000E+02
  15.400          -0.5185900E+02
  15.420          -0.2803300E+02
  15.440           0.1494500E+02
  15.460           0.6189800E+02
  15.480           0.8406300E+02
  15.500           0.8644100E+02
  15.520           0.7057700E+02
  15.540           0.2410700E+02
  15.560          -0.1972900E+02
  15.580          -0.1046000E+01
  15.600           0.1994500E+02
  15.620           0.4223200E+02
  15.640           0.9766000E+01
  15.660           0.2102200E+02
  15.680           0.2616000E+01
  15.700          -0.1222700E+02
  15.720          -0.8701000E+01
  15.740          -0.5350000E+00
  15.760          -0.4539000E+02
  15.780          -0.8218100E+02
  15.800          -0.7289200E+02
  15.820          -0.5839000E+02
  15.840           0.4251000E+01
  15.860           0.9045900E+02
  15.880           0.1530040E+03
  15.900           0.1691650E+03
  15.920           0.1442170E+03
  15.940           0.1213140E+03
  15.960           0.8303200E+02
  15.980           0.4159600E+02
  16.000           0.1039000E+01
  16.020           0.2325000E+01
  16.040          -0.5664500E+02
  16.060          -0.6249700E+02
  16.080          -0.5180200E+02
  16.100          -0.6984100E+02
  16.120          -0.2563200E+02
  16.140          -0.3886700E+02
  16.160          -0.2638800E+02
  16.180           0.2336200E+02
  16.200           0.1724000E+01
  16.220          -0.1149700E+02
  16.240           0.1200000E+00
  16.260          -0.7020000E+00
  16.280           0.5830200E+02
  16.300           0.8669200E+02
  16.320           0.7592300E+02
  16.340           0.9761000E+01
  16.360           0.2264100E+02
  16.380           0.1213500E+02
  16.400          -0.2660800E+02
  16.420          -0.5219700E+02
  16.440          -0.2194500E+02
  16.460          -0.2240300E+02
  16.480          -0.4047500E+02
  16.500           0.1439000E+01
  16.520           0.6574700E+02
  16.540           0.8925200E+02
  16.560           0.7322900E+02
  16.580           0.5119900E+02
  16.600           0.5506200E+02
  16.620           0.1773500E+02
  16.640           0.2605000E+01
  16.660          -0.8400000E-01
  16.680          -0.1450400E+02
  16.700          -0.1057000E+02
  16.720          -0.2231000E+02
  16.740          -0.3220400E+02
  16.760          -0.2697200E+02
  16.780          -0.1846400E+02
  16.800           0.2237000E+01
  16.820           0.3158800E+02
  16.840           0.1602900E+02
  16.860           0.3266800E+02
  16.880           0.1811500E+02
  16.900           0.7901000E+01
  16.920           0.1498000E+02
  16.940           0.1489000E+02
  16.960           0.4571000E+01
  16.980           0.1750400E+02
  17.000          -0.1219900E+02
  17.020          -0.1908500E+02
  17.040          -0.3808600E+02
  17.060          -0.2747000E+02
  17.080          -0.1472700E+02
  17.100           0.2203000E+01
  17.120           0.1385000E+01
  17.140          -0.9048000E+01
  17.160          -0.3646300E+02
  17.180          -0.1201200E+02
  17.200           0.1887100E+02
  17.220           0.5813000E+02
  17.240           0.5348600E+02
  17.260           0.1852800E+02
  17.280          -0.6940500E+02
  17.300          -0.9431800E+02
  17.320          -0.7662600E+02
  17.340          -0.6628500E+02
  17.360          -0.6051000E+01
  17.380           0.4538600E+02
  17.400           0.3800100E+02
  17.420           0.1209200E+02
  17.440          -0.3579700E+02
  17.460          -0.3663000E+02
  17.480          -0.2190100E+02
  17.500           0.5988000E+01
  17.520           0.5025800E+02
  17.540           0.7403200E+02
  17.560           0.5285800E+02
  17.580           0.4563000E+01
  17.600          -0.2353900E+02
  17.620          -0.3872700E+02
  17.640          -0.5455900E+02
  17.660          -0.7905200E+02
  17.680          -0.6906000E+02
  17.700          -0.4813600E+02
  17.720          -0.3638400E+02
  17.740           0.1561400E+02
  17.760           0.4316300E+02
  17.780           0.6694000E+01
  17.800          -0.3785100E+02
  17.820          -0.5662000E+02
  17.840          -0.5839100E+02
  17.860          -0.3147800E+02
  17.880          -0.8176000E+01
  17.900          -0.1239200E+02
  17.920          -0.1710800E+02
  17.940          -0.7808000E+01
  17.960          -0.1317300E+02
  17.980           0.6364000E+01
  18.000          -0.1809000E+01
  18.020          -0.4623500E+02
  18.040          -0.3641000E+02
  18.060          -0.1132300E+02
  18.080           0.1312500E+02
  18.100           0.7711000E+02
  18.120           0.1151040E+03
  18.140           0.1270790E+03
  18.160           0.1326110E+03
  18.180           0.1438840E+03
  18.200           0.1137740E+03
  18.220           0.7731000E+02
  18.240           0.5309600E+02
  18.260           0.2709100E+02
  18.280           0.1370700E+02
  18.300           0.2086700E+02
  18.320           0.2230700E+02
  18.340           0.3395000E+02
  18.360          -0.2269400E+02
  18.380          -0.4806400E+02
  18.400          -0.6596500E+02
  18.420          -0.6472200E+02
  18.440          -0.3099700E+02
  18.460           0.1142600E+02
  18.480           0.3546100E+02
  18.500           0.2355700E+02
  18.520           0.2553100E+02
  18.540           0.3840000E+02
  18.560           0.2095800E+02
  18.580          -0.9120000E+00
  18.600          -0.1128300E+02
  18.620          -0.1899000E+02
  18.640          -0.2408900E+02
  18.660          -0.1078100E+02
  18.680          -0.1945900E+02
  18.700          -0.4361200E+02
  18.720          -0.9582600E+02
  18.740          -0.1168640E+03
  18.760          -0.9791600E+02
  18.780          -0.7665900E+02
  18.800          -0.5600300E+02
  18.820          -0.2973000E+02
  18.840          -0.2532400E+02
  18.860          -0.2174200E+02
  18.880          -0.4861100E+02
  18.900          -0.4658700E+02
  18.920          -0.2904100E+02
  18.940          -0.2170400E+02
  18.960           0.8566000E+01
  18.980           0.5543900E+02
  19.000           0.5825900E+02
  19.020           0.5953300E+02
  19.040           0.4154300E+02
  19.060           0.1355100E+02
  19.080          -0.9003000E+01
  19.100          -0.7460000E+01
  19.120           0.2227000E+01
  19.140          -0.5802000E+01
  19.160          -0.1376300E+02
  19.180          -0.3237000E+02
  19.200          -0.3905400E+02
  19.220          -0.5678500E+02
  19.240          -0.7162200E+02
  19.260          -0.6655900E+02
  19.280          -0.3272800E+02
  19.300          -0.2983800E+02
  19.320          -0.8428000E+01
  19.340           0.7017000E+01
  19.360          -0.1220300E+02
  19.380          -0.2074000E+01
  19.400           0.2168900E+02
  19.420           0.2178200E+02
  19.440           0.2220300E+02
  19.460           0.6802000E+01
  19.480          -0.2430000E+01
  19.500          -0.2110100E+02
  19.520          -0.1116400E+02
  19.540          -0.3722000E+01
  19.560          -0.4693000E+01
  19.580          -0.1917300E+02
  19.600          -0.1916500E+02
  19.620          -0.3417000E+01
  19.640           0.2055900E+02
  19.660           0.2686300E+02
  19.680           0.2630200E+02
  19.700           0.3365000E+02
  19.720           0.4483700E+02
  19.740           0.3089500E+02
  19.760           0.3114600E+02
  19.780           0.6170100E+02
  19.800           0.5098000E+02
  19.820           0.4308700E+02
  19.840           0.3589800E+02
  19.860           0.3752200E+02
  19.880           0.1847100E+02
  19.900           0.2050000E+00
  19.920          -0.1110200E+02
  19.940          -0.3325300E+02
  19.960          -0.3975300E+02
  19.980          -0.4207800E+02
  20.000          -0.5127900E+02
  20.020          -0.6903400E+02
  20.040          -0.6071000E+02
  20.060          -0.5362300E+02
  20.080          -0.4846900E+02
  20.100          -0.3218500E+02
  20.120          -0.1846000E+02
  20.140          -0.1980400E+02
  20.160          -0.2990700E+02
  20.180          -0.2143000E+01
  20.200           0.1844100E+02
  20.220           0.9611000E+01
  20.240           0.9663000E+01
  20.260           0.5179000E+01
  20.280          -0.1337700E+02
  20.300          -0.2784800E+02
  20.320          -0.1147500E+02
  20.340           0.1542500E+02
  20.360           0.3514900E+02
  20.380           0.8186000E+01
  20.400          -0.1177200E+02
  20.420          -0.1191000E+01
  20.440          -0.7704000E+01
  20.460          -0.2599800E+02
  20.480          -0.6211000E+01
  20.500          -0.1150000E+01
  20.520          -0.2444700E+02
  20.540          -0.1975400E+02
  20.560          -0.7297000E+01
  20.580           0.1933000E+02
  20.600           0.2949300E+02
  20.620           0.1080200E+02
  20.640          -0.2700000E+02
  20.660          -0.4155400E+02
  20.680          -0.4101900E+02
  20.700          -0.2779200E+02
  20.720           0.5003000E+01
  20.740           0.2620900E+02
  20.760           0.2816800E+02
  20.780           0.3889700E+02
  20.800           0.3247700E+02
  20.820           0.2069000E+02
  20.840           0.1979500E+02
  20.860           0.1654800E+02
  20.880           0.5437000E+01
  20.900          -0.1038000E+01
  20.920           0.4473000E+01
  20.940           0.2425600E+02
  20.960           0.3506900E+02
  20.980           0.3181900E+02
  21.000           0.2765400E+02
  21.020           0.3973700E+02
  21.040           0.5396100E+02
  21.060           0.5352500E+02
  21.080           0.4558600E+02
  21.100           0.3274000E+02
  21.120           0.1942900E+02
  21.140           0.2320000E+01
  21.160           0.8054000E+01
  21.180           0.6400000E+01
  21.200          -0.9150000E+00
  21.220           0.2802000E+01
  21.240           0.1411500E+02
  21.260           0.2235800E+02
  21.280           0.4307800E+02
  21.300           0.3288600E+02
  21.320           0.1791900E+02
  21.340          -0.7199000E+01
  21.360          -0.1600200E+02
  21.380          -0.2099900E+02
  21.400          -0.1629400E+02
  21.420          -0.1776300E+02
  21.440          -0.2448400E+02
  21.460          -0.1023100E+02
  21.480          -0.5061000E+01
  21.500           0.8895000E+01
  21.520           0.1829700E+02
  21.540           0.3230000E+00
  21.560          -0.3527000E+01
  21.580          -0.1638000E+02
  21.600          -0.2177400E+02
  21.620          -0.2380700E+02
  21.640          -0.2224800E+02
  21.660           0.8650000E+00
  21.680           0.5866000E+01
  21.700           0.2148000E+01
  21.720           0.6438000E+01
  21.740          -0.3758000E+01
  21.760          -0.1012400E+02
  21.780           0.6810000E+00
  21.800           0.7765000E+01
  21.820           0.1872400E+02
  21.840           0.1705400E+02
  21.860           0.1638700E+02
  21.880           0.1635000E+02
  21.900          -0.1031700E+02
  21.920          -0.2885400E+02
  21.940          -0.4169300E+02
  21.960          -0.5109900E+02
  21.980          -0.4675100E+02
  22.000          -0.1630500E+02
  22.020          -0.1657000E+01
  22.040           0.1636900E+02
  22.060           0.1957200E+02
  22.080           0.2317100E+02
  22.100           0.1040400E+02
  22.120           0.7912000E+01
  22.140           0.4893000E+01
  22.160           0.1057600E+02
  22.180           0.1443200E+02
  22.200           0.1332500E+02
  22.220           0.3120000E+00
  22.240          -0.6595000E+01
  22.260          -0.1372500E+02
  22.280          -0.1306100E+02
  22.300          -0.1385800E+02
  22.320          -0.1771300E+02
  22.340           0.1837000E+01
  22.360           0.1129200E+02
  22.380           0.7057000E+01
  22.400           0.1498000E+02
  22.420           0.3566000E+02
  22.440           0.4563300E+02
  22.460           0.4213300E+02
  22.480           0.4059700E+02
  22.500           0.4988100E+02
  22.520           0.4238100E+02
  22.540           0.3078100E+02
  22.560           0.3317000E+02
  22.580           0.1755900E+02
  22.600          -0.7705000E+01
  22.620          -0.2994700E+02
  22.640          -0.3838300E+02
  22.660          -0.2550200E+02
  22.680          -0.2836000E+02
  22.700          -0.1901800E+02
  22.720           0.1320500E+02
  22.740           0.2774700E+02
  22.760           0.2662900E+02
  22.780           0.1883800E+02
  22.800           0.2426000E+01
  22.820          -0.1796400E+02
  22.840          -0.2283000E+02
  22.860          -0.1900000E+02
  22.880          -0.3022800E+02
  22.900          -0.2986600E+02
  22.920          -0.2398700E+02
  22.940          -0.2265400E+02
  22.960          -0.2314800E+02
  22.980          -0.7448000E+01
  23.000           0.9630000E+00
  23.020          -0.4339000E+01
  23.040           0.7750000E+00
  23.060          -0.1911000E+01
  23.080          -0.5451000E+01
  23.100          -0.9023000E+01
  23.120           0.1836000E+01
  23.140           0.1864000E+01
  23.160          -0.8220000E+01
  23.180          -0.1131000E+02
  23.200          -0.9129000E+01
  23.220          -0.2780700E+02
  23.240          -0.3202400E+02
  23.260          -0.1786000E+02
  23.280          -0.4153000E+01
  23.300           0.9520000E+00
  23.320          -0.1347600E+02
  23.340          -0.2476400E+02
  23.360          -0.4276400E+02
  23.380          -0.5721800E+02
  23.400          -0.4802000E+02
  23.420          -0.3071000E+02
  23.440          -0.1886100E+02
  23.460          -0.1506500E+02
  23.480          -0.1009600E+02
  23.500          -0.7165000E+01
  23.520          -0.1866600E+02
  23.540          -0.1777500E+02
  23.560          -0.1215800E+02
  23.580          -0.1360300E+02
  23.600          -0.6561000E+01
  23.620           0.2030000E+01
  23.640           0.2003000E+01
  23.660          -0.1896700E+02
  23.680          -0.3169100E+02
  23.700          -0.2797000E+02
  23.720          -0.1337300E+02
  23.740           0.5020000E+00
  23.760           0.1620400E+02
  23.780           0.3084600E+02
  23.800           0.2315400E+02
  23.820           0.1084900E+02
  23.840           0.8045000E+01
  23.860           0.3312000E+01
  23.880          -0.1877700E+02
  23.900          -0.3298600E+02
  23.920          -0.3196800E+02
  23.940          -0.2462900E+02
  23.960           0.3510000E+00
  23.980           0.2198300E+02
  24.000           0.2521800E+02
  24.020           0.1897800E+02
  24.040           0.2110000E+01
  24.060          -0.7136000E+01
  24.080          -0.7248000E+01
  24.100           0.3783000E+01
  24.120           0.5683000E+01
  24.140           0.6697000E+01
  24.160           0.1704500E+02
  24.180           0.1924100E+02
  24.200           0.2511300E+02
  24.220           0.1725300E+02
  24.240           0.1003000E+02
  24.260          -0.2407000E+01
  24.280          -0.2448000E+01
  24.300           0.3748000E+01
  24.320           0.1632100E+02
  24.340           0.2516100E+02
  24.360           0.2408500E+02
  24.380           0.1348200E+02
  24.400           0.1378800E+02
  24.420           0.1993100E+02
  24.440           0.3411500E+02
  24.460           0.4181200E+02
  24.480           0.4188800E+02
  24.500           0.3007500E+02
  24.520           0.1650900E+02
  24.540           0.6887000E+01
  24.560           0.2984000E+01
  24.580           0.6389000E+01
  24.600           0.6859000E+01
  24.620           0.1327700E+02
  24.640           0.2224400E+02
  24.660           0.3390400E+02
  24.680           0.4376300E+02
  24.700           0.4663500E+02
  24.720           0.4321900E+02
  24.740           0.3341300E+02
  24.760           0.2842800E+02
  24.780           0.2608800E+02
  24.800           0.1644100E+02
  24.820           0.6720000E+01
  24.840          -0.1762000E+01
  24.860           0.2790000E+00
  24.880          -0.2089000E+01
  24.900          -0.5291000E+01
  24.920           0.4659000E+01
  24.940           0.1133800E+02
  24.960           0.7925000E+01
  24.980           0.8934000E+01
  25.000           0.1359400E+02
  25.020           0.8660000E+01
  25.040          -0.9069000E+01
  25.060          -0.1362800E+02
  25.080          -0.2018200E+02
  25.100          -0.2850200E+02
  25.120          -0.2436400E+02
  25.140          -0.1615300E+02
  25.160          -0.9740000E+01
  25.180          -0.9042000E+01
  25.200          -0.1704000E+02
  25.220           0.4210000E+00
  25.240           0.6083000E+01
  25.260          -0.2784000E+01
  25.280          -0.4130000E+00
  25.300          -0.3158000E+01
  25.320          -0.1832700E+02
  25.340          -0.2744700E+02
  25.360          -0.2527500E+02
  25.380          -0.2135200E+02
  25.400          -0.2042300E+02
  25.420          -0.1296100E+02
  25.440          -0.9168000E+01
  25.460          -0.1189100E+02
  25.480          -0.2015100E+02
  25.500          -0.2136900E+02
  25.520          -0.2719000E+02
  25.540          -0.3720300E+02
  25.560          -0.3957500E+02
  25.580          -0.2592800E+02
  25.600          -0.1684100E+02
  25.620          -0.1591500E+02
  25.640          -0.3383000E+01
  25.660          -0.3890000E+00
  25.680          -0.1301600E+02
  25.700          -0.1736800E+02
  25.720          -0.8964000E+01
  25.740          -0.1061800E+02
  25.760          -0.3849000E+01
  25.780           0.2482000E+01
  25.800           0.1530800E+02
  25.820           0.1583500E+02
  25.840           0.1721900E+02
  25.860           0.2618200E+02
  25.880           0.2851500E+02
  25.900           0.1664900E+02
  25.920           0.9158000E+01
  25.940           0.1585900E+02
  25.960           0.1222900E+02
  25.980           0.7990000E+00
  26.000          -0.1656000E+01
  26.020          -0.9780000E+01
  26.040          -0.1027100E+02
  26.060          -0.9152000E+01
  26.080          -0.5604000E+01
  26.100          -0.6683000E+01
  26.120          -0.1346700E+02
  26.140          -0.2002900E+02
  26.160          -0.1426300E+02
  26.180          -0.1647500E+02
  26.200          -0.1857400E+02
  26.220          -0.1516200E+02
  26.240          -0.1348100E+02
  26.260          -0.1315900E+02
  26.280          -0.6468000E+01
  26.300           0.2310000E+01
  26.320          -0.1364000E+01
  26.340          -0.1245100E+02
  26.360          -0.1745900E+02
  26.380          -0.1073900E+02
  26.400          -0.1088600E+02
  26.420          -0.8466000E+01
  26.440           0.3715000E+01
  26.460           0.7066000E+01
  26.480          -0.6942000E+01
  26.500          -0.1244500E+02
  26.520          -0.9494000E+01
  26.540          -0.1335200E+02
  26.560          -0.1319100E+02
  26.580          -0.3914000E+01
  26.600           0.9360000E+00
  26.620           0.1186000E+01
  26.640           0.3362000E+01
  26.660           0.7550000E+00
  26.680          -0.6293000E+01
  26.700          -0.1788900E+02
  26.720          -0.1787000E+02
  26.740          -0.1017700E+02
  26.760          -0.1521200E+02
  26.780          -0.1882500E+02
  26.800          -0.8384000E+01
  26.820          -0.1629000E+01
  26.840          -0.2345000E+01
  26.860           0.1545000E+01
  26.880           0.1440600E+02
  26.900           0.1768300E+02
  26.920           0.7499000E+01
  26.940           0.5985000E+01
  26.960           0.1181300E+02
  26.980           0.1079200E+02
  27.000           0.1134900E+02
  27.020           0.1065000E+02
  27.040           0.1610800E+02
  27.060           0.9421000E+01
  27.080           0.5739000E+01
  27.100           0.6016000E+01
  27.120           0.1050000E+01
  27.140          -0.2478000E+01
  27.160          -0.4920000E+00
  27.180           0.5440000E+01
  27.200           0.1191600E+02
  27.220           0.1730300E+02
  27.240           0.2577500E+02
  27.260           0.1905300E+02
  27.280           0.7500000E+01
  27.300           0.4003000E+01
  27.320          -0.7420000E+00
  27.340          -0.3658000E+01
  27.360           0.3551000E+01
  27.380           0.1365200E+02
  27.400           0.1836500E+02
  27.420           0.1503800E+02
  27.440           0.1328400E+02
  27.460           0.1353300E+02
  27.480           0.2626000E+01
  27.500          -0.1284300E+02
  27.520          -0.1859600E+02
  27.540          -0.2203500E+02
  27.560          -0.1919900E+02
  27.580          -0.8407000E+01
  27.600           0.2264000E+01
  27.620           0.1890000E+01
  27.640          -0.6829000E+01
  27.660          -0.6155000E+01
  27.680          -0.6862000E+01
  27.700          -0.1251600E+02
  27.720          -0.4024000E+01
  27.740           0.4260000E+00
  27.760          -0.2505000E+01
  27.780          -0.4842000E+01
  27.800          -0.3875000E+01
  27.820          -0.2383000E+01
  27.840          -0.5133000E+01
  27.860          -0.7772000E+01
  27.880           0.2970000E+00
  27.900           0.6653000E+01
  27.920           0.4390000E+01
  27.940           0.3372000E+01
  27.960           0.8256000E+01
  27.980           0.5876000E+01
  28.000          -0.3461000E+01
  28.020          -0.5401000E+01
  28.040          -0.2907000E+01
  28.060          -0.2463000E+01
  28.080           0.1119000E+01
  28.100           0.5838000E+01
  28.120           0.9335000E+01
  28.140           0.7813000E+01
  28.160           0.4215000E+01
  28.180           0.7408000E+01
  28.200           0.1243900E+02
  28.220           0.5210000E+01
  28.240           0.3689000E+01
  28.260           0.1720000E+01
  28.280          -0.9774000E+01
  28.300          -0.1861300E+02
  28.320          -0.1974300E+02
  28.340          -0.1922500E+02
  28.360          -0.2200600E+02
  28.380          -0.2607400E+02
  28.400          -0.2128100E+02
  28.420          -0.1294400E+02
  28.440          -0.4211000E+01
  28.460           0.3682000E+01
  28.480           0.1190400E+02
  28.500           0.1517200E+02
  28.520           0.4350000E+01
  28.540           0.2065000E+01
  28.560           0.8769000E+01
  28.580           0.1284300E+02
  28.600           0.1945500E+02
  28.620           0.2146700E+02
  28.640           0.1721600E+02
  28.660           0.1460600E+02
  28.680           0.1294000E+02
  28.700           0.1262000E+02
  28.720           0.6119000E+01
  28.740           0.2703000E+01
  28.760           0.3668000E+01
  28.780          -0.1433000E+01
  28.800          -0.1182000E+01
  28.820           0.4215000E+01
  28.840           0.1512100E+02
  28.860           0.1668000E+02
  28.880           0.1725800E+02
  28.900           0.2172700E+02
  28.920           0.2083900E+02
  28.940           0.1380000E+02
  28.960           0.1264400E+02
  28.980           0.1374800E+02
  29.000           0.1011400E+02
  29.020           0.6644000E+01
  29.040           0.9891000E+01
  29.060           0.1315600E+02
  29.080           0.1026900E+02
  29.100           0.7906000E+01
  29.120           0.8788000E+01
  29.140           0.7081000E+01
  29.160           0.2728000E+01
  29.180           0.2792000E+01
  29.200           0.7005000E+01
  29.220           0.7971000E+01
  29.240           0.6991000E+01
  29.260           0.8542000E+01
  29.280           0.7264000E+01
  29.300           0.1331000E+01
  29.320           0.1510000E+00
  29.340           0.1806000E+01
  29.360           0.3190000E+00
  29.380          -0.2656000E+01
  29.400          -0.1920000E+00
  29.420           0.2040000E+01
  29.440           0.2925000E+01
  29.460           0.2574000E+01
  29.480           0.3386000E+01
  29.500           0.8090000E+00
  29.520          -0.3010000E+01
  29.540          -0.6202000E+01
  29.560          -0.8326000E+01
  29.580          -0.9682000E+01
  29.600          -0.1045400E+02
  29.620          -0.8237000E+01
  29.640          -0.5927000E+01
  29.660          -0.5477000E+01
  29.680          -0.5434000E+01
  29.700          -0.6001000E+01
  29.720          -0.7300000E+01
  29.740          -0.8211000E+01
  29.760          -0.8060000E+01
  29.780          -0.8323000E+01
  29.800          -0.8269000E+01
  29.820          -0.5797000E+01
  29.840          -0.3185000E+01
  29.860          -0.3677000E+01
  29.880          -0.3422000E+01
  29.900          -0.3284000E+01
  29.920          -0.4052000E+01
  29.940          -0.4931000E+01
  29.960          -0.5173000E+01
  29.980          -0.3657000E+01
  30.000          -0.1747000E+01
  30.020          -0.1230000E+01
  30.040          -0.6000000E-01
  30.060          -0.1800000E+00
  30.080          -0.7010000E+00
  30.100          -0.1236000E+01
  30.120          -0.8840000E+00
  30.140          -0.3150000E+00
  30.160          -0.3650000E+00
  30.180           0.5540000E+00
  30.200           0.8970000E+00
  30.220           0.1058000E+01
  30.240           0.5560000E+00
  30.260          -0.8490000E+00
  30.280          -0.1713000E+01
  30.300          -0.1966000E+01
  30.320          -0.2014000E+01
  30.340          -0.1552000E+01
  30.360          -0.9030000E+00
  30.380          -0.7960000E+00
  30.400          -0.7450000E+00
  30.420          -0.3480000E+00
  30.440          -0.1810000E+00
  30.460          -0.1090000E+00
  30.480          -0.1710000E+00
  30.500          -0.1220000E+00
  30.520          -0.7900000E-01
  30.540           0.0000000E+00
  30.560           0.0000000E+00
  30.580           0.0000000E+00
  30.600           0.0000000E+00
  30.620           0.0000000E+00
  30.640           0.0000000E+00
  30.660           0.0000000E+00
  30.680           0.0000000E+00
  30.700           0.0000000E+00
  30.720           0.0000000E+00
  30.740           0.0000000E+00
  30.760           0.0000000E+00
  30.780           0.0000000E+00
  30.800           0.0000000E+00
  30.820           0.0000000E+00
  30.840           0.0000000E+00
  30.860           0.0000000E+00
  30.880           0.0000000E+00
  30.900           0.0000000E+00
  30.920           0.0000000E+00
  30.940           0.0000000E+00
  30.960           0.0000000E+00
  30.980           0.0000000E+00
  31.000           0.0000000E+00
  31.020           0.0000000E+00
  31.040           0.0000000E+00
  31.060           0.0000000E+00
  31.080           0.0000000E+00
  31.100           0.0000000E+00
  31.120           0.0000000E+00
  31.140           0.0000000E+00
  31.160           0.0000000E+00
  31.180           0.0000000E+00
  31.200           0.0000000E+00
  31.220           0.0000000E+00
  31.240           0.0000000E+00
  31.260           0.0000000E+00
  31.280           0.0000000E+00
  31.300           0.0000000E+00
  31.320           0.0000000E+00
  31.340           0.0000000E+00
  31.360           0.0000000E+00
  31.380           0.0000000E+00
  31.400           0.0000000E+00
  31.420           0.0000000E+00
  31.440           0.0000000E+00
  31.460           0.0000000E+00
  31.480           0.0000000E+00
  31.500           0.0000000E+00
  31.520           0.0000000E+00
  31.540           0.0000000E+00
  31.560           0.0000000E+00
  31.580           0.0000000E+00
  31.600           0.0000000E+00
  31.620           0.0000000E+00
  31.640           0.0000000E+00
  31.660           0.0000000E+00
  31.680           0.0000000E+00
  31.700           0.0000000E+00
  31.720           0.0000000E+00
  31.740           0.0000000E+00
  31.760           0.0000000E+00
  31.780           0.0000000E+00
  31.800           0.0000000E+00
  31.820           0.0000000E+00
  31.840           0.0000000E+00
  31.860           0.0000000E+00
  31.880           0.0000000E+00
  31.900           0.0000000E+00
  31.920           0.0000000E+00
  31.940           0.0000000E+00
  31.960           0.0000000E+00
  31.980           0.0000000E+00
  32.000           0.0000000E+00
  32.020           0.0000000E+00
  32.040           0.0000000E+00
  32.060           0.0000000E+00
  32.080           0.0000000E+00
  32.100           0.0000000E+00
  32.120           0.0000000E+00
  32.140           0.0000000E+00
  32.160           0.0000000E+00
  32.180           0.0000000E+00
  32.200           0.0000000E+00
  32.220           0.0000000E+00
  32.240           0.0000000E+00
  32.260           0.0000000E+00
  32.280           0.0000000E+00
  32.300           0.0000000E+00
  32.320           0.0000000E+00
  32.340           0.0000000E+00
  32.360           0.0000000E+00
  32.380           0.0000000E+00
  32.400           0.0000000E+00
  32.420           0.0000000E+00
  32.440           0.0000000E+00
  32.460           0.0000000E+00
  32.480           0.0000000E+00
  32.500           0.0000000E+00
  32.520           0.0000000E+00
  32.540           0.0000000E+00
  32.560           0.0000000E+00
  32.580           0.0000000E+00
  32.600           0.0000000E+00
  32.620           0.0000000E+00
  32.640           0.0000000E+00
  32.660           0.0000000E+00
  32.680           0.0000000E+00
  32.700           0.0000000E+00
  32.720           0.0000000E+00
  32.740           0.0000000E+00
  32.760           0.0000000E+00
  32.780           0.0000000E+00
  32.800           0.0000000E+00
  32.820           0.0000000E+00
  32.840           0.0000000E+00
  32.860           0.0000000E+00
  32.880           0.0000000E+00
  32.900           0.0000000E+00
  32.920           0.0000000E+00
  32.940           0.0000000E+00
  32.960           0.0000000E+00
  32.980           0.0000000E+00
  33.000           0.0000000E+00
  33.020           0.0000000E+00
  33.040           0.0000000E+00
  33.060           0.0000000E+00
  33.080           0.0000000E+00
  33.100           0.0000000E+00
  33.120           0.0000000E+00
  33.140           0.0000000E+00
  33.160           0.0000000E+00
  33.180           0.0000000E+00
  33.200           0.0000000E+00
  33.220           0.0000000E+00
  33.240           0.0000000E+00
  33.260           0.0000000E+00
  33.280           0.0000000E+00
  33.300           0.0000000E+00
  33.320           0.0000000E+00
  33.340           0.0000000E+00
  33.360           0.0000000E+00
  33.380           0.0000000E+00
  33.400           0.0000000E+00
  33.420           0.0000000E+00
  33.440           0.0000000E+00
  33.460           0.0000000E+00
  33.480           0.0000000E+00
  33.500           0.0000000E+00
  33.520           0.0000000E+00
  33.540           0.0000000E+00
  33.560           0.0000000E+00
  33.580           0.0000000E+00
  33.600           0.0000000E+00
  33.620           0.0000000E+00
  33.640           0.0000000E+00
  33.660           0.0000000E+00
  33.680           0.0000000E+00
  33.700           0.0000000E+00
  33.720           0.0000000E+00
  33.740           0.0000000E+00
  33.760           0.0000000E+00
  33.780           0.0000000E+00
  33.800           0.0000000E+00
  33.820           0.0000000E+00
  33.840           0.0000000E+00
  33.860           0.0000000E+00
  33.880           0.0000000E+00
  33.900           0.0000000E+00
  33.920           0.0000000E+00
  33.940           0.0000000E+00
  33.960           0.0000000E+00
  33.980           0.0000000E+00
  34.000           0.0000000E+00
  34.020           0.0000000E+00
  34.040           0.0000000E+00
  34.060           0.0000000E+00
  34.080           0.0000000E+00
  34.100           0.0000000E+00
  34.120           0.0000000E+00
  34.140           0.0000000E+00
  34.160           0.0000000E+00
  34.180           0.0000000E+00
  34.200           0.0000000E+00
  34.220           0.0000000E+00
  34.240           0.0000000E+00
  34.260           0.0000000E+00
  34.280           0.0000000E+00
  34.300           0.0000000E+00
  34.320           0.0000000E+00
  34.340           0.0000000E+00
  34.360           0.0000000E+00
  34.380           0.0000000E+00
  34.400           0.0000000E+00
  34.420           0.0000000E+00
  34.440           0.0000000E+00
  34.460           0.0000000E+00
  34.480           0.0000000E+00
  34.500           0.0000000E+00
  34.520           0.0000000E+00
  34.540           0.0000000E+00
  34.560           0.0000000E+00
  34.580           0.0000000E+00
  34.600           0.0000000E+00
  34.620           0.0000000E+00
  34.640           0.0000000E+00
  34.660           0.0000000E+00
  34.680           0.0000000E+00
  34.700           0.0000000E+00
  34.720           0.0000000E+00
  34.740           0.0000000E+00
  34.760           0.0000000E+00
  34.780           0.0000000E+00
  34.800           0.0000000E+00
  34.820           0.0000000E+00
  34.840           0.0000000E+00
  34.860           0.0000000E+00
  34.880           0.0000000E+00
  34.900           0.0000000E+00
  34.920           0.0000000E+00
  34.940           0.0000000E+00
  34.960           0.0000000E+00
  34.980           0.0000000E+00
  35.000           0.0000000E+00
  35.020           0.0000000E+00
  35.040           0.0000000E+00
  35.060           0.0000000E+00
  35.080           0.0000000E+00
  35.100           0.0000000E+00
  35.120           0.0000000E+00
  35.140           0.0000000E+00
  35.160           0.0000000E+00
  35.180           0.0000000E+00
  35.200           0.0000000E+00
  35.220           0.0000000E+00
  35.240           0.0000000E+00
  35.260           0.0000000E+00
  35.280           0.0000000E+00
  35.300           0.0000000E+00
  35.320           0.0000000E+00
  35.340           0.0000000E+00
  35.360           0.0000000E+00
  35.380           0.0000000E+00
  35.400           0.0000000E+00
  35.420           0.0000000E+00
  35.440           0.0000000E+00
  35.460           0.0000000E+00
  35.480           0.0000000E+00
  35.500           0.0000000E+00
  35.520           0.0000000E+00
  35.540           0.0000000E+00
  35.560           0.0000000E+00
  35.580           0.0000000E+00
  35.600           0.0000000E+00
  35.620           0.0000000E+00
  35.640           0.0000000E+00
  35.660           0.0000000E+00
  35.680           0.0000000E+00
  35.700           0.0000000E+00
  35.720           0.0000000E+00
  35.740           0.0000000E+00
  35.760           0.0000000E+00
  35.780           0.0000000E+00
  35.800           0.0000000E+00
  35.820           0.0000000E+00
  35.840           0.0000000E+00
  35.860           0.0000000E+00
  35.880           0.0000000E+00
  35.900           0.0000000E+00
  35.920           0.0000000E+00
  35.940           0.0000000E+00
  35.960           0.0000000E+00
  35.980           0.0000000E+00
  36.000           0.0000000E+00
  36.020           0.0000000E+00
  36.040           0.0000000E+00
  36.060           0.0000000E+00
  36.080           0.0000000E+00
  36.100           0.0000000E+00
  36.120           0.0000000E+00
  36.140           0.0000000E+00
  36.160           0.0000000E+00
  36.180           0.0000000E+00
  36.200           0.0000000E+00
  36.220           0.0000000E+00
  36.240           0.0000000E+00
  36.260           0.0000000E+00
  36.280           0.0000000E+00
  36.300           0.0000000E+00
  36.320           0.0000000E+00
  36.340           0.0000000E+00
  36.360           0.0000000E+00
  36.380           0.0000000E+00
  36.400           0.0000000E+00
  36.420           0.0000000E+00
  36.440           0.0000000E+00
  36.460           0.0000000E+00
  36.480           0.0000000E+00
  36.500           0.0000000E+00
  36.520           0.0000000E+00
  36.540           0.0000000E+00
  36.560           0.0000000E+00
  36.580           0.0000000E+00
  36.600           0.0000000E+00
  36.620           0.0000000E+00
  36.640           0.0000000E+00
  36.660           0.0000000E+00
  36.680           0.0000000E+00
  36.700           0.0000000E+00
  36.720           0.0000000E+00
  36.740           0.0000000E+00
  36.760           0.0000000E+00
  36.780           0.0000000E+00
  36.800           0.0000000E+00
  36.820           0.0000000E+00
  36.840           0.0000000E+00
  36.860           0.0000000E+00
  36.880           0.0000000E+00
  36.900           0.0000000E+00
  36.920           0.0000000E+00
  36.940           0.0000000E+00
  36.960           0.0000000E+00
  36.980           0.0000000E+00
  37.000           0.0000000E+00
  37.020           0.0000000E+00
  37.040           0.0000000E+00
  37.060           0.0000000E+00
  37.080           0.0000000E+00
  37.100           0.0000000E+00
  37.120           0.0000000E+00
  37.140           0.0000000E+00
  37.160           0.0000000E+00
  37.180           0.0000000E+00
  37.200           0.0000000E+00
  37.220           0.0000000E+00
  37.240           0.0000000E+00
  37.260           0.0000000E+00
  37.280           0.0000000E+00
  37.300           0.0000000E+00
  37.320           0.0000000E+00
  37.340           0.0000000E+00
  37.360           0.0000000E+00
  37.380           0.0000000E+00
  37.400           0.0000000E+00
  37.420           0.0000000E+00
  37.440           0.0000000E+00
  37.460           0.0000000E+00
  37.480           0.0000000E+00
  37.500           0.0000000E+00
  37.520           0.0000000E+00
  37.540           0.0000000E+00
  37.560           0.0000000E+00
  37.580           0.0000000E+00
  37.600           0.0000000E+00
  37.620           0.0000000E+00
  37.640           0.0000000E+00
  37.660           0.0000000E+00
  37.680           0.0000000E+00
  37.700           0.0000000E+00
  37.720           0.0000000E+00
  37.740           0.0000000E+00
  37.760           0.0000000E+00
  37.780           0.0000000E+00
  37.800           0.0000000E+00
  37.820           0.0000000E+00
  37.840           0.0000000E+00
  37.860           0.0000000E+00
  37.880           0.0000000E+00
  37.900           0.0000000E+00
  37.920           0.0000000E+00
  37.940           0.0000000E+00
  37.960           0.0000000E+00
  37.980           0.0000000E+00
  38.000           0.0000000E+00
  38.020           0.0000000E+00
  38.040           0.0000000E+00
  38.060           0.0000000E+00
  38.080           0.0000000E+00
  38.100           0.0000000E+00
  38.120           0.0000000E+00
  38.140           0.0000000E+00
  38.160           0.0000000E+00
  38.180           0.0000000E+00
  38.200           0.0000000E+00
  38.220           0.0000000E+00
  38.240           0.0000000E+00
  38.260           0.0000000E+00
  38.280           0.0000000E+00
  38.300           0.0000000E+00
  38.320           0.0000000E+00
  38.340           0.0000000E+00
  38.360           0.0000000E+00
  38.380           0.0000000E+00
  38.400           0.0000000E+00
  38.420           0.0000000E+00
  38.440           0.0000000E+00
  38.460           0.0000000E+00
  38.480           0.0000000E+00
  38.500           0.0000000E+00
  38.520           0.0000000E+00
  38.540           0.0000000E+00
  38.560           0.0000000E+00
  38.580           0.0000000E+00
  38.600           0.0000000E+00
  38.620           0.0000000E+00
  38.640           0.0000000E+00
  38.660           0.0000000E+00
  38.680           0.0000000E+00
  38.700           0.0000000E+00
  38.720           0.0000000E+00
  38.740           0.0000000E+00
  38.760           0.0000000E+00
  38.780           0.0000000E+00
  38.800           0.0000000E+00
  38.820           0.0000000E+00
  38.840           0.0000000E+00
  38.860           0.0000000E+00
  38.880           0.0000000E+00
  38.900           0.0000000E+00
  38.920           0.0000000E+00
  38.940           0.0000000E+00
  38.960           0.0000000E+00
  38.980           0.0000000E+00
  39.000           0.0000000E+00
  39.020           0.0000000E+00
  39.040           0.0000000E+00
  39.060           0.0000000E+00
  39.080           0.0000000E+00
  39.100           0.0000000E+00
  39.120           0.0000000E+00
  39.140           0.0000000E+00
  39.160           0.0000000E+00
  39.180           0.0000000E+00
  39.200           0.0000000E+00
  39.220           0.0000000E+00
  39.240           0.0000000E+00
  39.260           0.0000000E+00
  39.280           0.0000000E+00
  39.300           0.0000000E+00
  39.320           0.0000000E+00
  39.340           0.0000000E+00
  39.360           0.0000000E+00
  39.380           0.0000000E+00
  39.400           0.0000000E+00
  39.420           0.0000000E+00
  39.440           0.0000000E+00
  39.460           0.0000000E+00
  39.480           0.0000000E+00
  39.500           0.0000000E+00
  39.520           0.0000000E+00
  39.540           0.0000000E+00
  39.560           0.0000000E+00
  39.580           0.0000000E+00
  39.600           0.0000000E+00
  39.620           0.0000000E+00
  39.640           0.0000000E+00
  39.660           0.0000000E+00
  39.680           0.0000000E+00
  39.700           0.0000000E+00
  39.720           0.0000000E+00
  39.740           0.0000000E+00
  39.760           0.0000000E+00
  39.780           0.0000000E+00
  39.800           0.0000000E+00
  39.820           0.0000000E+00
  39.840           0.0000000E+00
  39.860           0.0000000E+00
  39.880           0.0000000E+00
  39.900           0.0000000E+00
  39.920           0.0000000E+00
  39.940           0.0000000E+00
  39.960           0.0000000E+00
  39.980           0.0000000E+00
  40.000           0.0000000E+00
  40.020           0.0000000E+00
  40.040           0.0000000E+00
  40.060           0.0000000E+00
  40.080           0.0000000E+00
  40.100           0.0000000E+00
  40.120           0.0000000E+00
  40.140           0.0000000E+00
  40.160           0.0000000E+00
  40.180           0.0000000E+00
  40.200           0.0000000E+00
  40.220           0.0000000E+00
  40.240           0.0000000E+00
  40.260           0.0000000E+00
  40.280           0.0000000E+00
  40.300           0.0000000E+00
  40.320           0.0000000E+00
  40.340           0.0000000E+00
  40.360           0.0000000E+00
  40.380           0.0000000E+00
  40.400           0.0000000E+00
  40.420           0.0000000E+00
  40.440           0.0000000E+00
  40.460           0.0000000E+00
  40.480           0.0000000E+00
  40.500           0.0000000E+00
  40.520           0.0000000E+00
  40.540           0.0000000E+00
  40.560           0.0000000E+00
  40.580           0.0000000E+00
  40.600           0.0000000E+00
  40.620           0.0000000E+00
  40.640           0.0000000E+00
  40.660           0.0000000E+00
  40.680           0.0000000E+00
  40.700           0.0000000E+00
  40.720           0.0000000E+00
  40.740           0.0000000E+00
  40.760           0.0000000E+00
  40.780           0.0000000E+00
  40.800           0.0000000E+00
  40.820           0.0000000E+00
  40.840           0.0000000E+00
  40.860           0.0000000E+00
  40.880           0.0000000E+00
  40.900           0.0000000E+00
  40.920           0.0000000E+00
  40.940           0.0000000E+00
  40.960           0.0000000E+00
