        2048     0.02000
      -0.003      -0.003      -0.003      -0.007      -0.004      -0.004      -0.022      -0.004      -0.004      -0.045
      -0.006      -0.005      -0.080      -0.003       0.004       0.084      -0.003      -0.011      -0.133      -0.012
      -0.018      -0.187      -0.011      -0.019      -0.300      -0.024      -0.028      -0.405      -0.076       0.000
       0.492       0.206       0.027      -0.363      -0.640      -0.047       0.032      -0.204      -0.269      -0.195
      -0.476      -0.929      -0.211      -0.073      -1.069      -0.412       0.026       0.358       0.572       0.407
       0.720       1.428       1.057       0.193      -0.471      -1.668      -1.574      -0.959      -0.806      -0.052
      -1.111      -2.051      -0.579       0.121       2.143       0.976       0.916       2.467       2.165       0.702
      -0.199      -1.491      -1.700      -2.052      -3.017      -0.475       1.272       1.836       1.385       0.948
       1.680       1.501       0.909       1.791       1.453       1.105       2.743       4.162       2.233       0.878
      -4.461      -3.667      -2.553      -3.512      -3.993      -4.862      -2.961      -0.112      -0.328      -3.297
      -5.507      -3.752      -0.842       3.220       2.963       0.102       1.426       4.886       5.058       4.151
       1.905      -1.837       0.215       5.053       7.149       6.017       3.043       3.726       4.231       1.817
      -1.336      -5.753      -8.195      -6.842      -3.077      -4.562      -8.301      -8.880      -6.418      -6.562
      -2.026      -0.124       3.305       8.401       6.590       6.983      10.176       6.969       7.368       7.566
      -1.699      -4.012      -8.355     -11.257      -7.778      -5.497      -3.128      -2.911      -0.420       0.419
      -3.294      -2.254      -3.250      -1.360       5.327       6.878      12.923      11.266       5.231       8.891
       3.332       0.059      -1.609      -6.764      -1.621       1.882       2.032       8.192       0.799      -7.445
      -6.896     -11.894     -14.120     -13.944     -15.989     -11.431      -7.238      -6.205      -2.985      -2.229
      -1.384      -0.044       5.835       8.579      13.049      18.832      11.137       3.626       6.908       7.171
       2.875      -5.140     -15.330     -12.151      -4.194      -2.541      -6.914     -12.650     -12.722      -5.172
       2.831       5.428       3.187       5.942      18.036      22.875      11.092      -8.758     -17.879     -12.615
      -2.739       5.888       6.252      10.818      23.040      25.436      22.257      10.160      -3.236       3.874
       8.358      -1.212     -10.729     -14.700     -14.337     -11.935     -10.690     -14.125     -15.820     -15.555
     -15.807      -6.357      -2.533      -7.286       3.902      13.375      10.836      10.612       1.325      -5.551
       4.287      12.257      18.809      14.187      -0.745       0.679       2.109      -7.364      -8.187       1.512
      13.173      10.628      -1.282      -7.729      -3.937      -4.057      -1.922      15.272      17.357       5.798
       4.519       9.514      17.713      14.991       6.187       9.037       3.693     -17.047     -23.633      -8.392
      10.298      22.606      22.588       9.640      11.315      11.103       4.970      -2.415     -19.312     -26.535
     -17.267      -4.043      -6.509     -16.300     -18.021     -13.912      -2.719       9.192       6.859       1.350
       2.211      13.551      33.469      31.896      12.215       1.150       7.629      18.397      14.624       3.418
      -6.660      -8.917      -7.355      -5.637     -21.281     -32.830     -23.710      -4.857      -1.064     -13.570
     -14.748      -0.767       5.681      -2.257      -9.253      -4.337     -15.630     -25.705      -2.341       8.466
      13.502      18.508       9.539       5.082       3.334       5.657      23.448      13.637     -14.863     -10.974
      -1.315     -14.333     -27.202     -37.640     -28.645     -13.787     -22.305     -19.533       5.215      14.876
       6.297      13.056      11.567     -16.272     -21.949      -7.111       6.380      11.400       9.096      18.378
      29.893      18.097      10.909      16.903      -6.776     -32.279     -32.015      -7.641       8.280      -8.459
     -12.985      -1.922      -6.927     -13.295     -25.414     -34.969     -38.362     -30.687       0.674       8.909
     -18.850     -34.439     -10.169      10.021     -11.693     -40.994     -45.765     -48.143     -27.201       4.350
      21.404      45.910      55.291      25.755      10.309      -7.023     -30.765     -16.005       9.705      23.497
      36.835      38.954      38.881      58.206      65.362      34.885      14.540       4.871     -22.206     -27.562
     -21.959     -12.009      15.670      27.938      36.755      44.700      36.400      33.903      33.452      25.590
      29.788       0.047     -37.105     -44.509     -46.181     -51.047     -54.756     -48.564     -39.595     -30.888
     -17.749      17.370      46.385      34.768      18.837      35.491      41.325      40.116      47.864      36.494
      33.421      14.028      -9.325      18.008      17.882     -12.227      -7.843       1.582      -0.863      -2.419
       3.613      -0.923     -20.615     -15.230     -11.338     -15.215     -43.904     -54.690     -10.843      27.276
      28.873      10.753     -22.190     -40.719     -27.587      -7.476      12.254      12.684     -11.102     -26.350
      -1.274      26.213      40.528      18.604     -19.482     -27.118     -34.268     -42.416     -35.030     -37.585
     -22.764      14.800       8.952     -26.392     -22.550      15.678      25.213      20.971      21.735       9.504
      -0.477     -13.061     -10.996       8.953     -14.072     -31.574      -8.108       7.769      19.707      33.580
      35.243      39.985      26.368       5.478      -1.847      -5.101     -16.341     -21.314      -9.934     -16.358
     -12.943      17.400      45.840      72.623      59.603      32.978      26.213      -7.941     -26.972      -9.537
      -3.497      16.479      16.658     -18.094     -42.669     -64.114     -68.756     -45.354     -21.926       1.861
       7.427     -15.702     -29.174     -17.554       6.120       9.428      22.375      39.228      25.969      20.269
      17.145      17.519      31.603       1.012     -43.557     -48.945     -35.254     -23.242     -20.463     -15.482
      17.511      40.728      15.257     -12.468     -13.515     -20.944     -15.903     -21.338     -16.753      19.545
      47.836      45.999      24.459      -1.031      -2.215      11.756       5.786      16.657      31.482      22.093
      22.438      34.405      25.372      17.601      16.110      -0.823     -25.439     -35.903     -43.836     -18.569
      39.083      63.239      56.443      19.075     -15.820     -10.810     -27.395     -51.536     -27.464      -8.355
     -13.368     -19.629     -28.677     -20.642       7.441      28.493      28.567      17.227      -5.128     -34.121
     -36.986     -39.379     -18.030      23.548      27.042       3.688       1.149      16.751      53.969      64.879
      57.342      70.493      48.228      -2.187     -30.327     -37.041     -35.940     -14.193       5.602       4.332
      -9.310       1.819      16.226      19.884       2.867     -20.285      -7.348       1.506      22.713      30.360
      -9.867     -17.423      17.516      33.170      21.721      -6.728     -23.770     -15.243     -13.658      -9.205
       5.999      17.915      15.206      10.231      -5.200     -40.200     -31.640       1.351      25.734      57.071
      33.457      -1.407       5.494      -9.170     -25.611     -20.212     -14.899      -2.067      -8.482     -23.691
     -27.833     -29.600     -29.899     -10.671       7.258       4.583      -5.084     -16.076      -8.371       8.249
      18.476      19.371      18.797      -5.073     -32.414     -28.935     -15.628       0.068      23.515       7.309
     -24.584     -26.209     -22.206      -8.364       4.027     -23.841     -38.647     -23.347     -27.996     -12.290
      17.892      30.932      44.206      28.510      11.609     -12.008     -24.899      10.217      42.002      38.119
      11.589       8.006      18.189      14.570      18.396       3.254     -38.484     -55.398     -52.805     -14.837
      17.895      11.248      12.243       6.690      -9.217       5.212       4.379      -0.429      19.699      20.177
      13.127      -1.432     -23.277     -58.551     -85.003     -69.918     -50.328     -27.140     -21.028     -14.547
      23.956      28.749      18.600      23.377      -6.964     -25.099     -26.301     -41.701     -16.251      12.994
      25.797      32.869       0.846     -33.952      -7.410      35.977      61.327      73.162      61.765      33.542
      14.258      -1.359     -25.589     -27.204     -19.325     -12.840     -28.888     -48.916     -17.456      27.255
      18.641       3.108       5.322      -4.210     -35.673     -57.652     -40.415      -5.809     -18.064     -43.312
     -11.150      23.774       8.084      13.117      21.941       3.073      14.795      21.522       1.201      -3.702
     -17.864     -19.261      -9.853     -22.615     -21.001       1.151       1.535     -18.126     -21.604     -17.937
     -23.009     -32.097     -38.445     -34.885     -25.193     -11.001      22.331      44.597      40.156      32.626
      45.728      48.641      36.095     -17.230     -66.991     -61.117     -36.376      -3.477      35.785      45.332
      46.143      48.231      18.138     -17.781      -9.048       6.231      10.492      24.121      -4.334     -22.888
     -22.815     -44.140     -51.548     -47.847     -33.109      -3.563      -2.992      -2.102      11.477      -7.237
     -12.009      -5.325       7.641      40.106      70.229      72.659      54.178      38.451      18.639       0.574
     -12.199     -44.427     -48.068      -9.028       0.262      16.642      33.778      24.807      11.139     -10.138
     -23.935     -17.330     -12.347       2.031      25.967      33.797      41.592      50.811      50.427      18.695
     -20.241     -34.551      -9.047      24.894      31.121      24.715      17.389       1.424      -4.350     -10.588
     -26.615     -20.296      -4.298       8.719      16.993     -10.082     -27.274       8.374      32.642      24.875
      28.626      38.381      42.159      46.329      38.098      21.400      -2.361     -33.990     -50.716     -43.176
     -36.728     -37.866     -31.553     -24.840     -13.968      20.714      31.637      10.463     -14.745     -33.752
     -17.078       1.437       5.642      36.783      43.050      25.475      30.650      26.321      14.093      -0.141
     -18.804      -7.659       5.654       2.621       7.442      16.373      12.281      11.509      20.629       0.822
     -36.713     -41.183     -21.302       9.394      17.511      -4.716       1.096       1.605     -20.496     -10.730
      15.321      37.016      55.419      56.980      52.334      38.496       6.061     -15.965     -21.402     -23.865
     -20.715     -22.391     -23.979     -14.581       0.148       1.971      -7.218      -9.733     -22.049     -27.819
     -16.016     -12.590       6.416      30.859      32.394      23.997       2.042     -22.637     -32.896     -42.125
     -40.969     -11.802      13.922      27.013      35.576      26.193      12.504       3.454      -5.277      -3.666
       7.085       5.461      -6.696      -5.009      -7.942      -3.659       9.438       3.094       4.809       6.834
      -1.096      -1.318      -5.801       5.052      18.285       8.028      -9.127     -13.983      -9.906     -14.639
      -7.935      13.824      29.840      31.010       9.947      -8.607      -8.332     -19.473     -12.439      10.296
       9.939       5.930      -1.363     -17.556     -24.247     -32.893     -34.114     -22.301     -27.694     -37.845
     -26.137     -22.355     -31.738     -18.511       8.071      19.541      12.948       1.177       4.696      10.276
       7.055      19.228      31.060      30.347      27.472      15.185      -3.083     -24.987     -37.639     -29.822
     -19.148     -19.334     -29.153     -29.363     -19.488     -23.236     -11.220       1.479      -7.295       5.852
      19.832      18.179      14.490       5.066       9.845      14.224       4.711       1.541       3.138       7.999
      18.896      25.372      19.883       9.869       4.420      -5.281     -15.187     -20.669     -24.770      -9.935
       6.429       3.086      -0.136      -4.344     -12.147     -12.850     -21.597     -14.513       5.476      11.107
      15.944      23.003      14.460       1.881       1.470       5.913       6.182       6.269      -1.297     -11.068
     -14.358     -23.223     -23.721     -15.973     -16.523      -4.882      10.877       9.578       7.429       4.132
      -0.541       4.415      -8.458     -24.031     -17.846     -10.802       3.160      13.907      12.163      15.731
      14.120       3.486       1.467       0.029      -2.370      -2.338       5.661      14.938      14.809      11.702
       5.989      -1.205      -5.221     -11.910     -14.364     -13.324     -12.669      -0.356       6.049       3.774
      12.427      19.441      23.074      23.071      10.851       2.847      -3.186     -17.555     -19.731     -14.452
     -14.932      -8.161       1.540       2.794       1.977       3.920       6.277       7.390       6.237       9.597
      14.159       8.389      -3.678      -3.760       0.804      -0.842       3.093       5.230      -4.559     -17.902
     -25.946     -16.849      -1.551       1.999      11.277      22.204      23.326      21.554      13.527       8.822
       7.878       3.166      -3.698     -10.237     -14.762     -19.180      -9.758       4.762       8.192      13.523
      10.500       1.731       5.324       7.782      12.819      17.056      11.599      14.303      15.875       6.507
      -2.091      -5.726      -1.411       2.229       2.574       2.433       0.503       0.925       0.541      -0.008
      -0.744      -8.723      -6.477      -3.490      -5.239       1.520      -1.882      -8.206      -5.484      -4.421
       0.040       0.618      -3.753       1.834      10.304      15.471      13.445      10.337       7.141       1.119
      -4.087     -12.366     -12.724      -5.691      -6.669      -4.222      -4.890     -10.971     -11.495     -12.015
      -9.129      -1.648       0.631       1.145       4.807       5.241       3.550       5.364       0.674      -4.886
      -4.684      -8.298      -5.940      -0.912      -4.719      -5.662      -3.683      -9.598     -16.107     -16.510
     -12.813      -8.114      -2.778       3.373       2.394      -7.096     -11.835      -7.897      -5.882      -8.803
      -6.933      -2.510      -0.885       4.074       5.175       3.784       2.905      -5.157      -3.138      -0.201
      -5.118      -3.093       0.620       3.724       8.682       7.222       1.303      -5.624      -6.844      -1.072
       6.188       7.677       1.732       2.901       6.852       5.555       6.390       3.622      -5.001      -6.250
      -5.262      -5.835      -5.435      -6.758      -4.396      -1.376      -4.933      -4.238      -3.833      -6.543
      -2.906       2.013       7.633       9.063       3.263       1.797       3.537       7.606      10.220       8.229
       4.451      -3.478      -7.883      -7.573     -10.197     -12.164     -16.808     -18.767     -11.351      -9.282
      -9.369      -6.713      -6.932      -2.747       3.660       3.644       4.645       2.956       0.805       7.675
      11.370      10.606      13.757      14.710      13.800      13.536       8.302       2.601      -1.133      -3.736
      -2.874      -0.157       1.750       0.917      -0.030       1.638       3.738       1.924      -3.345      -7.665
      -6.420      -3.577       0.461       7.532      10.497      12.842      14.065       9.412       5.803       3.562
       4.674       8.590       6.341       4.646       2.543      -5.078     -12.195     -13.651      -9.151      -1.415
       5.278       6.647       8.444       9.458       6.479       7.437       8.394       5.139       4.726       6.574
       7.949       7.579       4.247       0.324      -4.727      -7.177      -8.670      -9.642      -8.709      -5.922
       1.916       9.135       9.581       9.437       7.115       3.686       3.357       1.502       1.395       1.712
      -0.189       0.099      -0.462      -2.958      -3.550      -3.476      -1.539       1.215       1.700       1.267
       1.129      -0.393      -2.373      -2.339      -1.099      -0.328       0.766       0.698      -0.679      -0.526
      -0.024       1.104       1.424      -0.304      -0.003       1.248       1.071       1.339       1.894       1.757
       1.700       0.799      -1.356      -3.490      -4.843      -4.415      -2.749      -1.931      -1.598      -0.946
      -0.028       1.296       3.214       4.626       4.653       4.229       3.246       2.223       1.739       0.973
       0.066      -0.750      -1.481      -1.592      -1.643      -1.698      -1.542      -1.518      -1.319      -0.913
      -0.786      -0.750      -0.555      -0.090       0.349       0.399       0.270       0.101       0.017       0.095
       0.135       0.121       0.060       0.000       0.000       0.000       0.000       0.000       0.000       0.000
       0.000       0.000       0.000       0.000       0.000       0.000       0.000       0.000       0.000       0.000
       0.000       0.000       0.000       0.000       0.000       0.000       0.000       0.000       0.000       0.000
       0.000       0.000       0.000       0.000       0.000       0.000       0.000       0.000       0.000       0.000
       0.000       0.000       0.000       0.000       0.000       0.000       0.000       0.000       0.000       0.000
       0.000       0.000       0.000       0.000       0.000       0.000       0.000       0.000       0.000       0.000
       0.000       0.000       0.000       0.000       0.000       0.000       0.000       0.000       0.000       0.000
       0.000       0.000       0.000       0.000       0.000       0.000       0.000       0.000       0.000       0.000
       0.000       0.000       0.000       0.000       0.000       0.000       0.000       0.000       0.000       0.000
       0.000       0.000       0.000       0.000       0.000       0.000       0.000       0.000       0.000       0.000
       0.000       0.000       0.000       0.000       0.000       0.000       0.000       0.000       0.000       0.000
       0.000       0.000       0.000       0.000       0.000       0.000       0.000       0.000       0.000       0.000
       0.000       0.000       0.000       0.000       0.000       0.000       0.000       0.000       0.000       0.000
       0.000       0.000       0.000       0.000       0.000       0.000       0.000       0.000       0.000       0.000
       0.000       0.000       0.000       0.000       0.000       0.000       0.000       0.000       0.000       0.000
       0.000       0.000       0.000       0.000       0.000       0.000       0.000       0.000       0.000       0.000
       0.000       0.000       0.000       0.000       0.000       0.000       0.000       0.000       0.000       0.000
       0.000       0.000       0.000       0.000       0.000       0.000       0.000       0.000       0.000       0.000
       0.000       0.000       0.000       0.000       0.000       0.000       0.000       0.000       0.000       0.000
       0.000       0.000       0.000       0.000       0.000       0.000       0.000       0.000       0.000       0.000
       0.000       0.000       0.000       0.000       0.000       0.000       0.000       0.000       0.000       0.000
       0.000       0.000       0.000       0.000       0.000       0.000       0.000       0.000       0.000       0.000
       0.000       0.000       0.000       0.000       0.000       0.000       0.000       0.000       0.000       0.000
       0.000       0.000       0.000       0.000       0.000       0.000       0.000       0.000       0.000       0.000
       0.000       0.000       0.000       0.000       0.000       0.000       0.000       0.000       0.000       0.000
       0.000       0.000       0.000       0.000       0.000       0.000       0.000       0.000       0.000       0.000
       0.000       0.000       0.000       0.000       0.000       0.000       0.000       0.000       0.000       0.000
       0.000       0.000       0.000       0.000       0.000       0.000       0.000       0.000       0.000       0.000
       0.000       0.000       0.000       0.000       0.000       0.000       0.000       0.000       0.000       0.000
       0.000       0.000       0.000       0.000       0.000       0.000       0.000       0.000       0.000       0.000
       0.000       0.000       0.000       0.000       0.000       0.000       0.000       0.000       0.000       0.000
       0.000       0.000       0.000       0.000       0.000       0.000       0.000       0.000       0.000       0.000
       0.000       0.000       0.000       0.000       0.000       0.000       0.000       0.000       0.000       0.000
       0.000       0.000       0.000       0.000       0.000       0.000       0.000       0.000       0.000       0.000
       0.000       0.000       0.000       0.000       0.000       0.000       0.000       0.000       0.000       0.000
       0.000       0.000       0.000       0.000       0.000       0.000       0.000       0.000       0.000       0.000
       0.000       0.000       0.000       0.000       0.000       0.000       0.000       0.000       0.000       0.000
       0.000       0.000       0.000       0.000       0.000       0.000       0.000       0.000       0.000       0.000
       0.000       0.000       0.000       0.000       0.000       0.000       0.000       0.000       0.000       0.000
       0.000       0.000       0.000       0.000       0.000       0.000       0.000       0.000       0.000       0.000
       0.000       0.000       0.000       0.000       0.000       0.000       0.000       0.000       0.000       0.000
       0.000       0.000       0.000       0.000       0.000       0.000       0.000       0.000       0.000       0.000
       0.000       0.000       0.000       0.000       0.000       0.000       0.000       0.000       0.000       0.000
       0.000       0.000       0.000       0.000       0.000       0.000       0.000       0.000       0.000       0.000
       0.000       0.000       0.000       0.000       0.000       0.000       0.000       0.000       0.000       0.000
       0.000       0.000       0.000       0.000       0.000       0.000       0.000       0.000       0.000       0.000
       0.000       0.000       0.000       0.000       0.000       0.000       0.000       0.000       0.000       0.000
       0.000       0.000       0.000       0.000       0.000       0.000       0.000       0.000       0.000       0.000
       0.000       0.000       0.000       0.000       0.000       0.000       0.000       0.000       0.000       0.000
       0.000       0.000       0.000       0.000       0.000       0.000       0.000       0.000       0.000       0.000
       0.000       0.000       0.000       0.000       0.000       0.000       0.000       0.000       0.000       0.000
       0.000       0.000       0.000       0.000       0.000       0.000       0.000       0.000       0.000       0.000
       0.000       0.000       0.000       0.000       0.000       0.000       0.000       0.000       0.000       0.000
       0.000       0.000       0.000       0.000       0.000       0.000       0.000       0.000       0.000       0.000
       0.000       0.000       0.000       0.000       0.000       0.000       0.000       0.000       0.000       0.000
       0.000       0.000       0.000       0.000       0.000       0.000       0.000       0.000       0.000       0.000
       0.000       0.000       0.000       0.000       0.000       0.000       0.000       0.000       0.000       0.000
       0.000       0.000       0.000       0.000       0.000       0.000       0.000       0.000       0.000       0.000
       0.000       0.000       0.000       0.000       0.000       0.000       0.000       0.000       0.000       0.000
       0.000       0.000       0.000       0.000       0.000       0.000       0.000       0.000