   0.020           0.4900000E-01
   0.040           0.4900000E-01
   0.060           0.4900000E-01
   0.080           0.6400000E-01
   0.100           0.4900000E-01
   0.120           0.4900000E-01
   0.140           0.1100000E+00
   0.160           0.5000000E-01
   0.180           0.5000000E-01
   0.200           0.1870000E+00
   0.220           0.3200000E-01
   0.240           0.3200000E-01
   0.260           0.2900000E-01
   0.280          -0.9100000E-01
   0.300           0.9000000E-02
   0.320           0.3400000E-01
   0.340          -0.1110000E+00
   0.360          -0.1280000E+00
   0.380          -0.9500000E-01
   0.400          -0.2050000E+00
   0.420          -0.2000000E-02
   0.440           0.1910000E+00
   0.460           0.4840000E+00
   0.480           0.1730000E+00
   0.500           0.3300000E+00
   0.520           0.1119000E+01
   0.540           0.2350000E+00
   0.560          -0.1390000E+00
   0.580          -0.7430000E+00
   0.600          -0.1392000E+01
   0.620          -0.8070000E+00
   0.640           0.1270000E+00
   0.660           0.1080000E+01
   0.680           0.1250000E+01
   0.700           0.1501000E+01
   0.720           0.2147000E+01
   0.740           0.7130000E+00
   0.760          -0.1297000E+01
   0.780          -0.1879000E+01
   0.800          -0.8460000E+00
   0.820           0.2380000E+00
   0.840           0.1988000E+01
   0.860           0.1183000E+01
   0.880           0.7930000E+00
   0.900           0.1518000E+01
   0.920           0.1009000E+01
   0.940           0.8610000E+00
   0.960           0.2447000E+01
   0.980           0.2227000E+01
   1.000           0.2155000E+01
   1.020           0.4331000E+01
   1.040           0.4211000E+01
   1.060           0.1584000E+01
   1.080           0.1069000E+01
   1.100          -0.7960000E+00
   1.120          -0.7980000E+00
   1.140          -0.1414000E+01
   1.160          -0.1954000E+01
   1.180           0.6100000E-01
   1.200          -0.2310000E+00
   1.220          -0.7060000E+00
   1.240          -0.2156000E+01
   1.260          -0.5023000E+01
   1.280          -0.5320000E+01
   1.300          -0.4996000E+01
   1.320          -0.7190000E+01
   1.340          -0.5757000E+01
   1.360           0.6540000E+00
   1.380           0.4752000E+01
   1.400           0.5699000E+01
   1.420           0.3599000E+01
   1.440           0.4030000E+00
   1.460          -0.1578000E+01
   1.480          -0.2685000E+01
   1.500          -0.4907000E+01
   1.520          -0.6547000E+01
   1.540          -0.3243000E+01
   1.560          -0.2970000E+00
   1.580           0.1100000E+00
   1.600           0.2831000E+01
   1.620           0.9605000E+01
   1.640           0.1128900E+02
   1.660           0.7902000E+01
   1.680           0.6387000E+01
   1.700           0.5696000E+01
   1.720           0.7128000E+01
   1.740           0.9640000E+01
   1.760           0.1195500E+02
   1.780           0.1331500E+02
   1.800           0.1117400E+02
   1.820           0.1079200E+02
   1.840           0.1181800E+02
   1.860           0.1083300E+02
   1.880           0.1240900E+02
   1.900           0.1518600E+02
   1.920           0.1214200E+02
   1.940           0.1057300E+02
   1.960           0.1176000E+02
   1.980           0.1088200E+02
   2.000           0.1323600E+02
   2.020           0.1718000E+02
   2.040           0.1403000E+02
   2.060           0.6764000E+01
   2.080           0.2275000E+01
   2.100          -0.3809000E+01
   2.120          -0.3689000E+01
   2.140           0.3545000E+01
   2.160           0.9068000E+01
   2.180           0.1268800E+02
   2.200           0.1079600E+02
   2.220           0.2773000E+01
   2.240          -0.4495000E+01
   2.260          -0.1012600E+02
   2.280          -0.1543800E+02
   2.300          -0.2111600E+02
   2.320          -0.2097100E+02
   2.340          -0.1923900E+02
   2.360          -0.2192900E+02
   2.380          -0.2238500E+02
   2.400          -0.1669900E+02
   2.420          -0.1468300E+02
   2.440          -0.1556800E+02
   2.460          -0.1928900E+02
   2.480          -0.1908500E+02
   2.500          -0.1660700E+02
   2.520          -0.1715400E+02
   2.540          -0.1167400E+02
   2.560          -0.6634000E+01
   2.580          -0.8774000E+01
   2.600          -0.8050000E+01
   2.620           0.5910000E+00
   2.640           0.9577000E+01
   2.660           0.1279300E+02
   2.680           0.8374000E+01
   2.700           0.6986000E+01
   2.720           0.6084000E+01
   2.740           0.5630000E+00
   2.760          -0.4090000E+01
   2.780          -0.1018800E+02
   2.800          -0.1149200E+02
   2.820          -0.7565000E+01
   2.840           0.5806000E+01
   2.860           0.2058600E+02
   2.880           0.2593300E+02
   2.900           0.2298500E+02
   2.920           0.1801400E+02
   2.940           0.1394800E+02
   2.960           0.7337000E+01
   2.980           0.9080000E+01
   3.000           0.1606100E+02
   3.020           0.1135700E+02
   3.040           0.2635000E+01
   3.060           0.3324000E+01
   3.080           0.1403000E+01
   3.100           0.5220000E+01
   3.120           0.1440400E+02
   3.140           0.1558100E+02
   3.160           0.1576600E+02
   3.180           0.1199900E+02
   3.200           0.5100000E+00
   3.220          -0.4800000E+00
   3.240          -0.7550000E+01
   3.260          -0.2046700E+02
   3.280          -0.3569000E+02
   3.300          -0.4602900E+02
   3.320          -0.4539300E+02
   3.340          -0.3376900E+02
   3.360          -0.2705000E+02
   3.380          -0.2357300E+02
   3.400          -0.1924200E+02
   3.420          -0.2531000E+01
   3.440           0.6671000E+01
   3.460           0.1591200E+02
   3.480           0.3460200E+02
   3.500           0.4571800E+02
   3.520           0.3561100E+02
   3.540           0.1801500E+02
   3.560           0.4456000E+01
   3.580           0.1429600E+02
   3.600           0.1649000E+02
   3.620          -0.1405000E+01
   3.640          -0.2178100E+02
   3.660          -0.3139600E+02
   3.680          -0.2548900E+02
   3.700          -0.4325000E+01
   3.720           0.9912000E+01
   3.740          -0.2875000E+01
   3.760          -0.1936600E+02
   3.780          -0.2497400E+02
   3.800          -0.2599400E+02
   3.820          -0.3210000E+00
   3.840           0.2121500E+02
   3.860           0.1711200E+02
   3.880           0.1202100E+02
   3.900           0.1600500E+02
   3.920           0.1220900E+02
   3.940           0.3817000E+01
   3.960           0.1075800E+02
   3.980           0.1744200E+02
   4.000           0.5473000E+01
   4.020          -0.1038400E+02
   4.040          -0.1977300E+02
   4.060          -0.3524000E+01
   4.080           0.1200100E+02
   4.100          -0.5710000E+00
   4.120          -0.2107800E+02
   4.140          -0.3015200E+02
   4.160          -0.4131700E+02
   4.180          -0.4004500E+02
   4.200          -0.2676400E+02
   4.220          -0.1833900E+02
   4.240          -0.2065700E+02
   4.260          -0.2905400E+02
   4.280          -0.2167400E+02
   4.300          -0.1312300E+02
   4.320          -0.3748000E+01
   4.340           0.6976000E+01
   4.360          -0.1900000E+02
   4.380          -0.6359500E+02
   4.400          -0.8211700E+02
   4.420          -0.5829800E+02
   4.440          -0.3738900E+02
   4.460          -0.2804700E+02
   4.480          -0.1269100E+02
   4.500          -0.1319400E+02
   4.520          -0.2046900E+02
   4.540          -0.9110000E+01
   4.560           0.1282200E+02
   4.580           0.2913700E+02
   4.600           0.2487100E+02
   4.620           0.6259000E+01
   4.640           0.9200000E-01
   4.660           0.1253400E+02
   4.680           0.2610600E+02
   4.700           0.1133700E+02
   4.720          -0.1929600E+02
   4.740          -0.3192000E+02
   4.760          -0.2722100E+02
   4.780          -0.2939000E+01
   4.800           0.2500700E+02
   4.820           0.2127700E+02
   4.840          -0.5490000E+01
   4.860          -0.3410900E+02
   4.880          -0.2868900E+02
   4.900           0.1700000E+00
   4.920           0.2067100E+02
   4.940           0.4249500E+02
   4.960           0.5443700E+02
   4.980           0.5476100E+02
   5.000           0.7165900E+02
   5.020           0.7260500E+02
   5.040           0.4762000E+02
   5.060           0.1795200E+02
   5.080          -0.1169400E+02
   5.100          -0.8378000E+01
   5.120           0.3434500E+02
   5.140           0.5633200E+02
   5.160           0.3916500E+02
   5.180           0.3047600E+02
   5.200           0.3503700E+02
   5.220           0.2042200E+02
   5.240          -0.2483200E+02
   5.260          -0.7305000E+02
   5.280          -0.7786700E+02
   5.300          -0.5427800E+02
   5.320          -0.3767000E+02
   5.340          -0.4224300E+02
   5.360          -0.4870000E+02
   5.380          -0.3464800E+02
   5.400          -0.1140800E+02
   5.420           0.1034400E+02
   5.440           0.2546900E+02
   5.460          -0.4774000E+01
   5.480          -0.7228800E+02
   5.500          -0.8805800E+02
   5.520          -0.5529500E+02
   5.540          -0.4052800E+02
   5.560          -0.3070300E+02
   5.580          -0.2205200E+02
   5.600          -0.3873000E+02
   5.620          -0.4218300E+02
   5.640          -0.5836000E+01
   5.660           0.1336200E+02
   5.680           0.8786000E+01
   5.700           0.4210000E+00
   5.720          -0.3328900E+02
   5.740          -0.4030000E+02
   5.760          -0.2717300E+02
   5.780          -0.4134900E+02
   5.800          -0.4547100E+02
   5.820          -0.5273000E+02
   5.840          -0.6657000E+02
   5.860          -0.4968700E+02
   5.880          -0.4316000E+02
   5.900          -0.7550900E+02
   5.920          -0.8069600E+02
   5.940          -0.6036400E+02
   5.960          -0.1906600E+02
   5.980           0.4066700E+02
   6.000           0.1085570E+03
   6.020           0.1423020E+03
   6.040           0.1249570E+03
   6.060           0.8531900E+02
   6.080           0.5788500E+02
   6.100           0.5080100E+02
   6.120           0.2994100E+02
   6.140          -0.8775000E+01
   6.160          -0.4869300E+02
   6.180          -0.7233400E+02
   6.200          -0.5114200E+02
   6.220          -0.9615000E+01
   6.240           0.5430000E+01
   6.260          -0.1099800E+02
   6.280          -0.1287100E+02
   6.300          -0.8560000E+00
   6.320          -0.6335000E+01
   6.340          -0.4600600E+02
   6.360          -0.3712000E+02
   6.380           0.1270000E+02
   6.400           0.3976700E+02
   6.420           0.4514400E+02
   6.440           0.3573200E+02
   6.460           0.2991200E+02
   6.480          -0.2004300E+02
   6.500          -0.7233600E+02
   6.520          -0.3850800E+02
   6.540           0.1445100E+02
   6.560           0.1915300E+02
   6.580          -0.3493500E+02
   6.600          -0.6276000E+02
   6.620          -0.3943400E+02
   6.640          -0.1227000E+02
   6.660           0.6196000E+01
   6.680           0.1080800E+02
   6.700           0.3228300E+02
   6.720           0.3631700E+02
   6.740           0.1998100E+02
   6.760          -0.1830000E+02
   6.780          -0.1133330E+03
   6.800          -0.1859510E+03
   6.820          -0.1849150E+03
   6.840          -0.1194540E+03
   6.860          -0.3742100E+02
   6.880           0.7868000E+02
   6.900           0.1126200E+03
   6.920           0.5683400E+02
   6.940           0.3947600E+02
   6.960           0.3868400E+02
   6.980           0.6302000E+01
   7.000          -0.2536400E+02
   7.020          -0.2229600E+02
   7.040          -0.8825000E+01
   7.060          -0.8665000E+01
   7.080           0.1782400E+02
   7.100           0.4114900E+02
   7.120           0.5761600E+02
   7.140           0.4550600E+02
   7.160           0.2475200E+02
   7.180           0.5104200E+02
   7.200           0.5914700E+02
   7.220           0.4273800E+02
   7.240           0.3269000E+01
   7.260          -0.1304400E+02
   7.280          -0.2163300E+02
   7.300          -0.7834500E+02
   7.320          -0.1094520E+03
   7.340          -0.1188610E+03
   7.360          -0.1162140E+03
   7.380          -0.1024400E+03
   7.400          -0.6163900E+02
   7.420          -0.3647400E+02
   7.440          -0.1704200E+02
   7.460          -0.2323600E+02
   7.480          -0.3294600E+02
   7.500           0.2221000E+01
   7.520           0.2016600E+02
   7.540           0.4966800E+02
   7.560           0.4413900E+02
   7.580          -0.5813000E+01
   7.600          -0.2978900E+02
   7.620          -0.3707600E+02
   7.640          -0.1369100E+02
   7.660          -0.1815000E+01
   7.680          -0.1021700E+02
   7.700          -0.2752000E+01
   7.720           0.2661300E+02
   7.740           0.8345000E+02
   7.760           0.7723500E+02
   7.780           0.3362000E+02
   7.800          -0.2752800E+02
   7.820          -0.8069700E+02
   7.840          -0.6787900E+02
   7.860          -0.1532300E+02
   7.880           0.2313400E+02
   7.900           0.2748800E+02
   7.920           0.2665900E+02
   7.940           0.5663000E+01
   7.960          -0.3422000E+01
   7.980           0.2590900E+02
   8.000           0.7846700E+02
   8.020           0.9440400E+02
   8.040           0.6932000E+02
   8.060           0.6556100E+02
   8.080           0.4533400E+02
   8.100           0.1274000E+01
   8.120          -0.1556400E+02
   8.140           0.9290000E+01
   8.160           0.5629600E+02
   8.180           0.8254500E+02
   8.200           0.1976500E+02
   8.220          -0.5702700E+02
   8.240          -0.7946700E+02
   8.260          -0.8530300E+02
   8.280          -0.7628100E+02
   8.300          -0.2459900E+02
   8.320           0.9174000E+01
   8.340          -0.1110700E+02
   8.360          -0.7343100E+02
   8.380          -0.1273360E+03
   8.400          -0.7118300E+02
   8.420           0.3675000E+02
   8.440           0.7635800E+02
   8.460           0.5261400E+02
   8.480           0.4030000E+02
   8.500           0.2515500E+02
   8.520           0.1304600E+02
   8.540           0.3289300E+02
   8.560           0.4278800E+02
   8.580           0.5917600E+02
   8.600           0.2731300E+02
   8.620          -0.4112100E+02
   8.640          -0.7483200E+02
   8.660          -0.8201600E+02
   8.680          -0.9195800E+02
   8.700          -0.6471000E+02
   8.720          -0.2923000E+02
   8.740          -0.5303000E+01
   8.760           0.4400200E+02
   8.780           0.5949300E+02
   8.800           0.3307000E+02
   8.820           0.4024200E+02
   8.840           0.6366900E+02
   8.860           0.4665200E+02
   8.880           0.1689000E+02
   8.900          -0.1284000E+01
   8.920          -0.4206700E+02
   8.940          -0.6066000E+02
   8.960           0.2460000E+00
   8.980           0.6324500E+02
   9.000           0.7367700E+02
   9.020           0.3697900E+02
   9.040          -0.5498000E+01
   9.060          -0.1224700E+02
   9.080          -0.1093400E+02
   9.100          -0.2885400E+02
   9.120          -0.6787000E+02
   9.140          -0.8138400E+02
   9.160          -0.3296400E+02
   9.180           0.1633900E+02
   9.200          -0.2083000E+01
   9.220          -0.9278000E+01
   9.240          -0.1062300E+02
   9.260          -0.5172500E+02
   9.280          -0.7893100E+02
   9.300          -0.9439900E+02
   9.320          -0.8995700E+02
   9.340          -0.1005920E+03
   9.360          -0.1293170E+03
   9.380          -0.8693000E+02
   9.400           0.4720000E+00
   9.420           0.8589500E+02
   9.440           0.8079900E+02
   9.460           0.4055100E+02
   9.480           0.4942100E+02
   9.500           0.4296800E+02
   9.520           0.4853100E+02
   9.540           0.8057600E+02
   9.560           0.1141430E+03
   9.580           0.9967700E+02
   9.600           0.2631600E+02
   9.620          -0.3089700E+02
   9.640          -0.4747900E+02
   9.660          -0.5605600E+02
   9.680          -0.3375200E+02
   9.700          -0.3336800E+02
   9.720          -0.5148300E+02
   9.740          -0.3219200E+02
   9.760          -0.3482900E+02
   9.780          -0.4925800E+02
   9.800          -0.7588100E+02
   9.820          -0.7714900E+02
   9.840          -0.2063000E+01
   9.860           0.1117810E+03
   9.880           0.1692830E+03
   9.900           0.1451190E+03
   9.920           0.9035000E+02
   9.940           0.1538100E+02
   9.960          -0.6880100E+02
   9.980          -0.9641900E+02
  10.000          -0.7118500E+02
  10.020          -0.5948500E+02
  10.040          -0.1688600E+02
  10.060           0.5056800E+02
  10.080           0.8494800E+02
  10.100           0.8710100E+02
  10.120           0.7683000E+02
  10.140           0.6950700E+02
  10.160           0.3211600E+02
  10.180          -0.3313400E+02
  10.200          -0.7404800E+02
  10.220          -0.8435500E+02
  10.240          -0.7442700E+02
  10.260          -0.3470500E+02
  10.280          -0.1164500E+02
  10.300           0.3820000E+01
  10.320           0.2665000E+01
  10.340          -0.1634100E+02
  10.360          -0.2917500E+02
  10.380          -0.1556300E+02
  10.400           0.1320000E+00
  10.420           0.5386000E+01
  10.440          -0.1809300E+02
  10.460          -0.7178900E+02
  10.480          -0.8754100E+02
  10.500          -0.8734000E+02
  10.520          -0.8671400E+02
  10.540          -0.6808900E+02
  10.560          -0.2694500E+02
  10.580          -0.3040000E+00
  10.600          -0.7600000E-01
  10.620           0.4027100E+02
  10.640           0.5764700E+02
  10.660           0.5205900E+02
  10.680           0.4797600E+02
  10.700           0.5358800E+02
  10.720           0.7639400E+02
  10.740           0.5876500E+02
  10.760           0.2840400E+02
  10.780           0.8231000E+01
  10.800          -0.2025300E+02
  10.820          -0.7712700E+02
  10.840          -0.1275010E+03
  10.860          -0.1483800E+03
  10.880          -0.1465350E+03
  10.900          -0.1355800E+03
  10.920          -0.9755000E+02
  10.940          -0.3639000E+02
  10.960           0.2509700E+02
  10.980           0.8276600E+02
  11.000           0.9177200E+02
  11.020           0.5364700E+02
  11.040          -0.8240000E+00
  11.060          -0.5840600E+02
  11.080          -0.5632100E+02
  11.100          -0.1174200E+02
  11.120           0.9869000E+01
  11.140           0.1021000E+02
  11.160           0.3686300E+02
  11.180           0.6524400E+02
  11.200           0.5550600E+02
  11.220           0.6507300E+02
  11.240           0.5950600E+02
  11.260           0.2779800E+02
  11.280           0.1479000E+01
  11.300          -0.2164600E+02
  11.320          -0.2551900E+02
  11.340          -0.2314600E+02
  11.360           0.8666000E+01
  11.380           0.4000000E+02
  11.400          -0.2303600E+02
  11.420          -0.9236200E+02
  11.440          -0.8726000E+02
  11.460          -0.5973700E+02
  11.480          -0.6325500E+02
  11.500          -0.7087400E+02
  11.520          -0.4403500E+02
  11.540          -0.1823400E+02
  11.560          -0.1567900E+02
  11.580           0.1671400E+02
  11.600           0.8477000E+02
  11.620           0.1265940E+03
  11.640           0.8143200E+02
  11.660          -0.1424000E+01
  11.680          -0.1092100E+02
  11.700           0.3990000E+00
  11.720          -0.2608000E+01
  11.740           0.1822700E+02
  11.760           0.6099900E+02
  11.780           0.6309200E+02
  11.800           0.1683900E+02
  11.820          -0.8828000E+01
  11.840          -0.1793300E+02
  11.860          -0.6363800E+02
  11.880          -0.1172080E+03
  11.900          -0.1442460E+03
  11.920          -0.1057090E+03
  11.940           0.3402000E+01
  11.960           0.7751200E+02
  11.980           0.8622800E+02
  12.000           0.1000340E+03
  12.020           0.9877000E+02
  12.040           0.1733200E+02
  12.060           0.4424000E+01
  12.080           0.3985900E+02
  12.100           0.2836000E+02
  12.120          -0.2365000E+01
  12.140          -0.1213200E+02
  12.160          -0.8125000E+01
  12.180          -0.1877700E+02
  12.200          -0.1803500E+02
  12.220          -0.1868600E+02
  12.240           0.7502000E+01
  12.260          -0.1438000E+01
  12.280          -0.4339600E+02
  12.300          -0.3364200E+02
  12.320          -0.1494100E+02
  12.340          -0.5216100E+02
  12.360          -0.8788500E+02
  12.380          -0.9435300E+02
  12.400          -0.8631100E+02
  12.420          -0.5193600E+02
  12.440           0.1930000E+01
  12.460           0.4980900E+02
  12.480           0.9152600E+02
  12.500           0.9914800E+02
  12.520           0.7617000E+02
  12.540           0.4737000E+02
  12.560          -0.2794700E+02
  12.580          -0.8025600E+02
  12.600          -0.7959000E+02
  12.620          -0.8057600E+02
  12.640          -0.7488000E+02
  12.660          -0.2326400E+02
  12.680           0.2088100E+02
  12.700          -0.1795400E+02
  12.720          -0.5718300E+02
  12.740          -0.8765100E+02
  12.760          -0.1007250E+03
  12.780          -0.5384600E+02
  12.800           0.3276000E+01
  12.820           0.4951700E+02
  12.840           0.8460400E+02
  12.860           0.6375800E+02
  12.880           0.3654800E+02
  12.900           0.2316800E+02
  12.920           0.5489100E+02
  12.940           0.8861000E+02
  12.960           0.6910300E+02
  12.980           0.1863100E+02
  13.000          -0.3046600E+02
  13.020          -0.4108800E+02
  13.040           0.4830000E+00
  13.060           0.5603200E+02
  13.080           0.7510800E+02
  13.100           0.4448000E+02
  13.120           0.1403800E+02
  13.140           0.3441700E+02
  13.160           0.7234700E+02
  13.180           0.8511500E+02
  13.200           0.8715600E+02
  13.220           0.6408500E+02
  13.240           0.1366900E+02
  13.260          -0.7367200E+02
  13.280          -0.1366380E+03
  13.300          -0.1198170E+03
  13.320          -0.8639000E+02
  13.340          -0.5057400E+02
  13.360           0.1014000E+02
  13.380           0.7422300E+02
  13.400           0.8024900E+02
  13.420           0.2672900E+02
  13.440           0.2498000E+01
  13.460          -0.1983700E+02
  13.480          -0.3353800E+02
  13.500          -0.5110000E+00
  13.520           0.6222400E+02
  13.540           0.6789200E+02
  13.560           0.5450100E+02
  13.580           0.6720600E+02
  13.600           0.3138500E+02
  13.620           0.1306000E+02
  13.640           0.5233100E+02
  13.660           0.7431100E+02
  13.680           0.6343400E+02
  13.700           0.2943600E+02
  13.720          -0.1854000E+01
  13.740          -0.5558000E+01
  13.760          -0.3544000E+02
  13.780          -0.8605100E+02
  13.800          -0.6306200E+02
  13.820           0.6784000E+01
  13.840           0.2816200E+02
  13.860           0.3066200E+02
  13.880           0.3015200E+02
  13.900           0.3257000E+02
  13.920           0.5663900E+02
  13.940           0.2743400E+02
  13.960           0.2142000E+01
  13.980          -0.1684900E+02
  14.000          -0.5945900E+02
  14.020          -0.1057170E+03
  14.040          -0.9113100E+02
  14.060          -0.4869100E+02
  14.080          -0.4646700E+02
  14.100           0.1760000E+00
  14.120           0.5361200E+02
  14.140           0.1050010E+03
  14.160           0.1646770E+03
  14.180           0.1750570E+03
  14.200           0.9898500E+02
  14.220           0.2526000E+02
  14.240           0.1393400E+02
  14.260           0.1049700E+02
  14.280           0.5511300E+02
  14.300           0.7565300E+02
  14.320           0.4727000E+02
  14.340           0.4972200E+02
  14.360           0.5628700E+02
  14.380           0.6305700E+02
  14.400           0.5291100E+02
  14.420           0.2808500E+02
  14.440           0.1161700E+02
  14.460           0.2023800E+02
  14.480           0.9263600E+02
  14.500           0.1471030E+03
  14.520           0.1364650E+03
  14.540           0.8208900E+02
  14.560           0.5672000E+01
  14.580          -0.8150300E+02
  14.600          -0.1270670E+03
  14.620          -0.1147910E+03
  14.640          -0.1051840E+03
  14.660          -0.1040560E+03
  14.680          -0.1075420E+03
  14.700          -0.6568900E+02
  14.720          -0.1622400E+02
  14.740          -0.1048900E+02
  14.760          -0.1834000E+02
  14.780           0.1563000E+01
  14.800           0.3005900E+02
  14.820           0.2542300E+02
  14.840           0.3286600E+02
  14.860           0.2432100E+02
  14.880           0.1299100E+02
  14.900           0.9802000E+01
  14.920          -0.3931400E+02
  14.940          -0.7702100E+02
  14.960          -0.5876700E+02
  14.980          -0.4407800E+02
  15.000          -0.4558700E+02
  15.020          -0.6065000E+01
  15.040           0.4931900E+02
  15.060           0.3230100E+02
  15.080          -0.4682000E+02
  15.100          -0.1331380E+03
  15.120          -0.1609630E+03
  15.140          -0.9193800E+02
  15.160          -0.5022200E+02
  15.180          -0.8134000E+01
  15.200           0.6508200E+02
  15.220           0.6046500E+02
  15.240           0.6820000E+00
  15.260           0.2059300E+02
  15.280           0.3526300E+02
  15.300          -0.1956800E+02
  15.320          -0.4536000E+02
  15.340          -0.6087700E+02
  15.360          -0.5717500E+02
  15.380          -0.1600400E+02
  15.400           0.2553200E+02
  15.420           0.5613200E+02
  15.440           0.4414800E+02
  15.460           0.7507000E+01
  15.480          -0.1773000E+01
  15.500           0.2062700E+02
  15.520           0.1660200E+02
  15.540           0.2229900E+02
  15.560           0.1688100E+02
  15.580          -0.2073700E+02
  15.600          -0.3381100E+02
  15.620          -0.2052900E+02
  15.640          -0.2198100E+02
  15.660          -0.3357600E+02
  15.680          -0.4575800E+02
  15.700          -0.2841900E+02
  15.720           0.2145100E+02
  15.740           0.6295100E+02
  15.760           0.2470800E+02
  15.780           0.6090000E+00
  15.800           0.8451000E+01
  15.820           0.1919300E+02
  15.840           0.8835800E+02
  15.860           0.1195190E+03
  15.880           0.6764800E+02
  15.900           0.1615900E+02
  15.920          -0.3980700E+02
  15.940          -0.5749200E+02
  15.960           0.1781000E+01
  15.980           0.8390400E+02
  16.000           0.1025290E+03
  16.020           0.8227900E+02
  16.040           0.6625600E+02
  16.060           0.6483100E+02
  16.080           0.5195300E+02
  16.100           0.1807400E+02
  16.120          -0.2229400E+02
  16.140          -0.5840300E+02
  16.160          -0.6472500E+02
  16.180          -0.4640700E+02
  16.200          -0.6467100E+02
  16.220          -0.8720500E+02
  16.240          -0.8753300E+02
  16.260          -0.5244600E+02
  16.280          -0.4116700E+02
  16.300          -0.2211800E+02
  16.320          -0.6551000E+01
  16.340          -0.4313000E+01
  16.360           0.7419000E+01
  16.380           0.2247700E+02
  16.400           0.3940100E+02
  16.420           0.2795000E+02
  16.440          -0.1916700E+02
  16.460          -0.7074500E+02
  16.480          -0.7871800E+02
  16.500          -0.3533200E+02
  16.520          -0.4830000E+00
  16.540           0.1688700E+02
  16.560           0.5812000E+02
  16.580           0.9284200E+02
  16.600           0.7390800E+02
  16.620           0.1824800E+02
  16.640          -0.5757000E+01
  16.660          -0.1227000E+01
  16.680           0.2753100E+02
  16.700           0.8782300E+02
  16.720           0.1358780E+03
  16.740           0.1178550E+03
  16.760           0.6051200E+02
  16.780           0.1571900E+02
  16.800          -0.1114100E+02
  16.820           0.9365000E+01
  16.840           0.1350300E+02
  16.860          -0.1601900E+02
  16.880          -0.2798300E+02
  16.900          -0.3597600E+02
  16.920           0.8715000E+01
  16.940           0.7573200E+02
  16.960           0.7456800E+02
  16.980           0.1553800E+02
  17.000          -0.3307600E+02
  17.020          -0.5315700E+02
  17.040          -0.3995700E+02
  17.060          -0.2150200E+02
  17.080          -0.2702600E+02
  17.100          -0.5942700E+02
  17.120          -0.7603200E+02
  17.140          -0.4715900E+02
  17.160           0.1063800E+02
  17.180           0.6628900E+02
  17.200           0.7026400E+02
  17.220           0.3982600E+02
  17.240           0.4203700E+02
  17.260           0.4047000E+02
  17.280           0.5014500E+02
  17.300           0.5247600E+02
  17.320           0.5661000E+01
  17.340          -0.3886900E+02
  17.360          -0.4658400E+02
  17.380          -0.3345000E+01
  17.400           0.7670300E+02
  17.420           0.1142770E+03
  17.440           0.9022200E+02
  17.460           0.2181000E+02
  17.480          -0.2132700E+02
  17.500          -0.7799000E+01
  17.520           0.2490000E+02
  17.540           0.4327000E+02
  17.560           0.4288200E+02
  17.580           0.1914600E+02
  17.600           0.1300600E+02
  17.620           0.1789400E+02
  17.640           0.8671000E+01
  17.660           0.2210000E+00
  17.680           0.2441200E+02
  17.700           0.6953200E+02
  17.720           0.8695800E+02
  17.740           0.7948200E+02
  17.760           0.4143900E+02
  17.780          -0.1192200E+02
  17.800          -0.2390900E+02
  17.820          -0.1032400E+02
  17.840           0.3471200E+02
  17.860           0.6390600E+02
  17.880           0.1440100E+02
  17.900          -0.4977600E+02
  17.920          -0.5675500E+02
  17.940          -0.3126200E+02
  17.960          -0.1431200E+02
  17.980          -0.8250000E+00
  18.000           0.1310400E+02
  18.020          -0.3758000E+01
  18.040          -0.3711100E+02
  18.060          -0.5800400E+02
  18.080          -0.3974100E+02
  18.100          -0.2621900E+02
  18.120          -0.5044700E+02
  18.140          -0.6101200E+02
  18.160          -0.4846700E+02
  18.180          -0.6758900E+02
  18.200          -0.8323600E+02
  18.220          -0.5264100E+02
  18.240          -0.3186000E+01
  18.260           0.2453300E+02
  18.280           0.2201900E+02
  18.300           0.1238000E+02
  18.320           0.1740700E+02
  18.340           0.1675200E+02
  18.360           0.7816000E+01
  18.380           0.2418700E+02
  18.400           0.2165000E+02
  18.420          -0.8664000E+01
  18.440          -0.7644000E+01
  18.460           0.2606600E+02
  18.480           0.6703100E+02
  18.500           0.8602000E+02
  18.520           0.8716800E+02
  18.540           0.6576100E+02
  18.560           0.4695100E+02
  18.580           0.2796900E+02
  18.600          -0.3060000E+00
  18.620          -0.1893000E+02
  18.640          -0.2225600E+02
  18.660          -0.3334200E+02
  18.680          -0.4316900E+02
  18.700          -0.2756500E+02
  18.720           0.5574000E+01
  18.740           0.2199700E+02
  18.760           0.3990500E+02
  18.780           0.3523800E+02
  18.800           0.8299000E+01
  18.820          -0.1489500E+02
  18.840          -0.1230100E+02
  18.860          -0.2008000E+01
  18.880          -0.1137200E+02
  18.900          -0.2695000E+02
  18.920          -0.3247000E+01
  18.940           0.3225400E+02
  18.960           0.3652200E+02
  18.980           0.3657600E+02
  19.000           0.5368600E+02
  19.020           0.6253700E+02
  19.040           0.5886900E+02
  19.060           0.2282100E+02
  19.080          -0.1615100E+02
  19.100          -0.3703200E+02
  19.120          -0.5947200E+02
  19.140          -0.7210700E+02
  19.160          -0.6181000E+02
  19.180          -0.4086700E+02
  19.200          -0.2617300E+02
  19.220          -0.2112400E+02
  19.240          -0.6737000E+01
  19.260           0.1900800E+02
  19.280           0.3863000E+02
  19.300           0.2508800E+02
  19.320           0.5736000E+01
  19.340          -0.2678000E+01
  19.360          -0.2384000E+01
  19.380          -0.1497000E+01
  19.400           0.2342400E+02
  19.420           0.6419300E+02
  19.440           0.6958700E+02
  19.460           0.3944700E+02
  19.480           0.2066000E+01
  19.500          -0.2111000E+01
  19.520           0.2545700E+02
  19.540           0.5094000E+02
  19.560           0.5518000E+02
  19.580           0.2379400E+02
  19.600           0.2390000E+00
  19.620          -0.8207000E+01
  19.640          -0.1367900E+02
  19.660           0.1095400E+02
  19.680           0.3561000E+02
  19.700           0.1599500E+02
  19.720          -0.1722300E+02
  19.740          -0.2498900E+02
  19.760          -0.2083600E+02
  19.780          -0.1461600E+02
  19.800          -0.1774100E+02
  19.820          -0.2905400E+02
  19.840          -0.3399000E+02
  19.860          -0.3924700E+02
  19.880          -0.4835600E+02
  19.900          -0.3742500E+02
  19.920          -0.2444500E+02
  19.940          -0.2018600E+02
  19.960          -0.1309200E+02
  19.980          -0.1453800E+02
  20.000          -0.4821800E+02
  20.020          -0.6023600E+02
  20.040          -0.5788400E+02
  20.060          -0.5990700E+02
  20.080          -0.4521000E+02
  20.100          -0.2186600E+02
  20.120          -0.1040300E+02
  20.140          -0.1547700E+02
  20.160          -0.2113700E+02
  20.180          -0.1089700E+02
  20.200           0.1345000E+01
  20.220           0.4788000E+01
  20.240           0.1600000E+01
  20.260           0.3054000E+01
  20.280          -0.3958000E+01
  20.300          -0.2946000E+02
  20.320          -0.4000500E+02
  20.340          -0.1258700E+02
  20.360          -0.3105000E+01
  20.380          -0.1450000E+00
  20.400           0.1573000E+01
  20.420          -0.1867000E+01
  20.440           0.2961000E+01
  20.460           0.1416200E+02
  20.480           0.5384000E+01
  20.500          -0.9119000E+01
  20.520          -0.1724000E+01
  20.540           0.2057500E+02
  20.560           0.2664500E+02
  20.580           0.3781300E+02
  20.600           0.5361900E+02
  20.620           0.4921400E+02
  20.640           0.2669700E+02
  20.660          -0.7882000E+01
  20.680          -0.2515000E+02
  20.700          -0.3118900E+02
  20.720          -0.3049000E+02
  20.740          -0.9036000E+01
  20.760           0.6925000E+01
  20.780           0.3796000E+01
  20.800           0.1946000E+01
  20.820           0.3561000E+01
  20.840           0.1896100E+02
  20.860           0.3764900E+02
  20.880           0.3028000E+02
  20.900           0.6527000E+01
  20.920          -0.7815000E+01
  20.940           0.1485000E+01
  20.960           0.2583200E+02
  20.980           0.5386500E+02
  21.000           0.5025600E+02
  21.020           0.2214000E+02
  21.040           0.2472000E+01
  21.060           0.4093000E+01
  21.080          -0.2965000E+01
  21.100          -0.6439000E+01
  21.120           0.2660000E+01
  21.140          -0.3650000E+01
  21.160          -0.1930700E+02
  21.180          -0.2466700E+02
  21.200          -0.7295000E+01
  21.220           0.1167500E+02
  21.240           0.1946700E+02
  21.260           0.2079300E+02
  21.280           0.2111200E+02
  21.300           0.3140400E+02
  21.320           0.3636300E+02
  21.340           0.2504200E+02
  21.360           0.2366000E+02
  21.380           0.2285300E+02
  21.400           0.2086800E+02
  21.420           0.2208300E+02
  21.440           0.2333200E+02
  21.460           0.2016000E+02
  21.480           0.1402300E+02
  21.500           0.1886900E+02
  21.520           0.2292800E+02
  21.540           0.2070600E+02
  21.560           0.9126000E+01
  21.580          -0.1309900E+02
  21.600          -0.3914600E+02
  21.620          -0.4510600E+02
  21.640          -0.2760900E+02
  21.660           0.1713000E+01
  21.680           0.1553700E+02
  21.700           0.5919000E+01
  21.720          -0.1347900E+02
  21.740          -0.3017800E+02
  21.760          -0.2801100E+02
  21.780          -0.8499000E+01
  21.800           0.3996000E+01
  21.820           0.1195500E+02
  21.840           0.8354000E+01
  21.860          -0.5790000E+01
  21.880          -0.1311400E+02
  21.900          -0.9981000E+01
  21.920          -0.7309000E+01
  21.940           0.1850000E+01
  21.960           0.8900000E+01
  21.980          -0.1095000E+01
  22.000          -0.7110000E+01
  22.020          -0.9360000E+00
  22.040           0.1914000E+01
  22.060           0.7610000E+01
  22.080           0.3538000E+01
  22.100          -0.8424000E+01
  22.120          -0.1938100E+02
  22.140          -0.2208400E+02
  22.160          -0.2486500E+02
  22.180          -0.2634400E+02
  22.200          -0.3008400E+02
  22.220          -0.3955600E+02
  22.240          -0.4601500E+02
  22.260          -0.3486600E+02
  22.280          -0.1191500E+02
  22.300           0.7316000E+01
  22.320           0.6851000E+01
  22.340          -0.2191000E+01
  22.360          -0.1191600E+02
  22.380          -0.6768000E+01
  22.400          -0.2406000E+01
  22.420          -0.4958000E+01
  22.440          -0.1363100E+02
  22.460          -0.2609300E+02
  22.480          -0.2121800E+02
  22.500          -0.4505000E+01
  22.520           0.1310000E+01
  22.540          -0.3528000E+01
  22.560           0.3576000E+01
  22.580           0.6847000E+01
  22.600          -0.1594000E+01
  22.620           0.4976000E+01
  22.640           0.9419000E+01
  22.660           0.3145000E+01
  22.680          -0.5796000E+01
  22.700          -0.8737000E+01
  22.720          -0.3998000E+01
  22.740           0.9565000E+01
  22.760           0.8440000E+01
  22.780          -0.3271000E+01
  22.800           0.7004000E+01
  22.820           0.1729200E+02
  22.840           0.1561600E+02
  22.860           0.1717100E+02
  22.880           0.1079400E+02
  22.900          -0.1366900E+02
  22.920          -0.2744000E+02
  22.940          -0.2132700E+02
  22.960          -0.9431000E+01
  22.980           0.8590000E+00
  23.000           0.1224700E+02
  23.020           0.1593600E+02
  23.040           0.1205400E+02
  23.060           0.6943000E+01
  23.080           0.1227000E+01
  23.100          -0.6750000E+01
  23.120          -0.1308400E+02
  23.140          -0.1685200E+02
  23.160          -0.2098400E+02
  23.180          -0.2403700E+02
  23.200          -0.2099100E+02
  23.220          -0.1503300E+02
  23.240          -0.1229600E+02
  23.260          -0.3401000E+01
  23.280           0.9380000E+00
  23.300          -0.1055200E+02
  23.320          -0.1613700E+02
  23.340          -0.1901900E+02
  23.360          -0.1623700E+02
  23.380          -0.1081800E+02
  23.400          -0.8881000E+01
  23.420          -0.1046400E+02
  23.440          -0.1809600E+02
  23.460          -0.2675300E+02
  23.480          -0.2250100E+02
  23.500          -0.1468300E+02
  23.520          -0.1259100E+02
  23.540          -0.2065900E+02
  23.560          -0.2609500E+02
  23.580          -0.2323200E+02
  23.600          -0.1856400E+02
  23.620          -0.2054900E+02
  23.640          -0.1534000E+02
  23.660          -0.1057800E+02
  23.680          -0.1348400E+02
  23.700          -0.1076600E+02
  23.720          -0.6335000E+01
  23.740           0.6900000E-01
  23.760           0.9949000E+01
  23.780           0.2214900E+02
  23.800           0.3363300E+02
  23.820           0.3819800E+02
  23.840           0.3575800E+02
  23.860           0.2229000E+02
  23.880           0.7518000E+01
  23.900           0.1920000E+01
  23.920           0.6779000E+01
  23.940           0.1862100E+02
  23.960           0.1982200E+02
  23.980           0.1467800E+02
  24.000           0.1363800E+02
  24.020           0.6136000E+01
  24.040          -0.1713000E+01
  24.060          -0.4654000E+01
  24.080          -0.1005900E+02
  24.100          -0.1652800E+02
  24.120          -0.1493800E+02
  24.140          -0.5723000E+01
  24.160           0.9314000E+01
  24.180           0.2115700E+02
  24.200           0.1445500E+02
  24.220           0.5190000E+01
  24.240           0.1135900E+02
  24.260           0.1922400E+02
  24.280           0.2010700E+02
  24.300           0.1229600E+02
  24.320          -0.3177000E+01
  24.340          -0.1718000E+02
  24.360          -0.2193100E+02
  24.380          -0.1821900E+02
  24.400          -0.9653000E+01
  24.420          -0.9660000E+00
  24.440          -0.4284000E+01
  24.460          -0.7307000E+01
  24.480           0.4957000E+01
  24.500           0.1448800E+02
  24.520           0.1438800E+02
  24.540           0.1231200E+02
  24.560           0.9609000E+01
  24.580           0.7919000E+01
  24.600           0.1796500E+02
  24.620           0.2103900E+02
  24.640           0.1377300E+02
  24.660           0.1119500E+02
  24.680           0.7571000E+01
  24.700          -0.3057000E+01
  24.720          -0.7067000E+01
  24.740          -0.9463000E+01
  24.760          -0.1824200E+02
  24.780          -0.1958000E+02
  24.800          -0.8333000E+01
  24.820           0.7644000E+01
  24.840           0.2224100E+02
  24.860           0.2319000E+02
  24.880           0.1149000E+02
  24.900           0.1588000E+01
  24.920           0.3473000E+01
  24.940           0.5302000E+01
  24.960           0.9204000E+01
  24.980           0.1156700E+02
  25.000           0.9584000E+01
  25.020           0.5328000E+01
  25.040           0.4413000E+01
  25.060           0.3806000E+01
  25.080           0.1349000E+01
  25.100           0.1297000E+01
  25.120          -0.4055000E+01
  25.140          -0.2505500E+02
  25.160          -0.3770700E+02
  25.180          -0.4075000E+02
  25.200          -0.3994700E+02
  25.220          -0.3408800E+02
  25.240          -0.1766400E+02
  25.260          -0.6104000E+01
  25.280           0.1660000E+00
  25.300           0.8166000E+01
  25.320           0.1208200E+02
  25.340           0.1040400E+02
  25.360           0.2883000E+01
  25.380          -0.1128900E+02
  25.400          -0.2601200E+02
  25.420          -0.3335600E+02
  25.440          -0.2920000E+02
  25.460          -0.1704000E+02
  25.480          -0.6410000E+00
  25.500           0.1391400E+02
  25.520           0.2688000E+02
  25.540           0.2705700E+02
  25.560           0.1508700E+02
  25.580           0.7030000E+00
  25.600          -0.4470000E+01
  25.620          -0.5445000E+01
  25.640           0.4860000E+00
  25.660           0.1291700E+02
  25.680           0.2613800E+02
  25.700           0.3389500E+02
  25.720           0.3323000E+02
  25.740           0.2602200E+02
  25.760           0.1643600E+02
  25.780           0.5917000E+01
  25.800           0.1480000E+00
  25.820           0.4480000E+01
  25.840           0.8868000E+01
  25.860           0.7322000E+01
  25.880           0.3118000E+01
  25.900           0.3257000E+01
  25.920           0.4438000E+01
  25.940           0.1030600E+02
  25.960           0.1464400E+02
  25.980           0.1470300E+02
  26.000           0.1043100E+02
  26.020           0.1854000E+01
  26.040          -0.6156000E+01
  26.060          -0.1155500E+02
  26.080          -0.1528300E+02
  26.100          -0.9245000E+01
  26.120           0.1418000E+01
  26.140           0.6732000E+01
  26.160           0.9262000E+01
  26.180           0.1253800E+02
  26.200           0.7268000E+01
  26.220          -0.1249000E+01
  26.240          -0.3184000E+01
  26.260          -0.1310000E+00
  26.280           0.3870000E+01
  26.300           0.8324000E+01
  26.320           0.1103100E+02
  26.340           0.1105000E+02
  26.360           0.1371600E+02
  26.380           0.1610700E+02
  26.400           0.1034000E+02
  26.420           0.1026700E+02
  26.440           0.6645000E+01
  26.460          -0.6209000E+01
  26.480          -0.1926100E+02
  26.500          -0.2599300E+02
  26.520          -0.2220700E+02
  26.540          -0.7520000E+01
  26.560           0.6153000E+01
  26.580           0.1280100E+02
  26.600           0.1765900E+02
  26.620           0.2332000E+02
  26.640           0.2411600E+02
  26.660           0.2170500E+02
  26.680           0.1621700E+02
  26.700           0.1434500E+02
  26.720           0.6972000E+01
  26.740          -0.2533000E+01
  26.760          -0.4017000E+01
  26.780           0.1220000E+00
  26.800           0.1124000E+01
  26.820           0.1746000E+01
  26.840           0.1300000E-01
  26.860          -0.2847000E+01
  26.880          -0.4515000E+01
  26.900          -0.8959000E+01
  26.920          -0.1547300E+02
  26.940          -0.1699100E+02
  26.960          -0.1350500E+02
  26.980          -0.6803000E+01
  27.000           0.2176000E+01
  27.020           0.1066000E+02
  27.040           0.1166000E+02
  27.060           0.8776000E+01
  27.080           0.5701000E+01
  27.100           0.1343000E+01
  27.120          -0.4730000E+01
  27.140          -0.1048600E+02
  27.160          -0.1862200E+02
  27.180          -0.2443100E+02
  27.200          -0.2547900E+02
  27.220          -0.2502100E+02
  27.240          -0.2089600E+02
  27.260          -0.1551700E+02
  27.280          -0.9265000E+01
  27.300          -0.4993000E+01
  27.320          -0.3935000E+01
  27.340          -0.2770000E+01
  27.360          -0.8520000E+00
  27.380           0.3770000E+00
  27.400           0.4175000E+01
  27.420           0.1130300E+02
  27.440           0.1120400E+02
  27.460           0.5443000E+01
  27.480          -0.2066000E+01
  27.500          -0.6571000E+01
  27.520          -0.2341000E+01
  27.540           0.4925000E+01
  27.560           0.5565000E+01
  27.580           0.3649000E+01
  27.600          -0.7180000E+00
  27.620          -0.5887000E+01
  27.640          -0.4891000E+01
  27.660          -0.5153000E+01
  27.680          -0.6722000E+01
  27.700          -0.7180000E+00
  27.720           0.3490000E+01
  27.740           0.9206000E+01
  27.760           0.1842900E+02
  27.780           0.2231800E+02
  27.800           0.1746900E+02
  27.820           0.1151800E+02
  27.840           0.5413000E+01
  27.860           0.2630000E+01
  27.880           0.2387000E+01
  27.900          -0.3542000E+01
  27.920          -0.6043000E+01
  27.940          -0.4348000E+01
  27.960          -0.5796000E+01
  27.980          -0.3297000E+01
  28.000          -0.5370000E+00
  28.020          -0.2967000E+01
  28.040          -0.6705000E+01
  28.060          -0.7180000E+01
  28.080          -0.8696000E+01
  28.100          -0.4724000E+01
  28.120          -0.2060000E+01
  28.140          -0.5946000E+01
  28.160          -0.1087700E+02
  28.180          -0.1281100E+02
  28.200          -0.1491300E+02
  28.220          -0.1483100E+02
  28.240          -0.1142100E+02
  28.260          -0.1061900E+02
  28.280          -0.9184000E+01
  28.300          -0.5552000E+01
  28.320          -0.3391000E+01
  28.340          -0.8930000E+00
  28.360           0.2040000E+01
  28.380           0.2530000E+01
  28.400           0.2193000E+01
  28.420           0.3568000E+01
  28.440           0.3936000E+01
  28.460           0.3708000E+01
  28.480           0.1014000E+01
  28.500          -0.9830000E+00
  28.520          -0.1837000E+01
  28.540          -0.3185000E+01
  28.560          -0.3014000E+01
  28.580          -0.1226000E+01
  28.600          -0.1329000E+01
  28.620          -0.1940000E+00
  28.640           0.3128000E+01
  28.660           0.3460000E+01
  28.680           0.5327000E+01
  28.700           0.9312000E+01
  28.720           0.9781000E+01
  28.740           0.9795000E+01
  28.760           0.9364000E+01
  28.780           0.7477000E+01
  28.800           0.7105000E+01
  28.820           0.8706000E+01
  28.840           0.1035100E+02
  28.860           0.1066800E+02
  28.880           0.8432000E+01
  28.900           0.4080000E+01
  28.920           0.1149000E+01
  28.940          -0.1248000E+01
  28.960          -0.1549000E+01
  28.980          -0.1180000E+01
  29.000          -0.1690000E+01
  29.020          -0.2639000E+01
  29.040          -0.1716000E+01
  29.060           0.5500000E+00
  29.080           0.2711000E+01
  29.100           0.4547000E+01
  29.120           0.3799000E+01
  29.140           0.5630000E+00
  29.160          -0.2254000E+01
  29.180          -0.4376000E+01
  29.200          -0.5512000E+01
  29.220          -0.4779000E+01
  29.240          -0.2909000E+01
  29.260          -0.2358000E+01
  29.280          -0.9070000E+00
  29.300           0.2510000E+00
  29.320           0.4710000E+00
  29.340           0.5990000E+00
  29.360           0.3840000E+00
  29.380          -0.8370000E+00
  29.400          -0.1768000E+01
  29.420          -0.2323000E+01
  29.440          -0.2899000E+01
  29.460          -0.3021000E+01
  29.480          -0.2815000E+01
  29.500          -0.2425000E+01
  29.520          -0.1870000E+01
  29.540          -0.1740000E+01
  29.560          -0.1388000E+01
  29.580          -0.1252000E+01
  29.600          -0.1087000E+01
  29.620          -0.7010000E+00
  29.640          -0.3040000E+00
  29.660          -0.2400000E+00
  29.680          -0.1790000E+00
  29.700          -0.2880000E+00
  29.720          -0.3860000E+00
  29.740          -0.2230000E+00
  29.760          -0.1600000E-01
  29.780           0.1080000E+00
  29.800           0.1040000E+00
  29.820           0.0000000E+00
  29.840           0.0000000E+00
  29.860           0.0000000E+00
  29.880           0.0000000E+00
  29.900           0.0000000E+00
  29.920           0.0000000E+00
  29.940           0.0000000E+00
  29.960           0.0000000E+00
  29.980           0.0000000E+00
  30.000           0.0000000E+00
  30.020           0.0000000E+00
  30.040           0.0000000E+00
  30.060           0.0000000E+00
  30.080           0.0000000E+00
  30.100           0.0000000E+00
  30.120           0.0000000E+00
  30.140           0.0000000E+00
  30.160           0.0000000E+00
  30.180           0.0000000E+00
  30.200           0.0000000E+00
  30.220           0.0000000E+00
  30.240           0.0000000E+00
  30.260           0.0000000E+00
  30.280           0.0000000E+00
  30.300           0.0000000E+00
  30.320           0.0000000E+00
  30.340           0.0000000E+00
  30.360           0.0000000E+00
  30.380           0.0000000E+00
  30.400           0.0000000E+00
  30.420           0.0000000E+00
  30.440           0.0000000E+00
  30.460           0.0000000E+00
  30.480           0.0000000E+00
  30.500           0.0000000E+00
  30.520           0.0000000E+00
  30.540           0.0000000E+00
  30.560           0.0000000E+00
  30.580           0.0000000E+00
  30.600           0.0000000E+00
  30.620           0.0000000E+00
  30.640           0.0000000E+00
  30.660           0.0000000E+00
  30.680           0.0000000E+00
  30.700           0.0000000E+00
  30.720           0.0000000E+00
  30.740           0.0000000E+00
  30.760           0.0000000E+00
  30.780           0.0000000E+00
  30.800           0.0000000E+00
  30.820           0.0000000E+00
  30.840           0.0000000E+00
  30.860           0.0000000E+00
  30.880           0.0000000E+00
  30.900           0.0000000E+00
  30.920           0.0000000E+00
  30.940           0.0000000E+00
  30.960           0.0000000E+00
  30.980           0.0000000E+00
  31.000           0.0000000E+00
  31.020           0.0000000E+00
  31.040           0.0000000E+00
  31.060           0.0000000E+00
  31.080           0.0000000E+00
  31.100           0.0000000E+00
  31.120           0.0000000E+00
  31.140           0.0000000E+00
  31.160           0.0000000E+00
  31.180           0.0000000E+00
  31.200           0.0000000E+00
  31.220           0.0000000E+00
  31.240           0.0000000E+00
  31.260           0.0000000E+00
  31.280           0.0000000E+00
  31.300           0.0000000E+00
  31.320           0.0000000E+00
  31.340           0.0000000E+00
  31.360           0.0000000E+00
  31.380           0.0000000E+00
  31.400           0.0000000E+00
  31.420           0.0000000E+00
  31.440           0.0000000E+00
  31.460           0.0000000E+00
  31.480           0.0000000E+00
  31.500           0.0000000E+00
  31.520           0.0000000E+00
  31.540           0.0000000E+00
  31.560           0.0000000E+00
  31.580           0.0000000E+00
  31.600           0.0000000E+00
  31.620           0.0000000E+00
  31.640           0.0000000E+00
  31.660           0.0000000E+00
  31.680           0.0000000E+00
  31.700           0.0000000E+00
  31.720           0.0000000E+00
  31.740           0.0000000E+00
  31.760           0.0000000E+00
  31.780           0.0000000E+00
  31.800           0.0000000E+00
  31.820           0.0000000E+00
  31.840           0.0000000E+00
  31.860           0.0000000E+00
  31.880           0.0000000E+00
  31.900           0.0000000E+00
  31.920           0.0000000E+00
  31.940           0.0000000E+00
  31.960           0.0000000E+00
  31.980           0.0000000E+00
  32.000           0.0000000E+00
  32.020           0.0000000E+00
  32.040           0.0000000E+00
  32.060           0.0000000E+00
  32.080           0.0000000E+00
  32.100           0.0000000E+00
  32.120           0.0000000E+00
  32.140           0.0000000E+00
  32.160           0.0000000E+00
  32.180           0.0000000E+00
  32.200           0.0000000E+00
  32.220           0.0000000E+00
  32.240           0.0000000E+00
  32.260           0.0000000E+00
  32.280           0.0000000E+00
  32.300           0.0000000E+00
  32.320           0.0000000E+00
  32.340           0.0000000E+00
  32.360           0.0000000E+00
  32.380           0.0000000E+00
  32.400           0.0000000E+00
  32.420           0.0000000E+00
  32.440           0.0000000E+00
  32.460           0.0000000E+00
  32.480           0.0000000E+00
  32.500           0.0000000E+00
  32.520           0.0000000E+00
  32.540           0.0000000E+00
  32.560           0.0000000E+00
  32.580           0.0000000E+00
  32.600           0.0000000E+00
  32.620           0.0000000E+00
  32.640           0.0000000E+00
  32.660           0.0000000E+00
  32.680           0.0000000E+00
  32.700           0.0000000E+00
  32.720           0.0000000E+00
  32.740           0.0000000E+00
  32.760           0.0000000E+00
  32.780           0.0000000E+00
  32.800           0.0000000E+00
  32.820           0.0000000E+00
  32.840           0.0000000E+00
  32.860           0.0000000E+00
  32.880           0.0000000E+00
  32.900           0.0000000E+00
  32.920           0.0000000E+00
  32.940           0.0000000E+00
  32.960           0.0000000E+00
  32.980           0.0000000E+00
  33.000           0.0000000E+00
  33.020           0.0000000E+00
  33.040           0.0000000E+00
  33.060           0.0000000E+00
  33.080           0.0000000E+00
  33.100           0.0000000E+00
  33.120           0.0000000E+00
  33.140           0.0000000E+00
  33.160           0.0000000E+00
  33.180           0.0000000E+00
  33.200           0.0000000E+00
  33.220           0.0000000E+00
  33.240           0.0000000E+00
  33.260           0.0000000E+00
  33.280           0.0000000E+00
  33.300           0.0000000E+00
  33.320           0.0000000E+00
  33.340           0.0000000E+00
  33.360           0.0000000E+00
  33.380           0.0000000E+00
  33.400           0.0000000E+00
  33.420           0.0000000E+00
  33.440           0.0000000E+00
  33.460           0.0000000E+00
  33.480           0.0000000E+00
  33.500           0.0000000E+00
  33.520           0.0000000E+00
  33.540           0.0000000E+00
  33.560           0.0000000E+00
  33.580           0.0000000E+00
  33.600           0.0000000E+00
  33.620           0.0000000E+00
  33.640           0.0000000E+00
  33.660           0.0000000E+00
  33.680           0.0000000E+00
  33.700           0.0000000E+00
  33.720           0.0000000E+00
  33.740           0.0000000E+00
  33.760           0.0000000E+00
  33.780           0.0000000E+00
  33.800           0.0000000E+00
  33.820           0.0000000E+00
  33.840           0.0000000E+00
  33.860           0.0000000E+00
  33.880           0.0000000E+00
  33.900           0.0000000E+00
  33.920           0.0000000E+00
  33.940           0.0000000E+00
  33.960           0.0000000E+00
  33.980           0.0000000E+00
  34.000           0.0000000E+00
  34.020           0.0000000E+00
  34.040           0.0000000E+00
  34.060           0.0000000E+00
  34.080           0.0000000E+00
  34.100           0.0000000E+00
  34.120           0.0000000E+00
  34.140           0.0000000E+00
  34.160           0.0000000E+00
  34.180           0.0000000E+00
  34.200           0.0000000E+00
  34.220           0.0000000E+00
  34.240           0.0000000E+00
  34.260           0.0000000E+00
  34.280           0.0000000E+00
  34.300           0.0000000E+00
  34.320           0.0000000E+00
  34.340           0.0000000E+00
  34.360           0.0000000E+00
  34.380           0.0000000E+00
  34.400           0.0000000E+00
  34.420           0.0000000E+00
  34.440           0.0000000E+00
  34.460           0.0000000E+00
  34.480           0.0000000E+00
  34.500           0.0000000E+00
  34.520           0.0000000E+00
  34.540           0.0000000E+00
  34.560           0.0000000E+00
  34.580           0.0000000E+00
  34.600           0.0000000E+00
  34.620           0.0000000E+00
  34.640           0.0000000E+00
  34.660           0.0000000E+00
  34.680           0.0000000E+00
  34.700           0.0000000E+00
  34.720           0.0000000E+00
  34.740           0.0000000E+00
  34.760           0.0000000E+00
  34.780           0.0000000E+00
  34.800           0.0000000E+00
  34.820           0.0000000E+00
  34.840           0.0000000E+00
  34.860           0.0000000E+00
  34.880           0.0000000E+00
  34.900           0.0000000E+00
  34.920           0.0000000E+00
  34.940           0.0000000E+00
  34.960           0.0000000E+00
  34.980           0.0000000E+00
  35.000           0.0000000E+00
  35.020           0.0000000E+00
  35.040           0.0000000E+00
  35.060           0.0000000E+00
  35.080           0.0000000E+00
  35.100           0.0000000E+00
  35.120           0.0000000E+00
  35.140           0.0000000E+00
  35.160           0.0000000E+00
  35.180           0.0000000E+00
  35.200           0.0000000E+00
  35.220           0.0000000E+00
  35.240           0.0000000E+00
  35.260           0.0000000E+00
  35.280           0.0000000E+00
  35.300           0.0000000E+00
  35.320           0.0000000E+00
  35.340           0.0000000E+00
  35.360           0.0000000E+00
  35.380           0.0000000E+00
  35.400           0.0000000E+00
  35.420           0.0000000E+00
  35.440           0.0000000E+00
  35.460           0.0000000E+00
  35.480           0.0000000E+00
  35.500           0.0000000E+00
  35.520           0.0000000E+00
  35.540           0.0000000E+00
  35.560           0.0000000E+00
  35.580           0.0000000E+00
  35.600           0.0000000E+00
  35.620           0.0000000E+00
  35.640           0.0000000E+00
  35.660           0.0000000E+00
  35.680           0.0000000E+00
  35.700           0.0000000E+00
  35.720           0.0000000E+00
  35.740           0.0000000E+00
  35.760           0.0000000E+00
  35.780           0.0000000E+00
  35.800           0.0000000E+00
  35.820           0.0000000E+00
  35.840           0.0000000E+00
  35.860           0.0000000E+00
  35.880           0.0000000E+00
  35.900           0.0000000E+00
  35.920           0.0000000E+00
  35.940           0.0000000E+00
  35.960           0.0000000E+00
  35.980           0.0000000E+00
  36.000           0.0000000E+00
  36.020           0.0000000E+00
  36.040           0.0000000E+00
  36.060           0.0000000E+00
  36.080           0.0000000E+00
  36.100           0.0000000E+00
  36.120           0.0000000E+00
  36.140           0.0000000E+00
  36.160           0.0000000E+00
  36.180           0.0000000E+00
  36.200           0.0000000E+00
  36.220           0.0000000E+00
  36.240           0.0000000E+00
  36.260           0.0000000E+00
  36.280           0.0000000E+00
  36.300           0.0000000E+00
  36.320           0.0000000E+00
  36.340           0.0000000E+00
  36.360           0.0000000E+00
  36.380           0.0000000E+00
  36.400           0.0000000E+00
  36.420           0.0000000E+00
  36.440           0.0000000E+00
  36.460           0.0000000E+00
  36.480           0.0000000E+00
  36.500           0.0000000E+00
  36.520           0.0000000E+00
  36.540           0.0000000E+00
  36.560           0.0000000E+00
  36.580           0.0000000E+00
  36.600           0.0000000E+00
  36.620           0.0000000E+00
  36.640           0.0000000E+00
  36.660           0.0000000E+00
  36.680           0.0000000E+00
  36.700           0.0000000E+00
  36.720           0.0000000E+00
  36.740           0.0000000E+00
  36.760           0.0000000E+00
  36.780           0.0000000E+00
  36.800           0.0000000E+00
  36.820           0.0000000E+00
  36.840           0.0000000E+00
  36.860           0.0000000E+00
  36.880           0.0000000E+00
  36.900           0.0000000E+00
  36.920           0.0000000E+00
  36.940           0.0000000E+00
  36.960           0.0000000E+00
  36.980           0.0000000E+00
  37.000           0.0000000E+00
  37.020           0.0000000E+00
  37.040           0.0000000E+00
  37.060           0.0000000E+00
  37.080           0.0000000E+00
  37.100           0.0000000E+00
  37.120           0.0000000E+00
  37.140           0.0000000E+00
  37.160           0.0000000E+00
  37.180           0.0000000E+00
  37.200           0.0000000E+00
  37.220           0.0000000E+00
  37.240           0.0000000E+00
  37.260           0.0000000E+00
  37.280           0.0000000E+00
  37.300           0.0000000E+00
  37.320           0.0000000E+00
  37.340           0.0000000E+00
  37.360           0.0000000E+00
  37.380           0.0000000E+00
  37.400           0.0000000E+00
  37.420           0.0000000E+00
  37.440           0.0000000E+00
  37.460           0.0000000E+00
  37.480           0.0000000E+00
  37.500           0.0000000E+00
  37.520           0.0000000E+00
  37.540           0.0000000E+00
  37.560           0.0000000E+00
  37.580           0.0000000E+00
  37.600           0.0000000E+00
  37.620           0.0000000E+00
  37.640           0.0000000E+00
  37.660           0.0000000E+00
  37.680           0.0000000E+00
  37.700           0.0000000E+00
  37.720           0.0000000E+00
  37.740           0.0000000E+00
  37.760           0.0000000E+00
  37.780           0.0000000E+00
  37.800           0.0000000E+00
  37.820           0.0000000E+00
  37.840           0.0000000E+00
  37.860           0.0000000E+00
  37.880           0.0000000E+00
  37.900           0.0000000E+00
  37.920           0.0000000E+00
  37.940           0.0000000E+00
  37.960           0.0000000E+00
  37.980           0.0000000E+00
  38.000           0.0000000E+00
  38.020           0.0000000E+00
  38.040           0.0000000E+00
  38.060           0.0000000E+00
  38.080           0.0000000E+00
  38.100           0.0000000E+00
  38.120           0.0000000E+00
  38.140           0.0000000E+00
  38.160           0.0000000E+00
  38.180           0.0000000E+00
  38.200           0.0000000E+00
  38.220           0.0000000E+00
  38.240           0.0000000E+00
  38.260           0.0000000E+00
  38.280           0.0000000E+00
  38.300           0.0000000E+00
  38.320           0.0000000E+00
  38.340           0.0000000E+00
  38.360           0.0000000E+00
  38.380           0.0000000E+00
  38.400           0.0000000E+00
  38.420           0.0000000E+00
  38.440           0.0000000E+00
  38.460           0.0000000E+00
  38.480           0.0000000E+00
  38.500           0.0000000E+00
  38.520           0.0000000E+00
  38.540           0.0000000E+00
  38.560           0.0000000E+00
  38.580           0.0000000E+00
  38.600           0.0000000E+00
  38.620           0.0000000E+00
  38.640           0.0000000E+00
  38.660           0.0000000E+00
  38.680           0.0000000E+00
  38.700           0.0000000E+00
  38.720           0.0000000E+00
  38.740           0.0000000E+00
  38.760           0.0000000E+00
  38.780           0.0000000E+00
  38.800           0.0000000E+00
  38.820           0.0000000E+00
  38.840           0.0000000E+00
  38.860           0.0000000E+00
  38.880           0.0000000E+00
  38.900           0.0000000E+00
  38.920           0.0000000E+00
  38.940           0.0000000E+00
  38.960           0.0000000E+00
  38.980           0.0000000E+00
  39.000           0.0000000E+00
  39.020           0.0000000E+00
  39.040           0.0000000E+00
  39.060           0.0000000E+00
  39.080           0.0000000E+00
  39.100           0.0000000E+00
  39.120           0.0000000E+00
  39.140           0.0000000E+00
  39.160           0.0000000E+00
  39.180           0.0000000E+00
  39.200           0.0000000E+00
  39.220           0.0000000E+00
  39.240           0.0000000E+00
  39.260           0.0000000E+00
  39.280           0.0000000E+00
  39.300           0.0000000E+00
  39.320           0.0000000E+00
  39.340           0.0000000E+00
  39.360           0.0000000E+00
  39.380           0.0000000E+00
  39.400           0.0000000E+00
  39.420           0.0000000E+00
  39.440           0.0000000E+00
  39.460           0.0000000E+00
  39.480           0.0000000E+00
  39.500           0.0000000E+00
  39.520           0.0000000E+00
  39.540           0.0000000E+00
  39.560           0.0000000E+00
  39.580           0.0000000E+00
  39.600           0.0000000E+00
  39.620           0.0000000E+00
  39.640           0.0000000E+00
  39.660           0.0000000E+00
  39.680           0.0000000E+00
  39.700           0.0000000E+00
  39.720           0.0000000E+00
  39.740           0.0000000E+00
  39.760           0.0000000E+00
  39.780           0.0000000E+00
  39.800           0.0000000E+00
  39.820           0.0000000E+00
  39.840           0.0000000E+00
  39.860           0.0000000E+00
  39.880           0.0000000E+00
  39.900           0.0000000E+00
  39.920           0.0000000E+00
  39.940           0.0000000E+00
  39.960           0.0000000E+00
  39.980           0.0000000E+00
  40.000           0.0000000E+00
  40.020           0.0000000E+00
  40.040           0.0000000E+00
  40.060           0.0000000E+00
  40.080           0.0000000E+00
  40.100           0.0000000E+00
  40.120           0.0000000E+00
  40.140           0.0000000E+00
  40.160           0.0000000E+00
  40.180           0.0000000E+00
  40.200           0.0000000E+00
  40.220           0.0000000E+00
  40.240           0.0000000E+00
  40.260           0.0000000E+00
  40.280           0.0000000E+00
  40.300           0.0000000E+00
  40.320           0.0000000E+00
  40.340           0.0000000E+00
  40.360           0.0000000E+00
  40.380           0.0000000E+00
  40.400           0.0000000E+00
  40.420           0.0000000E+00
  40.440           0.0000000E+00
  40.460           0.0000000E+00
  40.480           0.0000000E+00
  40.500           0.0000000E+00
  40.520           0.0000000E+00
  40.540           0.0000000E+00
  40.560           0.0000000E+00
  40.580           0.0000000E+00
  40.600           0.0000000E+00
  40.620           0.0000000E+00
  40.640           0.0000000E+00
  40.660           0.0000000E+00
  40.680           0.0000000E+00
  40.700           0.0000000E+00
  40.720           0.0000000E+00
  40.740           0.0000000E+00
  40.760           0.0000000E+00
  40.780           0.0000000E+00
  40.800           0.0000000E+00
  40.820           0.0000000E+00
  40.840           0.0000000E+00
  40.860           0.0000000E+00
  40.880           0.0000000E+00
  40.900           0.0000000E+00
  40.920           0.0000000E+00
  40.940           0.0000000E+00
  40.960           0.0000000E+00
