        2048     0.02000
      -0.031      -0.031      -0.031      -0.021      -0.031      -0.031       0.015      -0.029      -0.031      -0.071
      -0.027      -0.005       0.125      -0.036      -0.024       0.259      -0.013      -0.028      -0.289      -0.121
      -0.064      -0.237      -0.108      -0.116      -0.572      -0.400      -0.084      -0.226      -0.269      -0.201
      -0.541      -0.384      -0.102      -0.427      -0.723      -0.354      -0.911      -0.685      -0.096      -0.652
      -2.095      -0.334       0.156       2.353       0.774       0.102       0.984       1.216       1.515       3.065
       2.309      -0.844       1.798       2.313      -0.409      -1.565      -3.495      -4.222      -2.581       2.138
       0.177      -2.068      -1.411      -0.814      -0.543      -1.914      -2.266      -2.007      -4.124      -6.172
      -2.541       0.180       1.502       1.916       0.843       1.071      -0.440      -5.806      -1.669       3.910
       7.164       6.825       5.711       7.303       9.069       8.497       4.471       1.612       0.545      -0.075
       3.358       7.223       7.396       7.758      10.509      11.608       7.501       0.384     -10.243     -12.672
      -8.707      -4.081       3.533       2.363      -1.791      -0.012      -2.995      -6.746     -10.237     -15.355
     -12.562      -0.881       7.784       8.374       5.408      -8.294     -12.406     -12.732     -17.475     -18.295
     -13.721     -14.099      -7.883       1.151       2.331       3.578       7.852      12.510      18.611      17.919
      11.910      14.860      21.020      22.782      22.890      20.777       7.855       7.732      13.796      11.947
      12.248      12.656      11.041      21.043      20.609       5.627      -1.766      -6.200      -8.792       1.813
       6.765      -0.060      -5.738      -7.778     -13.025     -17.388     -14.763     -13.168     -20.955     -22.766
     -19.222     -18.437     -16.774     -10.015       0.798       5.715      -2.962      -9.768      -8.746      -2.451
       3.489      -4.314     -16.222     -21.063     -21.337      -6.053      11.792       8.738      -3.324     -11.621
     -10.391      -2.620      -1.054       5.989      15.193      12.271      18.255      17.968      -6.844     -18.937
     -11.152      -4.261      11.877      23.725      17.616       6.098      -3.589     -12.432     -15.236     -10.320
       4.471      25.207      32.198       8.931     -22.282     -42.877     -54.762     -45.787     -21.487     -14.101
      -8.179      -4.945      -5.618      21.825      52.370      55.412      46.717      23.186       5.457       8.356
      -5.140     -27.193     -28.217     -21.336     -25.773     -34.052     -36.408     -32.933     -23.354      -6.584
       2.412      10.090      15.504       2.331     -14.692     -28.883     -48.290     -40.540     -17.113      -8.501
       3.880      26.221      46.836      59.269      48.011      38.864      32.904       3.273     -14.465      -0.905
      18.288      37.605      36.836      21.872      10.137     -11.813     -28.653     -34.388     -33.079     -20.201
     -18.815     -19.507      -2.814       5.344      11.968      24.359      13.927     -10.064     -21.153     -20.618
     -17.564      -9.435       8.814      17.299      12.914      12.253      -5.906     -20.867     -11.294     -14.039
      -7.993       9.372      10.278      23.800      13.508     -35.407     -39.003      -8.067      -7.250     -17.252
     -19.751     -13.973     -16.894     -45.429     -50.117       1.774      51.378      60.634      53.012      39.284
       9.787     -11.038     -14.843     -24.918     -23.507       1.031       7.706       7.784      -2.497     -34.032
     -32.692      -4.905       1.895      22.036      33.735      -1.987     -50.964     -72.547     -50.205     -11.636
     -14.646     -42.903     -40.503      -4.746      24.225      31.680      37.419      46.509      48.197      35.034
      13.108      -2.400     -12.371     -20.776     -15.283     -19.782     -75.309    -113.031     -95.825     -70.793
     -43.726     -11.431       9.867       5.945      18.754      49.140      47.209       9.044     -36.382     -69.908
     -51.605       0.825      33.235      31.090      13.693     -10.043     -22.788     -40.183     -57.026     -40.689
     -16.599     -17.609      -0.125      25.833      34.367      30.919      13.996       8.106      26.829      19.938
       2.981      25.451      46.487       9.115     -43.313     -76.681     -87.775     -57.446     -10.686      -5.747
     -14.740       3.944      40.160      76.456      66.772       2.623     -39.343     -32.998     -16.000      -4.513
     -21.013     -50.849     -41.003     -23.354     -29.921     -25.176     -22.807     -53.809     -83.306     -64.701
     -12.008      33.098      50.299      50.223      40.006      14.342     -28.408     -54.187     -27.493      35.007
      82.278      81.580      32.156      -5.811     -10.921     -10.169      -1.681       9.604      -2.374     -13.728
      -9.779     -11.415     -33.728     -43.504     -27.003       0.938      46.758      74.190      39.376      -0.418
      -7.407      -6.388      13.876      46.172      48.283      42.168      48.208      48.726      31.023     -12.690
     -57.688     -72.686     -78.239     -76.234     -47.653      -7.488      30.707      61.254      57.606      26.823
       4.918      -6.928     -13.264     -10.326     -26.701     -65.706     -66.719     -25.474       7.930      39.330
      58.862      43.324      31.852      47.752      69.868      77.843      50.645      23.580      25.998      26.139
      21.878      17.617       4.256       3.209      13.676       4.690     -17.164     -23.860     -11.830       3.174
      11.240      19.016      33.472      50.224      43.595      11.945     -11.874     -37.533     -52.098     -19.785
      22.312      39.579      53.725      63.331      63.623      41.491       5.285     -24.525     -50.654     -59.574
     -28.559       8.584      15.286     -13.228     -41.669     -37.744     -11.811       0.018       8.461      12.806
       6.080       8.771      31.183      51.577      51.224      33.724      21.781       3.371     -15.232     -16.866
       4.265      41.333      86.750     106.755      78.586      39.842      32.760      11.662     -40.107     -67.402
     -63.367     -52.573     -13.763      18.068      21.982      24.672      14.149      -1.310       7.425      -0.065
     -26.515     -41.589     -30.914       0.687      12.172      -8.533     -23.345     -18.430     -10.566       2.285
      27.665      38.020      21.690       1.956     -25.535     -60.551     -62.331     -34.241      15.962      84.553
     100.456      58.523      34.711      35.649      44.087      55.346      37.024      -8.793     -58.600     -83.777
     -61.899     -28.840     -34.822     -64.483     -75.442     -65.121     -54.146     -38.289     -16.423      -3.784
       9.636      20.930      17.073      18.511      31.579      32.116      33.914      33.789      13.764      -2.465
       7.092      27.902      22.572      -2.074      -3.162      15.412      39.379      54.242      59.391      54.478
      12.042     -28.784     -18.166      -9.473     -19.722     -23.702     -22.357       9.525      44.281       5.848
     -40.899     -14.114      25.320      26.138      18.249       7.215     -27.209     -49.279     -34.201     -17.927
       1.045      10.208      -4.770      -6.807     -15.853     -47.725     -54.483     -47.377     -33.014     -13.745
     -15.483      -6.917      21.809      24.076      19.408      14.406     -35.455     -88.391     -78.497     -31.235
      14.097      40.618      42.931      41.230      66.158      85.590      54.034      24.319      25.523       9.685
     -12.661     -19.972     -20.906     -26.287     -36.668     -22.923       5.193       4.911     -23.406     -43.779
     -21.475      30.373      65.704      84.507      97.981      78.542      51.739      42.373      23.920       8.624
       9.094      12.234      14.465     -10.550     -35.990     -15.915      24.613      61.670      71.697      45.816
      14.109      -9.231     -25.844     -31.247     -18.568      -4.805     -12.573     -23.180     -19.969     -26.736
     -37.449     -38.664     -31.512       6.939      31.763      10.085      -3.183      -4.548     -15.453     -16.153
     -19.283     -14.166      22.210      60.923      66.967      34.378      -7.234     -23.667     -29.254     -21.524
      -0.943      10.543       3.792      -4.186     -10.150     -17.744     -19.652       0.451      14.699       9.656
       6.493     -10.407     -44.216     -50.806     -41.455     -18.606       9.196       2.816     -15.710      -5.739
      15.704      33.394      26.745      12.599      -0.250     -36.822     -70.425     -73.502     -72.510     -54.430
     -22.966      -9.653     -10.943     -15.186     -23.500     -21.070      -9.905      -3.043     -14.810     -15.249
      13.135      38.457      58.602      71.737      50.563      19.907       9.592      26.989      50.019      51.490
      49.166      48.689      27.344       7.135      -4.124      -5.933      15.148      26.934       6.161     -22.964
     -49.744     -56.064     -37.077     -16.940      -2.187       4.088      -1.296      -2.703       1.525       7.720
       5.693      -2.154      11.053      29.552      26.470      12.981      -4.232     -15.991     -12.724       3.797
      22.622      23.338      19.486      34.464      36.137      23.717      12.825      -5.440      -3.352      18.833
      17.934      12.390      11.827       5.068       3.264       1.049       0.011      -1.537     -11.571      -9.557
      -0.884      -1.645      -9.738     -19.482     -12.574      11.898      22.596       7.252     -14.128     -22.565
     -27.432     -33.065     -19.750     -11.558     -26.824     -19.551       6.882       7.818      -4.649      -7.754
      -2.760       3.077       3.478       5.473       1.229      -9.028      -1.244       7.136       3.101       2.375
      -1.143      -0.313      17.403      26.831      18.259       5.292      -1.231       0.877      -0.095      -8.644
     -17.268     -22.678     -19.993     -17.042     -16.536     -15.254     -16.581     -12.607      -6.658     -16.377
     -33.909     -49.193     -41.229      -5.752      12.492       5.306      -6.060     -25.202     -29.082      -8.077
      11.923      25.231      30.168      21.991      14.970       9.114       2.813       3.888      10.178      19.835
      29.293      27.386      12.183       0.261       5.084       4.935      -8.252     -16.493     -23.237     -30.180
     -23.670      -9.854      -2.307      -7.743     -12.610      -3.288       1.046      -3.592       3.278      12.225
      21.087      35.978      34.871      19.039       9.346      -1.834     -14.919     -22.595     -25.729     -26.063
     -23.090     -11.079      -0.630      -9.110     -21.744     -27.357     -31.472     -30.379     -23.843     -22.409
     -26.493     -22.335     -11.236      -7.370      -1.169       7.902       7.560      10.134      16.964       7.916
       1.991      16.316      35.440      47.562      45.379      29.000      11.220       0.928       2.799       3.612
      -2.080      -1.266       0.387      -6.763      -5.101       6.373       8.239       7.117      18.332      25.528
      14.753       0.747      -1.792       3.345      11.461      13.924       7.657      -0.186      -4.645      -2.868
       5.549      12.610      17.925      19.781      17.460      15.163       8.530      -0.671      -1.538       2.084
       6.032       5.839      -3.637      -8.553      -1.455       1.470       2.738       7.732       5.981       0.313
       2.085       7.701       8.942       3.927       0.193       4.191      11.083      10.066       4.924       6.139
      10.639      12.315      11.535       4.771      -1.965      -4.480      -4.984      -2.633      -7.390     -18.251
     -17.981     -15.256     -20.298     -19.070     -18.827     -27.895     -26.071     -14.310     -10.417     -11.889
     -11.529     -13.588     -16.830     -12.405      -4.687      -4.147      -3.733       5.006      13.814      10.931
       0.958      -3.218       0.199       7.891      13.468       8.439       0.501      -2.188      -8.867     -13.616
      -7.105      -3.579      -4.630      -0.377       0.396      -3.881      -6.412      -5.707      -0.523       3.136
      -0.679      -7.793     -12.497      -8.796      -1.327      -0.227      -1.554      -2.265      -5.483      -2.218
      11.178      18.931      14.158       9.904       7.910       2.383      -3.647      -9.455     -11.332      -1.343
       8.736       9.358       8.491       6.839       5.817      11.284      15.381      14.678      12.848      12.311
      14.838      17.092      14.942       9.633       1.212      -1.333       5.178       5.584      -3.010      -7.513
      -8.187      -8.246      -3.756      -0.731      -5.875      -6.425       2.974       6.376      -0.975     -10.248
     -19.733     -21.759     -12.414      -2.890      -1.467      -2.888      -2.061      -1.879      -4.703      -5.386
      -6.386     -10.753      -6.950       3.340       4.072       0.562      -0.321      -2.224      -1.532      -0.613
      -8.354     -17.270     -15.440      -4.723       5.918      13.596      16.042      12.466      10.111      10.256
       4.467      -6.933     -12.782      -9.081      -4.255      -2.534      -2.116      -4.761      -5.882      -0.341
       2.923      -0.535      -3.470      -4.353      -4.410      -1.535       1.235       0.872       0.028       0.806
       3.297       4.729       2.522      -0.967      -1.926       0.837       4.835       5.254       1.993      -0.099
       0.265       0.754      -0.213      -3.398      -5.882      -4.187      -1.035       0.565       1.028      -0.219
      -2.387      -2.065      -0.106       0.478       0.620       0.943       1.511       3.034       3.935       3.222
       2.269       1.980       2.453       2.898       2.226       0.995       0.314       0.422       0.772       0.205
      -1.030      -1.046       0.052       0.743       0.959       0.692      -0.156      -0.560      -0.352      -0.485
      -0.785      -0.715      -0.484      -0.248      -0.085      -0.074      -0.077       0.000       0.000       0.000
       0.000       0.000       0.000       0.000       0.000       0.000       0.000       0.000       0.000       0.000
       0.000       0.000       0.000       0.000       0.000       0.000       0.000       0.000       0.000       0.000
       0.000       0.000       0.000       0.000       0.000       0.000       0.000       0.000       0.000       0.000
       0.000       0.000       0.000       0.000       0.000       0.000       0.000       0.000       0.000       0.000
       0.000       0.000       0.000       0.000       0.000       0.000       0.000       0.000       0.000       0.000
       0.000       0.000       0.000       0.000       0.000       0.000       0.000       0.000       0.000       0.000
       0.000       0.000       0.000       0.000       0.000       0.000       0.000       0.000       0.000       0.000
       0.000       0.000       0.000       0.000       0.000       0.000       0.000       0.000       0.000       0.000
       0.000       0.000       0.000       0.000       0.000       0.000       0.000       0.000       0.000       0.000
       0.000       0.000       0.000       0.000       0.000       0.000       0.000       0.000       0.000       0.000
       0.000       0.000       0.000       0.000       0.000       0.000       0.000       0.000       0.000       0.000
       0.000       0.000       0.000       0.000       0.000       0.000       0.000       0.000       0.000       0.000
       0.000       0.000       0.000       0.000       0.000       0.000       0.000       0.000       0.000       0.000
       0.000       0.000       0.000       0.000       0.000       0.000       0.000       0.000       0.000       0.000
       0.000       0.000       0.000       0.000       0.000       0.000       0.000       0.000       0.000       0.000
       0.000       0.000       0.000       0.000       0.000       0.000       0.000       0.000       0.000       0.000
       0.000       0.000       0.000       0.000       0.000       0.000       0.000       0.000       0.000       0.000
       0.000       0.000       0.000       0.000       0.000       0.000       0.000       0.000       0.000       0.000
       0.000       0.000       0.000       0.000       0.000       0.000       0.000       0.000       0.000       0.000
       0.000       0.000       0.000       0.000       0.000       0.000       0.000       0.000       0.000       0.000
       0.000       0.000       0.000       0.000       0.000       0.000       0.000       0.000       0.000       0.000
       0.000       0.000       0.000       0.000       0.000       0.000       0.000       0.000       0.000       0.000
       0.000       0.000       0.000       0.000       0.000       0.000       0.000       0.000       0.000       0.000
       0.000       0.000       0.000       0.000       0.000       0.000       0.000       0.000       0.000       0.000
       0.000       0.000       0.000       0.000       0.000       0.000       0.000       0.000       0.000       0.000
       0.000       0.000       0.000       0.000       0.000       0.000       0.000       0.000       0.000       0.000
       0.000       0.000       0.000       0.000       0.000       0.000       0.000       0.000       0.000       0.000
       0.000       0.000       0.000       0.000       0.000       0.000       0.000       0.000       0.000       0.000
       0.000       0.000       0.000       0.000       0.000       0.000       0.000       0.000       0.000       0.000
       0.000       0.000       0.000       0.000       0.000       0.000       0.000       0.000       0.000       0.000
       0.000       0.000       0.000       0.000       0.000       0.000       0.000       0.000       0.000       0.000
       0.000       0.000       0.000       0.000       0.000       0.000       0.000       0.000       0.000       0.000
       0.000       0.000       0.000       0.000       0.000       0.000       0.000       0.000       0.000       0.000
       0.000       0.000       0.000       0.000       0.000       0.000       0.000       0.000       0.000       0.000
       0.000       0.000       0.000       0.000       0.000       0.000       0.000       0.000       0.000       0.000
       0.000       0.000       0.000       0.000       0.000       0.000       0.000       0.000       0.000       0.000
       0.000       0.000       0.000       0.000       0.000       0.000       0.000       0.000       0.000       0.000
       0.000       0.000       0.000       0.000       0.000       0.000       0.000       0.000       0.000       0.000
       0.000       0.000       0.000       0.000       0.000       0.000       0.000       0.000       0.000       0.000
       0.000       0.000       0.000       0.000       0.000       0.000       0.000       0.000       0.000       0.000
       0.000       0.000       0.000       0.000       0.000       0.000       0.000       0.000       0.000       0.000
       0.000       0.000       0.000       0.000       0.000       0.000       0.000       0.000       0.000       0.000
       0.000       0.000       0.000       0.000       0.000       0.000       0.000       0.000       0.000       0.000
       0.000       0.000       0.000       0.000       0.000       0.000       0.000       0.000       0.000       0.000
       0.000       0.000       0.000       0.000       0.000       0.000       0.000       0.000       0.000       0.000
       0.000       0.000       0.000       0.000       0.000       0.000       0.000       0.000       0.000       0.000
       0.000       0.000       0.000       0.000       0.000       0.000       0.000       0.000       0.000       0.000
       0.000       0.000       0.000       0.000       0.000       0.000       0.000       0.000       0.000       0.000
       0.000       0.000       0.000       0.000       0.000       0.000       0.000       0.000       0.000       0.000
       0.000       0.000       0.000       0.000       0.000       0.000       0.000       0.000       0.000       0.000
       0.000       0.000       0.000       0.000       0.000       0.000       0.000       0.000       0.000       0.000
       0.000       0.000       0.000       0.000       0.000       0.000       0.000       0.000       0.000       0.000
       0.000       0.000       0.000       0.000       0.000       0.000       0.000       0.000       0.000       0.000
       0.000       0.000       0.000       0.000       0.000       0.000       0.000       0.000       0.000       0.000
       0.000       0.000       0.000       0.000       0.000       0.000       0.000       0.000       0.000       0.000
       0.000       0.000       0.000       0.000       0.000       0.000       0.000       0.000       0.000       0.000
       0.000       0.000       0.000       0.000       0.000       0.000       0.000       0.000       0.000       0.000
       0.000       0.000       0.000       0.000       0.000       0.000       0.000       0.000       0.000       0.000
       0.000       0.000       0.000       0.000       0.000       0.000       0.000       0.000       0.000       0.000
       0.000       0.000       0.000       0.000       0.000       0.000       0.000       0.000       0.000       0.000
       0.000       0.000       0.000       0.000       0.000       0.000       0.000       0.000       0.000       0.000
       0.000       0.000       0.000       0.000       0.000       0.000       0.000       0.000       0.000       0.000
       0.000       0.000       0.000       0.000       0.000       0.000       0.000       0.000       0.000       0.000
       0.000       0.000       0.000       0.000       0.000       0.000       0.000       0.000       0.000       0.000
       0.000       0.000       0.000       0.000       0.000       0.000       0.000       0.000       0.000       0.000
       0.000       0.000       0.000       0.000       0.000       0.000       0.000       0.000       0.000       0.000
       0.000       0.000       0.000       0.000       0.000       0.000       0.000       0.000       0.000       0.000
       0.000       0.000       0.000       0.000       0.000       0.000       0.000       0.000       0.000       0.000
       0.000       0.000       0.000       0.000       0.000       0.000       0.000       0.000       0.000       0.000
       0.000       0.000       0.000       0.000       0.000       0.000       0.000       0.000       0.000       0.000
       0.000       0.000       0.000       0.000       0.000       0.000       0.000       0.000       0.000       0.000
       0.000       0.000       0.000       0.000       0.000       0.000       0.000       0.000       0.000       0.000
       0.000       0.000       0.000       0.000       0.000       0.000       0.000       0.000       0.000       0.000
       0.000       0.000       0.000       0.000       0.000       0.000       0.000       0.000       0.000       0.000
       0.000       0.000       0.000       0.000       0.000       0.000       0.000       0.000       0.000       0.000
       0.000       0.000       0.000       0.000       0.000       0.000       0.000       0.000       0.000       0.000
       0.000       0.000       0.000       0.000       0.000       0.000       0.000       0.000       0.000       0.000
       0.000       0.000       0.000       0.000       0.000       0.000       0.000       0.000       0.000       0.000
       0.000       0.000       0.000       0.000       0.000       0.000       0.000       0.000       0.000       0.000
       0.000       0.000       0.000       0.000       0.000       0.000       0.000       0.000       0.000       0.000
       0.000       0.000       0.000       0.000       0.000       0.000       0.000       0.000       0.000       0.000
       0.000       0.000       0.000       0.000       0.000       0.000       0.000       0.000       0.000       0.000
       0.000       0.000       0.000       0.000       0.000       0.000       0.000       0.000       0.000       0.000
       0.000       0.000       0.000       0.000       0.000       0.000       0.000       0.000       0.000       0.000
       0.000       0.000       0.000       0.000       0.000       0.000       0.000       0.000