        2048     0.02000
      -0.185      -0.185      -0.185      -0.131      -0.185      -0.185       0.031      -0.183      -0.183       0.300
      -0.156      -0.167       0.677      -0.178      -0.204      -1.007      -0.259      -0.256      -1.710      -0.320
      -0.293      -2.299      -0.388      -0.380      -3.336      -0.533      -0.516      -4.550      -0.901      -0.786
      -5.574      -1.390      -0.186       4.678       1.877       2.084       7.421       8.012       4.103       3.319
      -1.791      -5.372      -5.071      -3.554      -5.557      -7.727      -4.819      -4.468      -5.619      -4.406
      -5.157      -7.835      -6.487      -7.205     -10.264      -8.753     -11.903     -19.639     -19.711     -15.570
     -11.211       0.206       5.952      13.733      17.731      14.319      18.889      26.694      22.580      17.423
      11.953      10.673      15.740      13.753      10.987       0.152     -18.308     -31.272     -34.666     -24.397
     -27.996     -39.470     -37.042     -28.286     -27.644      -8.053      19.639      24.307      24.626      37.114
      36.117      29.844      41.038      51.602      46.083      40.488      35.095      43.734      46.366      46.289
      48.649      43.011      26.292     -13.239     -35.831     -31.186     -40.718     -48.125     -23.767      11.603
      29.328      22.985      31.369      48.557      57.140      66.933      66.086      46.687      26.616      16.458
      15.303       7.575     -14.779     -46.552     -59.713     -43.759      -0.616      57.724      62.238      15.019
     -13.927     -30.445     -41.002     -43.533     -38.945     -26.558     -27.642     -12.488       7.881       2.645
      21.348      63.054      81.032      57.843       8.048     -20.750     -45.535     -79.436     -86.692     -55.909
     -18.838      14.996      82.229     137.847     131.722     106.023      90.290      87.754      60.158       4.472
     -27.245     -23.766       8.848      30.096      10.943      -2.030     -32.832     -65.577     -51.567     -49.015
     -82.135    -121.851    -148.484    -137.680     -79.843       3.207      41.898      26.313      30.406      55.095
      44.062      10.678     -29.211     -69.235     -83.922     -83.558     -91.563     -71.453     -16.438      12.889
      37.195      63.623      67.727      66.219      76.527     113.636     149.072     130.560     114.731     125.862
     122.232      53.916     -76.453    -137.707    -103.448     -51.445      23.087     108.591     159.244     149.051
     106.280      81.214      52.070       8.680      10.006      54.149      81.143      72.764      54.563      11.207
     -16.854      18.106      32.822     -23.916     -81.726     -71.318     -18.178     -18.294     -20.410      28.366
      66.979      79.201      80.635      95.773      97.592      32.630      12.326      59.749      65.340      35.965
      27.344      53.851      52.289      21.720       4.851     -27.013     -35.429      32.171      91.492      68.828
     -12.455     -88.198    -146.329    -158.861    -143.878    -123.620     -60.102      12.303      71.061     124.938
     108.681      57.283      34.617      35.904      63.447      71.690      57.401      50.127      40.348      61.867
      73.663      43.716      21.331      17.555      25.388      19.326      -6.783     -25.453     -31.556     -30.894
     -46.990     -48.559       8.274      92.001     172.211     193.815     129.785      34.830     -44.916     -64.807
     -43.277      -6.873       4.274     -32.530     -27.328      11.284      49.155      85.670      70.445      23.066
     -23.422     -79.447     -75.291     -21.591      23.872      47.328      58.275      49.336      18.742      -0.692
      28.490      74.900     104.820      95.001      46.941      -6.378     -22.394     -31.112     -79.713     -84.049
       7.094      76.434      72.655      21.305     -27.271     -48.514     -65.552     -68.466     -73.299    -100.114
    -125.010    -133.802     -90.834     -62.900    -105.461    -105.976     -36.809      33.658      63.277      34.549
      -4.245     -22.496     -19.007     -11.659     -22.686     -24.435      -6.966      13.605      32.899      55.494
      80.406      70.709      12.480     -23.074       4.691      38.109      -3.718     -63.177     -99.710    -151.366
    -194.185    -185.186    -124.105     -27.319      31.979      58.157      39.947     -15.269     -19.503      20.562
      62.920      65.766       1.276     -30.497     -10.364      -5.274     -34.150     -73.715     -77.375     -46.191
       7.201      38.043      24.528      22.620      23.374      20.142       3.168     -32.938     -19.553      14.033
      27.979      40.075      33.491      15.793     -33.627    -107.611    -162.188    -168.919     -98.214     -29.728
     -10.235       4.301      19.400      37.261      57.114      78.747      67.993     -23.379     -92.013     -83.644
     -41.882      26.598     107.553     150.975     142.762      96.119      46.835      12.004      -0.917     -35.292
     -62.219     -70.175    -116.520    -151.914    -154.516    -170.635    -139.442     -47.146      35.092      50.619
      16.543       1.511      -2.039      -2.374      23.458      48.789      80.552     102.794      67.220      -6.263
     -55.961     -35.839       6.014      32.453      37.811       4.330     -44.217     -76.021     -79.676     -67.135
     -87.054    -104.144     -68.286       7.346      60.418      46.359      27.671      25.443       6.958     -11.840
     -33.666     -54.058     -90.373    -111.603     -68.714      -4.664      18.469      21.291      -4.178     -51.191
     -84.242     -62.525     -30.151     -41.719     -51.631     -35.802     -24.787       0.056      23.843      28.959
     -13.021     -95.818    -153.859    -152.791    -106.909     -62.790     -40.746     -27.491     -30.911     -24.814
      13.920      69.601     104.094      83.669      60.368      52.099      32.161      33.439      47.278      45.573
      24.808     -30.002     -90.430    -139.141    -151.862    -112.445     -68.660     -30.369      35.982     106.317
     118.382      63.376      18.226     -10.061     -26.563      -7.283       7.285       0.251     -11.195     -40.684
     -63.972     -68.489     -49.196     -50.683     -57.873     -19.358      23.760      45.307      40.821      10.166
     -13.204     -35.254     -29.120       5.368      39.259      72.660      88.102      88.004      68.916      37.751
      34.453      43.997      57.874      74.945      74.528      54.050      13.829     -18.795     -37.820     -47.718
     -48.978     -70.622     -99.461    -103.649     -98.793     -78.842     -49.746     -36.875     -47.165     -51.482
     -35.957     -36.965     -53.827     -51.789     -57.003     -72.252     -86.836     -89.140     -63.122     -30.086
      -0.888      34.465      56.556      68.644      61.067      49.839      40.325      24.893      17.687      21.748
      34.828      50.403      47.035      28.435      -5.655     -25.405     -16.488       4.882      31.877      25.308
     -22.913     -68.146     -87.474     -74.651     -54.843     -34.343      -8.962      13.553      46.255      73.808
      71.509      36.663      -8.857     -26.390     -18.467      -6.081      22.289      54.669      65.331      39.039
      -2.977     -25.901     -30.199     -25.444     -14.234      -9.410     -13.856     -31.297     -42.480     -37.126
     -28.427     -18.130      -4.147       5.681      11.651       2.405     -11.267     -32.458     -51.560     -47.902
     -24.690       3.213      15.419      11.417       7.144      -3.973      -4.865       3.559      13.365      26.628
      31.077      43.666      59.198      53.122      39.203      25.491      15.797      11.959      21.567      48.608
      65.863      68.736      63.717      64.763      83.650      97.951      97.782      88.510      73.927      68.571
      67.281      68.423      63.113      41.831      21.620      14.652      13.798       6.464     -15.646     -34.268
     -44.232     -47.395     -47.330     -53.537     -61.618     -62.790     -55.769     -42.765     -41.241     -34.358
     -14.185       6.604      17.350      20.430      29.580      41.926      47.271      52.744      50.342      43.617
      35.668      28.305      26.527      21.641       9.014     -11.920     -38.235     -58.402     -70.748     -69.440
     -53.996     -32.738     -11.241      -2.373      -2.999     -11.174     -29.194     -37.316     -27.814      -7.319
      10.508      11.893      13.944      20.287      26.376      38.943      52.198      54.076      49.626      49.611
      49.876      42.011      32.799      13.926     -12.352     -28.340     -27.202     -16.231      -9.089     -11.411
     -17.471     -32.773     -44.637     -47.745     -47.450     -43.439     -28.732      -7.972       9.231      18.730
      24.573      20.828      12.928      10.244      15.272      27.006      36.165      40.838      42.270      33.684
      27.762      29.557      34.258      45.136      57.788      66.263      62.241      48.459      36.345      22.329
       6.214      -6.779     -14.857     -16.560     -16.368     -13.411     -15.436     -25.995     -38.874     -49.388
     -52.822     -53.208     -53.929     -46.340     -36.226     -27.993     -27.744     -33.805     -37.625     -35.320
     -23.460      -2.572      13.962      23.462      23.265      20.590      20.681      22.134      25.217      32.146
      37.140      37.055      38.624      48.936      50.616      40.098      27.862      19.274      18.016      25.344
      39.040      47.692      38.061      19.462       3.170      -3.724      -0.609       4.815      11.514      14.305
      10.797       4.512      -4.304     -13.669     -21.808     -26.900     -24.073     -18.387     -13.645     -12.407
     -12.080      -9.001      -9.778     -16.259     -12.878       3.160      15.370      13.600       9.536       5.230
      -2.089      -4.958       3.334      13.176      14.542       8.243       7.197       5.695      -0.723      -7.706
      -9.117      -6.770      -5.251      -2.252       5.642      10.124      12.451      10.952       4.251      -4.778
     -14.755     -22.722     -23.225     -16.451      -4.294       6.276      12.460      16.184      18.006      20.133
      23.650      24.617      19.959      13.974       9.158       2.753      -4.465      -9.607     -14.751     -19.355
     -22.348     -19.208     -13.936     -12.310     -12.706     -14.978     -20.966     -24.973     -24.192     -19.840
     -16.417     -13.388     -11.738     -13.160     -15.322     -16.186     -18.146     -18.897     -17.428     -15.445
     -16.831     -18.944     -20.127     -21.707     -24.093     -24.047     -21.530     -18.466     -15.430     -11.747
     -10.152      -9.960      -9.427      -8.598      -7.639      -4.839       0.758       7.007      10.570      12.506
      13.563      12.732      11.915      12.705      13.635      12.798      10.895       9.373       7.401       4.523
       3.013       2.589       2.117       1.943       2.470       2.598       2.316       1.970       1.391       0.211
      -0.682      -0.477       0.594       1.391       1.836       1.738       1.381       1.201       1.234       1.315
       1.573       1.914       2.131       1.901       1.491       1.111       0.714       0.328       0.000       0.000
       0.000       0.000       0.000       0.000       0.000       0.000       0.000       0.000       0.000       0.000
       0.000       0.000       0.000       0.000       0.000       0.000       0.000       0.000       0.000       0.000
       0.000       0.000       0.000       0.000       0.000       0.000       0.000       0.000       0.000       0.000
       0.000       0.000       0.000       0.000       0.000       0.000       0.000       0.000       0.000       0.000
       0.000       0.000       0.000       0.000       0.000       0.000       0.000       0.000       0.000       0.000
       0.000       0.000       0.000       0.000       0.000       0.000       0.000       0.000       0.000       0.000
       0.000       0.000       0.000       0.000       0.000       0.000       0.000       0.000       0.000       0.000
       0.000       0.000       0.000       0.000       0.000       0.000       0.000       0.000       0.000       0.000
       0.000       0.000       0.000       0.000       0.000       0.000       0.000       0.000       0.000       0.000
       0.000       0.000       0.000       0.000       0.000       0.000       0.000       0.000       0.000       0.000
       0.000       0.000       0.000       0.000       0.000       0.000       0.000       0.000       0.000       0.000
       0.000       0.000       0.000       0.000       0.000       0.000       0.000       0.000       0.000       0.000
       0.000       0.000       0.000       0.000       0.000       0.000       0.000       0.000       0.000       0.000
       0.000       0.000       0.000       0.000       0.000       0.000       0.000       0.000       0.000       0.000
       0.000       0.000       0.000       0.000       0.000       0.000       0.000       0.000       0.000       0.000
       0.000       0.000       0.000       0.000       0.000       0.000       0.000       0.000       0.000       0.000
       0.000       0.000       0.000       0.000       0.000       0.000       0.000       0.000       0.000       0.000
       0.000       0.000       0.000       0.000       0.000       0.000       0.000       0.000       0.000       0.000
       0.000       0.000       0.000       0.000       0.000       0.000       0.000       0.000       0.000       0.000
       0.000       0.000       0.000       0.000       0.000       0.000       0.000       0.000       0.000       0.000
       0.000       0.000       0.000       0.000       0.000       0.000       0.000       0.000       0.000       0.000
       0.000       0.000       0.000       0.000       0.000       0.000       0.000       0.000       0.000       0.000
       0.000       0.000       0.000       0.000       0.000       0.000       0.000       0.000       0.000       0.000
       0.000       0.000       0.000       0.000       0.000       0.000       0.000       0.000       0.000       0.000
       0.000       0.000       0.000       0.000       0.000       0.000       0.000       0.000       0.000       0.000
       0.000       0.000       0.000       0.000       0.000       0.000       0.000       0.000       0.000       0.000
       0.000       0.000       0.000       0.000       0.000       0.000       0.000       0.000       0.000       0.000
       0.000       0.000       0.000       0.000       0.000       0.000       0.000       0.000       0.000       0.000
       0.000       0.000       0.000       0.000       0.000       0.000       0.000       0.000       0.000       0.000
       0.000       0.000       0.000       0.000       0.000       0.000       0.000       0.000       0.000       0.000
       0.000       0.000       0.000       0.000       0.000       0.000       0.000       0.000       0.000       0.000
       0.000       0.000       0.000       0.000       0.000       0.000       0.000       0.000       0.000       0.000
       0.000       0.000       0.000       0.000       0.000       0.000       0.000       0.000       0.000       0.000
       0.000       0.000       0.000       0.000       0.000       0.000       0.000       0.000       0.000       0.000
       0.000       0.000       0.000       0.000       0.000       0.000       0.000       0.000       0.000       0.000
       0.000       0.000       0.000       0.000       0.000       0.000       0.000       0.000       0.000       0.000
       0.000       0.000       0.000       0.000       0.000       0.000       0.000       0.000       0.000       0.000
       0.000       0.000       0.000       0.000       0.000       0.000       0.000       0.000       0.000       0.000
       0.000       0.000       0.000       0.000       0.000       0.000       0.000       0.000       0.000       0.000
       0.000       0.000       0.000       0.000       0.000       0.000       0.000       0.000       0.000       0.000
       0.000       0.000       0.000       0.000       0.000       0.000       0.000       0.000       0.000       0.000
       0.000       0.000       0.000       0.000       0.000       0.000       0.000       0.000       0.000       0.000
       0.000       0.000       0.000       0.000       0.000       0.000       0.000       0.000       0.000       0.000
       0.000       0.000       0.000       0.000       0.000       0.000       0.000       0.000       0.000       0.000
       0.000       0.000       0.000       0.000       0.000       0.000       0.000       0.000       0.000       0.000
       0.000       0.000       0.000       0.000       0.000       0.000       0.000       0.000       0.000       0.000
       0.000       0.000       0.000       0.000       0.000       0.000       0.000       0.000       0.000       0.000
       0.000       0.000       0.000       0.000       0.000       0.000       0.000       0.000       0.000       0.000
       0.000       0.000       0.000       0.000       0.000       0.000       0.000       0.000       0.000       0.000
       0.000       0.000       0.000       0.000       0.000       0.000       0.000       0.000       0.000       0.000
       0.000       0.000       0.000       0.000       0.000       0.000       0.000       0.000       0.000       0.000
       0.000       0.000       0.000       0.000       0.000       0.000       0.000       0.000       0.000       0.000
       0.000       0.000       0.000       0.000       0.000       0.000       0.000       0.000       0.000       0.000
       0.000       0.000       0.000       0.000       0.000       0.000       0.000       0.000       0.000       0.000
       0.000       0.000       0.000       0.000       0.000       0.000       0.000       0.000       0.000       0.000
       0.000       0.000       0.000       0.000       0.000       0.000       0.000       0.000       0.000       0.000
       0.000       0.000       0.000       0.000       0.000       0.000       0.000       0.000       0.000       0.000
       0.000       0.000       0.000       0.000       0.000       0.000       0.000       0.000       0.000       0.000
       0.000       0.000       0.000       0.000       0.000       0.000       0.000       0.000       0.000       0.000
       0.000       0.000       0.000       0.000       0.000       0.000       0.000       0.000       0.000       0.000
       0.000       0.000       0.000       0.000       0.000       0.000       0.000       0.000       0.000       0.000
       0.000       0.000       0.000       0.000       0.000       0.000       0.000       0.000       0.000       0.000
       0.000       0.000       0.000       0.000       0.000       0.000       0.000       0.000       0.000       0.000
       0.000       0.000       0.000       0.000       0.000       0.000       0.000       0.000       0.000       0.000
       0.000       0.000       0.000       0.000       0.000       0.000       0.000       0.000       0.000       0.000
       0.000       0.000       0.000       0.000       0.000       0.000       0.000       0.000       0.000       0.000
       0.000       0.000       0.000       0.000       0.000       0.000       0.000       0.000       0.000       0.000
       0.000       0.000       0.000       0.000       0.000       0.000       0.000       0.000       0.000       0.000
       0.000       0.000       0.000       0.000       0.000       0.000       0.000       0.000       0.000       0.000
       0.000       0.000       0.000       0.000       0.000       0.000       0.000       0.000       0.000       0.000
       0.000       0.000       0.000       0.000       0.000       0.000       0.000       0.000       0.000       0.000
       0.000       0.000       0.000       0.000       0.000       0.000       0.000       0.000       0.000       0.000
       0.000       0.000       0.000       0.000       0.000       0.000       0.000       0.000       0.000       0.000
       0.000       0.000       0.000       0.000       0.000       0.000       0.000       0.000       0.000       0.000
       0.000       0.000       0.000       0.000       0.000       0.000       0.000       0.000       0.000       0.000
       0.000       0.000       0.000       0.000       0.000       0.000       0.000       0.000       0.000       0.000
       0.000       0.000       0.000       0.000       0.000       0.000       0.000       0.000       0.000       0.000
       0.000       0.000       0.000       0.000       0.000       0.000       0.000       0.000       0.000       0.000
       0.000       0.000       0.000       0.000       0.000       0.000       0.000       0.000       0.000       0.000
       0.000       0.000       0.000       0.000       0.000       0.000       0.000       0.000       0.000       0.000
       0.000       0.000       0.000       0.000       0.000       0.000       0.000       0.000       0.000       0.000
       0.000       0.000       0.000       0.000       0.000       0.000       0.000       0.000       0.000       0.000
       0.000       0.000       0.000       0.000       0.000       0.000       0.000       0.000       0.000       0.000
       0.000       0.000       0.000       0.000       0.000       0.000       0.000       0.000       0.000       0.000
       0.000       0.000       0.000       0.000       0.000       0.000       0.000       0.000       0.000       0.000
       0.000       0.000       0.000       0.000       0.000       0.000       0.000       0.000       0.000       0.000
       0.000       0.000       0.000       0.000       0.000       0.000       0.000       0.000       0.000       0.000
       0.000       0.000       0.000       0.000       0.000       0.000       0.000       0.000       0.000       0.000
       0.000       0.000       0.000       0.000       0.000       0.000       0.000       0.000       0.000       0.000
       0.000       0.000       0.000       0.000       0.000       0.000       0.000       0.000       0.000       0.000
       0.000       0.000       0.000       0.000       0.000       0.000       0.000       0.000       0.000       0.000
       0.000       0.000       0.000       0.000       0.000       0.000       0.000       0.000       0.000       0.000
       0.000       0.000       0.000       0.000       0.000       0.000       0.000       0.000       0.000       0.000
       0.000       0.000       0.000       0.000       0.000       0.000       0.000       0.000       0.000       0.000
       0.000       0.000       0.000       0.000       0.000       0.000       0.000       0.000       0.000       0.000
       0.000       0.000       0.000       0.000       0.000       0.000       0.000       0.000       0.000       0.000
       0.000       0.000       0.000       0.000       0.000       0.000       0.000       0.000       0.000       0.000
       0.000       0.000       0.000       0.000       0.000       0.000       0.000       0.000       0.000       0.000
       0.000       0.000       0.000       0.000       0.000       0.000       0.000       0.000       0.000       0.000
       0.000       0.000       0.000       0.000       0.000       0.000       0.000       0.000       0.000       0.000
       0.000       0.000       0.000       0.000       0.000       0.000       0.000       0.000       0.000       0.000
       0.000       0.000       0.000       0.000       0.000       0.000       0.000       0.000       0.000       0.000
       0.000       0.000       0.000       0.000       0.000       0.000       0.000       0.000       0.000       0.000
       0.000       0.000       0.000       0.000       0.000       0.000       0.000       0.000       0.000       0.000
       0.000       0.000       0.000       0.000       0.000       0.000       0.000       0.000       0.000       0.000
       0.000       0.000       0.000       0.000       0.000       0.000       0.000       0.000       0.000       0.000
       0.000       0.000       0.000       0.000       0.000       0.000       0.000       0.000       0.000       0.000
       0.000       0.000       0.000       0.000       0.000       0.000       0.000       0.000       0.000       0.000
       0.000       0.000       0.000       0.000       0.000       0.000       0.000       0.000       0.000       0.000
       0.000       0.000       0.000       0.000       0.000       0.000       0.000       0.000