        4096     0.02000
      -0.005      -0.005      -0.005      -0.005      -0.005      -0.005      -0.007      -0.006      -0.006      -0.010
      -0.006      -0.005       0.001      -0.005      -0.005      -0.013      -0.006      -0.006      -0.017      -0.007
      -0.006      -0.017      -0.007      -0.006      -0.023      -0.008      -0.007      -0.039      -0.016      -0.013
      -0.084      -0.027       0.059       0.018      -0.013      -0.014      -0.043      -0.033      -0.051      -0.078
      -0.004       0.028       0.087       0.013       0.017       0.115       0.157       0.108       0.120      -0.146
       0.000       0.058       0.082       0.047       0.064       0.086       0.048       0.108       0.226       0.050
       0.051       0.236       0.138       0.141       0.350       0.300       0.110      -0.121       0.068       0.271
       0.084       0.054       0.211       0.127       0.146       0.463       0.139       0.015      -0.264      -0.159
      -0.108      -0.358      -0.589      -0.396      -0.107       0.581       0.193       0.229       0.054      -0.140
      -0.407      -0.190      -0.179      -0.588      -0.293      -0.276      -0.806      -0.822      -0.372      -0.155
       0.379       0.421       0.335       0.534       0.934       0.927       0.816       0.219      -0.378      -0.684
      -0.466      -0.498      -0.956      -1.114      -0.459      -0.021       0.478       0.727       0.925       1.224
       0.670      -0.270      -0.800      -0.956      -1.043      -1.213      -1.384      -0.888      -0.094       0.637
       0.902       0.666       0.907       1.531       1.262       0.267      -0.197       0.149      -0.450      -1.257
      -1.504      -1.522      -1.757      -0.523       0.646       1.820       1.009       0.857       1.897       1.712
       0.743       0.316      -0.013      -0.508      -1.333      -2.092      -1.866      -1.725      -1.399       0.128
       1.573       2.246       1.471       1.690       2.330       0.985       0.370       0.153      -0.808      -2.182
      -2.515      -2.188      -1.625      -0.109       0.898       0.680      -0.607      -1.758      -1.637      -0.954
      -0.375      -0.512      -1.426      -2.270      -1.848      -2.057      -3.010      -1.979      -0.398       1.194
       2.176       1.793       1.581       2.710       3.263       2.249       0.114      -1.890      -3.410      -3.189
      -1.232       0.388       0.991       1.217       1.458       2.688       3.680       3.228       2.263       1.955
       1.320       0.214      -1.047      -1.443      -1.481      -0.839       0.990       3.391       3.389       2.693
       3.176       2.478       0.504       0.464       1.247       0.339      -2.846      -4.480      -3.717      -1.493
      -1.135      -0.829       0.235       2.046       3.278       2.515       2.750       1.107       0.872       2.819
       2.734       0.498      -3.050      -4.770      -5.176      -4.329      -3.882      -5.304      -4.779      -2.425
      -0.555      -0.696      -0.059      -0.369       0.068      -0.116      -0.661      -0.932      -1.984      -2.010
      -1.541       0.857       1.375       1.523       4.141       5.641       6.139       6.007       4.593       1.711
       0.699       2.055       1.301      -0.584      -0.222       1.459       1.344      -0.778      -0.619       1.964
       2.072       2.050       4.591       6.539       5.927       0.904      -4.163      -4.531      -4.745      -6.591
      -7.309      -4.851      -4.117      -5.969      -5.253      -1.539       3.160       5.715       5.758       3.181
       0.920      -0.150       0.879       2.347       0.169      -2.318      -2.952      -3.173      -3.690      -0.816
       0.452       1.608       3.349       3.204       2.503      -0.482      -3.761      -2.002      -0.910      -2.820
      -4.279      -1.856      -1.069      -2.181      -0.707       2.182       5.731       7.165       3.913       1.911
       1.199      -2.869      -4.903      -5.995      -6.959      -7.371      -2.615       3.483       4.123       3.695
       5.028       7.701       3.592      -4.569      -6.765      -4.369      -1.424      -1.422       2.305       6.452
       6.305       3.601       1.366       0.770       0.647      -1.228      -1.687      -1.292       1.052      -0.015
      -0.856       1.889       0.573      -4.207      -7.337      -9.654      -8.707      -2.421       4.254       9.235
       9.523       7.848       4.824       2.148       2.009      -0.697       0.024      -1.115      -7.443     -10.862
      -7.102       0.021       5.175       5.129       5.049       3.896      -2.165      -7.203      -6.220      -3.380
      -2.340      -0.593      -1.807      -3.251      -0.883       2.693       6.677       9.328       5.928      -1.182
      -4.132      -2.184      -0.580      -0.367      -1.513      -1.648      -3.584      -9.116      -9.584      -9.323
      -5.499       2.017       8.417       8.150       8.332       6.109       3.705       0.815      -5.826      -7.861
      -1.545       3.245       2.192       0.838       5.853       5.838       2.690       0.989       0.713      -2.449
      -1.906       2.989       6.448       7.223       4.260       0.685      -7.446      -9.709      -8.016      -4.433
       4.163       7.461       7.590       8.559      11.045       7.876      -0.830     -10.542     -16.735     -17.513
     -14.175      -9.095      -9.168      -8.157       3.296      10.373      10.629       8.205       4.218       4.566
       6.613       0.620      -5.248      -2.505       4.377       8.909       8.697       5.445       2.892      -3.778
      -9.323      -7.461      -9.041      -9.715      -2.460       0.393      -0.555       0.523      -1.956       0.387
       4.839       2.154      -5.203     -11.144     -10.425      -4.428       2.360      10.441      15.442      16.163
       9.743      -0.572      -8.911      -8.738      -7.731      -7.716      -6.886      -5.333       1.136      12.291
      20.086      17.138      11.470      -3.582     -16.091     -14.498      -2.565      10.328      17.507      13.225
       6.726      -4.885     -12.617     -14.216     -15.431     -10.068       0.766       4.972       4.980       9.354
      10.049       7.254       6.531      -4.543     -12.168      -9.006     -12.934     -13.355      -2.524       5.893
       4.747       2.995       5.085       8.019       7.528      12.452      12.422       4.423      -5.641      -7.533
      -0.133      -0.560      -3.525       1.132      -1.854      -3.046      -5.089     -10.003     -11.059      -6.834
       4.881      16.883      16.249       5.727       5.450       1.799     -12.890     -20.736     -20.155      -9.502
       2.098      12.790      18.762      22.728      16.170       7.196      -2.615     -14.220     -16.675     -12.444
     -10.061      -6.940       1.269       5.540      -0.055      -8.739      -9.936      -3.860      -0.353      -5.719
      -6.896       3.631      14.133      10.348      11.683      17.983      11.463      -7.333     -16.535      -3.415
       6.726      10.157       4.937       0.463       3.392      10.112      10.272      13.482      14.357      -2.639
     -20.080     -24.826     -14.881      -0.137      15.618      29.861      21.121       1.637      -8.834      -4.161
       3.672      -0.361     -13.923     -19.780     -20.421     -13.620       0.931      10.098      10.361      -0.964
      -5.944       0.595      -1.236      -9.519     -12.295     -10.145      -2.722       7.178      15.405      13.957
       2.920     -12.791     -13.128      -2.241       4.323      10.957       7.203      12.707      14.410       5.823
       6.161       6.888       4.769      -2.190      -8.162      -7.629      -1.350      11.129      18.858      18.424
       2.621       1.566      -0.267      -4.929       5.337      15.993       8.924      -7.198     -10.832      -4.492
      -0.615      -1.614       3.252       7.988      15.100      18.062       7.754       0.365       3.042      -0.512
      -5.963      -9.181      -6.704      -0.152      -2.850     -10.438      -6.253      -0.879      -7.042      -5.860
      -6.199      -5.400       1.091      -4.673     -18.982     -19.471     -28.385     -32.335     -16.805       4.395
      21.625      28.191      22.066       4.931      -5.023      -9.086      -4.218       7.472      12.914      18.366
      16.413       2.852     -15.422     -20.791     -12.113      -2.395      -4.128      -1.725       8.588      21.783
      13.401      -1.020      -2.772      -2.859      -6.860      -3.051      -2.450      -0.691       6.126      -5.541
     -17.025     -17.809     -22.895     -24.139      -4.317      11.019      15.052      20.510      14.627      -3.522
     -16.330     -22.370     -10.413       3.307       6.946      14.219      18.334       8.913       8.567      22.873
      33.346      30.401      20.362       7.512       2.265       1.682      -4.220     -14.831     -11.183      -7.702
      -9.733     -12.384     -10.096     -10.296      -6.060       0.665       8.930      24.533      32.328      26.666
       9.238      -4.290      -5.199      -6.248       0.290       0.164     -11.968     -24.661     -15.973      -2.829
      -2.009       1.420      12.346      10.173       0.973      -7.322      -8.892      -3.917       4.588       3.603
       0.474      -1.448       1.302      -1.479     -10.087      -9.888      -5.648      -6.667      -8.591      -4.619
      -4.226      -6.935      -4.364      -5.633      -1.888       1.558       6.120       4.530       5.437      16.206
      13.989      15.664      15.263       1.217     -10.287      -9.214     -11.838     -20.168     -22.593     -15.722
      -5.932      -2.781      11.004      31.698      29.390      15.897       4.637      -4.630      -3.934      -8.965
      -4.512      -1.360      -3.966     -14.634     -17.305     -14.267      -2.716      -1.341      -9.929      -8.868
     -10.262     -10.448       0.230       9.353      13.446      14.977      13.074      -1.237     -22.993     -22.951
      -7.632      -1.251      14.542      24.815      15.704      -4.943     -21.334     -26.414     -11.158       8.689
      15.585      11.686      14.543      10.574       9.105      11.966      10.195       4.405       1.221      -3.810
      -8.471       1.610       2.996      -7.236     -15.424     -18.996     -12.883      -6.723      -6.777       1.401
      12.775      20.841      16.892      11.661       4.555      -6.615      -5.315      -5.780       2.296      11.326
       8.376       0.495      -7.119     -16.047     -17.431       0.991      13.597      13.119       6.232       5.139
      -3.063     -15.558     -16.788      -4.883      -1.524      -7.129       3.083       7.298      13.080      26.705
      25.804      12.541      -0.505      -7.487      -2.090      -3.603      -8.456      -9.938      -7.886      -7.733
     -18.904     -28.616     -23.425     -12.081      -3.570       0.413      18.571      27.126      22.022       8.407
      -1.816       1.954       9.544      16.300      13.569       9.918      -5.535     -16.978      -2.257       9.267
      17.224      17.844       6.546       0.861      10.628      13.639       6.476      10.582      10.426       9.802
       9.269       5.187       1.446      -0.998      -4.677      -7.333     -13.945     -19.640      -5.764      13.979
       9.820      -9.374     -16.803      -2.494      -1.185      -6.785      -2.872      -2.877     -14.500     -17.724
      -9.137       6.866       6.165      -3.803      -0.162       4.674      -3.254      -5.670      -5.745      -2.167
      -1.051       2.200       8.180       6.229       3.409       5.147      -1.375     -12.826     -17.181      -0.295
       4.922      -1.132      -7.840      -3.226       4.342      -5.758      -9.826      -4.194      -1.314       8.636
      18.411      24.639      23.550      17.555      12.228      13.069      -0.184     -17.998     -24.722     -23.728
     -24.081     -14.793      -8.482     -12.674     -17.604     -23.538     -12.497       8.781      17.524      30.393
      31.633      10.018     -13.420     -17.683      -8.348       1.758       9.291       4.721      -1.665       7.033
      14.338       9.284      -4.912      -4.775      15.424      26.262      20.673       5.899      -9.914     -27.252
     -38.005     -24.913      -2.351       9.783      10.568       0.217     -17.730     -21.441     -12.825       7.221
      20.083      12.942      -3.005       0.978      -2.665     -12.284     -14.248     -16.415     -11.507      -6.914
     -12.669      -9.454      10.136      17.021      11.607       3.326     -13.081     -12.749      -4.128      -1.510
      -1.370       2.213      -3.331      -0.182      12.813      23.052      25.630      17.371       0.072      -9.801
      -7.797      -6.134      -3.287       2.984      -4.732      -9.303      -2.997      10.665      18.215      18.008
      22.008       8.863     -13.367     -22.630     -32.087     -38.005     -27.809      -9.806       5.405      17.868
      10.959       8.287      20.643      15.029       7.805       8.540       1.035       3.479      11.764       3.453
      -2.068      11.126      13.970       1.253     -17.445     -30.651     -29.373     -31.323     -24.949       0.913
      26.720      27.567      19.974       3.635     -21.447     -24.801     -19.324      -2.496       1.311      -2.374
      -4.233      -3.092      -3.451       5.030      22.870      28.404      20.232       4.406       2.346      17.638
      17.090       1.089      -8.458     -11.570     -16.349     -13.650      -3.867      12.516      23.411       6.223
     -13.943     -26.390     -19.054      -5.040      -3.937      -4.653       5.729      10.696       3.615      10.144
      16.941      10.391      14.351       6.366      -4.318       1.712       3.612     -10.963     -11.564      -9.607
     -15.277      -7.274       4.496       9.066      13.407       7.157       7.930       8.271       5.638      -2.016
      -8.930     -18.644     -15.385      -0.985      11.175       5.604      -7.662     -11.193     -15.763     -22.057
      -8.385       0.381       3.215      17.446      23.354      15.455      17.859      19.808       4.506     -10.040
     -17.136     -23.935      -7.639      -1.561      -0.152       0.788     -10.367     -11.256      -5.380      -0.820
       3.209       5.539      -4.150     -10.000     -10.634      -6.700       2.673      -5.657     -21.830     -22.232
      -8.305      -0.062       7.925       8.536       4.571      12.016      21.923      26.447      26.537      21.519
      13.271       2.443      -1.871      -3.281      -1.159      -0.863      -5.063       0.022       2.335      -7.299
     -17.490     -20.854     -14.521      -4.813      10.563      20.879      25.039      17.977       1.051     -12.706
      -5.863       0.195      -8.222     -15.553     -10.355       2.871      16.930      19.738      12.685      -2.487
     -17.551     -26.779     -24.947     -18.262      -0.297      14.103      18.020      17.445      12.612       6.233
       7.622       8.586      -1.070      -6.473      -7.030      -8.752      -9.333      -6.045      -1.357     -10.790
     -13.023      -0.966      10.766      16.932      12.780      -0.322      -5.469      -4.140      -9.055      -5.106
       5.763       5.642       3.003       5.006       0.619      -4.442       3.593       9.835       5.684       4.830
      11.970      13.774      10.763      -1.755     -20.254     -27.573     -23.290      -9.365       8.834      15.462
      11.544       8.133       1.706     -10.352     -11.986      -4.088       0.221      -0.735       2.361       6.387
       7.487      -1.789     -12.343      -9.965      -7.684      -2.120      10.944      16.785      16.830      16.455
      10.293       3.733       4.073      -2.491     -12.306      -7.704     -13.206     -15.770     -12.392     -12.793
      -7.115       3.255       2.629      -0.352       6.046       5.257       0.664       0.596      -4.028      -9.680
     -17.053     -16.553      -4.864       9.773      15.349      16.113      10.081       3.094      -1.236      -6.531
      -5.784      -3.194      -0.535       7.030      12.380       8.292       1.312      -2.615      -3.991       1.744
       5.628       5.586       2.041       0.706      -2.407      -4.267      -1.118       2.545       4.452       6.027
      -0.134      -9.654     -15.391      -9.841      -3.130       4.435       9.766      18.032      17.143       7.808
       5.896       4.566      -0.956      -1.285       1.173       2.125       2.077       5.560      10.635      13.053
       9.190      -0.475      -4.487      -4.565      -7.994      -7.424      -3.785      -7.649     -11.225      -3.209
      -2.993      -4.867      -6.533      -7.222      -3.664      -0.678      -1.888       2.925      11.275       5.279
      -4.006      -9.909     -12.415      -8.612      -0.480       3.414       7.961      10.022       3.583       0.118
      -3.974      -5.516      -6.142      -3.584      -0.860       0.669      -1.394       0.603       1.456      -2.246
       0.007       4.024      -1.399      -8.074      -7.924      -3.410       1.140       5.043       6.089      10.280
      10.636       3.905      -3.943      -9.252      -9.409      -5.987      -2.631       2.346       4.408       6.609
      14.161      16.855      16.092      17.011       7.802      -5.580     -10.004     -13.005     -11.852      -6.482
      -5.096      -5.484      -1.275       2.335       1.351      -0.499      -1.960      -4.320      -2.219      -0.500
      -0.822       1.698       2.625       0.595      -1.353      -0.208      -4.199      -6.222      -4.848      -1.328
      -0.334      -0.917      -0.171       1.380       3.772       6.844       6.372      -1.266      -7.344     -10.193
      -9.042      -7.632      -2.626       4.553       5.525       1.250      -0.895       0.752       3.057       2.939
       0.552       4.458       8.298       3.846      -2.790      -5.392      -2.954      -3.374      -2.371       3.599
       5.960       3.508       6.287       6.815       5.705       3.627      -0.197      -4.369      -5.110      -6.994
      -5.872      -0.429       2.006       6.832      11.975       9.259       1.864      -3.259      -6.653      -6.158
      -7.702      -8.549      -5.538      -1.608      -0.453       6.626      12.578       9.430       6.461       4.438
      -0.578      -1.919      -1.891      -3.477      -1.618      -1.938      -1.264       0.068      -1.814      -4.153
      -0.379       2.096       1.577       0.029      -1.683      -3.032       0.700       4.797       3.652      -2.385
     -10.157     -14.572     -12.929     -10.022      -6.042      -0.226       3.061       0.295       1.472       7.068
       9.704       9.562       8.413       2.213      -2.786      -4.358      -5.433      -4.797      -0.240      -1.121
      -2.420      -1.184       0.487       0.811       5.181       8.282       9.193       9.033       6.660       3.726
       0.929      -1.726      -3.976      -3.345      -4.899      -4.934      -3.206      -1.692       4.335       9.698
      11.373      11.005       6.900      -0.298      -5.218      -6.082      -5.012      -0.322       4.192       3.406
       1.426      -1.134      -4.574      -5.458      -4.755      -5.963      -7.942      -7.336      -3.907       0.544
       2.292      -0.687      -4.412      -6.988      -9.118      -8.378      -5.650      -3.195      -2.839      -2.690
      -0.169       2.975       5.582       8.186       9.167       6.004       0.760      -2.496      -0.975       0.890
       0.726       0.331       0.966      -0.337      -2.502      -3.462      -2.247      -3.125      -5.889      -5.209
      -2.817      -1.746      -0.818       2.300       4.711       6.646       7.852       7.570       7.170       4.326
       1.569      -1.532      -2.319       0.651       2.703       1.170       1.010      -0.367      -1.371       2.486
       4.145       5.491       7.417       4.534       1.035       1.847       2.013      -0.965      -2.018      -4.768
      -7.780      -7.256      -3.871      -0.481       1.862       0.413      -1.150       1.184      -0.815      -3.216
      -3.099      -4.908      -3.891      -0.485      -0.157      -0.001       0.442      -2.308      -3.977      -5.108
      -5.289      -2.723       0.790       2.817       3.465       4.790       4.516       1.458      -3.766      -8.049
      -6.541      -5.994      -7.249      -4.278      -0.137       1.413       3.960       7.345       7.830       8.427
       6.353       1.452      -2.443      -3.866      -4.585      -3.108      -2.020      -0.765       2.626       4.955
       2.684       1.414       1.527       1.848       1.931       2.531       3.633       4.212       1.637       1.043
       1.762      -0.382      -0.738       1.978       2.864       3.299       3.481       3.130       1.818       2.002
       2.933       1.609      -2.090      -4.506      -5.099      -4.936      -3.752      -2.083      -0.491      -0.293
      -0.263      -0.364       0.868       1.264       0.871       0.030      -1.283      -1.100      -2.274      -1.493
      -1.586      -4.251      -4.948      -3.425      -2.945      -1.392       0.094      -0.081       0.313      -0.031
      -1.931      -1.685      -1.753      -2.989      -3.847      -2.272      -1.379      -1.473       0.820       3.989
       4.838       4.460       3.367       0.923      -1.935      -4.139      -3.055      -1.372      -1.723      -0.577
       1.729       3.282       3.573       3.237       2.968       3.306       2.251       2.262       2.753       2.768
       1.779       1.570       2.267       1.271       1.170       0.206      -1.803      -2.917      -0.448       1.273
       1.233       2.173       2.008       1.125       1.910       3.358       3.383       1.038      -3.140      -5.942
      -6.008      -4.079      -1.341       1.726       3.437       3.220       1.183      -0.156       0.021       0.045
      -2.528      -4.101      -4.831      -7.132      -7.816      -5.925      -3.861      -2.638      -3.011      -1.923
       0.814       1.857       1.953       2.953       3.550       2.060      -0.103      -1.628      -2.939      -3.552
      -4.189      -2.462       0.534       1.396       1.587       3.217       4.253       4.861       5.356       4.197
       2.183       0.990      -0.214      -1.100      -0.907      -0.830      -0.710       0.301      -0.127      -0.034
       0.419       1.267       2.872       2.313       0.201      -0.586       0.085       0.951       1.211       1.381
       1.103       1.837       0.868      -0.957      -0.464       0.309       1.212       3.038       3.680       2.064
       2.168       1.251      -0.407       0.141       1.006       0.182       0.411      -0.302      -2.384      -3.091
      -2.405      -1.397       0.391       0.091      -1.632      -3.165      -3.632      -3.484      -2.125      -1.685
      -2.619      -2.835      -2.304      -0.824       1.073       2.175       1.977       1.350      -0.491      -2.463
      -3.130      -3.097      -2.389      -1.399       0.167       1.436       2.045       2.232       1.568       1.190
       0.948       0.893      -0.029      -0.603      -0.368      -1.660      -2.742      -2.493      -1.472      -0.004
       1.543       2.281       2.208       2.666       3.983       4.591       3.680       2.044      -0.252      -1.545
      -0.504       0.382       0.927       0.902      -0.136      -1.108      -0.383       1.800       3.218       4.065
       3.923       1.664      -0.686      -1.031      -0.688      -0.640      -1.088      -2.276      -3.680      -4.398
      -2.588      -0.253       1.475       2.318       2.602       2.182       0.782      -0.739      -1.901      -1.851
      -1.823      -2.269      -2.147      -1.821      -1.511      -0.805       0.412       1.674       1.842       0.865
      -0.064      -0.842      -1.486      -1.428      -0.980      -0.958      -1.086      -0.860      -0.498      -0.107
       0.490       0.914       1.019       0.637      -0.087      -0.676      -0.642      -0.612      -0.494      -0.023
       0.112      -0.019       0.183       0.537       0.638       0.914       1.168       1.206       1.153       0.955
       0.918       0.712       0.494       0.339       0.197      -0.170      -0.549      -0.482      -0.366      -0.248
      -0.027       0.239       0.430       0.473       0.492       0.550       0.538       0.243      -0.060      -0.275
      -0.448      -0.495      -0.358      -0.169      -0.027       0.092       0.166       0.236       0.221       0.156
       0.122       0.086       0.020      -0.047      -0.056      -0.034       0.000       0.000       0.000       0.000
       0.000       0.000       0.000       0.000       0.000       0.000       0.000       0.000       0.000       0.000
       0.000       0.000       0.000       0.000       0.000       0.000       0.000       0.000       0.000       0.000
       0.000       0.000       0.000       0.000       0.000       0.000       0.000       0.000       0.000       0.000
       0.000       0.000       0.000       0.000       0.000       0.000       0.000       0.000       0.000       0.000
       0.000       0.000       0.000       0.000       0.000       0.000       0.000       0.000       0.000       0.000
       0.000       0.000       0.000       0.000       0.000       0.000       0.000       0.000       0.000       0.000
       0.000       0.000       0.000       0.000       0.000       0.000       0.000       0.000       0.000       0.000
       0.000       0.000       0.000       0.000       0.000       0.000       0.000       0.000       0.000       0.000
       0.000       0.000       0.000       0.000       0.000       0.000       0.000       0.000       0.000       0.000
       0.000       0.000       0.000       0.000       0.000       0.000       0.000       0.000       0.000       0.000
       0.000       0.000       0.000       0.000       0.000       0.000       0.000       0.000       0.000       0.000
       0.000       0.000       0.000       0.000       0.000       0.000       0.000       0.000       0.000       0.000
       0.000       0.000       0.000       0.000       0.000       0.000       0.000       0.000       0.000       0.000
       0.000       0.000       0.000       0.000       0.000       0.000       0.000       0.000       0.000       0.000
       0.000       0.000       0.000       0.000       0.000       0.000       0.000       0.000       0.000       0.000
       0.000       0.000       0.000       0.000       0.000       0.000       0.000       0.000       0.000       0.000
       0.000       0.000       0.000       0.000       0.000       0.000       0.000       0.000       0.000       0.000
       0.000       0.000       0.000       0.000       0.000       0.000       0.000       0.000       0.000       0.000
       0.000       0.000       0.000       0.000       0.000       0.000       0.000       0.000       0.000       0.000
       0.000       0.000       0.000       0.000       0.000       0.000       0.000       0.000       0.000       0.000
       0.000       0.000       0.000       0.000       0.000       0.000       0.000       0.000       0.000       0.000
       0.000       0.000       0.000       0.000       0.000       0.000       0.000       0.000       0.000       0.000
       0.000       0.000       0.000       0.000       0.000       0.000       0.000       0.000       0.000       0.000
       0.000       0.000       0.000       0.000       0.000       0.000       0.000       0.000       0.000       0.000
       0.000       0.000       0.000       0.000       0.000       0.000       0.000       0.000       0.000       0.000
       0.000       0.000       0.000       0.000       0.000       0.000       0.000       0.000       0.000       0.000
       0.000       0.000       0.000       0.000       0.000       0.000       0.000       0.000       0.000       0.000
       0.000       0.000       0.000       0.000       0.000       0.000       0.000       0.000       0.000       0.000
       0.000       0.000       0.000       0.000       0.000       0.000       0.000       0.000       0.000       0.000
       0.000       0.000       0.000       0.000       0.000       0.000       0.000       0.000       0.000       0.000
       0.000       0.000       0.000       0.000       0.000       0.000       0.000       0.000       0.000       0.000
       0.000       0.000       0.000       0.000       0.000       0.000       0.000       0.000       0.000       0.000
       0.000       0.000       0.000       0.000       0.000       0.000       0.000       0.000       0.000       0.000
       0.000       0.000       0.000       0.000       0.000       0.000       0.000       0.000       0.000       0.000
       0.000       0.000       0.000       0.000       0.000       0.000       0.000       0.000       0.000       0.000
       0.000       0.000       0.000       0.000       0.000       0.000       0.000       0.000       0.000       0.000
       0.000       0.000       0.000       0.000       0.000       0.000       0.000       0.000       0.000       0.000
       0.000       0.000       0.000       0.000       0.000       0.000       0.000       0.000       0.000       0.000
       0.000       0.000       0.000       0.000       0.000       0.000       0.000       0.000       0.000       0.000
       0.000       0.000       0.000       0.000       0.000       0.000       0.000       0.000       0.000       0.000
       0.000       0.000       0.000       0.000       0.000       0.000       0.000       0.000       0.000       0.000
       0.000       0.000       0.000       0.000       0.000       0.000       0.000       0.000       0.000       0.000
       0.000       0.000       0.000       0.000       0.000       0.000       0.000       0.000       0.000       0.000
       0.000       0.000       0.000       0.000       0.000       0.000       0.000       0.000       0.000       0.000
       0.000       0.000       0.000       0.000       0.000       0.000       0.000       0.000       0.000       0.000
       0.000       0.000       0.000       0.000       0.000       0.000       0.000       0.000       0.000       0.000
       0.000       0.000       0.000       0.000       0.000       0.000       0.000       0.000       0.000       0.000
       0.000       0.000       0.000       0.000       0.000       0.000       0.000       0.000       0.000       0.000
       0.000       0.000       0.000       0.000       0.000       0.000       0.000       0.000       0.000       0.000
       0.000       0.000       0.000       0.000       0.000       0.000       0.000       0.000       0.000       0.000
       0.000       0.000       0.000       0.000       0.000       0.000       0.000       0.000       0.000       0.000
       0.000       0.000       0.000       0.000       0.000       0.000       0.000       0.000       0.000       0.000
       0.000       0.000       0.000       0.000       0.000       0.000       0.000       0.000       0.000       0.000
       0.000       0.000       0.000       0.000       0.000       0.000       0.000       0.000       0.000       0.000
       0.000       0.000       0.000       0.000       0.000       0.000       0.000       0.000       0.000       0.000
       0.000       0.000       0.000       0.000       0.000       0.000       0.000       0.000       0.000       0.000
       0.000       0.000       0.000       0.000       0.000       0.000       0.000       0.000       0.000       0.000
       0.000       0.000       0.000       0.000       0.000       0.000       0.000       0.000       0.000       0.000
       0.000       0.000       0.000       0.000       0.000       0.000       0.000       0.000       0.000       0.000
       0.000       0.000       0.000       0.000       0.000       0.000       0.000       0.000       0.000       0.000
       0.000       0.000       0.000       0.000       0.000       0.000       0.000       0.000       0.000       0.000
       0.000       0.000       0.000       0.000       0.000       0.000       0.000       0.000       0.000       0.000
       0.000       0.000       0.000       0.000       0.000       0.000       0.000       0.000       0.000       0.000
       0.000       0.000       0.000       0.000       0.000       0.000       0.000       0.000       0.000       0.000
       0.000       0.000       0.000       0.000       0.000       0.000       0.000       0.000       0.000       0.000
       0.000       0.000       0.000       0.000       0.000       0.000       0.000       0.000       0.000       0.000
       0.000       0.000       0.000       0.000       0.000       0.000       0.000       0.000       0.000       0.000
       0.000       0.000       0.000       0.000       0.000       0.000       0.000       0.000       0.000       0.000
       0.000       0.000       0.000       0.000       0.000       0.000       0.000       0.000       0.000       0.000
       0.000       0.000       0.000       0.000       0.000       0.000       0.000       0.000       0.000       0.000
       0.000       0.000       0.000       0.000       0.000       0.000       0.000       0.000       0.000       0.000
       0.000       0.000       0.000       0.000       0.000       0.000       0.000       0.000       0.000       0.000
       0.000       0.000       0.000       0.000       0.000       0.000       0.000       0.000       0.000       0.000
       0.000       0.000       0.000       0.000       0.000       0.000       0.000       0.000       0.000       0.000
       0.000       0.000       0.000       0.000       0.000       0.000       0.000       0.000       0.000       0.000
       0.000       0.000       0.000       0.000       0.000       0.000       0.000       0.000       0.000       0.000
       0.000       0.000       0.000       0.000       0.000       0.000       0.000       0.000       0.000       0.000
       0.000       0.000       0.000       0.000       0.000       0.000       0.000       0.000       0.000       0.000
       0.000       0.000       0.000       0.000       0.000       0.000       0.000       0.000       0.000       0.000
       0.000       0.000       0.000       0.000       0.000       0.000       0.000       0.000       0.000       0.000
       0.000       0.000       0.000       0.000       0.000       0.000       0.000       0.000       0.000       0.000
       0.000       0.000       0.000       0.000       0.000       0.000       0.000       0.000       0.000       0.000
       0.000       0.000       0.000       0.000       0.000       0.000       0.000       0.000       0.000       0.000
       0.000       0.000       0.000       0.000       0.000       0.000       0.000       0.000       0.000       0.000
       0.000       0.000       0.000       0.000       0.000       0.000       0.000       0.000       0.000       0.000
       0.000       0.000       0.000       0.000       0.000       0.000       0.000       0.000       0.000       0.000
       0.000       0.000       0.000       0.000       0.000       0.000       0.000       0.000       0.000       0.000
       0.000       0.000       0.000       0.000       0.000       0.000       0.000       0.000       0.000       0.000
       0.000       0.000       0.000       0.000       0.000       0.000       0.000       0.000       0.000       0.000
       0.000       0.000       0.000       0.000       0.000       0.000       0.000       0.000       0.000       0.000
       0.000       0.000       0.000       0.000       0.000       0.000       0.000       0.000       0.000       0.000
       0.000       0.000       0.000       0.000       0.000       0.000       0.000       0.000       0.000       0.000
       0.000       0.000       0.000       0.000       0.000       0.000       0.000       0.000       0.000       0.000
       0.000       0.000       0.000       0.000       0.000       0.000       0.000       0.000       0.000       0.000
       0.000       0.000       0.000       0.000       0.000       0.000       0.000       0.000       0.000       0.000
       0.000       0.000       0.000       0.000       0.000       0.000       0.000       0.000       0.000       0.000
       0.000       0.000       0.000       0.000       0.000       0.000       0.000       0.000       0.000       0.000
       0.000       0.000       0.000       0.000       0.000       0.000       0.000       0.000       0.000       0.000
       0.000       0.000       0.000       0.000       0.000       0.000       0.000       0.000       0.000       0.000
       0.000       0.000       0.000       0.000       0.000       0.000       0.000       0.000       0.000       0.000
       0.000       0.000       0.000       0.000       0.000       0.000       0.000       0.000       0.000       0.000
       0.000       0.000       0.000       0.000       0.000       0.000       0.000       0.000       0.000       0.000
       0.000       0.000       0.000       0.000       0.000       0.000       0.000       0.000       0.000       0.000
       0.000       0.000       0.000       0.000       0.000       0.000       0.000       0.000       0.000       0.000
       0.000       0.000       0.000       0.000       0.000       0.000       0.000       0.000       0.000       0.000
       0.000       0.000       0.000       0.000       0.000       0.000       0.000       0.000       0.000       0.000
       0.000       0.000       0.000       0.000       0.000       0.000       0.000       0.000       0.000       0.000
       0.000       0.000       0.000       0.000       0.000       0.000       0.000       0.000       0.000       0.000
       0.000       0.000       0.000       0.000       0.000       0.000       0.000       0.000       0.000       0.000
       0.000       0.000       0.000       0.000       0.000       0.000       0.000       0.000       0.000       0.000
       0.000       0.000       0.000       0.000       0.000       0.000       0.000       0.000       0.000       0.000
       0.000       0.000       0.000       0.000       0.000       0.000       0.000       0.000       0.000       0.000
       0.000       0.000       0.000       0.000       0.000       0.000       0.000       0.000       0.000       0.000
       0.000       0.000       0.000       0.000       0.000       0.000       0.000       0.000       0.000       0.000
       0.000       0.000       0.000       0.000       0.000       0.000       0.000       0.000       0.000       0.000
       0.000       0.000       0.000       0.000       0.000       0.000       0.000       0.000       0.000       0.000
       0.000       0.000       0.000       0.000       0.000       0.000       0.000       0.000       0.000       0.000
       0.000       0.000       0.000       0.000       0.000       0.000       0.000       0.000       0.000       0.000
       0.000       0.000       0.000       0.000       0.000       0.000       0.000       0.000       0.000       0.000
       0.000       0.000       0.000       0.000       0.000       0.000       0.000       0.000       0.000       0.000
       0.000       0.000       0.000       0.000       0.000       0.000       0.000       0.000       0.000       0.000
       0.000       0.000       0.000       0.000       0.000       0.000       0.000       0.000       0.000       0.000
       0.000       0.000       0.000       0.000       0.000       0.000       0.000       0.000       0.000       0.000
       0.000       0.000       0.000       0.000       0.000       0.000       0.000       0.000       0.000       0.000
       0.000       0.000       0.000       0.000       0.000       0.000       0.000       0.000       0.000       0.000
       0.000       0.000       0.000       0.000       0.000       0.000       0.000       0.000       0.000       0.000
       0.000       0.000       0.000       0.000       0.000       0.000       0.000       0.000       0.000       0.000
       0.000       0.000       0.000       0.000       0.000       0.000       0.000       0.000       0.000       0.000
       0.000       0.000       0.000       0.000       0.000       0.000       0.000       0.000       0.000       0.000
       0.000       0.000       0.000       0.000       0.000       0.000       0.000       0.000       0.000       0.000
       0.000       0.000       0.000       0.000       0.000       0.000       0.000       0.000       0.000       0.000
       0.000       0.000       0.000       0.000       0.000       0.000       0.000       0.000       0.000       0.000
       0.000       0.000       0.000       0.000       0.000       0.000       0.000       0.000       0.000       0.000
       0.000       0.000       0.000       0.000       0.000       0.000       0.000       0.000       0.000       0.000
       0.000       0.000       0.000       0.000       0.000       0.000       0.000       0.000       0.000       0.000
       0.000       0.000       0.000       0.000       0.000       0.000       0.000       0.000       0.000       0.000
       0.000       0.000       0.000       0.000       0.000       0.000       0.000       0.000       0.000       0.000
       0.000       0.000       0.000       0.000       0.000       0.000       0.000       0.000       0.000       0.000
       0.000       0.000       0.000       0.000       0.000       0.000       0.000       0.000       0.000       0.000
       0.000       0.000       0.000       0.000       0.000       0.000       0.000       0.000       0.000       0.000
       0.000       0.000       0.000       0.000       0.000       0.000       0.000       0.000       0.000       0.000
       0.000       0.000       0.000       0.000       0.000       0.000       0.000       0.000       0.000       0.000
       0.000       0.000       0.000       0.000       0.000       0.000       0.000       0.000       0.000       0.000
       0.000       0.000       0.000       0.000       0.000       0.000       0.000       0.000       0.000       0.000
       0.000       0.000       0.000       0.000       0.000       0.000       0.000       0.000       0.000       0.000
       0.000       0.000       0.000       0.000       0.000       0.000       0.000       0.000       0.000       0.000
       0.000       0.000       0.000       0.000       0.000       0.000       0.000       0.000       0.000       0.000
       0.000       0.000       0.000       0.000       0.000       0.000       0.000       0.000       0.000       0.000
       0.000       0.000       0.000       0.000       0.000       0.000       0.000       0.000       0.000       0.000
       0.000       0.000       0.000       0.000       0.000       0.000       0.000       0.000       0.000       0.000
       0.000       0.000       0.000       0.000       0.000       0.000       0.000       0.000       0.000       0.000
       0.000       0.000       0.000       0.000       0.000       0.000       0.000       0.000       0.000       0.000
       0.000       0.000       0.000       0.000       0.000       0.000       0.000       0.000       0.000       0.000
       0.000       0.000       0.000       0.000       0.000       0.000       0.000       0.000       0.000       0.000
       0.000       0.000       0.000       0.000       0.000       0.000       0.000       0.000       0.000       0.000
       0.000       0.000       0.000       0.000       0.000       0.000       0.000       0.000       0.000       0.000
       0.000       0.000       0.000       0.000       0.000       0.000       0.000       0.000       0.000       0.000
       0.000       0.000       0.000       0.000       0.000       0.000       0.000       0.000       0.000       0.000
       0.000       0.000       0.000       0.000       0.000       0.000       0.000       0.000       0.000       0.000
       0.000       0.000       0.000       0.000       0.000       0.000       0.000       0.000       0.000       0.000
       0.000       0.000       0.000       0.000       0.000       0.000       0.000       0.000       0.000       0.000
       0.000       0.000       0.000       0.000       0.000       0.000       0.000       0.000       0.000       0.000
       0.000       0.000       0.000       0.000       0.000       0.000       0.000       0.000       0.000       0.000
       0.000       0.000       0.000       0.000       0.000       0.000       0.000       0.000       0.000       0.000
       0.000       0.000       0.000       0.000       0.000       0.000       0.000       0.000       0.000       0.000
       0.000       0.000       0.000       0.000       0.000       0.000       0.000       0.000       0.000       0.000
       0.000       0.000       0.000       0.000       0.000       0.000       0.000       0.000       0.000       0.000
       0.000       0.000       0.000       0.000       0.000       0.000       0.000       0.000       0.000       0.000
       0.000       0.000       0.000       0.000       0.000       0.000       0.000       0.000       0.000       0.000
       0.000       0.000       0.000       0.000       0.000       0.000       0.000       0.000       0.000       0.000
       0.000       0.000       0.000       0.000       0.000       0.000       0.000       0.000       0.000       0.000
       0.000       0.000       0.000       0.000       0.000       0.000       0.000       0.000       0.000       0.000
       0.000       0.000       0.000       0.000       0.000       0.000       0.000       0.000       0.000       0.000
       0.000       0.000       0.000       0.000       0.000       0.000       0.000       0.000       0.000       0.000
       0.000       0.000       0.000       0.000       0.000       0.000       0.000       0.000       0.000       0.000
       0.000       0.000       0.000       0.000       0.000       0.000       0.000       0.000       0.000       0.000
       0.000       0.000       0.000       0.000       0.000       0.000       0.000       0.000       0.000       0.000
       0.000       0.000       0.000       0.000       0.000       0.000       0.000       0.000       0.000       0.000
       0.000       0.000       0.000       0.000       0.000       0.000       0.000       0.000       0.000       0.000
       0.000       0.000       0.000       0.000       0.000       0.000       0.000       0.000       0.000       0.000
       0.000       0.000       0.000       0.000       0.000       0.000       0.000       0.000       0.000       0.000
       0.000       0.000       0.000       0.000       0.000       0.000       0.000       0.000       0.000       0.000
       0.000       0.000       0.000       0.000       0.000       0.000       0.000       0.000       0.000       0.000
       0.000       0.000       0.000       0.000       0.000       0.000       0.000       0.000       0.000       0.000
       0.000       0.000       0.000       0.000       0.000       0.000       0.000       0.000       0.000       0.000
       0.000       0.000       0.000       0.000       0.000       0.000       0.000       0.000       0.000       0.000
       0.000       0.000       0.000       0.000       0.000       0.000       0.000       0.000       0.000       0.000
       0.000       0.000       0.000       0.000       0.000       0.000       0.000       0.000       0.000       0.000
       0.000       0.000       0.000       0.000       0.000       0.000       0.000       0.000       0.000       0.000
       0.000       0.000       0.000       0.000       0.000       0.000       0.000       0.000       0.000       0.000
       0.000       0.000       0.000       0.000       0.000       0.000       0.000       0.000       0.000       0.000
       0.000       0.000       0.000       0.000       0.000       0.000       0.000       0.000       0.000       0.000
       0.000       0.000       0.000       0.000       0.000       0.000       0.000       0.000       0.000       0.000
       0.000       0.000       0.000       0.000       0.000       0.000       0.000       0.000       0.000       0.000
       0.000       0.000       0.000       0.000       0.000       0.000       0.000       0.000       0.000       0.000
       0.000       0.000       0.000       0.000       0.000       0.000       0.000       0.000       0.000       0.000
       0.000       0.000       0.000       0.000       0.000       0.000       0.000       0.000       0.000       0.000
       0.000       0.000       0.000       0.000       0.000       0.000       0.000       0.000       0.000       0.000
       0.000       0.000       0.000       0.000       0.000       0.000       0.000       0.000       0.000       0.000
       0.000       0.000       0.000       0.000       0.000       0.000       0.000       0.000       0.000       0.000
       0.000       0.000       0.000       0.000       0.000       0.000       0.000       0.000       0.000       0.000
       0.000       0.000       0.000       0.000       0.000       0.000       0.000       0.000       0.000       0.000
       0.000       0.000       0.000       0.000       0.000       0.000