   0.020          -0.6000000E-02
   0.040          -0.6000000E-02
   0.060          -0.6000000E-02
   0.080          -0.5000000E-02
   0.100          -0.6000000E-02
   0.120          -0.6000000E-02
   0.140          -0.9000000E-02
   0.160          -0.6000000E-02
   0.180          -0.6000000E-02
   0.200          -0.3000000E-02
   0.220          -0.6000000E-02
   0.240          -0.6000000E-02
   0.260           0.1000000E-02
   0.280          -0.6000000E-02
   0.300          -0.6000000E-02
   0.320           0.1200000E-01
   0.340          -0.5000000E-02
   0.360          -0.5000000E-02
   0.380          -0.1000000E-01
   0.400          -0.7000000E-02
   0.420          -0.7000000E-02
   0.440          -0.1100000E-01
   0.460          -0.8000000E-02
   0.480          -0.7000000E-02
   0.500          -0.1800000E-01
   0.520          -0.3900000E-01
   0.540          -0.1300000E-01
   0.560          -0.4000000E-02
   0.580           0.7000000E-02
   0.600           0.1900000E-01
   0.620           0.4000000E-02
   0.640           0.7000000E-01
   0.660           0.1000000E-02
   0.680           0.4000000E-02
   0.700           0.6200000E-01
   0.720           0.5000000E-02
   0.740           0.0000000E+00
   0.760           0.1050000E+00
   0.780          -0.2000000E-02
   0.800           0.6000000E-02
   0.820          -0.1190000E+00
   0.840          -0.2700000E-01
   0.860          -0.3000000E-01
   0.880          -0.9900000E-01
   0.900          -0.2200000E-01
   0.920          -0.1900000E-01
   0.940          -0.8200000E-01
   0.960          -0.3100000E-01
   0.980          -0.4300000E-01
   1.000          -0.1170000E+00
   1.020          -0.2000000E-01
   1.040           0.2000000E-01
   1.060           0.1700000E+00
   1.080           0.1370000E+00
   1.100           0.3400000E-01
   1.120          -0.7700000E-01
   1.140          -0.2210000E+00
   1.160          -0.2300000E+00
   1.180          -0.7600000E-01
   1.200          -0.6600000E-01
   1.220          -0.9400000E-01
   1.240          -0.5600000E-01
   1.260          -0.8300000E-01
   1.280          -0.2430000E+00
   1.300          -0.3380000E+00
   1.320          -0.1400000E+00
   1.340           0.7200000E-01
   1.360           0.3580000E+00
   1.380           0.1080000E+00
   1.400          -0.7800000E-01
   1.420          -0.2450000E+00
   1.440          -0.4030000E+00
   1.460          -0.5900000E-01
   1.480           0.4400000E-01
   1.500           0.2450000E+00
   1.520           0.1330000E+00
   1.540           0.1200000E+00
   1.560           0.4150000E+00
   1.580           0.4880000E+00
   1.600           0.2700000E-01
   1.620           0.1120000E+00
   1.640           0.4160000E+00
   1.660           0.1750000E+00
   1.680          -0.3500000E-01
   1.700          -0.3920000E+00
   1.720          -0.4160000E+00
   1.740          -0.4090000E+00
   1.760          -0.6200000E+00
   1.780          -0.1450000E+00
   1.800           0.1330000E+00
   1.820           0.3750000E+00
   1.840           0.6080000E+00
   1.860           0.6810000E+00
   1.880           0.6940000E+00
   1.900           0.3070000E+00
   1.920          -0.3700000E-01
   1.940          -0.1780000E+00
   1.960           0.6680000E+00
   1.980          -0.2790000E+00
   2.000           0.7890000E+00
   2.020           0.3370000E+00
   2.040          -0.1000000E-01
   2.060          -0.4250000E+00
   2.080          -0.4740000E+00
   2.100          -0.1690000E+00
   2.120          -0.3860000E+00
   2.140          -0.4730000E+00
   2.160          -0.4410000E+00
   2.180          -0.7240000E+00
   2.200          -0.9260000E+00
   2.220          -0.9870000E+00
   2.240          -0.7060000E+00
   2.260          -0.6550000E+00
   2.280          -0.1140000E+00
   2.300           0.3100000E+00
   2.320           0.5460000E+00
   2.340           0.1073000E+01
   2.360           0.6470000E+00
   2.380           0.7230000E+00
   2.400           0.1142000E+01
   2.420           0.8440000E+00
   2.440           0.5550000E+00
   2.460          -0.3920000E+00
   2.480          -0.1233000E+01
   2.500          -0.7600000E+00
   2.520          -0.6180000E+00
   2.540          -0.6850000E+00
   2.560          -0.1314000E+01
   2.580          -0.1297000E+01
   2.600          -0.1194000E+01
   2.620          -0.8750000E+00
   2.640          -0.5140000E+00
   2.660          -0.2810000E+00
   2.680          -0.1900000E+00
   2.700           0.1180000E+00
   2.720          -0.8450000E+00
   2.740          -0.7450000E+00
   2.760          -0.1528000E+01
   2.780          -0.9230000E+00
   2.800          -0.1377000E+01
   2.820          -0.9710000E+00
   2.840          -0.1618000E+01
   2.860          -0.1040000E+01
   2.880          -0.1269000E+01
   2.900          -0.1078000E+01
   2.920          -0.1511000E+01
   2.940          -0.9850000E+00
   2.960          -0.1704000E+01
   2.980          -0.1544000E+01
   3.000          -0.1806000E+01
   3.020          -0.7390000E+00
   3.040          -0.1429000E+01
   3.060          -0.7100000E+00
   3.080           0.1520000E+00
   3.100           0.1223000E+01
   3.120           0.1942000E+01
   3.140           0.1365000E+01
   3.160           0.9430000E+00
   3.180           0.1019000E+01
   3.200           0.1143000E+01
   3.220           0.1716000E+01
   3.240           0.2028000E+01
   3.260           0.2122000E+01
   3.280           0.1594000E+01
   3.300           0.7520000E+00
   3.320           0.2670000E+00
   3.340          -0.1573000E+01
   3.360          -0.9610000E+00
   3.380           0.1710000E+00
   3.400           0.2100000E+01
   3.420           0.2338000E+01
   3.440           0.1477000E+01
   3.460           0.4240000E+00
   3.480          -0.7990000E+00
   3.500          -0.6020000E+00
   3.520           0.9740000E+00
   3.540           0.1762000E+01
   3.560           0.2535000E+01
   3.580           0.1929000E+01
   3.600           0.2369000E+01
   3.620           0.8140000E+00
   3.640           0.2950000E+00
   3.660          -0.1244000E+01
   3.680           0.1723000E+01
   3.700           0.1588000E+01
   3.720           0.1559000E+01
   3.740           0.5220000E+00
   3.760           0.1850000E+00
   3.780          -0.8750000E+00
   3.800           0.1890000E+00
   3.820          -0.2307000E+01
   3.840          -0.1970000E+00
   3.860          -0.7240000E+00
   3.880          -0.6780000E+00
   3.900          -0.1994000E+01
   3.920          -0.1212000E+01
   3.940          -0.4800000E+00
   3.960           0.9820000E+00
   3.980           0.3520000E+00
   4.000           0.4390000E+00
   4.020           0.2430000E+00
   4.040           0.9240000E+00
   4.060          -0.3360000E+00
   4.080           0.6740000E+00
   4.100           0.1445000E+01
   4.120           0.1664000E+01
   4.140           0.3435000E+01
   4.160           0.2963000E+01
   4.180           0.1149000E+01
   4.200          -0.1065000E+01
   4.220          -0.1047000E+01
   4.240          -0.2253000E+01
   4.260          -0.3551000E+01
   4.280          -0.3685000E+01
   4.300          -0.3607000E+01
   4.320          -0.3714000E+01
   4.340          -0.3080000E+01
   4.360          -0.2559000E+01
   4.380          -0.5200000E-01
   4.400           0.4490000E+00
   4.420           0.3117000E+01
   4.440           0.3160000E+01
   4.460           0.5330000E+00
   4.480          -0.2346000E+01
   4.500          -0.2171000E+01
   4.520          -0.9510000E+00
   4.540          -0.3880000E+00
   4.560          -0.1366000E+01
   4.580          -0.2205000E+01
   4.600          -0.1583000E+01
   4.620          -0.2843000E+01
   4.640          -0.4333000E+01
   4.660          -0.3788000E+01
   4.680          -0.1925000E+01
   4.700          -0.1930000E+00
   4.720           0.1097000E+01
   4.740           0.2130000E+01
   4.760           0.4281000E+01
   4.780           0.3719000E+01
   4.800           0.1827000E+01
   4.820           0.1505000E+01
   4.840          -0.9030000E+00
   4.860           0.1870000E+00
   4.880           0.2660000E+00
   4.900           0.1346000E+01
   4.920           0.4736000E+01
   4.940           0.4287000E+01
   4.960           0.4140000E+00
   4.980          -0.2034000E+01
   5.000          -0.1080000E+01
   5.020           0.1157000E+01
   5.040           0.1208000E+01
   5.060          -0.1077000E+01
   5.080           0.1370000E+00
   5.100          -0.6890000E+00
   5.120          -0.2726000E+01
   5.140          -0.1735000E+01
   5.160          -0.4170000E+00
   5.180          -0.2080000E+00
   5.200           0.8970000E+00
   5.220           0.1768000E+01
   5.240           0.4025000E+01
   5.260           0.2437000E+01
   5.280           0.7840000E+00
   5.300           0.1944000E+01
   5.320           0.2794000E+01
   5.340           0.1326000E+01
   5.360           0.7580000E+00
   5.380          -0.2049000E+01
   5.400          -0.1132000E+01
   5.420          -0.1497000E+01
   5.440           0.2630000E+00
   5.460           0.1180000E+00
   5.480           0.8300000E+00
   5.500           0.5720000E+00
   5.520          -0.1268000E+01
   5.540           0.2760000E+00
   5.560           0.1020000E+00
   5.580          -0.1547000E+01
   5.600          -0.2860000E+01
   5.620          -0.6440000E+00
   5.640          -0.1980000E+00
   5.660          -0.4829000E+01
   5.680          -0.2415000E+01
   5.700           0.1576000E+01
   5.720           0.6529000E+01
   5.740           0.6627000E+01
   5.760           0.4113000E+01
   5.780           0.5410000E+00
   5.800          -0.3858000E+01
   5.820          -0.4754000E+01
   5.840          -0.4509000E+01
   5.860           0.3190000E+00
   5.880           0.4341000E+01
   5.900           0.4807000E+01
   5.920           0.3525000E+01
   5.940          -0.2555000E+01
   5.960          -0.6196000E+01
   5.980          -0.6618000E+01
   6.000          -0.5408000E+01
   6.020           0.1509000E+01
   6.040           0.4832000E+01
   6.060           0.2285000E+01
   6.080           0.2340000E+01
   6.100           0.4050000E+00
   6.120          -0.2164000E+01
   6.140          -0.1904000E+01
   6.160          -0.2075000E+01
   6.180           0.3616000E+01
   6.200           0.2869000E+01
   6.220           0.1898000E+01
   6.240          -0.2476000E+01
   6.260          -0.4513000E+01
   6.280          -0.3419000E+01
   6.300          -0.7371000E+01
   6.320          -0.7093000E+01
   6.340          -0.6046000E+01
   6.360          -0.3611000E+01
   6.380          -0.1169000E+01
   6.400           0.8780000E+00
   6.420           0.2940000E+01
   6.440           0.6061000E+01
   6.460           0.7915000E+01
   6.480           0.8380000E+01
   6.500           0.5918000E+01
   6.520           0.1795000E+01
   6.540          -0.3900000E+00
   6.560          -0.2937000E+01
   6.580          -0.8316000E+01
   6.600          -0.8782000E+01
   6.620          -0.7041000E+01
   6.640           0.2300000E+00
   6.660           0.4784000E+01
   6.680           0.8945000E+01
   6.700           0.9040000E+01
   6.720           0.8115000E+01
   6.740           0.5563000E+01
   6.760           0.1586000E+01
   6.780          -0.4870000E+01
   6.800          -0.6112000E+01
   6.820          -0.6249000E+01
   6.840          -0.2163000E+01
   6.860          -0.8170000E+00
   6.880           0.3952000E+01
   6.900           0.3626000E+01
   6.920           0.6230000E+00
   6.940           0.1003000E+01
   6.960           0.2346000E+01
   6.980           0.6600000E-01
   7.000           0.2133000E+01
   7.020           0.1849000E+01
   7.040          -0.2803000E+01
   7.060          -0.6358000E+01
   7.080          -0.5257000E+01
   7.100          -0.3708000E+01
   7.120          -0.1557000E+01
   7.140           0.3393000E+01
   7.160           0.8423000E+01
   7.180           0.7059000E+01
   7.200           0.5916000E+01
   7.220           0.2135000E+01
   7.240          -0.1882000E+01
   7.260          -0.7213000E+01
   7.280          -0.6720000E+01
   7.300          -0.4178000E+01
   7.320          -0.3573000E+01
   7.340           0.1483000E+01
   7.360           0.8194000E+01
   7.380           0.4754000E+01
   7.400          -0.1722000E+01
   7.420          -0.8363000E+01
   7.440          -0.1116600E+02
   7.460          -0.8277000E+01
   7.480          -0.4492000E+01
   7.500          -0.4388000E+01
   7.520          -0.3400000E+00
   7.540           0.3931000E+01
   7.560           0.5082000E+01
   7.580           0.8693000E+01
   7.600           0.1164100E+02
   7.620           0.6784000E+01
   7.640           0.2530000E+00
   7.660          -0.4873000E+01
   7.680          -0.1065200E+02
   7.700          -0.1182200E+02
   7.720          -0.9327000E+01
   7.740          -0.6440000E+01
   7.760          -0.2186000E+01
   7.780           0.3019000E+01
   7.800           0.3055000E+01
   7.820           0.1043300E+02
   7.840           0.1239000E+02
   7.860           0.5725000E+01
   7.880          -0.4937000E+01
   7.900          -0.5492000E+01
   7.920           0.1524000E+01
   7.940           0.9600000E+01
   7.960           0.7081000E+01
   7.980          -0.3210000E+00
   8.000          -0.4008000E+01
   8.020          -0.4898000E+01
   8.040          -0.3249000E+01
   8.060          -0.2940000E+00
   8.080           0.1976000E+01
   8.100           0.3178000E+01
   8.120           0.2527000E+01
   8.140           0.8080000E+01
   8.160           0.9696000E+01
   8.180           0.4530000E+01
   8.200           0.4440000E+00
   8.220          -0.2234000E+01
   8.240          -0.6902000E+01
   8.260          -0.7868000E+01
   8.280          -0.3953000E+01
   8.300           0.9150000E+00
   8.320           0.4370000E+01
   8.340          -0.2308000E+01
   8.360          -0.1096600E+02
   8.380          -0.8607000E+01
   8.400          -0.8140000E+00
   8.420           0.4259000E+01
   8.440           0.9355000E+01
   8.460           0.3999000E+01
   8.480          -0.9040000E+00
   8.500           0.5829000E+01
   8.520           0.6318000E+01
   8.540           0.4950000E+00
   8.560          -0.5903000E+01
   8.580          -0.1039100E+02
   8.600          -0.3595000E+01
   8.620           0.2263000E+01
   8.640           0.6507000E+01
   8.660           0.2171000E+01
   8.680          -0.6248000E+01
   8.700          -0.5559000E+01
   8.720           0.6200000E+00
   8.740           0.4439000E+01
   8.760          -0.1530000E+00
   8.780          -0.1775000E+01
   8.800          -0.8500000E-01
   8.820           0.1189000E+01
   8.840          -0.5160000E+01
   8.860          -0.4903000E+01
   8.880          -0.6968000E+01
   8.900          -0.5026000E+01
   8.920           0.3780000E+00
   8.940          -0.2160000E+00
   8.960          -0.1760000E+01
   8.980           0.8230000E+00
   9.000           0.2937000E+01
   9.020           0.7700000E+01
   9.040           0.6620000E+00
   9.060          -0.4602000E+01
   9.080          -0.2108000E+01
   9.100           0.7404000E+01
   9.120           0.7457000E+01
   9.140           0.7708000E+01
   9.160          -0.3734000E+01
   9.180          -0.9422000E+01
   9.200          -0.1210500E+02
   9.220          -0.9019000E+01
   9.240          -0.8455000E+01
   9.260           0.4020000E+00
   9.280           0.7953000E+01
   9.300           0.1170300E+02
   9.320           0.1752700E+02
   9.340           0.1492100E+02
   9.360           0.9742000E+01
   9.380           0.7569000E+01
   9.400           0.3830000E+00
   9.420          -0.1284600E+02
   9.440          -0.1743500E+02
   9.460          -0.1483600E+02
   9.480          -0.3995000E+01
   9.500          -0.2194000E+01
   9.520          -0.1012000E+01
   9.540           0.5330000E+00
   9.560          -0.6900000E+00
   9.580           0.1334000E+01
   9.600          -0.2325000E+01
   9.620          -0.1220000E+00
   9.640           0.1747000E+01
   9.660           0.1060000E+00
   9.680           0.5393000E+01
   9.700           0.9598000E+01
   9.720           0.7664000E+01
   9.740           0.1516000E+01
   9.760          -0.8997000E+01
   9.780          -0.9820000E+01
   9.800          -0.3437000E+01
   9.820          -0.5850000E+00
   9.840          -0.7750000E+00
   9.860          -0.1556000E+01
   9.880           0.3220000E+01
   9.900           0.3984000E+01
   9.920           0.7871000E+01
   9.940          -0.1794000E+01
   9.960          -0.7947000E+01
   9.980          -0.9871000E+01
  10.000          -0.2580000E+01
  10.020           0.5903000E+01
  10.040           0.6463000E+01
  10.060           0.9888000E+01
  10.080           0.9380000E+00
  10.100          -0.7786000E+01
  10.120           0.1042000E+01
  10.140           0.1388000E+01
  10.160           0.5955000E+01
  10.180           0.1406400E+02
  10.200           0.1036300E+02
  10.220           0.1398700E+02
  10.240           0.5720000E+00
  10.260          -0.3912000E+01
  10.280          -0.1023700E+02
  10.300          -0.7163000E+01
  10.320           0.3323000E+01
  10.340          -0.3758000E+01
  10.360          -0.8888000E+01
  10.380          -0.3003000E+01
  10.400          -0.1442300E+02
  10.420          -0.5468000E+01
  10.440          -0.2766000E+01
  10.460          -0.1982000E+01
  10.480          -0.6641000E+01
  10.500           0.2203000E+01
  10.520           0.1091600E+02
  10.540           0.1877500E+02
  10.560           0.1178200E+02
  10.580           0.1201600E+02
  10.600           0.5246000E+01
  10.620          -0.6282000E+01
  10.640          -0.1499500E+02
  10.660          -0.2295500E+02
  10.680          -0.1398000E+02
  10.700           0.1007000E+01
  10.720           0.1713000E+01
  10.740           0.1000800E+02
  10.760           0.4423000E+01
  10.780           0.4771000E+01
  10.800           0.5413000E+01
  10.820          -0.6638000E+01
  10.840          -0.2943000E+01
  10.860           0.1362800E+02
  10.880           0.1948100E+02
  10.900           0.8736000E+01
  10.920          -0.6673000E+01
  10.940          -0.1646700E+02
  10.960          -0.1249900E+02
  10.980          -0.5616000E+01
  11.000           0.1106000E+01
  11.020           0.5439000E+01
  11.040           0.7672000E+01
  11.060          -0.1280000E+00
  11.080          -0.7606000E+01
  11.100           0.7650000E+00
  11.120           0.4950000E+01
  11.140          -0.1506000E+01
  11.160           0.5606000E+01
  11.180           0.1151100E+02
  11.200           0.1173000E+02
  11.220           0.5345000E+01
  11.240          -0.9446000E+01
  11.260          -0.1566800E+02
  11.280          -0.7997000E+01
  11.300          -0.1162100E+02
  11.320          -0.1137800E+02
  11.340          -0.9957000E+01
  11.360          -0.2721000E+01
  11.380           0.6974000E+01
  11.400           0.7410000E+01
  11.420           0.1360200E+02
  11.440           0.2262300E+02
  11.460           0.2075900E+02
  11.480           0.1553600E+02
  11.500           0.1272200E+02
  11.520           0.1066700E+02
  11.540           0.4691000E+01
  11.560          -0.5170000E+00
  11.580          -0.1425000E+02
  11.600          -0.2113500E+02
  11.620          -0.1934700E+02
  11.640          -0.9403000E+01
  11.660          -0.5344000E+01
  11.680          -0.5576000E+01
  11.700          -0.7141000E+01
  11.720           0.6013000E+01
  11.740           0.1893600E+02
  11.760           0.4224000E+01
  11.780          -0.4875000E+01
  11.800          -0.6911000E+01
  11.820          -0.1032000E+01
  11.840           0.2070000E+01
  11.860          -0.2060000E+01
  11.880          -0.8870000E+01
  11.900          -0.1021900E+02
  11.920          -0.1092500E+02
  11.940          -0.3977000E+01
  11.960          -0.4119000E+01
  11.980           0.1728000E+01
  12.000           0.1776900E+02
  12.020           0.1635700E+02
  12.040           0.7870000E+01
  12.060          -0.3987000E+01
  12.080          -0.1459400E+02
  12.100          -0.8871000E+01
  12.120          -0.1854600E+02
  12.140          -0.8274000E+01
  12.160           0.1470000E+00
  12.180           0.1407700E+02
  12.200           0.2876500E+02
  12.220           0.1754300E+02
  12.240          -0.1000000E+00
  12.260          -0.1594400E+02
  12.280          -0.1257900E+02
  12.300           0.5620000E+00
  12.320           0.8136000E+01
  12.340           0.1622000E+01
  12.360          -0.1640000E+02
  12.380          -0.3094000E+01
  12.400           0.1036500E+02
  12.420           0.7269000E+01
  12.440           0.6843000E+01
  12.460           0.1298000E+01
  12.480           0.1155700E+02
  12.500           0.3547000E+01
  12.520          -0.1455500E+02
  12.540          -0.7285000E+01
  12.560           0.5024000E+01
  12.580          -0.5078000E+01
  12.600          -0.1143200E+02
  12.620          -0.1039700E+02
  12.640          -0.2631000E+01
  12.660           0.1406600E+02
  12.680           0.1162800E+02
  12.700           0.7342000E+01
  12.720          -0.1432000E+01
  12.740           0.1172100E+02
  12.760           0.2108700E+02
  12.780           0.1383600E+02
  12.800           0.2696000E+01
  12.820          -0.3678000E+01
  12.840          -0.1111800E+02
  12.860          -0.1094200E+02
  12.880          -0.1106500E+02
  12.900          -0.1902800E+02
  12.920          -0.7677000E+01
  12.940          -0.1245000E+01
  12.960           0.1114100E+02
  12.980           0.2570000E+01
  13.000          -0.1455000E+01
  13.020           0.1451500E+02
  13.040           0.8675000E+01
  13.060           0.2645000E+01
  13.080           0.1114100E+02
  13.100           0.7768000E+01
  13.120           0.2164000E+01
  13.140          -0.4340000E+00
  13.160           0.7350000E+00
  13.180          -0.1531900E+02
  13.200          -0.2394100E+02
  13.220          -0.1226300E+02
  13.240           0.5880000E+00
  13.260           0.4419000E+01
  13.280           0.2360000E+00
  13.300          -0.1164900E+02
  13.320          -0.9086000E+01
  13.340           0.4944000E+01
  13.360           0.1076600E+02
  13.380           0.1488100E+02
  13.400          -0.4100000E-01
  13.420          -0.6986000E+01
  13.440           0.1828000E+01
  13.460          -0.1641000E+02
  13.480          -0.2041800E+02
  13.500          -0.1417100E+02
  13.520          -0.7983000E+01
  13.540          -0.1366400E+02
  13.560          -0.8220000E+01
  13.580           0.6892000E+01
  13.600           0.8026000E+01
  13.620           0.1654800E+02
  13.640           0.8120000E+01
  13.660           0.8825000E+01
  13.680           0.1987700E+02
  13.700           0.2235500E+02
  13.720           0.7156000E+01
  13.740           0.1264900E+02
  13.760           0.1314300E+02
  13.780          -0.2139000E+01
  13.800          -0.1120600E+02
  13.820          -0.7089000E+01
  13.840          -0.8556000E+01
  13.860           0.1318000E+01
  13.880           0.1275400E+02
  13.900           0.8765000E+01
  13.920           0.2225000E+01
  13.940          -0.1431600E+02
  13.960          -0.2312600E+02
  13.980          -0.2329100E+02
  14.000          -0.1814000E+02
  14.020          -0.6688000E+01
  14.040           0.1668800E+02
  14.060           0.3481700E+02
  14.080           0.2900800E+02
  14.100           0.1491500E+02
  14.120           0.1279300E+02
  14.140          -0.1087800E+02
  14.160          -0.2196900E+02
  14.180          -0.2224900E+02
  14.200          -0.2063300E+02
  14.220          -0.4255000E+01
  14.240           0.1457300E+02
  14.260           0.1983000E+02
  14.280           0.1530800E+02
  14.300           0.1514500E+02
  14.320           0.1511500E+02
  14.340           0.1152200E+02
  14.360          -0.1877000E+01
  14.380          -0.1294600E+02
  14.400          -0.1272200E+02
  14.420          -0.8484000E+01
  14.440          -0.9905000E+01
  14.460          -0.2334800E+02
  14.480          -0.5999000E+01
  14.500           0.7761000E+01
  14.520           0.1300500E+02
  14.540           0.9615000E+01
  14.560          -0.8536000E+01
  14.580          -0.1115300E+02
  14.600          -0.1501700E+02
  14.620          -0.2090100E+02
  14.640          -0.1616300E+02
  14.660          -0.5090000E+01
  14.680           0.6608000E+01
  14.700           0.5490000E+00
  14.720           0.4869000E+01
  14.740           0.9606000E+01
  14.760           0.9925000E+01
  14.780          -0.3018000E+01
  14.800          -0.1572000E+02
  14.820          -0.8589000E+01
  14.840           0.1343900E+02
  14.860           0.2442400E+02
  14.880           0.4780000E+01
  14.900          -0.2060000E+01
  14.920           0.5718000E+01
  14.940           0.5059000E+01
  14.960           0.9236000E+01
  14.980           0.5173000E+01
  15.000           0.3884000E+01
  15.020           0.1368400E+02
  15.040           0.1277000E+02
  15.060           0.5295000E+01
  15.080          -0.1579700E+02
  15.100          -0.1787400E+02
  15.120          -0.1746900E+02
  15.140          -0.1716800E+02
  15.160          -0.1193000E+02
  15.180           0.3468000E+01
  15.200           0.5891000E+01
  15.220           0.3862000E+01
  15.240          -0.4240000E+01
  15.260          -0.1364300E+02
  15.280          -0.1743200E+02
  15.300          -0.1867900E+02
  15.320          -0.8194000E+01
  15.340           0.3518000E+01
  15.360           0.7309000E+01
  15.380           0.3415000E+01
  15.400           0.1582000E+01
  15.420           0.7314000E+01
  15.440          -0.1796000E+01
  15.460          -0.4380000E+00
  15.480          -0.1079500E+02
  15.500          -0.8512000E+01
  15.520          -0.1016500E+02
  15.540           0.2478000E+01
  15.560           0.2053600E+02
  15.580           0.1282100E+02
  15.600           0.1345900E+02
  15.620          -0.7240000E+01
  15.640          -0.1663700E+02
  15.660           0.4015000E+01
  15.680           0.1676000E+01
  15.700          -0.1265000E+01
  15.720          -0.4463000E+01
  15.740          -0.7695000E+01
  15.760          -0.1600000E-01
  15.780           0.4520000E+00
  15.800          -0.1246000E+02
  15.820          -0.1450000E+01
  15.840           0.1291600E+02
  15.860           0.1654600E+02
  15.880           0.2164200E+02
  15.900           0.1770900E+02
  15.920           0.5446000E+01
  15.940           0.2966000E+01
  15.960           0.2213000E+01
  15.980           0.3821000E+01
  16.000           0.6797000E+01
  16.020          -0.2224000E+01
  16.040          -0.1115800E+02
  16.060           0.4363000E+01
  16.080           0.6282000E+01
  16.100          -0.1382000E+01
  16.120           0.1069800E+02
  16.140           0.3701000E+01
  16.160          -0.1346900E+02
  16.180          -0.3048700E+02
  16.200          -0.2507400E+02
  16.220          -0.1112400E+02
  16.240          -0.1318900E+02
  16.260           0.3728000E+01
  16.280           0.1454100E+02
  16.300           0.2329400E+02
  16.320           0.1923500E+02
  16.340          -0.4040000E+01
  16.360          -0.2191500E+02
  16.380          -0.6823000E+01
  16.400           0.1036000E+01
  16.420           0.1250800E+02
  16.440           0.5753000E+01
  16.460          -0.1451700E+02
  16.480          -0.1790900E+02
  16.500          -0.5716000E+01
  16.520           0.1037300E+02
  16.540           0.2353500E+02
  16.560           0.2144500E+02
  16.580           0.1724900E+02
  16.600           0.5121000E+01
  16.620           0.7452000E+01
  16.640           0.3305000E+01
  16.660          -0.5499000E+01
  16.680           0.6770000E+00
  16.700           0.3089000E+01
  16.720           0.3225000E+01
  16.740           0.3624000E+01
  16.760          -0.6778000E+01
  16.780          -0.6380000E+01
  16.800          -0.1473000E+02
  16.820          -0.1264000E+02
  16.840           0.4973000E+01
  16.860          -0.1646000E+01
  16.880          -0.2230000E+00
  16.900           0.7800000E+00
  16.920           0.3243000E+01
  16.940          -0.4240000E+00
  16.960          -0.1521100E+02
  16.980          -0.7277000E+01
  17.000          -0.4264000E+01
  17.020          -0.1054800E+02
  17.040           0.7970000E+00
  17.060           0.4247000E+01
  17.080           0.1852700E+02
  17.100           0.1916500E+02
  17.120           0.2225900E+02
  17.140           0.1938800E+02
  17.160          -0.4390000E+00
  17.180          -0.1139200E+02
  17.200          -0.1928200E+02
  17.220          -0.2487200E+02
  17.240          -0.2227900E+02
  17.260          -0.2777900E+02
  17.280          -0.1501500E+02
  17.300           0.7600000E-01
  17.320           0.5560000E+00
  17.340          -0.9334000E+01
  17.360           0.2276000E+01
  17.380           0.1229800E+02
  17.400           0.1674100E+02
  17.420           0.1056400E+02
  17.440           0.1374100E+02
  17.460           0.7484000E+01
  17.480           0.6813000E+01
  17.500           0.1438400E+02
  17.520           0.1254300E+02
  17.540           0.1914800E+02
  17.560           0.9597000E+01
  17.580          -0.4707000E+01
  17.600          -0.1085700E+02
  17.620          -0.1761300E+02
  17.640          -0.1931300E+02
  17.660          -0.7466000E+01
  17.680          -0.3127000E+01
  17.700           0.3480000E+01
  17.720           0.8889000E+01
  17.740           0.2080100E+02
  17.760           0.1829900E+02
  17.780           0.1267000E+02
  17.800          -0.4000000E-01
  17.820          -0.3553000E+01
  17.840          -0.1099700E+02
  17.860          -0.2110400E+02
  17.880          -0.1714800E+02
  17.900          -0.1211000E+02
  17.920          -0.2102000E+01
  17.940           0.1212000E+01
  17.960          -0.3195000E+01
  17.980           0.1850900E+02
  18.000           0.2811900E+02
  18.020           0.2407400E+02
  18.040           0.2587000E+01
  18.060          -0.4640000E+00
  18.080          -0.4097000E+01
  18.100          -0.8492000E+01
  18.120          -0.1257400E+02
  18.140          -0.1051800E+02
  18.160          -0.3622000E+01
  18.180           0.7589000E+01
  18.200           0.2945000E+01
  18.220           0.8051000E+01
  18.240           0.2263000E+01
  18.260           0.1096200E+02
  18.280           0.4609000E+01
  18.300           0.4962000E+01
  18.320           0.1918600E+02
  18.340           0.6039000E+01
  18.360          -0.5776000E+01
  18.380          -0.2986000E+01
  18.400          -0.1353800E+02
  18.420          -0.1537400E+02
  18.440          -0.1298200E+02
  18.460          -0.1358800E+02
  18.480          -0.3345000E+01
  18.500           0.7149000E+01
  18.520           0.9847000E+01
  18.540           0.3812000E+01
  18.560           0.2377000E+01
  18.580          -0.5764000E+01
  18.600          -0.1768000E+02
  18.620          -0.2230500E+02
  18.640          -0.3135200E+02
  18.660          -0.2143200E+02
  18.680          -0.1308500E+02
  18.700          -0.9200000E-01
  18.720           0.1776000E+02
  18.740           0.2823900E+02
  18.760           0.2462000E+02
  18.780           0.1465700E+02
  18.800           0.1485000E+01
  18.820          -0.1746000E+01
  18.840          -0.1909000E+01
  18.860           0.6934000E+01
  18.880           0.1929800E+02
  18.900           0.7698000E+01
  18.920           0.2930000E+00
  18.940          -0.1190000E+00
  18.960           0.5649000E+01
  18.980          -0.3673000E+01
  19.000          -0.8527000E+01
  19.020          -0.2223000E+01
  19.040           0.3030000E+01
  19.060           0.1615000E+01
  19.080          -0.2053000E+01
  19.100          -0.1709900E+02
  19.120          -0.1110000E+02
  19.140          -0.2475000E+01
  19.160          -0.4246000E+01
  19.180           0.1482600E+02
  19.200           0.1369200E+02
  19.220           0.5953000E+01
  19.240          -0.3838000E+01
  19.260          -0.1650900E+02
  19.280          -0.1069300E+02
  19.300          -0.1273600E+02
  19.320          -0.2199100E+02
  19.340          -0.1283000E+02
  19.360           0.1216000E+02
  19.380           0.2793100E+02
  19.400           0.1794900E+02
  19.420           0.1415800E+02
  19.440           0.1362300E+02
  19.460           0.2320000E+01
  19.480          -0.1121300E+02
  19.500          -0.2404600E+02
  19.520          -0.3188300E+02
  19.540          -0.8830000E+01
  19.560          -0.9360000E+00
  19.580           0.6027000E+01
  19.600          -0.1242000E+01
  19.620          -0.7158000E+01
  19.640           0.1813000E+01
  19.660           0.2972000E+01
  19.680           0.6236000E+01
  19.700           0.2304000E+01
  19.720           0.9950000E+00
  19.740           0.8089000E+01
  19.760           0.1032000E+01
  19.780          -0.2487300E+02
  19.800          -0.2235200E+02
  19.820          -0.1180000E+02
  19.840           0.2501000E+01
  19.860           0.2561700E+02
  19.880           0.2508700E+02
  19.900           0.1115200E+02
  19.920           0.7557000E+01
  19.940          -0.2962000E+01
  19.960          -0.1765600E+02
  19.980          -0.8929000E+01
  20.000          -0.6094000E+01
  20.020           0.4328000E+01
  20.040           0.1564700E+02
  20.060           0.1039000E+01
  20.080          -0.4949000E+01
  20.100           0.5290000E+01
  20.120           0.1220100E+02
  20.140           0.1870600E+02
  20.160           0.1459800E+02
  20.180           0.8020000E+00
  20.200          -0.7492000E+01
  20.220           0.5516000E+01
  20.240           0.1174000E+01
  20.260          -0.9393000E+01
  20.280          -0.1572200E+02
  20.300          -0.2379600E+02
  20.320          -0.1530900E+02
  20.340          -0.1173000E+02
  20.360          -0.6792000E+01
  20.380           0.1714500E+02
  20.400           0.2614600E+02
  20.420           0.1545200E+02
  20.440          -0.3136000E+01
  20.460          -0.9150000E+01
  20.480           0.1003100E+02
  20.500           0.1505700E+02
  20.520           0.5836000E+01
  20.540           0.3405000E+01
  20.560          -0.9942000E+01
  20.580          -0.2691600E+02
  20.600          -0.3500600E+02
  20.620          -0.2781500E+02
  20.640          -0.1029200E+02
  20.660           0.3505000E+01
  20.680           0.1003000E+01
  20.700           0.2333000E+01
  20.720           0.1293400E+02
  20.740           0.1929100E+02
  20.760           0.6052000E+01
  20.780          -0.1850000E+01
  20.800           0.7522000E+01
  20.820           0.1862600E+02
  20.840           0.2227500E+02
  20.860           0.1129600E+02
  20.880          -0.5351000E+01
  20.900          -0.2085900E+02
  20.920          -0.2043200E+02
  20.940          -0.1044900E+02
  20.960           0.1731600E+02
  20.980           0.2585700E+02
  21.000           0.3075200E+02
  21.020           0.1115600E+02
  21.040          -0.2601000E+01
  21.060          -0.5212000E+01
  21.080          -0.1147700E+02
  21.100          -0.8166000E+01
  21.120          -0.9752000E+01
  21.140          -0.1423200E+02
  21.160           0.1740000E+01
  21.180           0.9740000E+01
  21.200           0.1274700E+02
  21.220           0.1567400E+02
  21.240           0.1063000E+01
  21.260           0.1121700E+02
  21.280          -0.4650000E+01
  21.300          -0.1122900E+02
  21.320          -0.4293000E+01
  21.340          -0.1461100E+02
  21.360          -0.1754800E+02
  21.380          -0.1799900E+02
  21.400          -0.1546700E+02
  21.420          -0.2528000E+01
  21.440           0.4125000E+01
  21.460           0.2400000E+01
  21.480           0.8530000E+01
  21.500           0.1313600E+02
  21.520          -0.5710000E+00
  21.540          -0.8289000E+01
  21.560           0.2630000E+01
  21.580           0.4165000E+01
  21.600           0.2053000E+01
  21.620           0.1208700E+02
  21.640           0.1700800E+02
  21.660           0.1166800E+02
  21.680          -0.2340000E+01
  21.700           0.1321000E+01
  21.720          -0.7485000E+01
  21.740          -0.2134300E+02
  21.760          -0.1873000E+02
  21.780          -0.5797000E+01
  21.800           0.1538400E+02
  21.820           0.1200500E+02
  21.840           0.1899500E+02
  21.860           0.6885000E+01
  21.880          -0.4925000E+01
  21.900          -0.9011000E+01
  21.920          -0.1695100E+02
  21.940          -0.2315400E+02
  21.960          -0.1954600E+02
  21.980          -0.1883600E+02
  22.000          -0.5908000E+01
  22.020          -0.2229000E+01
  22.040          -0.5298000E+01
  22.060           0.2810000E+01
  22.080          -0.3330000E+01
  22.100           0.9519000E+01
  22.120           0.7268000E+01
  22.140           0.3946000E+01
  22.160           0.1032000E+02
  22.180           0.1115400E+02
  22.200           0.1299100E+02
  22.220           0.5989000E+01
  22.240          -0.6749000E+01
  22.260          -0.7377000E+01
  22.280          -0.3595000E+01
  22.300           0.3070000E+00
  22.320           0.1438700E+02
  22.340           0.1277400E+02
  22.360           0.6600000E-01
  22.380          -0.1064800E+02
  22.400          -0.1218700E+02
  22.420          -0.2910000E+01
  22.440           0.1430000E+00
  22.460           0.5121000E+01
  22.480           0.6088000E+01
  22.500           0.5851000E+01
  22.520           0.9967000E+01
  22.540           0.1841500E+02
  22.560           0.1257900E+02
  22.580           0.7136000E+01
  22.600          -0.4636000E+01
  22.620          -0.1142300E+02
  22.640          -0.1750900E+02
  22.660          -0.7078000E+01
  22.680           0.1592600E+02
  22.700           0.2221100E+02
  22.720           0.1206900E+02
  22.740           0.3432000E+01
  22.760          -0.3908000E+01
  22.780          -0.7824000E+01
  22.800          -0.1762600E+02
  22.820          -0.1872200E+02
  22.840          -0.2377400E+02
  22.860          -0.1116200E+02
  22.880           0.3330000E+00
  22.900          -0.2827000E+01
  22.920          -0.1851000E+01
  22.940          -0.9372000E+01
  22.960          -0.2640000E+01
  22.980           0.8226000E+01
  23.000           0.1620300E+02
  23.020           0.8926000E+01
  23.040           0.1292700E+02
  23.060           0.1026200E+02
  23.080           0.3174000E+01
  23.100          -0.2248000E+01
  23.120          -0.1542200E+02
  23.140          -0.1430000E+01
  23.160           0.9622000E+01
  23.180           0.1301300E+02
  23.200           0.2916000E+01
  23.220          -0.1094300E+02
  23.240          -0.1691600E+02
  23.260          -0.1569200E+02
  23.280          -0.1693300E+02
  23.300          -0.1356000E+02
  23.320          -0.2985000E+01
  23.340          -0.2607000E+01
  23.360          -0.9870000E+00
  23.380           0.9861000E+01
  23.400           0.8789000E+01
  23.420           0.1250400E+02
  23.440           0.6367000E+01
  23.460           0.3491000E+01
  23.480          -0.3490000E+00
  23.500           0.1903000E+01
  23.520           0.4197000E+01
  23.540           0.5689000E+01
  23.560           0.1584000E+01
  23.580           0.6695000E+01
  23.600           0.8632000E+01
  23.620           0.9397000E+01
  23.640           0.1538400E+02
  23.660           0.8163000E+01
  23.680          -0.2993000E+01
  23.700          -0.1004100E+02
  23.720          -0.1110100E+02
  23.740          -0.6928000E+01
  23.760          -0.1035400E+02
  23.780          -0.1872900E+02
  23.800          -0.1624400E+02
  23.820          -0.1566000E+01
  23.840           0.1283700E+02
  23.860           0.2707500E+02
  23.880           0.2022900E+02
  23.900           0.1661600E+02
  23.920           0.7817000E+01
  23.940           0.5300000E+00
  23.960          -0.6689000E+01
  23.980          -0.1374500E+02
  24.000          -0.8122000E+01
  24.020          -0.8859000E+01
  24.040          -0.1170400E+02
  24.060          -0.8348000E+01
  24.080          -0.1352500E+02
  24.100           0.5380000E+00
  24.120           0.1152000E+02
  24.140           0.9067000E+01
  24.160           0.3486000E+01
  24.180           0.1030000E+01
  24.200          -0.1034500E+02
  24.220          -0.8576000E+01
  24.240          -0.1134200E+02
  24.260          -0.1445200E+02
  24.280          -0.7504000E+01
  24.300          -0.4180000E+01
  24.320          -0.4251000E+01
  24.340           0.1055000E+01
  24.360           0.9360000E+01
  24.380           0.1562000E+02
  24.400           0.1582100E+02
  24.420           0.1319000E+02
  24.440           0.1542100E+02
  24.460           0.8807000E+01
  24.480           0.9414000E+01
  24.500           0.3198000E+01
  24.520          -0.3939000E+01
  24.540          -0.4398000E+01
  24.560          -0.1025400E+02
  24.580          -0.3875000E+01
  24.600           0.1106000E+01
  24.620          -0.2707000E+01
  24.640          -0.3744000E+01
  24.660          -0.6300000E-01
  24.680           0.4956000E+01
  24.700           0.1732000E+01
  24.720           0.1252000E+01
  24.740          -0.7731000E+01
  24.760          -0.8007000E+01
  24.780          -0.7287000E+01
  24.800          -0.3400000E+00
  24.820           0.3920000E+00
  24.840           0.5340000E+01
  24.860           0.5830000E+00
  24.880          -0.4696000E+01
  24.900           0.6130000E+00
  24.920           0.2552000E+01
  24.940           0.5617000E+01
  24.960           0.2880000E+01
  24.980           0.3163000E+01
  25.000          -0.2976000E+01
  25.020          -0.4501000E+01
  25.040          -0.3572000E+01
  25.060          -0.8034000E+01
  25.080          -0.8524000E+01
  25.100          -0.6513000E+01
  25.120          -0.7800000E+00
  25.140           0.4618000E+01
  25.160           0.6236000E+01
  25.180           0.1113300E+02
  25.200           0.1527300E+02
  25.220           0.8475000E+01
  25.240           0.6315000E+01
  25.260           0.1123100E+02
  25.280           0.1024900E+02
  25.300           0.4609000E+01
  25.320           0.5358000E+01
  25.340          -0.4280000E+00
  25.360          -0.2431000E+01
  25.380          -0.1484000E+01
  25.400          -0.7154000E+01
  25.420          -0.9378000E+01
  25.440          -0.1001900E+02
  25.460          -0.4443000E+01
  25.480           0.1773000E+01
  25.500           0.5494000E+01
  25.520          -0.2090000E+00
  25.540           0.1426000E+01
  25.560          -0.8380000E+00
  25.580          -0.6039000E+01
  25.600          -0.3825000E+01
  25.620          -0.4697000E+01
  25.640          -0.7662000E+01
  25.660          -0.1029000E+01
  25.680          -0.3820000E+00
  25.700           0.6359000E+01
  25.720          -0.1258000E+01
  25.740          -0.7326000E+01
  25.760          -0.3319000E+01
  25.780           0.5186000E+01
  25.800           0.1026700E+02
  25.820           0.1560000E+02
  25.840           0.5207000E+01
  25.860          -0.4686000E+01
  25.880          -0.1264800E+02
  25.900          -0.1557000E+02
  25.920          -0.1248900E+02
  25.940           0.1226000E+01
  25.960           0.3863000E+01
  25.980           0.1105900E+02
  26.000           0.1325400E+02
  26.020           0.1085100E+02
  26.040           0.2469000E+01
  26.060          -0.4613000E+01
  26.080          -0.7150000E+01
  26.100          -0.7071000E+01
  26.120          -0.6445000E+01
  26.140          -0.1977000E+01
  26.160           0.4198000E+01
  26.180           0.7748000E+01
  26.200           0.7121000E+01
  26.220           0.5824000E+01
  26.240           0.1031000E+01
  26.260          -0.3535000E+01
  26.280          -0.9065000E+01
  26.300          -0.1521500E+02
  26.320          -0.1631300E+02
  26.340          -0.1068400E+02
  26.360          -0.5005000E+01
  26.380          -0.1060000E+01
  26.400          -0.1473000E+01
  26.420          -0.5741000E+01
  26.440          -0.5924000E+01
  26.460           0.1118000E+01
  26.480           0.1302400E+02
  26.500           0.1482600E+02
  26.520           0.1523900E+02
  26.540           0.7202000E+01
  26.560          -0.1243000E+01
  26.580          -0.5511000E+01
  26.600          -0.8219000E+01
  26.620          -0.7701000E+01
  26.640           0.3990000E+00
  26.660           0.6691000E+01
  26.680           0.7031000E+01
  26.700           0.6885000E+01
  26.720           0.4097000E+01
  26.740          -0.3600000E-01
  26.760           0.2747000E+01
  26.780           0.4878000E+01
  26.800           0.6933000E+01
  26.820           0.3588000E+01
  26.840           0.1739000E+01
  26.860          -0.3061000E+01
  26.880          -0.1100800E+02
  26.900          -0.6790000E+01
  26.920          -0.2433000E+01
  26.940           0.3757000E+01
  26.960           0.5420000E+01
  26.980           0.4271000E+01
  27.000          -0.2429000E+01
  27.020          -0.1098600E+02
  27.040          -0.1154300E+02
  27.060          -0.9868000E+01
  27.080          -0.4448000E+01
  27.100           0.8800000E+00
  27.120          -0.1721000E+01
  27.140          -0.5955000E+01
  27.160          -0.4599000E+01
  27.180          -0.2721000E+01
  27.200           0.1336000E+01
  27.220           0.4844000E+01
  27.240           0.6448000E+01
  27.260           0.7596000E+01
  27.280           0.1484000E+01
  27.300          -0.2706000E+01
  27.320           0.1332000E+01
  27.340           0.5315000E+01
  27.360           0.3146000E+01
  27.380           0.3271000E+01
  27.400           0.1146000E+01
  27.420          -0.1423000E+01
  27.440          -0.1239000E+01
  27.460          -0.7840000E+00
  27.480           0.3870000E+01
  27.500           0.3367000E+01
  27.520           0.3900000E+01
  27.540           0.5221000E+01
  27.560           0.5784000E+01
  27.580           0.3540000E+01
  27.600           0.1203000E+01
  27.620          -0.3011000E+01
  27.640          -0.1676000E+01
  27.660          -0.8500000E-01
  27.680           0.1100000E+00
  27.700          -0.4861000E+01
  27.720          -0.5317000E+01
  27.740          -0.4301000E+01
  27.760           0.2495000E+01
  27.780           0.3692000E+01
  27.800           0.4042000E+01
  27.820           0.4738000E+01
  27.840           0.1362000E+01
  27.860          -0.4069000E+01
  27.880          -0.6747000E+01
  27.900          -0.5884000E+01
  27.920          -0.2640000E+01
  27.940          -0.1903000E+01
  27.960          -0.2385000E+01
  27.980          -0.5614000E+01
  28.000          -0.5373000E+01
  28.020          -0.3990000E+01
  28.040          -0.2783000E+01
  28.060          -0.4493000E+01
  28.080          -0.1641000E+01
  28.100          -0.3791000E+01
  28.120           0.1066000E+01
  28.140           0.3478000E+01
  28.160           0.4364000E+01
  28.180           0.2297000E+01
  28.200          -0.7110000E+00
  28.220           0.1100000E-01
  28.240           0.1902000E+01
  28.260           0.1136000E+01
  28.280          -0.2309000E+01
  28.300          -0.3098000E+01
  28.320          -0.1834000E+01
  28.340          -0.4005000E+01
  28.360          -0.1777000E+01
  28.380          -0.1344000E+01
  28.400           0.1968000E+01
  28.420           0.1490000E+00
  28.440          -0.1029000E+01
  28.460          -0.2880000E+00
  28.480           0.4630000E+00
  28.500           0.7592000E+01
  28.520           0.8987000E+01
  28.540           0.5816000E+01
  28.560           0.1417000E+01
  28.580          -0.1537000E+01
  28.600          -0.4264000E+01
  28.620          -0.5801000E+01
  28.640          -0.1607000E+01
  28.660           0.1941000E+01
  28.680           0.4800000E+01
  28.700           0.8243000E+01
  28.720           0.6395000E+01
  28.740           0.2960000E+01
  28.760           0.2074000E+01
  28.780           0.3419000E+01
  28.800           0.1269000E+01
  28.820           0.1199000E+01
  28.840           0.4470000E+00
  28.860          -0.2496000E+01
  28.880          -0.2686000E+01
  28.900           0.4850000E+00
  28.920          -0.1756000E+01
  28.940           0.1930000E+00
  28.960           0.1393000E+01
  28.980           0.2735000E+01
  29.000           0.3996000E+01
  29.020           0.1568000E+01
  29.040          -0.6000000E-01
  29.060           0.7010000E+00
  29.080           0.2405000E+01
  29.100           0.4070000E+00
  29.120          -0.2629000E+01
  29.140          -0.1842000E+01
  29.160          -0.1765000E+01
  29.180          -0.4664000E+01
  29.200          -0.7002000E+01
  29.220          -0.1014700E+02
  29.240          -0.8940000E+01
  29.260          -0.6721000E+01
  29.280          -0.5191000E+01
  29.300          -0.1781000E+01
  29.320           0.8040000E+00
  29.340           0.2974000E+01
  29.360           0.2204000E+01
  29.380           0.1117000E+01
  29.400          -0.3558000E+01
  29.420          -0.2136000E+01
  29.440          -0.3210000E+01
  29.460           0.1075000E+01
  29.480           0.5614000E+01
  29.500           0.4294000E+01
  29.520           0.5334000E+01
  29.540           0.3908000E+01
  29.560           0.2734000E+01
  29.580           0.2916000E+01
  29.600           0.1843000E+01
  29.620           0.7900000E-01
  29.640          -0.1117000E+01
  29.660          -0.4684000E+01
  29.680          -0.3980000E+01
  29.700          -0.5520000E+01
  29.720          -0.3409000E+01
  29.740          -0.2525000E+01
  29.760           0.9200000E+00
  29.780           0.4331000E+01
  29.800           0.3180000E+01
  29.820           0.1985000E+01
  29.840           0.1060000E+01
  29.860           0.3606000E+01
  29.880           0.4647000E+01
  29.900           0.3191000E+01
  29.920           0.1992000E+01
  29.940           0.8970000E+00
  29.960           0.4970000E+00
  29.980          -0.1460000E+01
  30.000          -0.2323000E+01
  30.020          -0.4435000E+01
  30.040          -0.3653000E+01
  30.060           0.9980000E+00
  30.080           0.3024000E+01
  30.100           0.5076000E+01
  30.120           0.6752000E+01
  30.140           0.6591000E+01
  30.160           0.2129000E+01
  30.180          -0.9430000E+00
  30.200          -0.3906000E+01
  30.220          -0.6261000E+01
  30.240          -0.3454000E+01
  30.260           0.6610000E+00
  30.280           0.4748000E+01
  30.300           0.7829000E+01
  30.320           0.6371000E+01
  30.340           0.7863000E+01
  30.360           0.4436000E+01
  30.380           0.1314000E+01
  30.400           0.1150000E+00
  30.420          -0.1762000E+01
  30.440          -0.3215000E+01
  30.460          -0.4103000E+01
  30.480          -0.3222000E+01
  30.500          -0.1685000E+01
  30.520          -0.1671000E+01
  30.540          -0.1833000E+01
  30.560          -0.8670000E+00
  30.580          -0.9310000E+00
  30.600          -0.5000000E+00
  30.620          -0.1043000E+01
  30.640          -0.7820000E+00
  30.660          -0.5450000E+00
  30.680           0.5800000E-01
  30.700          -0.3480000E+00
  30.720           0.6960000E+00
  30.740          -0.3320000E+00
  30.760          -0.3850000E+00
  30.780          -0.1464000E+01
  30.800          -0.2116000E+01
  30.820          -0.2423000E+01
  30.840          -0.2101000E+01
  30.860          -0.1059000E+01
  30.880           0.1773000E+01
  30.900           0.2735000E+01
  30.920           0.4109000E+01
  30.940           0.9810000E+00
  30.960           0.9100000E+00
  30.980           0.1600000E+01
  31.000           0.1101000E+01
  31.020           0.3110000E+00
  31.040           0.1520000E+01
  31.060           0.3953000E+01
  31.080           0.4758000E+01
  31.100           0.2478000E+01
  31.120           0.1480000E+01
  31.140           0.2127000E+01
  31.160           0.2542000E+01
  31.180           0.2760000E+01
  31.200           0.1079000E+01
  31.220           0.1387000E+01
  31.240           0.2354000E+01
  31.260           0.1207000E+01
  31.280           0.3420000E+00
  31.300          -0.1046000E+01
  31.320          -0.3157000E+01
  31.340          -0.2744000E+01
  31.360          -0.1096000E+01
  31.380          -0.1748000E+01
  31.400          -0.3499000E+01
  31.420          -0.3486000E+01
  31.440          -0.2767000E+01
  31.460          -0.2984000E+01
  31.480          -0.5024000E+01
  31.500          -0.4998000E+01
  31.520          -0.3892000E+01
  31.540          -0.2164000E+01
  31.560          -0.5580000E+00
  31.580           0.9090000E+00
  31.600           0.5840000E+00
  31.620           0.1875000E+01
  31.640           0.2148000E+01
  31.660           0.2914000E+01
  31.680          -0.1332000E+01
  31.700          -0.3175000E+01
  31.720          -0.5542000E+01
  31.740          -0.3788000E+01
  31.760          -0.3285000E+01
  31.780          -0.1324000E+01
  31.800           0.6860000E+00
  31.820           0.1415000E+01
  31.840           0.1435000E+01
  31.860          -0.3270000E+00
  31.880          -0.1420000E+00
  31.900           0.2300000E+00
  31.920           0.1292000E+01
  31.940           0.4704000E+01
  31.960           0.4332000E+01
  31.980           0.3273000E+01
  32.000           0.6850000E+00
  32.020           0.1022000E+01
  32.040           0.3605000E+01
  32.060           0.4076000E+01
  32.080           0.3639000E+01
  32.100           0.1461000E+01
  32.120           0.1429000E+01
  32.140          -0.1447000E+01
  32.160          -0.2830000E+01
  32.180          -0.2813000E+01
  32.200          -0.1335000E+01
  32.220           0.1000000E-01
  32.240           0.2464000E+01
  32.260           0.5760000E+00
  32.280          -0.1837000E+01
  32.300          -0.3561000E+01
  32.320          -0.5920000E+00
  32.340           0.2254000E+01
  32.360           0.3400000E+01
  32.380           0.8660000E+00
  32.400           0.9570000E+00
  32.420           0.1600000E-01
  32.440          -0.1115000E+01
  32.460          -0.1308000E+01
  32.480          -0.3750000E+00
  32.500          -0.3150000E+00
  32.520           0.5020000E+00
  32.540          -0.4380000E+00
  32.560          -0.4980000E+00
  32.580          -0.2844000E+01
  32.600          -0.2966000E+01
  32.620          -0.2867000E+01
  32.640          -0.2375000E+01
  32.660          -0.3821000E+01
  32.680          -0.3879000E+01
  32.700          -0.4722000E+01
  32.720          -0.4157000E+01
  32.740          -0.4171000E+01
  32.760          -0.3549000E+01
  32.780          -0.1805000E+01
  32.800           0.5780000E+00
  32.820          -0.9900000E-01
  32.840          -0.7410000E+00
  32.860          -0.1452000E+01
  32.880          -0.1488000E+01
  32.900           0.6600000E-01
  32.920           0.2037000E+01
  32.940           0.2720000E+01
  32.960           0.2825000E+01
  32.980           0.1120000E+01
  33.000           0.3000000E-01
  33.020          -0.1043000E+01
  33.040          -0.7800000E-01
  33.060           0.1882000E+01
  33.080          -0.1110000E+00
  33.100          -0.8510000E+00
  33.120          -0.3776000E+01
  33.140          -0.2909000E+01
  33.160          -0.2346000E+01
  33.180           0.8940000E+00
  33.200           0.3679000E+01
  33.220           0.5286000E+01
  33.240           0.5741000E+01
  33.260           0.5902000E+01
  33.280           0.2456000E+01
  33.300          -0.7630000E+00
  33.320          -0.3447000E+01
  33.340          -0.7800000E-01
  33.360           0.1990000E+01
  33.380           0.3556000E+01
  33.400           0.2355000E+01
  33.420          -0.8290000E+00
  33.440          -0.2462000E+01
  33.460          -0.2894000E+01
  33.480          -0.3446000E+01
  33.500          -0.1251000E+01
  33.520           0.3760000E+00
  33.540           0.1666000E+01
  33.560           0.1023000E+01
  33.580           0.5000000E+00
  33.600          -0.6020000E+00
  33.620          -0.4610000E+00
  33.640          -0.8610000E+00
  33.660          -0.7300000E+00
  33.680           0.1591000E+01
  33.700           0.2431000E+01
  33.720           0.2688000E+01
  33.740           0.1430000E+00
  33.760           0.4160000E+00
  33.780           0.3930000E+00
  33.800          -0.8960000E+00
  33.820          -0.2382000E+01
  33.840          -0.2987000E+01
  33.860          -0.1906000E+01
  33.880          -0.1600000E+01
  33.900          -0.2614000E+01
  33.920          -0.1310000E+01
  33.940          -0.1480000E+01
  33.960          -0.2230000E+00
  33.980           0.3510000E+00
  34.000           0.1658000E+01
  34.020           0.1284000E+01
  34.040           0.1052000E+01
  34.060           0.6330000E+00
  34.080           0.7160000E+00
  34.100          -0.4090000E+00
  34.120           0.1141000E+01
  34.140          -0.1522000E+01
  34.160          -0.4360000E+00
  34.180          -0.6640000E+00
  34.200           0.7000000E-01
  34.220          -0.6940000E+00
  34.240          -0.2470000E+01
  34.260          -0.3693000E+01
  34.280          -0.4102000E+01
  34.300          -0.4352000E+01
  34.320          -0.1180000E+01
  34.340          -0.1349000E+01
  34.360           0.4690000E+00
  34.380           0.2280000E+00
  34.400           0.7800000E+00
  34.420           0.7390000E+00
  34.440           0.6170000E+00
  34.460          -0.5000000E-02
  34.480          -0.3720000E+00
  34.500           0.1229000E+01
  34.520           0.2294000E+01
  34.540           0.2820000E+01
  34.560           0.2871000E+01
  34.580           0.1950000E+01
  34.600           0.1785000E+01
  34.620           0.4160000E+00
  34.640          -0.1350000E+00
  34.660           0.1490000E+00
  34.680           0.1066000E+01
  34.700           0.1020000E+01
  34.720           0.5910000E+00
  34.740          -0.2320000E+00
  34.760          -0.9350000E+00
  34.780          -0.1248000E+01
  34.800           0.1490000E+00
  34.820           0.3290000E+00
  34.840           0.1331000E+01
  34.860           0.8650000E+00
  34.880           0.1660000E+01
  34.900           0.1520000E+01
  34.920           0.6690000E+00
  34.940          -0.1430000E+00
  34.960          -0.5130000E+00
  34.980          -0.5760000E+00
  35.000           0.2200000E+00
  35.020           0.4620000E+00
  35.040           0.4130000E+00
  35.060          -0.1314000E+01
  35.080          -0.9370000E+00
  35.100          -0.7880000E+00
  35.120           0.2290000E+00
  35.140           0.4430000E+00
  35.160           0.5500000E-01
  35.180          -0.1520000E+00
  35.200           0.1790000E+00
  35.220          -0.2780000E+00
  35.240           0.3470000E+00
  35.260           0.1780000E+00
  35.280           0.1538000E+01
  35.300           0.1501000E+01
  35.320           0.1995000E+01
  35.340           0.1244000E+01
  35.360           0.1523000E+01
  35.380           0.9710000E+00
  35.400           0.1270000E+01
  35.420           0.1055000E+01
  35.440           0.1317000E+01
  35.460           0.8870000E+00
  35.480           0.8540000E+00
  35.500          -0.2160000E+00
  35.520           0.3930000E+00
  35.540           0.1400000E+00
  35.560           0.6550000E+00
  35.580           0.6730000E+00
  35.600           0.7240000E+00
  35.620           0.2390000E+00
  35.640          -0.1590000E+00
  35.660          -0.3340000E+00
  35.680           0.2190000E+00
  35.700           0.3080000E+00
  35.720           0.7130000E+00
  35.740           0.5400000E+00
  35.760           0.6830000E+00
  35.780           0.2470000E+00
  35.800           0.2200000E+00
  35.820           0.7600000E-01
  35.840           0.3000000E-01
  35.860           0.1350000E+00
  35.880          -0.1560000E+00
  35.900          -0.1540000E+00
  35.920          -0.4180000E+00
  35.940          -0.5070000E+00
  35.960          -0.3840000E+00
  35.980          -0.2850000E+00
  36.000          -0.7000000E-02
  36.020           0.1670000E+00
  36.040           0.1150000E+00
  36.060           0.5600000E-01
  36.080          -0.1970000E+00
  36.100          -0.1970000E+00
  36.120          -0.2930000E+00
  36.140          -0.1740000E+00
  36.160          -0.1150000E+00
  36.180           0.2300000E-01
  36.200           0.3300000E-01
  36.220           0.1000000E-02
  36.240          -0.6800000E-01
  36.260          -0.7500000E-01
  36.280          -0.7500000E-01
  36.300           0.2000000E-02
  36.320          -0.2100000E-01
  36.340           0.3000000E-02
  36.360          -0.2900000E-01
  36.380          -0.1700000E-01
  36.400           0.0000000E+00
  36.420           0.0000000E+00
  36.440           0.0000000E+00
  36.460           0.0000000E+00
  36.480           0.0000000E+00
  36.500           0.0000000E+00
  36.520           0.0000000E+00
  36.540           0.0000000E+00
  36.560           0.0000000E+00
  36.580           0.0000000E+00
  36.600           0.0000000E+00
  36.620           0.0000000E+00
  36.640           0.0000000E+00
  36.660           0.0000000E+00
  36.680           0.0000000E+00
  36.700           0.0000000E+00
  36.720           0.0000000E+00
  36.740           0.0000000E+00
  36.760           0.0000000E+00
  36.780           0.0000000E+00
  36.800           0.0000000E+00
  36.820           0.0000000E+00
  36.840           0.0000000E+00
  36.860           0.0000000E+00
  36.880           0.0000000E+00
  36.900           0.0000000E+00
  36.920           0.0000000E+00
  36.940           0.0000000E+00
  36.960           0.0000000E+00
  36.980           0.0000000E+00
  37.000           0.0000000E+00
  37.020           0.0000000E+00
  37.040           0.0000000E+00
  37.060           0.0000000E+00
  37.080           0.0000000E+00
  37.100           0.0000000E+00
  37.120           0.0000000E+00
  37.140           0.0000000E+00
  37.160           0.0000000E+00
  37.180           0.0000000E+00
  37.200           0.0000000E+00
  37.220           0.0000000E+00
  37.240           0.0000000E+00
  37.260           0.0000000E+00
  37.280           0.0000000E+00
  37.300           0.0000000E+00
  37.320           0.0000000E+00
  37.340           0.0000000E+00
  37.360           0.0000000E+00
  37.380           0.0000000E+00
  37.400           0.0000000E+00
  37.420           0.0000000E+00
  37.440           0.0000000E+00
  37.460           0.0000000E+00
  37.480           0.0000000E+00
  37.500           0.0000000E+00
  37.520           0.0000000E+00
  37.540           0.0000000E+00
  37.560           0.0000000E+00
  37.580           0.0000000E+00
  37.600           0.0000000E+00
  37.620           0.0000000E+00
  37.640           0.0000000E+00
  37.660           0.0000000E+00
  37.680           0.0000000E+00
  37.700           0.0000000E+00
  37.720           0.0000000E+00
  37.740           0.0000000E+00
  37.760           0.0000000E+00
  37.780           0.0000000E+00
  37.800           0.0000000E+00
  37.820           0.0000000E+00
  37.840           0.0000000E+00
  37.860           0.0000000E+00
  37.880           0.0000000E+00
  37.900           0.0000000E+00
  37.920           0.0000000E+00
  37.940           0.0000000E+00
  37.960           0.0000000E+00
  37.980           0.0000000E+00
  38.000           0.0000000E+00
  38.020           0.0000000E+00
  38.040           0.0000000E+00
  38.060           0.0000000E+00
  38.080           0.0000000E+00
  38.100           0.0000000E+00
  38.120           0.0000000E+00
  38.140           0.0000000E+00
  38.160           0.0000000E+00
  38.180           0.0000000E+00
  38.200           0.0000000E+00
  38.220           0.0000000E+00
  38.240           0.0000000E+00
  38.260           0.0000000E+00
  38.280           0.0000000E+00
  38.300           0.0000000E+00
  38.320           0.0000000E+00
  38.340           0.0000000E+00
  38.360           0.0000000E+00
  38.380           0.0000000E+00
  38.400           0.0000000E+00
  38.420           0.0000000E+00
  38.440           0.0000000E+00
  38.460           0.0000000E+00
  38.480           0.0000000E+00
  38.500           0.0000000E+00
  38.520           0.0000000E+00
  38.540           0.0000000E+00
  38.560           0.0000000E+00
  38.580           0.0000000E+00
  38.600           0.0000000E+00
  38.620           0.0000000E+00
  38.640           0.0000000E+00
  38.660           0.0000000E+00
  38.680           0.0000000E+00
  38.700           0.0000000E+00
  38.720           0.0000000E+00
  38.740           0.0000000E+00
  38.760           0.0000000E+00
  38.780           0.0000000E+00
  38.800           0.0000000E+00
  38.820           0.0000000E+00
  38.840           0.0000000E+00
  38.860           0.0000000E+00
  38.880           0.0000000E+00
  38.900           0.0000000E+00
  38.920           0.0000000E+00
  38.940           0.0000000E+00
  38.960           0.0000000E+00
  38.980           0.0000000E+00
  39.000           0.0000000E+00
  39.020           0.0000000E+00
  39.040           0.0000000E+00
  39.060           0.0000000E+00
  39.080           0.0000000E+00
  39.100           0.0000000E+00
  39.120           0.0000000E+00
  39.140           0.0000000E+00
  39.160           0.0000000E+00
  39.180           0.0000000E+00
  39.200           0.0000000E+00
  39.220           0.0000000E+00
  39.240           0.0000000E+00
  39.260           0.0000000E+00
  39.280           0.0000000E+00
  39.300           0.0000000E+00
  39.320           0.0000000E+00
  39.340           0.0000000E+00
  39.360           0.0000000E+00
  39.380           0.0000000E+00
  39.400           0.0000000E+00
  39.420           0.0000000E+00
  39.440           0.0000000E+00
  39.460           0.0000000E+00
  39.480           0.0000000E+00
  39.500           0.0000000E+00
  39.520           0.0000000E+00
  39.540           0.0000000E+00
  39.560           0.0000000E+00
  39.580           0.0000000E+00
  39.600           0.0000000E+00
  39.620           0.0000000E+00
  39.640           0.0000000E+00
  39.660           0.0000000E+00
  39.680           0.0000000E+00
  39.700           0.0000000E+00
  39.720           0.0000000E+00
  39.740           0.0000000E+00
  39.760           0.0000000E+00
  39.780           0.0000000E+00
  39.800           0.0000000E+00
  39.820           0.0000000E+00
  39.840           0.0000000E+00
  39.860           0.0000000E+00
  39.880           0.0000000E+00
  39.900           0.0000000E+00
  39.920           0.0000000E+00
  39.940           0.0000000E+00
  39.960           0.0000000E+00
  39.980           0.0000000E+00
  40.000           0.0000000E+00
  40.020           0.0000000E+00
  40.040           0.0000000E+00
  40.060           0.0000000E+00
  40.080           0.0000000E+00
  40.100           0.0000000E+00
  40.120           0.0000000E+00
  40.140           0.0000000E+00
  40.160           0.0000000E+00
  40.180           0.0000000E+00
  40.200           0.0000000E+00
  40.220           0.0000000E+00
  40.240           0.0000000E+00
  40.260           0.0000000E+00
  40.280           0.0000000E+00
  40.300           0.0000000E+00
  40.320           0.0000000E+00
  40.340           0.0000000E+00
  40.360           0.0000000E+00
  40.380           0.0000000E+00
  40.400           0.0000000E+00
  40.420           0.0000000E+00
  40.440           0.0000000E+00
  40.460           0.0000000E+00
  40.480           0.0000000E+00
  40.500           0.0000000E+00
  40.520           0.0000000E+00
  40.540           0.0000000E+00
  40.560           0.0000000E+00
  40.580           0.0000000E+00
  40.600           0.0000000E+00
  40.620           0.0000000E+00
  40.640           0.0000000E+00
  40.660           0.0000000E+00
  40.680           0.0000000E+00
  40.700           0.0000000E+00
  40.720           0.0000000E+00
  40.740           0.0000000E+00
  40.760           0.0000000E+00
  40.780           0.0000000E+00
  40.800           0.0000000E+00
  40.820           0.0000000E+00
  40.840           0.0000000E+00
  40.860           0.0000000E+00
  40.880           0.0000000E+00
  40.900           0.0000000E+00
  40.920           0.0000000E+00
  40.940           0.0000000E+00
  40.960           0.0000000E+00
