   0.020          -0.3500000E-01
   0.040          -0.3500000E-01
   0.060          -0.3500000E-01
   0.080          -0.3500000E-01
   0.100          -0.9000000E-02
   0.120          -0.3400000E-01
   0.140          -0.3400000E-01
   0.160           0.5400000E-01
   0.180          -0.3300000E-01
   0.200          -0.3500000E-01
   0.220          -0.2160000E+00
   0.240          -0.4900000E-01
   0.260          -0.4100000E-01
   0.280           0.2510000E+00
   0.300           0.1000000E-02
   0.320          -0.3600000E-01
   0.340          -0.2760000E+00
   0.360          -0.8200000E-01
   0.380          -0.7000000E-01
   0.400          -0.4210000E+00
   0.420          -0.3360000E+00
   0.440          -0.2930000E+00
   0.460          -0.9110000E+00
   0.480          -0.6000000E-02
   0.500           0.1000000E+00
   0.520          -0.1200000E-01
   0.540          -0.8260000E+00
   0.560          -0.4590000E+00
   0.580          -0.5860000E+00
   0.600          -0.1556000E+01
   0.620          -0.2920000E+00
   0.640           0.5600000E-01
   0.660           0.7450000E+00
   0.680           0.4260000E+00
   0.700           0.2810000E+00
   0.720           0.1200000E+01
   0.740           0.2310000E+01
   0.760           0.4970000E+00
   0.780          -0.2200000E-01
   0.800          -0.1559000E+01
   0.820          -0.1843000E+01
   0.840          -0.1436000E+01
   0.860          -0.2579000E+01
   0.880          -0.3380000E+01
   0.900          -0.1917000E+01
   0.920          -0.4870000E+00
   0.940          -0.1988000E+01
   0.960          -0.4031000E+01
   0.980          -0.1933000E+01
   1.000          -0.1920000E+00
   1.020           0.1992000E+01
   1.040           0.2401000E+01
   1.060           0.1877000E+01
   1.080           0.3422000E+01
   1.100           0.5241000E+01
   1.120           0.9260000E+00
   1.140          -0.1583000E+01
   1.160          -0.5913000E+01
   1.180          -0.5434000E+01
   1.200          -0.1232000E+01
   1.220           0.1098000E+01
   1.240           0.5014000E+01
   1.260           0.6920000E+01
   1.280           0.5241000E+01
   1.300           0.5390000E+01
   1.320           0.5609000E+01
   1.340           0.5214000E+01
   1.360           0.2278000E+01
   1.380           0.1800000E+00
   1.400           0.3620000E+01
   1.420           0.8830000E+01
   1.440           0.8874000E+01
   1.460           0.4585000E+01
   1.480           0.6284000E+01
   1.500           0.9803000E+01
   1.520           0.1014200E+02
   1.540           0.5152000E+01
   1.560          -0.2420000E+00
   1.580           0.2800000E+00
   1.600           0.3479000E+01
   1.620          -0.1130000E+01
   1.640          -0.1076000E+01
   1.660           0.5001000E+01
   1.680           0.9800000E+01
   1.700           0.1273100E+02
   1.720           0.8187000E+01
   1.740          -0.5230000E+00
   1.760          -0.6581000E+01
   1.780          -0.1157200E+02
   1.800          -0.1436500E+02
   1.820          -0.1014400E+02
   1.840          -0.2531000E+01
   1.860           0.3898000E+01
   1.880           0.6581000E+01
   1.900           0.3070000E+01
   1.920          -0.7586000E+01
   1.940          -0.1547400E+02
   1.960          -0.1625900E+02
   1.980          -0.1377900E+02
   2.000          -0.7781000E+01
   2.020          -0.6903000E+01
   2.040          -0.6187000E+01
   2.060          -0.2540000E+00
   2.080           0.3139000E+01
   2.100           0.4279000E+01
   2.120          -0.3520000E+00
   2.140          -0.8908000E+01
   2.160          -0.3625000E+01
   2.180           0.6377000E+01
   2.200           0.1240000E+02
   2.220           0.1802200E+02
   2.240           0.1506200E+02
   2.260           0.1409000E+02
   2.280           0.2151800E+02
   2.300           0.1729600E+02
   2.320           0.9304000E+01
   2.340           0.1075200E+02
   2.360           0.1820000E+02
   2.380           0.2515600E+02
   2.400           0.2057800E+02
   2.420           0.5628000E+01
   2.440           0.4400000E-01
   2.460           0.1865000E+01
   2.480          -0.4607000E+01
   2.500          -0.1104300E+02
   2.520          -0.1350700E+02
   2.540          -0.1312000E+02
   2.560          -0.4847000E+01
   2.580          -0.6198000E+01
   2.600          -0.1211600E+02
   2.620          -0.7776000E+01
   2.640          -0.5566000E+01
   2.660          -0.6845000E+01
   2.680          -0.8755000E+01
   2.700          -0.1579900E+02
   2.720          -0.1997900E+02
   2.740          -0.1585300E+02
   2.760          -0.6683000E+01
   2.780           0.3987000E+01
   2.800           0.9339000E+01
   2.820           0.1101400E+02
   2.840           0.1302000E+02
   2.860           0.1609200E+02
   2.880           0.2180200E+02
   2.900           0.2246500E+02
   2.920           0.1308200E+02
   2.940           0.1875000E+01
   2.960           0.5101000E+01
   2.980           0.1604000E+02
   3.000           0.2310100E+02
   3.020           0.2135800E+02
   3.040           0.4434000E+01
   3.060          -0.9209000E+01
   3.080          -0.2807000E+01
   3.100           0.4080000E+01
   3.120           0.1849000E+01
   3.140           0.2639000E+01
   3.160           0.1377000E+02
   3.180           0.2618500E+02
   3.200           0.1951500E+02
   3.220           0.6570000E+00
   3.240          -0.1092100E+02
   3.260          -0.1835600E+02
   3.280          -0.1486700E+02
   3.300          -0.2916000E+01
   3.320          -0.4415000E+01
   3.340          -0.1773700E+02
   3.360          -0.1688600E+02
   3.380           0.7860000E+00
   3.400           0.1395400E+02
   3.420           0.2798600E+02
   3.440           0.2441800E+02
   3.460           0.9605000E+01
   3.480           0.1437900E+02
   3.500           0.2608000E+01
   3.520          -0.2237100E+02
   3.540          -0.3680400E+02
   3.560          -0.4141000E+02
   3.580          -0.2761600E+02
   3.600          -0.1904500E+02
   3.620          -0.1800000E+02
   3.640          -0.8371000E+01
   3.660           0.6069000E+01
   3.680           0.2163000E+02
   3.700           0.1523100E+02
   3.720          -0.1684600E+02
   3.740          -0.4462300E+02
   3.760          -0.4410600E+02
   3.780          -0.2297600E+02
   3.800          -0.1069600E+02
   3.820          -0.1088000E+02
   3.840          -0.1898700E+02
   3.860          -0.1356900E+02
   3.880           0.2082700E+02
   3.900           0.3642700E+02
   3.920           0.2186800E+02
   3.940           0.7703000E+01
   3.960          -0.9531000E+01
   3.980          -0.7748000E+01
   4.000           0.2529000E+01
   4.020          -0.8350000E+00
   4.040           0.1651200E+02
   4.060           0.3244100E+02
   4.080           0.2910000E+02
   4.100           0.3164900E+02
   4.120           0.1098800E+02
   4.140           0.5915000E+01
   4.160           0.3195700E+02
   4.180           0.4968600E+02
   4.200           0.5056500E+02
   4.220           0.2994200E+02
   4.240           0.8639000E+01
   4.260           0.3147000E+01
   4.280           0.2997300E+02
   4.300           0.6896600E+02
   4.320           0.6031900E+02
   4.340           0.2553300E+02
   4.360          -0.2546000E+01
   4.380          -0.2042000E+02
   4.400          -0.4175000E+02
   4.420          -0.6599600E+02
   4.440          -0.6212700E+02
   4.460          -0.3599100E+02
   4.480          -0.1111300E+02
   4.500           0.1894000E+02
   4.520           0.2991100E+02
   4.540           0.1359500E+02
   4.560          -0.6012000E+01
   4.580          -0.1333900E+02
   4.600           0.4798000E+01
   4.620           0.1295000E+02
   4.640          -0.1510000E+01
   4.660          -0.7754000E+01
   4.680          -0.1020400E+02
   4.700           0.8591000E+01
   4.720           0.2290800E+02
   4.740           0.2777700E+02
   4.760           0.4424600E+02
   4.780           0.5500300E+02
   4.800           0.6960200E+02
   4.820           0.6907400E+02
   4.840           0.6562100E+02
   4.860           0.5776100E+02
   4.880           0.1521600E+02
   4.900          -0.1773400E+02
   4.920          -0.4467100E+02
   4.940          -0.4182500E+02
   4.960          -0.1730000E+00
   4.980           0.1312900E+02
   5.000           0.2871000E+01
   5.020          -0.2162300E+02
   5.040          -0.4222900E+02
   5.060          -0.4403300E+02
   5.080          -0.3615700E+02
   5.100          -0.8639000E+01
   5.120           0.7911000E+01
   5.140           0.1015100E+02
   5.160           0.2422800E+02
   5.180           0.6052400E+02
   5.200           0.8564100E+02
   5.220           0.6660600E+02
   5.240           0.2089600E+02
   5.260           0.5176000E+01
   5.280           0.1141700E+02
   5.300           0.1602800E+02
   5.320          -0.1248500E+02
   5.340          -0.6194500E+02
   5.360          -0.5599400E+02
   5.380          -0.4637900E+02
   5.400          -0.3713700E+02
   5.420          -0.1541200E+02
   5.440          -0.3715200E+02
   5.460          -0.3480100E+02
   5.480          -0.1774400E+02
   5.500          -0.1081500E+02
   5.520           0.2112000E+01
   5.540          -0.2059400E+02
   5.560          -0.1317200E+02
   5.580           0.3608600E+02
   5.600           0.7245100E+02
   5.620           0.1068120E+03
   5.640           0.9975800E+02
   5.660           0.4744400E+02
   5.680          -0.1359400E+02
   5.700          -0.4824000E+02
   5.720          -0.7070500E+02
   5.740          -0.9516000E+02
   5.760          -0.7092700E+02
   5.780          -0.4143100E+02
   5.800          -0.3608600E+02
   5.820          -0.3047200E+02
   5.840          -0.4226600E+02
   5.860          -0.2446900E+02
   5.880           0.1108900E+02
   5.900           0.6653000E+01
   5.920           0.1997100E+02
   5.940           0.2810800E+02
   5.960           0.3271900E+02
   5.980           0.3956100E+02
   6.000           0.3051600E+02
   6.020           0.4081100E+02
   6.040           0.3179600E+02
   6.060           0.3942000E+01
   6.080          -0.5094000E+01
   6.100          -0.5735000E+01
   6.120           0.1853300E+02
   6.140           0.9782000E+01
   6.160          -0.2378300E+02
   6.180          -0.3396500E+02
   6.200          -0.6797200E+02
   6.220          -0.7038300E+02
   6.240          -0.3390300E+02
   6.260           0.1118500E+02
   6.280           0.7642600E+02
   6.300           0.1076150E+03
   6.320           0.1092070E+03
   6.340           0.6665900E+02
   6.360           0.1180000E+02
   6.380          -0.4588400E+02
   6.400          -0.1109160E+03
   6.420          -0.8255900E+02
   6.440          -0.1318000E+01
   6.460           0.1855600E+02
   6.480           0.3868400E+02
   6.500           0.3792600E+02
   6.520           0.2987000E+02
   6.540           0.2404200E+02
   6.560          -0.3026300E+02
   6.580          -0.6162900E+02
   6.600          -0.7355500E+02
   6.620          -0.6042100E+02
   6.640          -0.4991700E+02
   6.660          -0.8328200E+02
   6.680          -0.5860600E+02
   6.700          -0.7421000E+01
   6.720           0.3471700E+02
   6.740           0.6240300E+02
   6.760           0.6332800E+02
   6.780           0.5837200E+02
   6.800          -0.1147700E+02
   6.820          -0.9391400E+02
   6.840          -0.1112740E+03
   6.860          -0.1055360E+03
   6.880          -0.5739100E+02
   6.900           0.2430500E+02
   6.920           0.6008100E+02
   6.940           0.5648500E+02
   6.960           0.1752600E+02
   6.980          -0.2736400E+02
   7.000          -0.2079000E+02
   7.020           0.4551000E+01
   7.040           0.6351600E+02
   7.060           0.1205800E+03
   7.080           0.9838500E+02
   7.100           0.3281000E+01
   7.120          -0.7865700E+02
   7.140          -0.7444200E+02
   7.160          -0.3882500E+02
   7.180          -0.1597000E+01
   7.200          -0.7716000E+01
   7.220          -0.3341200E+02
   7.240          -0.8508000E+01
   7.260          -0.1586700E+02
   7.280          -0.3071600E+02
   7.300          -0.3948100E+02
   7.320          -0.8675900E+02
   7.340          -0.1098840E+03
   7.360          -0.1111570E+03
   7.380          -0.9274600E+02
   7.400          -0.2762300E+02
   7.420           0.2072100E+02
   7.440           0.5849900E+02
   7.460           0.9138300E+02
   7.480           0.7357100E+02
   7.500           0.1809400E+02
   7.520          -0.3627000E+02
   7.540          -0.6239800E+02
   7.560          -0.5175800E+02
   7.580          -0.1465700E+02
   7.600          -0.1167300E+02
   7.620          -0.3870100E+02
   7.640          -0.1669700E+02
   7.660           0.3061000E+01
   7.680          -0.2805300E+02
   7.700          -0.5593500E+02
   7.720          -0.7319100E+02
   7.740          -0.8867400E+02
   7.760          -0.7640900E+02
   7.780          -0.4141200E+02
   7.800           0.7324000E+01
   7.820           0.4198400E+02
   7.840           0.6884900E+02
   7.860           0.7849000E+02
   7.880           0.3795500E+02
   7.900          -0.3515000E+01
   7.920          -0.1989800E+02
   7.940           0.2266200E+02
   7.960           0.9610800E+02
   7.980           0.1139020E+03
   8.000           0.9957100E+02
   8.020           0.8383100E+02
   8.040           0.5233200E+02
   8.060           0.1860900E+02
   8.080          -0.6185000E+01
   8.100          -0.2662100E+02
   8.120          -0.1058450E+03
   8.140          -0.1802840E+03
   8.160          -0.1733720E+03
   8.180          -0.1256330E+03
   8.200          -0.5287800E+02
   8.220           0.7117000E+01
   8.240           0.1538400E+02
   8.260           0.1388800E+02
   8.280          -0.8688000E+01
   8.300          -0.4613600E+02
   8.320          -0.6103200E+02
   8.340          -0.6065000E+02
   8.360          -0.2210900E+02
   8.380          -0.1923400E+02
   8.400          -0.7892000E+02
   8.420          -0.7964500E+02
   8.440          -0.1855900E+02
   8.460           0.3686700E+02
   8.480           0.8093400E+02
   8.500           0.1070200E+03
   8.520           0.1033000E+03
   8.540           0.1197440E+03
   8.560           0.1310910E+03
   8.580           0.7963300E+02
   8.600          -0.8180000E+00
   8.620          -0.3419900E+02
   8.640          -0.3595000E+02
   8.660          -0.1814000E+01
   8.680           0.2373400E+02
   8.700           0.2429600E+02
   8.720           0.6475100E+02
   8.740           0.7928600E+02
   8.760           0.8052400E+02
   8.780           0.6862100E+02
   8.800          -0.1340300E+02
   8.820          -0.8645800E+02
   8.840          -0.1055170E+03
   8.860          -0.1083580E+03
   8.880          -0.7686200E+02
   8.900          -0.4238800E+02
   8.920          -0.4907300E+02
   8.940          -0.3573700E+02
   8.960          -0.8265000E+01
   8.980           0.2273200E+02
   9.000           0.5024800E+02
   9.020           0.3803900E+02
   9.040           0.2443000E+01
   9.060          -0.6408000E+01
   9.080          -0.3498400E+02
   9.100          -0.6599700E+02
   9.120          -0.2363500E+02
   9.140           0.3552700E+02
   9.160           0.5796000E+02
   9.180           0.8409500E+02
   9.200           0.6986300E+02
   9.220           0.5939600E+02
   9.240           0.1049460E+03
   9.260           0.8866700E+02
   9.280           0.6097500E+02
   9.300           0.4407300E+02
   9.320          -0.1054900E+02
   9.340          -0.4411500E+02
   9.360          -0.3084900E+02
   9.380          -0.1874700E+02
   9.400          -0.5968300E+02
   9.420          -0.1063350E+03
   9.440          -0.9994600E+02
   9.460          -0.7509000E+02
   9.480          -0.2203600E+02
   9.500           0.2830600E+02
   9.520           0.5702500E+02
   9.540           0.9770800E+02
   9.560           0.9698900E+02
   9.580           0.8452100E+02
   9.600           0.8122600E+02
   9.620           0.8195500E+02
   9.640           0.7535900E+02
   9.660           0.4538900E+02
   9.680           0.9662000E+01
   9.700          -0.1730500E+02
   9.720          -0.6476900E+02
   9.740          -0.1057500E+03
   9.760          -0.7968900E+02
   9.780          -0.1862700E+02
   9.800          -0.6242000E+01
   9.820          -0.5749700E+02
   9.840          -0.7353800E+02
   9.860          -0.3139000E+02
   9.880           0.1745900E+02
   9.900           0.2053100E+02
   9.920          -0.2881700E+02
   9.940          -0.5169600E+02
   9.960          -0.2822100E+02
   9.980           0.1162100E+02
  10.000           0.4127200E+02
  10.020           0.7626600E+02
  10.040           0.1293670E+03
  10.060           0.1159630E+03
  10.080           0.4917700E+02
  10.100          -0.9907000E+01
  10.120          -0.9002000E+02
  10.140          -0.1293490E+03
  10.160          -0.7368300E+02
  10.180           0.3678300E+02
  10.200           0.1326580E+03
  10.220           0.1273390E+03
  10.240           0.9066000E+02
  10.260           0.6211900E+02
  10.280           0.3116400E+02
  10.300           0.2561800E+02
  10.320          -0.1301900E+02
  10.340          -0.4301900E+02
  10.360          -0.2632400E+02
  10.380          -0.2040500E+02
  10.400          -0.2313000E+02
  10.420          -0.3466400E+02
  10.440          -0.4248900E+02
  10.460          -0.4196900E+02
  10.480          -0.2300700E+02
  10.500           0.1829000E+01
  10.520          -0.1037100E+02
  10.540          -0.1280200E+02
  10.560           0.6411000E+01
  10.580          -0.5359000E+01
  10.600           0.2370000E+01
  10.620           0.1670900E+02
  10.640           0.4479400E+02
  10.660           0.1096810E+03
  10.680           0.1091080E+03
  10.700           0.7551600E+02
  10.720           0.5486700E+02
  10.740          -0.7214000E+01
  10.760          -0.4628000E+02
  10.780          -0.6071300E+02
  10.800          -0.5017300E+02
  10.820          -0.1823000E+02
  10.840          -0.2984300E+02
  10.860          -0.2735300E+02
  10.880          -0.2029500E+02
  10.900           0.1402000E+01
  10.920           0.3475100E+02
  10.940           0.3251500E+02
  10.960           0.5635800E+02
  10.980           0.6020800E+02
  11.000           0.6378700E+02
  11.020           0.7760500E+02
  11.040           0.3437700E+02
  11.060           0.1672100E+02
  11.080           0.2611800E+02
  11.100           0.3396700E+02
  11.120           0.3722800E+02
  11.140          -0.2688300E+02
  11.160          -0.8601600E+02
  11.180          -0.9846500E+02
  11.200          -0.5987200E+02
  11.220          -0.1267500E+02
  11.240          -0.1672500E+02
  11.260          -0.6093400E+02
  11.280          -0.9844100E+02
  11.300          -0.8346000E+02
  11.320          -0.3681100E+02
  11.340          -0.7245000E+01
  11.360           0.3887700E+02
  11.380           0.9630200E+02
  11.400           0.6796100E+02
  11.420           0.2043300E+02
  11.440           0.2065400E+02
  11.460           0.2449900E+02
  11.480           0.2051200E+02
  11.500           0.2630800E+02
  11.520           0.3851800E+02
  11.540           0.1302600E+02
  11.560          -0.2095000E+02
  11.580          -0.1786100E+02
  11.600          -0.1271200E+02
  11.620          -0.1352300E+02
  11.640          -0.4062900E+02
  11.660          -0.7986800E+02
  11.680          -0.5823800E+02
  11.700          -0.1477500E+02
  11.720           0.3275400E+02
  11.740           0.4999300E+02
  11.760           0.7367500E+02
  11.780           0.1008150E+03
  11.800           0.5581000E+02
  11.820           0.8625000E+01
  11.840           0.8867000E+01
  11.860           0.1460100E+02
  11.880           0.8877000E+01
  11.900           0.1997400E+02
  11.920           0.3490000E+02
  11.940           0.4234200E+02
  11.960           0.6415500E+02
  11.980           0.8501300E+02
  12.000           0.1041680E+03
  12.020           0.1244100E+03
  12.040           0.6149000E+02
  12.060          -0.1747300E+02
  12.080          -0.1865700E+02
  12.100          -0.3552800E+02
  12.120          -0.3223800E+02
  12.140           0.6247000E+01
  12.160           0.2042600E+02
  12.180           0.2899000E+02
  12.200           0.1148700E+02
  12.220          -0.3300300E+02
  12.240          -0.4537600E+02
  12.260          -0.4752800E+02
  12.280          -0.7155900E+02
  12.300          -0.1077510E+03
  12.320          -0.1535090E+03
  12.340          -0.1870350E+03
  12.360          -0.1747360E+03
  12.380          -0.9387500E+02
  12.400           0.2523000E+01
  12.420           0.7011200E+02
  12.440           0.4412800E+02
  12.460          -0.1649200E+02
  12.480          -0.8102000E+01
  12.500           0.1557000E+01
  12.520          -0.5578000E+01
  12.540          -0.2489000E+02
  12.560          -0.9524900E+02
  12.580          -0.1129440E+03
  12.600          -0.8459100E+02
  12.620          -0.6034500E+02
  12.640          -0.8054000E+01
  12.660           0.1093600E+02
  12.680          -0.9575000E+01
  12.700          -0.2026300E+02
  12.720           0.1105800E+02
  12.740           0.1631500E+02
  12.760          -0.4622600E+02
  12.780          -0.4575200E+02
  12.800           0.1208700E+02
  12.820           0.3230300E+02
  12.840           0.5209000E+02
  12.860           0.7221600E+02
  12.880           0.8909900E+02
  12.900           0.5984600E+02
  12.920          -0.2500900E+02
  12.940          -0.4952600E+02
  12.960          -0.3305900E+02
  12.980           0.1573000E+02
  13.000           0.6280600E+02
  13.020           0.5396300E+02
  13.040           0.5190500E+02
  13.060           0.6105300E+02
  13.080           0.4028100E+02
  13.100           0.1587800E+02
  13.120          -0.1938800E+02
  13.140          -0.5716400E+02
  13.160          -0.8480600E+02
  13.180          -0.7553400E+02
  13.200          -0.3718500E+02
  13.220          -0.1880000E+02
  13.240          -0.2594400E+02
  13.260          -0.4190100E+02
  13.280          -0.3493000E+02
  13.300           0.3875000E+01
  13.320          -0.2238000E+01
  13.340          -0.3220900E+02
  13.360          -0.6612900E+02
  13.380          -0.1177140E+03
  13.400          -0.1162430E+03
  13.420          -0.4788500E+02
  13.440           0.2902400E+02
  13.460           0.8284200E+02
  13.480           0.1162090E+03
  13.500           0.1276740E+03
  13.520           0.9244200E+02
  13.540           0.5293600E+02
  13.560          -0.5912000E+01
  13.580          -0.7131000E+02
  13.600          -0.6431900E+02
  13.620          -0.1268900E+02
  13.640           0.2414400E+02
  13.660           0.4314700E+02
  13.680           0.4277500E+02
  13.700           0.9593000E+01
  13.720          -0.3267200E+02
  13.740          -0.2969700E+02
  13.760          -0.2043500E+02
  13.780          -0.7935000E+01
  13.800           0.2474400E+02
  13.820           0.4783400E+02
  13.840           0.6008000E+02
  13.860           0.1820900E+02
  13.880          -0.6189100E+02
  13.900          -0.8859200E+02
  13.920          -0.9062700E+02
  13.940          -0.8421600E+02
  13.960          -0.2435600E+02
  13.980           0.3948200E+02
  14.000           0.9222000E+02
  14.020           0.1031320E+03
  14.040           0.5074900E+02
  14.060           0.1853100E+02
  14.080           0.2171100E+02
  14.100           0.4637300E+02
  14.120           0.4876600E+02
  14.140           0.5869800E+02
  14.160           0.5439300E+02
  14.180           0.3989000E+01
  14.200           0.2227700E+02
  14.220           0.5002000E+02
  14.240           0.3057600E+02
  14.260           0.1390200E+02
  14.280          -0.1564200E+02
  14.300           0.7297000E+01
  14.320           0.3166000E+01
  14.340          -0.7549900E+02
  14.360          -0.8647500E+02
  14.380          -0.4360200E+02
  14.400          -0.2193400E+02
  14.420          -0.6545200E+02
  14.440          -0.1002910E+03
  14.460          -0.2994800E+02
  14.480           0.6701600E+02
  14.500           0.9944700E+02
  14.520           0.6552900E+02
  14.540          -0.7503000E+01
  14.560          -0.6527400E+02
  14.580          -0.6415100E+02
  14.600           0.1958600E+02
  14.620           0.9688900E+02
  14.640           0.8779900E+02
  14.660           0.5584900E+02
  14.680           0.8419000E+01
  14.700          -0.8739000E+01
  14.720           0.4717900E+02
  14.740           0.1986100E+02
  14.760          -0.2970700E+02
  14.780          -0.2534000E+01
  14.800           0.3570000E+02
  14.820           0.8590900E+02
  14.840           0.1099770E+03
  14.860           0.1140680E+03
  14.880           0.9319200E+02
  14.900           0.1133300E+02
  14.920          -0.4877900E+02
  14.940          -0.7831700E+02
  14.960          -0.7218100E+02
  14.980          -0.8411500E+02
  15.000          -0.1018070E+03
  15.020          -0.4700400E+02
  15.040           0.1481400E+02
  15.060           0.4841300E+02
  15.080           0.5789300E+02
  15.100           0.2334400E+02
  15.120          -0.1596400E+02
  15.140          -0.2878500E+02
  15.160           0.6399000E+01
  15.180           0.5227900E+02
  15.200           0.4275600E+02
  15.220          -0.1786400E+02
  15.240          -0.5969900E+02
  15.260          -0.5046100E+02
  15.280          -0.2231700E+02
  15.300          -0.3435800E+02
  15.320          -0.6091200E+02
  15.340          -0.7573800E+02
  15.360          -0.6164000E+02
  15.380          -0.7875000E+01
  15.400           0.5987000E+02
  15.420           0.1216010E+03
  15.440           0.1097680E+03
  15.460           0.7995000E+01
  15.480          -0.4765500E+02
  15.500          -0.7430300E+02
  15.520          -0.9738000E+02
  15.540          -0.8905200E+02
  15.560          -0.9096900E+02
  15.580          -0.1140700E+03
  15.600          -0.9258600E+02
  15.620          -0.2633200E+02
  15.640           0.3476900E+02
  15.660           0.7836300E+02
  15.680           0.9467200E+02
  15.700           0.6242400E+02
  15.720           0.3697900E+02
  15.740           0.4805800E+02
  15.760           0.3168300E+02
  15.780           0.2340700E+02
  15.800           0.3131800E+02
  15.820           0.1336400E+02
  15.840          -0.2419300E+02
  15.860          -0.7418800E+02
  15.880          -0.7626700E+02
  15.900          -0.7051000E+02
  15.920          -0.9247000E+02
  15.940          -0.8031600E+02
  15.960          -0.5292600E+02
  15.980          -0.3265800E+02
  16.000          -0.3640000E+01
  16.020           0.2672700E+02
  16.040           0.4359700E+02
  16.060           0.3269900E+02
  16.080           0.2439900E+02
  16.100           0.5870000E+00
  16.120          -0.3770400E+02
  16.140          -0.6241300E+02
  16.160          -0.8971700E+02
  16.180          -0.8182300E+02
  16.200          -0.4164200E+02
  16.220          -0.2137100E+02
  16.240          -0.1346400E+02
  16.260          -0.1529100E+02
  16.280          -0.9276000E+01
  16.300           0.2228100E+02
  16.320           0.1247500E+02
  16.340          -0.9866000E+01
  16.360          -0.7220000E+00
  16.380           0.7150000E+01
  16.400           0.2484000E+02
  16.420           0.6513500E+02
  16.440           0.1297240E+03
  16.460           0.1792370E+03
  16.480           0.1832240E+03
  16.500           0.1533250E+03
  16.520           0.5952800E+02
  16.540          -0.3052500E+02
  16.560          -0.5516300E+02
  16.580          -0.5143800E+02
  16.600          -0.3720000E+02
  16.620          -0.6275000E+02
  16.640          -0.1051010E+03
  16.660          -0.1059600E+03
  16.680          -0.6225600E+02
  16.700           0.2893300E+02
  16.720           0.6516600E+02
  16.740           0.4202200E+02
  16.760           0.2215900E+02
  16.780           0.1789000E+01
  16.800           0.4870000E+01
  16.820           0.4622300E+02
  16.840           0.8113900E+02
  16.860           0.8597300E+02
  16.880           0.4351700E+02
  16.900           0.1123800E+02
  16.920           0.1212000E+02
  16.940           0.7813000E+01
  16.960          -0.4427000E+01
  16.980          -0.5190300E+02
  17.000          -0.8754600E+02
  17.020          -0.6675100E+02
  17.040          -0.2927400E+02
  17.060           0.3786000E+02
  17.080           0.6915000E+02
  17.100           0.3125000E+02
  17.120          -0.1910500E+02
  17.140          -0.5082000E+02
  17.160          -0.5350400E+02
  17.180          -0.7669800E+02
  17.200          -0.9959400E+02
  17.220          -0.9912600E+02
  17.240          -0.1060840E+03
  17.260          -0.5990400E+02
  17.280          -0.1460400E+02
  17.300          -0.3708100E+02
  17.320          -0.6152700E+02
  17.340          -0.6333000E+02
  17.360          -0.3508300E+02
  17.380           0.3003300E+02
  17.400           0.6979700E+02
  17.420           0.6320200E+02
  17.440           0.2672500E+02
  17.460           0.7706000E+01
  17.480           0.1730200E+02
  17.500           0.2486000E+02
  17.520           0.2614200E+02
  17.540           0.4213500E+02
  17.560           0.6117500E+02
  17.580           0.4198300E+02
  17.600          -0.1069000E+01
  17.620          -0.2411800E+02
  17.640          -0.5136600E+02
  17.660          -0.4763200E+02
  17.680          -0.1166000E+02
  17.700           0.5002000E+01
  17.720           0.2938100E+02
  17.740           0.3334900E+02
  17.760           0.1170000E+01
  17.780          -0.6950000E+01
  17.800          -0.1809100E+02
  17.820          -0.3116200E+02
  17.840          -0.1708700E+02
  17.860           0.1552400E+02
  17.880           0.5677300E+02
  17.900           0.8729100E+02
  17.920           0.6855400E+02
  17.940           0.4389000E+01
  17.960          -0.2811300E+02
  17.980          -0.1716700E+02
  18.000           0.1729400E+02
  18.020           0.5719400E+02
  18.040           0.5421900E+02
  18.060           0.4551800E+02
  18.080           0.5692800E+02
  18.100           0.3501900E+02
  18.120           0.9028000E+01
  18.140           0.6410000E+00
  18.160          -0.7451000E+01
  18.180          -0.1021400E+02
  18.200          -0.1579700E+02
  18.220           0.2041000E+01
  18.240           0.1228500E+02
  18.260          -0.1242400E+02
  18.280          -0.6727000E+01
  18.300           0.1155700E+02
  18.320           0.1465600E+02
  18.340           0.1481500E+02
  18.360           0.2148000E+02
  18.380           0.1977600E+02
  18.400           0.2574000E+01
  18.420          -0.1172000E+01
  18.440          -0.5855000E+01
  18.460          -0.1079300E+02
  18.480           0.9070000E+01
  18.500           0.5362000E+01
  18.520          -0.2761300E+02
  18.540          -0.3834000E+02
  18.560          -0.1683700E+02
  18.580           0.3105700E+02
  18.600           0.5814800E+02
  18.620           0.5567500E+02
  18.640           0.4897100E+02
  18.660           0.4158000E+02
  18.680           0.6291800E+02
  18.700           0.8581500E+02
  18.720           0.7131600E+02
  18.740           0.3226700E+02
  18.760          -0.8978000E+01
  18.780          -0.6794000E+01
  18.800           0.2243600E+02
  18.820           0.3267000E+02
  18.840           0.3153200E+02
  18.860           0.4286000E+01
  18.880          -0.1338800E+02
  18.900          -0.2029600E+02
  18.920          -0.2673000E+02
  18.940          -0.2186100E+02
  18.960          -0.3719500E+02
  18.980          -0.6395300E+02
  19.000          -0.6762800E+02
  19.020          -0.5460200E+02
  19.040          -0.3378000E+02
  19.060          -0.2014600E+02
  19.080          -0.4630000E+00
  19.100           0.1366600E+02
  19.120           0.7748000E+01
  19.140           0.1349500E+02
  19.160           0.1222300E+02
  19.180          -0.4822000E+01
  19.200          -0.1245800E+02
  19.220          -0.1260500E+02
  19.240           0.2959000E+01
  19.260           0.2980600E+02
  19.280           0.4789800E+02
  19.300           0.4560400E+02
  19.320           0.2184800E+02
  19.340          -0.1193200E+02
  19.360          -0.3412300E+02
  19.380          -0.3636100E+02
  19.400          -0.2152700E+02
  19.420          -0.1344600E+02
  19.440          -0.4606000E+01
  19.460           0.1502000E+01
  19.480          -0.4402000E+01
  19.500          -0.2053300E+02
  19.520          -0.7180200E+02
  19.540          -0.1117340E+03
  19.560          -0.1039520E+03
  19.580          -0.6524500E+02
  19.600          -0.9427000E+01
  19.620           0.2022500E+02
  19.640           0.2223700E+02
  19.660           0.1239700E+02
  19.680           0.2293000E+01
  19.700           0.1087100E+02
  19.720           0.1766000E+02
  19.740           0.1171600E+02
  19.760          -0.6850000E+00
  19.780          -0.9128000E+01
  19.800          -0.2685000E+01
  19.820          -0.9413000E+01
  19.840          -0.2563500E+02
  19.860          -0.3323700E+02
  19.880          -0.1632100E+02
  19.900           0.1557400E+02
  19.920           0.1533500E+02
  19.940           0.2694000E+01
  19.960           0.6450000E+01
  19.980          -0.6570000E+00
  20.000          -0.6358000E+01
  20.020          -0.5269000E+01
  20.040          -0.5743000E+01
  20.060          -0.6676000E+01
  20.080          -0.4501000E+01
  20.100           0.1604900E+02
  20.120           0.1822700E+02
  20.140          -0.5998000E+01
  20.160          -0.3435600E+02
  20.180          -0.5464000E+02
  20.200          -0.4211200E+02
  20.220          -0.8470000E+01
  20.240           0.8024000E+01
  20.260           0.9147000E+01
  20.280           0.1889000E+01
  20.300           0.3437000E+01
  20.320           0.1400000E+01
  20.340          -0.4156000E+01
  20.360           0.1787700E+02
  20.380           0.2169000E+02
  20.400           0.1077100E+02
  20.420           0.1404800E+02
  20.440           0.1577900E+02
  20.460           0.2608100E+02
  20.480           0.1463700E+02
  20.500          -0.1075300E+02
  20.520          -0.2101400E+02
  20.540          -0.1382500E+02
  20.560           0.3953000E+01
  20.580           0.4368000E+01
  20.600          -0.1396000E+01
  20.620           0.3877000E+01
  20.640          -0.7496000E+01
  20.660          -0.1138800E+02
  20.680          -0.5041000E+01
  20.700          -0.1343400E+02
  20.720          -0.2514500E+02
  20.740          -0.3246000E+02
  20.760          -0.1761000E+02
  20.780           0.2689000E+01
  20.800           0.1195800E+02
  20.820           0.1264000E+02
  20.840          -0.1006000E+01
  20.860          -0.6812000E+01
  20.880          -0.4428000E+01
  20.900          -0.1659000E+01
  20.920           0.1343300E+02
  20.940           0.1634500E+02
  20.960           0.1088400E+02
  20.980           0.2213200E+02
  21.000           0.3483300E+02
  21.020           0.4566700E+02
  21.040           0.3229600E+02
  21.060           0.5832000E+01
  21.080          -0.2879000E+01
  21.100          -0.6035000E+01
  21.120          -0.9542000E+01
  21.140          -0.1511000E+02
  21.160          -0.2196400E+02
  21.180          -0.2145100E+02
  21.200          -0.2635800E+02
  21.220          -0.2710400E+02
  21.240          -0.2369900E+02
  21.260          -0.2204700E+02
  21.280          -0.2114600E+02
  21.300          -0.1040800E+02
  21.320           0.2446100E+02
  21.340           0.4110100E+02
  21.360           0.3594200E+02
  21.380           0.3032000E+02
  21.400           0.1245600E+02
  21.420           0.1475000E+01
  21.440           0.4857000E+01
  21.460           0.1599100E+02
  21.480           0.3852100E+02
  21.500           0.4137100E+02
  21.520           0.2272100E+02
  21.540           0.9289000E+01
  21.560           0.3147000E+01
  21.580           0.8362000E+01
  21.600           0.8613000E+01
  21.620           0.2143000E+01
  21.640          -0.1105400E+02
  21.660          -0.2786200E+02
  21.680          -0.2242700E+02
  21.700          -0.9728000E+01
  21.720          -0.6833000E+01
  21.740          -0.9837000E+01
  21.760          -0.1374200E+02
  21.780          -0.5404000E+01
  21.800           0.6597000E+01
  21.820           0.1515000E+02
  21.840           0.2187300E+02
  21.860           0.1958300E+02
  21.880           0.2866700E+02
  21.900           0.4161500E+02
  21.920           0.4624700E+02
  21.940           0.5051300E+02
  21.960           0.4779700E+02
  21.980           0.4255600E+02
  22.000           0.3207600E+02
  22.020           0.2479400E+02
  22.040           0.1999300E+02
  22.060           0.1718000E+01
  22.080          -0.1188000E+02
  22.100          -0.1480900E+02
  22.120          -0.5924000E+01
  22.140           0.8896000E+01
  22.160           0.2417000E+01
  22.180          -0.5153000E+01
  22.200           0.2737000E+01
  22.220           0.1552400E+02
  22.240           0.2789400E+02
  22.260           0.2184900E+02
  22.280           0.1701400E+02
  22.300           0.1609100E+02
  22.320           0.1222600E+02
  22.340           0.2462000E+02
  22.360           0.3413100E+02
  22.380           0.2204700E+02
  22.400          -0.6720000E+00
  22.420          -0.1778300E+02
  22.440          -0.1709200E+02
  22.460          -0.1717800E+02
  22.480          -0.2068700E+02
  22.500          -0.2077900E+02
  22.520          -0.1520600E+02
  22.540          -0.1410000E+00
  22.560           0.9327000E+01
  22.580           0.9836000E+01
  22.600          -0.7660000E+00
  22.620          -0.1985900E+02
  22.640          -0.1953800E+02
  22.660          -0.1006200E+02
  22.680          -0.2567000E+01
  22.700           0.1300000E+01
  22.720          -0.1278300E+02
  22.740          -0.2151600E+02
  22.760          -0.1783200E+02
  22.780          -0.1691400E+02
  22.800          -0.1495400E+02
  22.820          -0.2437400E+02
  22.840          -0.3435000E+02
  22.860          -0.3667200E+02
  22.880          -0.3274200E+02
  22.900          -0.1765900E+02
  22.920          -0.1737000E+02
  22.940          -0.2677700E+02
  22.960          -0.3014400E+02
  22.980          -0.2483800E+02
  23.000          -0.9360000E+01
  23.020          -0.3702000E+01
  23.040          -0.6450000E+01
  23.060          -0.1387200E+02
  23.080          -0.2525500E+02
  23.100          -0.2214500E+02
  23.120          -0.1182900E+02
  23.140          -0.2024000E+01
  23.160           0.6708000E+01
  23.180           0.2016000E+01
  23.200          -0.8718000E+01
  23.220          -0.2337200E+02
  23.240          -0.3312400E+02
  23.260          -0.2614800E+02
  23.280          -0.1068900E+02
  23.300           0.9955000E+01
  23.320           0.1627000E+02
  23.340          -0.2285000E+01
  23.360          -0.1937700E+02
  23.380          -0.2145700E+02
  23.400          -0.1926600E+02
  23.420          -0.2440000E+02
  23.440          -0.2828700E+02
  23.460          -0.1481100E+02
  23.480           0.1811000E+01
  23.500           0.1935500E+02
  23.520           0.3177900E+02
  23.540           0.3068600E+02
  23.560           0.2473400E+02
  23.580           0.7631000E+01
  23.600          -0.5232000E+01
  23.620           0.3158000E+01
  23.640           0.2140200E+02
  23.660           0.4253100E+02
  23.680           0.5774400E+02
  23.700           0.6462500E+02
  23.720           0.5838600E+02
  23.740           0.4018200E+02
  23.760           0.2533200E+02
  23.780           0.1642800E+02
  23.800           0.1068600E+02
  23.820           0.1412000E+01
  23.840          -0.9937000E+01
  23.860          -0.1377000E+02
  23.880          -0.1306400E+02
  23.900          -0.1087500E+02
  23.920          -0.1539200E+02
  23.940          -0.1835500E+02
  23.960          -0.1312200E+02
  23.980          -0.1027800E+02
  24.000          -0.5652000E+01
  24.020           0.1801000E+01
  24.040           0.3399000E+01
  24.060           0.1002800E+02
  24.080           0.1699500E+02
  24.100           0.1707500E+02
  24.120           0.1623200E+02
  24.140           0.7852000E+01
  24.160           0.1835000E+01
  24.180           0.1583000E+01
  24.200           0.2120000E+00
  24.220           0.2300000E-01
  24.240          -0.5731000E+01
  24.260          -0.1255500E+02
  24.280          -0.8602000E+01
  24.300           0.1994000E+01
  24.320           0.1164000E+02
  24.340           0.1280900E+02
  24.360           0.1404000E+01
  24.380          -0.1609400E+02
  24.400          -0.2985400E+02
  24.420          -0.2875200E+02
  24.440          -0.1694100E+02
  24.460           0.1168000E+01
  24.480           0.5921000E+01
  24.500          -0.3063000E+01
  24.520          -0.3888000E+01
  24.540          -0.2286000E+01
  24.560          -0.4535000E+01
  24.580          -0.8947000E+01
  24.600          -0.1909000E+02
  24.620          -0.2508000E+02
  24.640          -0.2075700E+02
  24.660          -0.1072400E+02
  24.680           0.1192000E+01
  24.700           0.7459000E+01
  24.720           0.8180000E+01
  24.740           0.2188000E+01
  24.760          -0.1234000E+01
  24.780           0.4709000E+01
  24.800           0.7409000E+01
  24.820           0.2571000E+01
  24.840          -0.8380000E+01
  24.860          -0.1561500E+02
  24.880          -0.9759000E+01
  24.900           0.2067000E+01
  24.920           0.3855000E+01
  24.940          -0.7455000E+01
  24.960          -0.2020900E+02
  24.980          -0.2260200E+02
  25.000          -0.2090300E+02
  25.020          -0.1663500E+02
  25.040          -0.1484300E+02
  25.060          -0.2403900E+02
  25.080          -0.2725800E+02
  25.100          -0.1784800E+02
  25.120          -0.1238700E+02
  25.140          -0.1218100E+02
  25.160          -0.9403000E+01
  25.180          -0.8983000E+01
  25.200          -0.9477000E+01
  25.220          -0.2009000E+01
  25.240           0.8623000E+01
  25.260           0.1262200E+02
  25.280           0.1629700E+02
  25.300           0.2126000E+02
  25.320           0.2345800E+02
  25.340           0.2004900E+02
  25.360           0.1301000E+02
  25.380           0.1441300E+02
  25.400           0.1652400E+02
  25.420           0.1454400E+02
  25.440           0.1075200E+02
  25.460           0.5013000E+01
  25.480           0.7288000E+01
  25.500           0.1254300E+02
  25.520           0.1026700E+02
  25.540           0.4054000E+01
  25.560          -0.4397000E+01
  25.580          -0.9527000E+01
  25.600          -0.5083000E+01
  25.620          -0.1112000E+01
  25.640           0.1479000E+01
  25.660           0.9017000E+01
  25.680           0.1232200E+02
  25.700           0.8190000E+01
  25.720           0.4373000E+01
  25.740           0.8800000E-01
  25.760           0.1603000E+01
  25.780           0.7614000E+01
  25.800           0.6562000E+01
  25.820          -0.2430000E+00
  25.840           0.2480000E+00
  25.860           0.4583000E+01
  25.880           0.1567000E+01
  25.900          -0.7165000E+01
  25.920          -0.1714500E+02
  25.940          -0.2033600E+02
  25.960          -0.1874900E+02
  25.980          -0.1374000E+02
  26.000          -0.4141000E+01
  26.020          -0.4610000E+00
  26.040           0.4480000E+00
  26.060           0.2024000E+01
  26.080          -0.1381000E+01
  26.100          -0.2427000E+01
  26.120          -0.1943000E+01
  26.140          -0.9972000E+01
  26.160          -0.1734400E+02
  26.180          -0.1293000E+02
  26.200          -0.7397000E+01
  26.220          -0.8669000E+01
  26.240          -0.1158500E+02
  26.260          -0.1675200E+02
  26.280          -0.1979700E+02
  26.300          -0.1841800E+02
  26.320          -0.1677200E+02
  26.340          -0.1465000E+02
  26.360          -0.8862000E+01
  26.380          -0.4210000E+00
  26.400           0.7594000E+01
  26.420           0.1543000E+02
  26.440           0.2388000E+02
  26.460           0.3090500E+02
  26.480           0.2958900E+02
  26.500           0.2316500E+02
  26.520           0.2116300E+02
  26.540           0.2268700E+02
  26.560           0.2576800E+02
  26.580           0.2775700E+02
  26.600           0.2827800E+02
  26.620           0.2539800E+02
  26.640           0.2046400E+02
  26.660           0.1515800E+02
  26.680           0.9267000E+01
  26.700           0.5781000E+01
  26.720          -0.2467000E+01
  26.740          -0.1484300E+02
  26.760          -0.1970900E+02
  26.780          -0.1964000E+02
  26.800          -0.1116100E+02
  26.820           0.1352000E+01
  26.840           0.4755000E+01
  26.860           0.4022000E+01
  26.880           0.6539000E+01
  26.900           0.1090800E+02
  26.920           0.1271500E+02
  26.940           0.9664000E+01
  26.960           0.1034200E+02
  26.980           0.1673800E+02
  27.000           0.2238700E+02
  27.020           0.2537100E+02
  27.040           0.2261900E+02
  27.060           0.1184700E+02
  27.080           0.2986000E+01
  27.100          -0.1100000E+00
  27.120          -0.2865000E+01
  27.140          -0.5291000E+01
  27.160          -0.3225000E+01
  27.180           0.4926000E+01
  27.200           0.1684400E+02
  27.220           0.2390700E+02
  27.240           0.1566900E+02
  27.260           0.9110000E+00
  27.280          -0.6285000E+01
  27.300          -0.5235000E+01
  27.320           0.4190000E+00
  27.340           0.2643000E+01
  27.360           0.2709000E+01
  27.380           0.6686000E+01
  27.400           0.1045300E+02
  27.420           0.9541000E+01
  27.440           0.5890000E+01
  27.460           0.1771000E+01
  27.480          -0.2459000E+01
  27.500          -0.6328000E+01
  27.520          -0.5685000E+01
  27.540          -0.1580000E+01
  27.560           0.1821000E+01
  27.580           0.5074000E+01
  27.600           0.8869000E+01
  27.620           0.1301100E+02
  27.640           0.1641800E+02
  27.660           0.1578400E+02
  27.680           0.1123200E+02
  27.700           0.6764000E+01
  27.720           0.3870000E+01
  27.740           0.2810000E+00
  27.760          -0.3711000E+01
  27.780          -0.4768000E+01
  27.800          -0.6331000E+01
  27.820          -0.8289000E+01
  27.840          -0.8992000E+01
  27.860          -0.9550000E+01
  27.880          -0.1112900E+02
  27.900          -0.1327300E+02
  27.920          -0.1330000E+02
  27.940          -0.9811000E+01
  27.960          -0.2911000E+01
  27.980           0.5470000E+01
  28.000           0.8318000E+01
  28.020           0.4610000E+01
  28.040           0.1997000E+01
  28.060           0.1857000E+01
  28.080           0.9150000E+00
  28.100          -0.1158000E+01
  28.120          -0.3166000E+01
  28.140          -0.3071000E+01
  28.160          -0.1945000E+01
  28.180          -0.1008000E+01
  28.200          -0.1084000E+01
  28.220          -0.2140000E+00
  28.240           0.1538000E+01
  28.260          -0.5200000E+00
  28.280          -0.5473000E+01
  28.300          -0.7833000E+01
  28.320          -0.6945000E+01
  28.340          -0.5007000E+01
  28.360          -0.5266000E+01
  28.380          -0.6095000E+01
  28.400          -0.5882000E+01
  28.420          -0.6039000E+01
  28.440          -0.6933000E+01
  28.460          -0.8939000E+01
  28.480          -0.1107300E+02
  28.500          -0.1058800E+02
  28.520          -0.8381000E+01
  28.540          -0.5854000E+01
  28.560          -0.2442000E+01
  28.580           0.1639000E+01
  28.600           0.4310000E+01
  28.620           0.5011000E+01
  28.640           0.3959000E+01
  28.660           0.2247000E+01
  28.680           0.1262000E+01
  28.700           0.7170000E+00
  28.720           0.1430000E+00
  28.740           0.3000000E-02
  28.760          -0.7000000E+00
  28.780          -0.1618000E+01
  28.800          -0.2009000E+01
  28.820          -0.2661000E+01
  28.840          -0.3309000E+01
  28.860          -0.3504000E+01
  28.880          -0.3808000E+01
  28.900          -0.3272000E+01
  28.920          -0.2078000E+01
  28.940          -0.1160000E+01
  28.960          -0.7570000E+00
  28.980          -0.6530000E+00
  29.000          -0.3830000E+00
  29.020          -0.1730000E+00
  29.040          -0.4390000E+00
  29.060          -0.7600000E+00
  29.080          -0.6100000E+00
  29.100          -0.1200000E+00
  29.120           0.1760000E+00
  29.140           0.1950000E+00
  29.160           0.1140000E+00
  29.180           0.9300000E-01
  29.200           0.0000000E+00
  29.220           0.0000000E+00
  29.240           0.0000000E+00
  29.260           0.0000000E+00
  29.280           0.0000000E+00
  29.300           0.0000000E+00
  29.320           0.0000000E+00
  29.340           0.0000000E+00
  29.360           0.0000000E+00
  29.380           0.0000000E+00
  29.400           0.0000000E+00
  29.420           0.0000000E+00
  29.440           0.0000000E+00
  29.460           0.0000000E+00
  29.480           0.0000000E+00
  29.500           0.0000000E+00
  29.520           0.0000000E+00
  29.540           0.0000000E+00
  29.560           0.0000000E+00
  29.580           0.0000000E+00
  29.600           0.0000000E+00
  29.620           0.0000000E+00
  29.640           0.0000000E+00
  29.660           0.0000000E+00
  29.680           0.0000000E+00
  29.700           0.0000000E+00
  29.720           0.0000000E+00
  29.740           0.0000000E+00
  29.760           0.0000000E+00
  29.780           0.0000000E+00
  29.800           0.0000000E+00
  29.820           0.0000000E+00
  29.840           0.0000000E+00
  29.860           0.0000000E+00
  29.880           0.0000000E+00
  29.900           0.0000000E+00
  29.920           0.0000000E+00
  29.940           0.0000000E+00
  29.960           0.0000000E+00
  29.980           0.0000000E+00
  30.000           0.0000000E+00
  30.020           0.0000000E+00
  30.040           0.0000000E+00
  30.060           0.0000000E+00
  30.080           0.0000000E+00
  30.100           0.0000000E+00
  30.120           0.0000000E+00
  30.140           0.0000000E+00
  30.160           0.0000000E+00
  30.180           0.0000000E+00
  30.200           0.0000000E+00
  30.220           0.0000000E+00
  30.240           0.0000000E+00
  30.260           0.0000000E+00
  30.280           0.0000000E+00
  30.300           0.0000000E+00
  30.320           0.0000000E+00
  30.340           0.0000000E+00
  30.360           0.0000000E+00
  30.380           0.0000000E+00
  30.400           0.0000000E+00
  30.420           0.0000000E+00
  30.440           0.0000000E+00
  30.460           0.0000000E+00
  30.480           0.0000000E+00
  30.500           0.0000000E+00
  30.520           0.0000000E+00
  30.540           0.0000000E+00
  30.560           0.0000000E+00
  30.580           0.0000000E+00
  30.600           0.0000000E+00
  30.620           0.0000000E+00
  30.640           0.0000000E+00
  30.660           0.0000000E+00
  30.680           0.0000000E+00
  30.700           0.0000000E+00
  30.720           0.0000000E+00
  30.740           0.0000000E+00
  30.760           0.0000000E+00
  30.780           0.0000000E+00
  30.800           0.0000000E+00
  30.820           0.0000000E+00
  30.840           0.0000000E+00
  30.860           0.0000000E+00
  30.880           0.0000000E+00
  30.900           0.0000000E+00
  30.920           0.0000000E+00
  30.940           0.0000000E+00
  30.960           0.0000000E+00
  30.980           0.0000000E+00
  31.000           0.0000000E+00
  31.020           0.0000000E+00
  31.040           0.0000000E+00
  31.060           0.0000000E+00
  31.080           0.0000000E+00
  31.100           0.0000000E+00
  31.120           0.0000000E+00
  31.140           0.0000000E+00
  31.160           0.0000000E+00
  31.180           0.0000000E+00
  31.200           0.0000000E+00
  31.220           0.0000000E+00
  31.240           0.0000000E+00
  31.260           0.0000000E+00
  31.280           0.0000000E+00
  31.300           0.0000000E+00
  31.320           0.0000000E+00
  31.340           0.0000000E+00
  31.360           0.0000000E+00
  31.380           0.0000000E+00
  31.400           0.0000000E+00
  31.420           0.0000000E+00
  31.440           0.0000000E+00
  31.460           0.0000000E+00
  31.480           0.0000000E+00
  31.500           0.0000000E+00
  31.520           0.0000000E+00
  31.540           0.0000000E+00
  31.560           0.0000000E+00
  31.580           0.0000000E+00
  31.600           0.0000000E+00
  31.620           0.0000000E+00
  31.640           0.0000000E+00
  31.660           0.0000000E+00
  31.680           0.0000000E+00
  31.700           0.0000000E+00
  31.720           0.0000000E+00
  31.740           0.0000000E+00
  31.760           0.0000000E+00
  31.780           0.0000000E+00
  31.800           0.0000000E+00
  31.820           0.0000000E+00
  31.840           0.0000000E+00
  31.860           0.0000000E+00
  31.880           0.0000000E+00
  31.900           0.0000000E+00
  31.920           0.0000000E+00
  31.940           0.0000000E+00
  31.960           0.0000000E+00
  31.980           0.0000000E+00
  32.000           0.0000000E+00
  32.020           0.0000000E+00
  32.040           0.0000000E+00
  32.060           0.0000000E+00
  32.080           0.0000000E+00
  32.100           0.0000000E+00
  32.120           0.0000000E+00
  32.140           0.0000000E+00
  32.160           0.0000000E+00
  32.180           0.0000000E+00
  32.200           0.0000000E+00
  32.220           0.0000000E+00
  32.240           0.0000000E+00
  32.260           0.0000000E+00
  32.280           0.0000000E+00
  32.300           0.0000000E+00
  32.320           0.0000000E+00
  32.340           0.0000000E+00
  32.360           0.0000000E+00
  32.380           0.0000000E+00
  32.400           0.0000000E+00
  32.420           0.0000000E+00
  32.440           0.0000000E+00
  32.460           0.0000000E+00
  32.480           0.0000000E+00
  32.500           0.0000000E+00
  32.520           0.0000000E+00
  32.540           0.0000000E+00
  32.560           0.0000000E+00
  32.580           0.0000000E+00
  32.600           0.0000000E+00
  32.620           0.0000000E+00
  32.640           0.0000000E+00
  32.660           0.0000000E+00
  32.680           0.0000000E+00
  32.700           0.0000000E+00
  32.720           0.0000000E+00
  32.740           0.0000000E+00
  32.760           0.0000000E+00
  32.780           0.0000000E+00
  32.800           0.0000000E+00
  32.820           0.0000000E+00
  32.840           0.0000000E+00
  32.860           0.0000000E+00
  32.880           0.0000000E+00
  32.900           0.0000000E+00
  32.920           0.0000000E+00
  32.940           0.0000000E+00
  32.960           0.0000000E+00
  32.980           0.0000000E+00
  33.000           0.0000000E+00
  33.020           0.0000000E+00
  33.040           0.0000000E+00
  33.060           0.0000000E+00
  33.080           0.0000000E+00
  33.100           0.0000000E+00
  33.120           0.0000000E+00
  33.140           0.0000000E+00
  33.160           0.0000000E+00
  33.180           0.0000000E+00
  33.200           0.0000000E+00
  33.220           0.0000000E+00
  33.240           0.0000000E+00
  33.260           0.0000000E+00
  33.280           0.0000000E+00
  33.300           0.0000000E+00
  33.320           0.0000000E+00
  33.340           0.0000000E+00
  33.360           0.0000000E+00
  33.380           0.0000000E+00
  33.400           0.0000000E+00
  33.420           0.0000000E+00
  33.440           0.0000000E+00
  33.460           0.0000000E+00
  33.480           0.0000000E+00
  33.500           0.0000000E+00
  33.520           0.0000000E+00
  33.540           0.0000000E+00
  33.560           0.0000000E+00
  33.580           0.0000000E+00
  33.600           0.0000000E+00
  33.620           0.0000000E+00
  33.640           0.0000000E+00
  33.660           0.0000000E+00
  33.680           0.0000000E+00
  33.700           0.0000000E+00
  33.720           0.0000000E+00
  33.740           0.0000000E+00
  33.760           0.0000000E+00
  33.780           0.0000000E+00
  33.800           0.0000000E+00
  33.820           0.0000000E+00
  33.840           0.0000000E+00
  33.860           0.0000000E+00
  33.880           0.0000000E+00
  33.900           0.0000000E+00
  33.920           0.0000000E+00
  33.940           0.0000000E+00
  33.960           0.0000000E+00
  33.980           0.0000000E+00
  34.000           0.0000000E+00
  34.020           0.0000000E+00
  34.040           0.0000000E+00
  34.060           0.0000000E+00
  34.080           0.0000000E+00
  34.100           0.0000000E+00
  34.120           0.0000000E+00
  34.140           0.0000000E+00
  34.160           0.0000000E+00
  34.180           0.0000000E+00
  34.200           0.0000000E+00
  34.220           0.0000000E+00
  34.240           0.0000000E+00
  34.260           0.0000000E+00
  34.280           0.0000000E+00
  34.300           0.0000000E+00
  34.320           0.0000000E+00
  34.340           0.0000000E+00
  34.360           0.0000000E+00
  34.380           0.0000000E+00
  34.400           0.0000000E+00
  34.420           0.0000000E+00
  34.440           0.0000000E+00
  34.460           0.0000000E+00
  34.480           0.0000000E+00
  34.500           0.0000000E+00
  34.520           0.0000000E+00
  34.540           0.0000000E+00
  34.560           0.0000000E+00
  34.580           0.0000000E+00
  34.600           0.0000000E+00
  34.620           0.0000000E+00
  34.640           0.0000000E+00
  34.660           0.0000000E+00
  34.680           0.0000000E+00
  34.700           0.0000000E+00
  34.720           0.0000000E+00
  34.740           0.0000000E+00
  34.760           0.0000000E+00
  34.780           0.0000000E+00
  34.800           0.0000000E+00
  34.820           0.0000000E+00
  34.840           0.0000000E+00
  34.860           0.0000000E+00
  34.880           0.0000000E+00
  34.900           0.0000000E+00
  34.920           0.0000000E+00
  34.940           0.0000000E+00
  34.960           0.0000000E+00
  34.980           0.0000000E+00
  35.000           0.0000000E+00
  35.020           0.0000000E+00
  35.040           0.0000000E+00
  35.060           0.0000000E+00
  35.080           0.0000000E+00
  35.100           0.0000000E+00
  35.120           0.0000000E+00
  35.140           0.0000000E+00
  35.160           0.0000000E+00
  35.180           0.0000000E+00
  35.200           0.0000000E+00
  35.220           0.0000000E+00
  35.240           0.0000000E+00
  35.260           0.0000000E+00
  35.280           0.0000000E+00
  35.300           0.0000000E+00
  35.320           0.0000000E+00
  35.340           0.0000000E+00
  35.360           0.0000000E+00
  35.380           0.0000000E+00
  35.400           0.0000000E+00
  35.420           0.0000000E+00
  35.440           0.0000000E+00
  35.460           0.0000000E+00
  35.480           0.0000000E+00
  35.500           0.0000000E+00
  35.520           0.0000000E+00
  35.540           0.0000000E+00
  35.560           0.0000000E+00
  35.580           0.0000000E+00
  35.600           0.0000000E+00
  35.620           0.0000000E+00
  35.640           0.0000000E+00
  35.660           0.0000000E+00
  35.680           0.0000000E+00
  35.700           0.0000000E+00
  35.720           0.0000000E+00
  35.740           0.0000000E+00
  35.760           0.0000000E+00
  35.780           0.0000000E+00
  35.800           0.0000000E+00
  35.820           0.0000000E+00
  35.840           0.0000000E+00
  35.860           0.0000000E+00
  35.880           0.0000000E+00
  35.900           0.0000000E+00
  35.920           0.0000000E+00
  35.940           0.0000000E+00
  35.960           0.0000000E+00
  35.980           0.0000000E+00
  36.000           0.0000000E+00
  36.020           0.0000000E+00
  36.040           0.0000000E+00
  36.060           0.0000000E+00
  36.080           0.0000000E+00
  36.100           0.0000000E+00
  36.120           0.0000000E+00
  36.140           0.0000000E+00
  36.160           0.0000000E+00
  36.180           0.0000000E+00
  36.200           0.0000000E+00
  36.220           0.0000000E+00
  36.240           0.0000000E+00
  36.260           0.0000000E+00
  36.280           0.0000000E+00
  36.300           0.0000000E+00
  36.320           0.0000000E+00
  36.340           0.0000000E+00
  36.360           0.0000000E+00
  36.380           0.0000000E+00
  36.400           0.0000000E+00
  36.420           0.0000000E+00
  36.440           0.0000000E+00
  36.460           0.0000000E+00
  36.480           0.0000000E+00
  36.500           0.0000000E+00
  36.520           0.0000000E+00
  36.540           0.0000000E+00
  36.560           0.0000000E+00
  36.580           0.0000000E+00
  36.600           0.0000000E+00
  36.620           0.0000000E+00
  36.640           0.0000000E+00
  36.660           0.0000000E+00
  36.680           0.0000000E+00
  36.700           0.0000000E+00
  36.720           0.0000000E+00
  36.740           0.0000000E+00
  36.760           0.0000000E+00
  36.780           0.0000000E+00
  36.800           0.0000000E+00
  36.820           0.0000000E+00
  36.840           0.0000000E+00
  36.860           0.0000000E+00
  36.880           0.0000000E+00
  36.900           0.0000000E+00
  36.920           0.0000000E+00
  36.940           0.0000000E+00
  36.960           0.0000000E+00
  36.980           0.0000000E+00
  37.000           0.0000000E+00
  37.020           0.0000000E+00
  37.040           0.0000000E+00
  37.060           0.0000000E+00
  37.080           0.0000000E+00
  37.100           0.0000000E+00
  37.120           0.0000000E+00
  37.140           0.0000000E+00
  37.160           0.0000000E+00
  37.180           0.0000000E+00
  37.200           0.0000000E+00
  37.220           0.0000000E+00
  37.240           0.0000000E+00
  37.260           0.0000000E+00
  37.280           0.0000000E+00
  37.300           0.0000000E+00
  37.320           0.0000000E+00
  37.340           0.0000000E+00
  37.360           0.0000000E+00
  37.380           0.0000000E+00
  37.400           0.0000000E+00
  37.420           0.0000000E+00
  37.440           0.0000000E+00
  37.460           0.0000000E+00
  37.480           0.0000000E+00
  37.500           0.0000000E+00
  37.520           0.0000000E+00
  37.540           0.0000000E+00
  37.560           0.0000000E+00
  37.580           0.0000000E+00
  37.600           0.0000000E+00
  37.620           0.0000000E+00
  37.640           0.0000000E+00
  37.660           0.0000000E+00
  37.680           0.0000000E+00
  37.700           0.0000000E+00
  37.720           0.0000000E+00
  37.740           0.0000000E+00
  37.760           0.0000000E+00
  37.780           0.0000000E+00
  37.800           0.0000000E+00
  37.820           0.0000000E+00
  37.840           0.0000000E+00
  37.860           0.0000000E+00
  37.880           0.0000000E+00
  37.900           0.0000000E+00
  37.920           0.0000000E+00
  37.940           0.0000000E+00
  37.960           0.0000000E+00
  37.980           0.0000000E+00
  38.000           0.0000000E+00
  38.020           0.0000000E+00
  38.040           0.0000000E+00
  38.060           0.0000000E+00
  38.080           0.0000000E+00
  38.100           0.0000000E+00
  38.120           0.0000000E+00
  38.140           0.0000000E+00
  38.160           0.0000000E+00
  38.180           0.0000000E+00
  38.200           0.0000000E+00
  38.220           0.0000000E+00
  38.240           0.0000000E+00
  38.260           0.0000000E+00
  38.280           0.0000000E+00
  38.300           0.0000000E+00
  38.320           0.0000000E+00
  38.340           0.0000000E+00
  38.360           0.0000000E+00
  38.380           0.0000000E+00
  38.400           0.0000000E+00
  38.420           0.0000000E+00
  38.440           0.0000000E+00
  38.460           0.0000000E+00
  38.480           0.0000000E+00
  38.500           0.0000000E+00
  38.520           0.0000000E+00
  38.540           0.0000000E+00
  38.560           0.0000000E+00
  38.580           0.0000000E+00
  38.600           0.0000000E+00
  38.620           0.0000000E+00
  38.640           0.0000000E+00
  38.660           0.0000000E+00
  38.680           0.0000000E+00
  38.700           0.0000000E+00
  38.720           0.0000000E+00
  38.740           0.0000000E+00
  38.760           0.0000000E+00
  38.780           0.0000000E+00
  38.800           0.0000000E+00
  38.820           0.0000000E+00
  38.840           0.0000000E+00
  38.860           0.0000000E+00
  38.880           0.0000000E+00
  38.900           0.0000000E+00
  38.920           0.0000000E+00
  38.940           0.0000000E+00
  38.960           0.0000000E+00
  38.980           0.0000000E+00
  39.000           0.0000000E+00
  39.020           0.0000000E+00
  39.040           0.0000000E+00
  39.060           0.0000000E+00
  39.080           0.0000000E+00
  39.100           0.0000000E+00
  39.120           0.0000000E+00
  39.140           0.0000000E+00
  39.160           0.0000000E+00
  39.180           0.0000000E+00
  39.200           0.0000000E+00
  39.220           0.0000000E+00
  39.240           0.0000000E+00
  39.260           0.0000000E+00
  39.280           0.0000000E+00
  39.300           0.0000000E+00
  39.320           0.0000000E+00
  39.340           0.0000000E+00
  39.360           0.0000000E+00
  39.380           0.0000000E+00
  39.400           0.0000000E+00
  39.420           0.0000000E+00
  39.440           0.0000000E+00
  39.460           0.0000000E+00
  39.480           0.0000000E+00
  39.500           0.0000000E+00
  39.520           0.0000000E+00
  39.540           0.0000000E+00
  39.560           0.0000000E+00
  39.580           0.0000000E+00
  39.600           0.0000000E+00
  39.620           0.0000000E+00
  39.640           0.0000000E+00
  39.660           0.0000000E+00
  39.680           0.0000000E+00
  39.700           0.0000000E+00
  39.720           0.0000000E+00
  39.740           0.0000000E+00
  39.760           0.0000000E+00
  39.780           0.0000000E+00
  39.800           0.0000000E+00
  39.820           0.0000000E+00
  39.840           0.0000000E+00
  39.860           0.0000000E+00
  39.880           0.0000000E+00
  39.900           0.0000000E+00
  39.920           0.0000000E+00
  39.940           0.0000000E+00
  39.960           0.0000000E+00
  39.980           0.0000000E+00
  40.000           0.0000000E+00
  40.020           0.0000000E+00
  40.040           0.0000000E+00
  40.060           0.0000000E+00
  40.080           0.0000000E+00
  40.100           0.0000000E+00
  40.120           0.0000000E+00
  40.140           0.0000000E+00
  40.160           0.0000000E+00
  40.180           0.0000000E+00
  40.200           0.0000000E+00
  40.220           0.0000000E+00
  40.240           0.0000000E+00
  40.260           0.0000000E+00
  40.280           0.0000000E+00
  40.300           0.0000000E+00
  40.320           0.0000000E+00
  40.340           0.0000000E+00
  40.360           0.0000000E+00
  40.380           0.0000000E+00
  40.400           0.0000000E+00
  40.420           0.0000000E+00
  40.440           0.0000000E+00
  40.460           0.0000000E+00
  40.480           0.0000000E+00
  40.500           0.0000000E+00
  40.520           0.0000000E+00
  40.540           0.0000000E+00
  40.560           0.0000000E+00
  40.580           0.0000000E+00
  40.600           0.0000000E+00
  40.620           0.0000000E+00
  40.640           0.0000000E+00
  40.660           0.0000000E+00
  40.680           0.0000000E+00
  40.700           0.0000000E+00
  40.720           0.0000000E+00
  40.740           0.0000000E+00
  40.760           0.0000000E+00
  40.780           0.0000000E+00
  40.800           0.0000000E+00
  40.820           0.0000000E+00
  40.840           0.0000000E+00
  40.860           0.0000000E+00
  40.880           0.0000000E+00
  40.900           0.0000000E+00
  40.920           0.0000000E+00
  40.940           0.0000000E+00
  40.960           0.0000000E+00
