        2048     0.02000
      -0.016      -0.016      -0.016      -0.021      -0.016      -0.016       0.004      -0.015      -0.015       0.029
      -0.017      -0.017      -0.096      -0.018      -0.017      -0.108      -0.032      -0.028      -0.165      -0.015
      -0.030      -0.261      -0.049      -0.024       0.078       0.099       0.008       0.085       0.173       0.200
       0.242       0.024      -0.194      -0.177      -0.272      -0.580      -0.444      -0.415      -0.817      -0.579
       0.086       0.916       0.010      -0.686      -1.090       0.485      -0.318      -1.241      -0.231      -0.017
       0.640       0.383       0.229       0.708       0.328       0.352       1.483       0.613       0.299       1.397
       1.980       1.714       0.853      -1.124      -0.908      -1.354      -0.800      -0.981      -2.292      -1.106
      -0.825      -2.078      -2.183      -1.089      -1.546      -2.101      -2.519      -3.304      -2.366      -0.359
      -0.811      -0.131       0.309      -0.705       0.815      -1.844      -3.141      -1.329      -0.963      -1.033
      -1.590      -2.631      -2.312      -3.709      -1.995       1.310       3.795       5.202       4.927       3.173
       3.043       4.723       5.754       2.560       0.773       1.900       4.198       5.197       5.680       6.573
       5.383       4.417       5.349       3.389       1.506       0.636      -2.075      -4.471      -7.738      -6.032
      -6.652      -8.094      -7.948      -7.063      -7.760      -8.681      -8.431      -3.010      -0.432       1.007
       1.628       0.942       2.879       5.079       5.413       6.666       2.406       1.153       4.362       4.313
       1.539       1.963       1.036       0.688       0.591       2.718       2.346       1.749       2.837      -2.811
      -3.179       0.848      -2.511      -1.853      -0.956      -2.447       3.430       2.209       1.558       9.204
      11.950      11.974      13.169      12.138      13.489       6.856      -1.366      -4.876     -11.838     -13.109
     -10.386     -13.640     -16.423     -12.912     -11.563      -4.961      -6.668      -9.544      -0.214      -0.665
       2.464      12.465      15.390      18.057      15.852       7.184       5.118       7.165      13.982      17.411
       8.117       7.953      10.201       1.609      -3.969     -12.700     -18.661      -9.997     -12.580     -17.173
     -12.800     -10.112      -8.621      -5.594      -9.825     -13.927     -16.556     -18.963     -17.537      -9.431
       2.098      11.669      11.645       7.934       3.012      -0.918       1.237       5.306       1.974       8.484
      12.576      14.146      17.811      17.111      15.068       6.315      -0.062       3.394       0.978       4.673
      10.468       8.741      10.340      13.868       9.925      -1.944      -6.897      -3.652      -5.777     -20.941
     -31.959     -28.384     -16.733     -10.978      -6.534      -9.310     -19.270     -25.694     -22.656     -16.683
      -1.083       7.516      12.211      12.005       5.259       2.378      18.922      25.785      13.902      -1.366
      -7.305     -10.032      -1.938      10.480      18.290      13.036      14.545      21.747      15.614       6.937
      23.026      27.382      17.957      10.383     -13.304     -20.176     -20.373     -35.901     -37.828     -31.390
     -32.184     -28.844     -29.562     -17.101       3.175       8.586      14.909      19.252      11.524      13.057
       9.771      11.190       0.869      -4.997       5.587      23.589      21.778       5.750       5.643      19.798
      -0.896     -10.540       4.205       3.896       5.460      11.205      -0.754      -0.404      -3.514     -23.317
     -43.949     -38.367      -9.991      13.481      20.204       3.929     -24.284     -27.150     -15.994     -16.351
     -11.609      -1.220       9.922      13.780      23.134      34.331      14.712     -21.732     -39.320     -31.814
      -5.904      22.806      42.585      38.471       0.422     -33.320     -28.314     -26.262     -17.574      -6.775
      -2.747      -5.045       0.700       4.587       6.310       5.118      -9.295     -11.880      -0.637      -2.416
       1.546      10.699      -8.339     -14.913       4.610      12.635      25.489      34.479      15.689       8.482
      19.454      32.502      18.656      18.054      30.698      20.631      -0.738      -5.473       0.387       0.638
      -7.479     -27.095     -20.005     -16.875     -27.494      -2.080       7.125      -4.617       1.240     -26.100
     -34.481     -12.997      -1.362      12.327      -3.555     -35.696     -16.497       6.572       1.238       5.014
      28.501      35.946      31.549       3.817     -14.582       9.170      37.062      19.730      -2.039       6.605
      16.011       3.665      -4.352     -11.466     -25.438      -3.879      16.739      -0.970     -11.976     -15.466
       0.907       9.731     -18.097     -28.311     -17.228       4.127       5.280      -3.481       8.324      -2.948
     -15.516       2.678      19.114      30.429      36.693      21.943       2.282     -10.097      19.384      29.808
      25.077      29.044      -2.162     -18.998       6.980      22.856       5.964     -10.848     -24.437     -22.617
       0.011      19.067       6.387     -16.652     -26.763     -39.365     -26.263      11.828      11.978     -16.355
      -6.408      28.124      46.695      32.522      12.321       5.827     -19.704     -41.558     -68.854     -85.016
     -67.947     -41.945      -9.709      30.414      53.170      73.655      63.447      44.285      14.536     -13.799
       1.376      44.879      58.572      57.096      31.915     -20.548     -50.148     -35.771     -21.138     -32.971
     -40.470     -26.742     -26.990      -8.184      29.604      26.854       5.186     -10.039     -23.887      -1.425
       5.566     -13.660     -24.426     -19.247     -16.962     -12.084       4.254      13.872      -6.075     -40.957
     -41.240     -25.662     -32.149     -28.076       0.198      -1.917      -8.944     -11.674     -23.627     -41.266
     -49.027     -49.510     -26.996       2.715      34.206      54.711      50.431      31.342      21.606      31.313
      46.787      21.624       8.162      -5.566     -12.748      13.699      43.156      20.927      -9.911      -4.252
       4.327     -20.396      -7.511       7.774      13.158      33.078      30.158      10.079     -10.796     -22.019
     -14.127       5.218      39.901      37.531      10.656     -13.533     -54.858     -52.621      -0.380      25.149
      39.848      33.263       6.948       3.426       1.995       0.044      11.676      10.331     -15.209     -21.132
      -0.797      29.002      29.122      22.007     -18.075     -53.617     -55.572     -14.307      12.080      20.122
      17.439      20.420      27.743      30.435      42.941      32.500     -10.749       5.425      26.502      34.169
      23.110      -1.181     -15.292     -21.166     -12.485      -1.652     -11.560       5.797       4.290     -12.922
     -28.450     -59.393     -64.735     -61.275     -58.018     -24.852       2.611       7.153      13.743       3.161
       1.215       2.897       0.856      21.865      24.660       4.774      26.865      27.754      15.733       4.588
     -23.669     -15.822       4.031     -21.684     -31.592      -4.541      15.126      19.575      12.694     -29.193
     -60.343     -60.055     -32.497      14.282      33.086       5.929      -2.846      -9.879     -14.640      -7.482
     -13.154     -11.953      -9.964      -1.532      14.714      29.224      22.335      20.266      34.561      35.730
       5.854      -6.467      -6.427       8.687      36.476      39.461      15.916       0.127       9.180      17.214
      -3.021     -24.247     -33.303     -29.518     -24.478     -32.523     -22.935       7.642       9.372      -1.614
      -0.355     -23.633     -24.555      17.888      63.433      65.796      40.801      31.503      14.201     -19.743
     -35.266     -39.865     -30.000     -22.160     -14.514      11.427      39.244      33.410      16.423     -12.087
     -16.359     -11.815      23.267      30.421      -3.319       6.517      35.521      18.512      -6.540     -36.550
     -51.239     -48.581     -18.860       1.606      -7.159      -7.556       9.830      27.372      52.247      22.538
      -6.404       7.573      14.287      24.236      44.895      28.889     -15.450     -18.868      -8.575       5.046
       7.713       0.370      10.922      47.031      52.733      26.086      -1.774     -29.845     -44.695     -15.451
      11.082      16.233      12.376       0.398     -25.423     -37.319      -6.409      47.584      55.780      43.542
      49.013      64.121      64.714      46.697      -2.949     -37.877     -43.365     -30.301      -5.195      -3.269
     -23.863     -27.216     -44.860     -56.589     -58.426     -34.318       8.400      36.656      39.349      29.846
      20.219      11.230     -19.035      -5.741      39.167      41.594      30.062       5.150     -23.081     -15.108
       5.211      16.656      -7.663     -32.394       0.814      24.057       7.404      -9.789      -4.344     -12.355
     -34.201     -24.658     -33.087     -29.659      16.815      30.103      15.051     -14.222     -19.309      11.204
      31.142      40.257      46.659      26.853      22.747       6.882       6.421      29.364      -9.278     -50.109
     -11.135      14.406      36.436      55.545      41.010      14.081      -0.447      -7.837     -23.493     -36.337
     -20.378       8.823      37.380      35.281      11.124      -3.994       4.294     -25.260     -48.047     -39.718
     -27.928      -4.727       8.705     -14.763     -33.668     -43.449     -27.449      -8.585     -29.305     -41.633
     -21.968     -22.443     -24.485     -15.890     -19.134     -11.152      -0.795      16.265      34.077      45.810
      36.798       5.190     -25.358     -29.017     -23.081     -11.014       7.943       6.693       5.319      25.782
      15.787      10.356       3.138     -19.869     -14.799       0.901       8.878      18.479       0.282     -17.243
     -43.392     -66.797     -63.906     -48.201     -32.937     -20.985      -2.621       2.980      -7.467     -18.722
     -11.196      11.028      12.142      13.954      38.280      61.822      60.347      27.924       1.545      -6.114
      -9.924      -0.621       2.074     -15.016     -29.826     -34.544     -23.081     -16.110     -13.804       1.343
      19.969      20.538      14.719      17.121      -2.671     -31.385     -42.317     -37.647     -17.004       1.458
       5.975      -5.275     -18.116      -5.462      15.926      19.932      10.764      -6.940      -8.350     -13.022
     -16.475      -2.910       9.122      12.680       5.303      -2.038       4.254      -6.020     -23.000     -29.504
     -43.888     -52.273     -43.004     -18.138      11.449      23.319      -0.390      -5.238       0.749      -1.591
       6.405      10.250      -3.337      -7.295      -0.995       6.114       0.101      -4.863       5.317      11.058
       7.508       2.060     -11.246      -7.213       2.631       0.815       4.126      -5.297     -14.704      -0.181
      10.060       6.728       5.153       4.794       4.998       2.549       4.116       0.805      -7.024     -19.957
     -13.150      -3.071       6.153      17.707      21.438      22.311      19.138      10.276      19.650      20.143
      18.209      21.233      21.019      12.478      13.390      -0.274     -18.606     -22.569     -14.193      -8.403
      -3.175      -1.527     -11.255     -12.362      -3.179      -9.825     -15.247     -16.462     -24.094     -18.453
      -0.474       7.891       7.794       4.706       8.042       6.266      -4.893       1.197       4.433       6.135
       9.007      15.944      13.240       4.613       4.129       6.542       1.382      -5.689      -3.627      17.857
      20.060      -1.034     -21.595     -28.105     -25.713      -9.412       3.374       8.695       1.018      -5.040
      -3.637      -5.325     -14.123      -8.744       2.653       7.718       9.357      26.686      46.350      40.906
      17.389      -1.893      -8.821      -7.657      -3.733       1.149      -3.945     -13.326      -4.461      14.838
      14.780      -2.910     -11.146     -10.143      -1.064       9.977      21.613      26.362      16.553      14.025
      22.714      16.640       3.961      -4.993      -1.922       5.805       5.167       2.814       5.589      -0.866
      -0.547      -3.391     -10.425      -8.724      -4.866       4.394      11.366      -0.260      -5.151      -1.659
       1.378       8.165       5.723      -1.350      -0.534       0.173       1.861      -0.082      -7.691     -10.543
      -7.157      -0.086       6.409       8.348      -2.003     -12.228     -14.898      -9.769      -3.257      -8.971
     -12.683      -1.845       2.054      -2.415      -4.706      -7.395      -7.749      -0.700       4.657       5.702
      -0.793      -3.142      -0.567      -1.686       1.256       5.125       7.927       6.511      -2.606      -5.730
      -6.968     -12.172     -14.221     -15.784     -21.301     -23.197     -14.476      -6.242      -6.728      -7.749
      -6.918      -5.425       0.376       4.050       1.928      -3.417      -8.572      -9.520      -2.417       3.385
       7.667      11.333      13.313      11.198       4.505      -0.627       2.510       7.514      12.337      14.933
       9.940       6.415       3.009      -1.529      -0.027      -4.895      -8.160      -4.409      -4.966      -8.777
      -7.803      -9.108     -14.663     -15.674     -16.273     -13.063      -5.962      -1.762       3.339       2.714
      -7.389     -11.721      -8.371      -7.266      -5.201      -1.264       1.391       0.705      -1.534      -0.187
      -2.106      -7.503      -8.305      -2.971       1.895       5.791       7.547       7.709       4.194      -1.163
      -5.678      -5.467      -3.097       0.905       4.437       4.842       6.126       8.519       7.667       4.717
      -3.635     -13.035     -13.213      -7.804      -8.194      -4.011       5.959      12.767      16.925      17.443
      13.916      12.310       7.940       5.421       5.028       4.642       7.399       9.129       5.054       3.962
       4.761       3.559       5.757       5.096       6.500      11.978      15.022      14.848      10.199      11.462
      16.808      15.185      11.229       8.416       5.612       3.653       6.448       5.589       3.963       4.842
       4.212       2.916       5.856       6.168       2.731      -2.877      -6.769      -4.695      -0.012       1.178
      -1.121      -6.231      -1.132       5.694       7.031       3.764      -2.315      -2.894      -1.858      -5.528
      -0.531       5.036       3.863       0.405       0.277       1.046       2.201       5.237       4.690       0.220
      -1.904      -2.597      -2.821      -1.748      -0.419       0.215      -1.629      -3.014      -6.074      -8.183
      -8.635     -14.216     -19.549     -17.361     -12.058      -5.562      -6.581      -6.319      -1.504      -4.194
      -6.908      -8.989     -13.633     -10.781      -8.746      -5.170       0.540       2.619       3.670       4.681
      -1.570      -2.578       0.535       1.570      -0.604      -4.171      -6.072      -3.533      -1.517       1.763
       1.770      -2.656      -5.214      -4.519      -2.791       1.303       3.882       3.173       2.851       2.038
       1.137       1.714       0.307      -2.432      -0.706      -2.705      -8.389      -8.833      -6.830      -4.281
      -1.955      -3.071      -2.906      -3.734      -2.716       1.374       0.320      -4.275      -5.830      -5.692
      -2.854      -1.882       0.273       2.073       0.811      -1.108       1.540       2.834       1.235       0.241
       0.910       0.781      -0.999      -3.650      -4.512      -3.859      -2.378       1.897       4.706       1.839
       0.334       2.990       5.746       8.665       8.849      10.425      15.088      13.710       7.091       1.887
      -1.903      -1.866      -0.332       0.606       0.958       0.098       0.188       1.490      -0.060       1.477
       4.360       3.675       0.540      -2.448      -2.900       0.152       1.661       2.797       4.159       5.289
       6.811       8.353       8.757       8.844       7.955       6.772       6.204       7.086       8.786       9.932
       7.749       3.304       1.009       0.499      -0.143      -0.966      -0.478       0.813       1.849       1.538
       0.821       0.530       1.919       1.396      -0.971      -2.429      -2.182      -0.640       2.136       2.712
       2.447       2.864       3.920       4.530       3.983       2.992       2.430       1.332       0.739       0.385
       0.400      -0.091      -1.110      -1.613      -1.314      -1.164      -1.217      -1.250      -0.988      -0.722
      -0.485      -0.500      -0.591      -0.563      -0.707      -0.753      -0.956      -1.218      -0.916      -0.365
      -0.366      -0.679      -0.851      -0.483      -0.178      -0.232      -0.544      -0.677      -0.733      -0.725
      -0.696      -0.608      -0.530      -0.354      -0.224      -0.102      -0.026       0.000       0.000       0.000
       0.000       0.000       0.000       0.000       0.000       0.000       0.000       0.000       0.000       0.000
       0.000       0.000       0.000       0.000       0.000       0.000       0.000       0.000       0.000       0.000
       0.000       0.000       0.000       0.000       0.000       0.000       0.000       0.000       0.000       0.000
       0.000       0.000       0.000       0.000       0.000       0.000       0.000       0.000       0.000       0.000
       0.000       0.000       0.000       0.000       0.000       0.000       0.000       0.000       0.000       0.000
       0.000       0.000       0.000       0.000       0.000       0.000       0.000       0.000       0.000       0.000
       0.000       0.000       0.000       0.000       0.000       0.000       0.000       0.000       0.000       0.000
       0.000       0.000       0.000       0.000       0.000       0.000       0.000       0.000       0.000       0.000
       0.000       0.000       0.000       0.000       0.000       0.000       0.000       0.000       0.000       0.000
       0.000       0.000       0.000       0.000       0.000       0.000       0.000       0.000       0.000       0.000
       0.000       0.000       0.000       0.000       0.000       0.000       0.000       0.000       0.000       0.000
       0.000       0.000       0.000       0.000       0.000       0.000       0.000       0.000       0.000       0.000
       0.000       0.000       0.000       0.000       0.000       0.000       0.000       0.000       0.000       0.000
       0.000       0.000       0.000       0.000       0.000       0.000       0.000       0.000       0.000       0.000
       0.000       0.000       0.000       0.000       0.000       0.000       0.000       0.000       0.000       0.000
       0.000       0.000       0.000       0.000       0.000       0.000       0.000       0.000       0.000       0.000
       0.000       0.000       0.000       0.000       0.000       0.000       0.000       0.000       0.000       0.000
       0.000       0.000       0.000       0.000       0.000       0.000       0.000       0.000       0.000       0.000
       0.000       0.000       0.000       0.000       0.000       0.000       0.000       0.000       0.000       0.000
       0.000       0.000       0.000       0.000       0.000       0.000       0.000       0.000       0.000       0.000
       0.000       0.000       0.000       0.000       0.000       0.000       0.000       0.000       0.000       0.000
       0.000       0.000       0.000       0.000       0.000       0.000       0.000       0.000       0.000       0.000
       0.000       0.000       0.000       0.000       0.000       0.000       0.000       0.000       0.000       0.000
       0.000       0.000       0.000       0.000       0.000       0.000       0.000       0.000       0.000       0.000
       0.000       0.000       0.000       0.000       0.000       0.000       0.000       0.000       0.000       0.000
       0.000       0.000       0.000       0.000       0.000       0.000       0.000       0.000       0.000       0.000
       0.000       0.000       0.000       0.000       0.000       0.000       0.000       0.000       0.000       0.000
       0.000       0.000       0.000       0.000       0.000       0.000       0.000       0.000       0.000       0.000
       0.000       0.000       0.000       0.000       0.000       0.000       0.000       0.000       0.000       0.000
       0.000       0.000       0.000       0.000       0.000       0.000       0.000       0.000       0.000       0.000
       0.000       0.000       0.000       0.000       0.000       0.000       0.000       0.000       0.000       0.000
       0.000       0.000       0.000       0.000       0.000       0.000       0.000       0.000       0.000       0.000
       0.000       0.000       0.000       0.000       0.000       0.000       0.000       0.000       0.000       0.000
       0.000       0.000       0.000       0.000       0.000       0.000       0.000       0.000       0.000       0.000
       0.000       0.000       0.000       0.000       0.000       0.000       0.000       0.000       0.000       0.000
       0.000       0.000       0.000       0.000       0.000       0.000       0.000       0.000       0.000       0.000
       0.000       0.000       0.000       0.000       0.000       0.000       0.000       0.000       0.000       0.000
       0.000       0.000       0.000       0.000       0.000       0.000       0.000       0.000       0.000       0.000
       0.000       0.000       0.000       0.000       0.000       0.000       0.000       0.000       0.000       0.000
       0.000       0.000       0.000       0.000       0.000       0.000       0.000       0.000       0.000       0.000
       0.000       0.000       0.000       0.000       0.000       0.000       0.000       0.000       0.000       0.000
       0.000       0.000       0.000       0.000       0.000       0.000       0.000       0.000       0.000       0.000
       0.000       0.000       0.000       0.000       0.000       0.000       0.000       0.000       0.000       0.000
       0.000       0.000       0.000       0.000       0.000       0.000       0.000       0.000       0.000       0.000
       0.000       0.000       0.000       0.000       0.000       0.000       0.000       0.000       0.000       0.000
       0.000       0.000       0.000       0.000       0.000       0.000       0.000       0.000       0.000       0.000
       0.000       0.000       0.000       0.000       0.000       0.000       0.000       0.000       0.000       0.000
       0.000       0.000       0.000       0.000       0.000       0.000       0.000       0.000       0.000       0.000
       0.000       0.000       0.000       0.000       0.000       0.000       0.000       0.000       0.000       0.000
       0.000       0.000       0.000       0.000       0.000       0.000       0.000       0.000       0.000       0.000
       0.000       0.000       0.000       0.000       0.000       0.000       0.000       0.000       0.000       0.000
       0.000       0.000       0.000       0.000       0.000       0.000       0.000       0.000       0.000       0.000
       0.000       0.000       0.000       0.000       0.000       0.000       0.000       0.000       0.000       0.000
       0.000       0.000       0.000       0.000       0.000       0.000       0.000       0.000       0.000       0.000
       0.000       0.000       0.000       0.000       0.000       0.000       0.000       0.000       0.000       0.000
       0.000       0.000       0.000       0.000       0.000       0.000       0.000       0.000       0.000       0.000
       0.000       0.000       0.000       0.000       0.000       0.000       0.000       0.000       0.000       0.000
       0.000       0.000       0.000       0.000       0.000       0.000       0.000       0.000       0.000       0.000
       0.000       0.000       0.000       0.000       0.000       0.000       0.000       0.000       0.000       0.000
       0.000       0.000       0.000       0.000       0.000       0.000       0.000       0.000