        2048     0.02000
      -0.007      -0.007      -0.007      -0.012      -0.007      -0.007      -0.026      -0.007      -0.007      -0.051
      -0.007      -0.007      -0.086      -0.007      -0.007      -0.131      -0.066      -0.010       0.045      -0.207
      -0.022       0.009       0.262       0.003       0.002       0.231       0.028       0.016       0.316       0.140
       0.098       0.236       0.022       0.083       0.224       0.047       0.081       0.284       0.084       0.114
       0.279       0.112       0.251       0.489       0.129       0.289       1.167       0.043      -0.226      -1.338
      -0.786      -0.480      -0.995      -1.564      -0.101      -0.572      -1.746      -1.364      -0.933      -1.937
      -1.381       0.788       1.586       1.946       2.265       1.993       1.009       0.619      -0.812       1.070
       2.389       2.789       0.667       0.308       0.658       0.022      -2.071      -2.987      -0.970       0.801
       3.543       3.139       1.877       2.370       2.777       2.045       2.793       4.191       3.172       2.180
       2.987       2.874      -0.210      -1.918      -3.260      -4.961      -5.117      -2.254       0.356       1.074
      -0.794      -2.022      -3.588      -0.462      -1.697      -1.521      -3.881      -5.641      -6.475      -2.701
      -2.415      -4.523      -6.747      -4.447      -4.438      -7.341      -6.905      -4.804      -5.241      -4.707
      -3.086      -3.379      -3.199      -3.435      -1.849       3.660       6.388       6.513       5.330       4.149
       0.280      -6.195      -7.971      -3.942      -5.581      -5.138      -6.753      -4.697      -4.093      -7.408
      -6.758      -1.932       5.473       7.627       7.427       8.688      11.815       9.662       7.685      -2.139
      -5.202      -6.200      -5.450      -3.060      -0.580      -5.238     -11.769     -11.802      -4.090      -1.739
      -2.483      -3.499      -1.390      -3.880      -6.568      -1.302       1.361       8.394       4.911       7.919
      11.891       7.432      -1.983      -4.245       2.491       6.496       8.839      10.357      13.536      13.642
      10.086       0.941      -7.860      -8.990      -6.579      -1.039       5.057      19.213      19.594      16.937
      16.169       9.554       8.641      -1.984     -11.712      -5.635      -9.217     -13.777     -11.330      -7.920
      -3.305      -8.401     -13.061     -11.108     -10.523     -15.760      -9.627      -5.540      -4.098      -7.037
      -3.165       0.064       0.681       0.828       5.300      -4.350     -12.146     -20.647     -21.359     -19.684
     -16.702       0.569      11.581      13.726       9.328      14.503      21.083      22.104      22.153      26.699
      27.109      19.934      18.575      14.388      14.404      -0.669     -16.399     -25.177     -28.986     -21.311
     -28.359     -29.404     -21.460     -15.310      -2.756      16.153      32.937      29.646      22.711      14.805
       2.713      -9.881      -9.119       2.273       5.219       8.866       1.469      -6.541       5.880       1.241
      -1.408       6.599      22.678      18.175       9.813       0.071      -2.352       3.665      -0.119      -1.734
     -13.665      -8.483      -5.931      -9.766      -0.567      15.649      19.754       3.823     -13.296      -6.219
      -3.127      -9.903     -15.175     -12.004      -5.089       2.762       6.028      -9.127      -8.343      -7.937
      -9.047       0.721       0.592      21.593      22.798      -3.957      -4.653     -24.287     -23.327     -18.896
      -9.091       1.814      -0.478      13.823      24.181       4.374       1.808       9.899      27.672      35.462
      19.402      38.315      34.990      25.938      25.552      22.463      13.543      22.807       5.631      -7.074
     -25.967     -25.731     -12.618      -4.667      -8.545     -11.784      14.727       9.265      -9.047      -1.188
     -20.522     -42.920     -50.760     -19.502      -8.166     -17.088     -11.016     -13.137     -18.989      -4.073
       3.650       4.559      14.122      -3.823      11.642      45.052      53.517      56.640      40.867       6.376
     -15.973     -16.668       3.145      16.523      32.233      20.931      -1.494      -2.947       1.425     -26.119
     -19.780     -22.341      -5.565     -14.128     -13.108      -7.967     -13.135       0.776     -12.648      -5.643
       9.875      -7.104     -20.564     -19.903     -11.458     -13.964      -4.599      14.615      43.109      43.633
      45.500      21.217     -14.884      -3.265     -14.703      -2.668      16.164     -15.232     -17.567     -25.032
       4.322      20.802      17.961      30.866      -2.224     -39.525     -23.863     -36.917     -22.981     -23.215
     -32.695     -44.925     -46.844     -22.027      35.888      62.102      53.541      49.644      36.356      22.515
       8.338     -14.043      -3.322       3.446      11.780      20.397      20.606       7.469     -25.078     -37.094
     -43.527     -12.869      17.886      31.204      44.053      55.138      45.678      23.025       7.828      -6.435
     -29.347     -29.248       5.302     -26.172      -0.276     -14.931     -10.791      19.829      22.250      11.838
      10.904      -0.502      -6.140       7.894      21.399       7.694       6.695       2.548     -49.638     -39.004
     -40.539     -10.199       1.465     -41.708     -42.924     -13.760      10.972      18.545       5.965      19.512
      60.000      52.034      20.752      -5.065      -4.257     -15.699     -23.401     -27.227     -26.805     -29.409
     -34.084     -22.112     -26.540     -42.787     -17.871      -6.323     -49.135     -36.122     -29.999       4.259
      22.971       0.506     -10.674       2.025      24.023      17.188      35.114      57.408      57.220      53.880
      27.681       1.105     -15.020     -55.987     -54.194     -50.236     -16.628      -0.006       7.739      23.865
      -3.720       4.549      16.015      41.768      25.825      -6.734     -33.455     -59.643     -61.413     -54.289
     -29.551     -17.468     -13.555       9.997      31.114      12.410     -32.291     -73.519     -85.007     -60.387
     -35.478     -17.350       7.790      21.434      29.288      29.147      38.153      -7.292     -18.080     -27.546
     -28.633     -16.912       8.533      29.428       8.039     -37.124     -43.621     -17.366      -0.940      19.308
      40.115      30.195      34.089      62.001      65.370      37.115      -1.851      -9.999     -55.040     -63.979
     -17.707      21.287      14.825     -10.649      -2.287       4.048       6.956      19.435     -13.371     -24.378
     -47.993     -56.012     -15.905      -1.714      -4.279       8.340      12.376      -5.758       2.474      32.242
      56.140      48.008      27.981      20.349      35.982      33.137      17.672      24.642       1.700     -12.498
       2.643     -14.361     -29.436      -3.546      11.315      24.882      31.733      23.574       7.481     -11.352
       1.403       5.681       2.392     -31.170     -54.498     -30.291     -23.217      -7.432      13.777      41.147
      58.050      43.380      35.205      24.427      34.372      19.034      10.162      10.110      -3.942     -12.728
      -7.657     -37.685     -40.032     -42.173     -35.051     -22.482     -22.318      -9.812       9.533      -3.553
      -4.876      29.638      38.827       3.959      18.036      15.706       3.544       3.022      -8.142       6.506
      13.138       0.501       9.054       9.542      -2.617       2.189      42.134      46.284      40.746       9.737
       6.168      38.367      32.172      39.922      39.968      22.692       9.066       7.082      -5.386      -4.753
     -29.272     -33.208     -22.961     -18.206     -11.420     -23.941     -31.946     -22.923     -31.185     -20.327
      -6.385       6.844       0.582      27.684      10.024      -2.687      15.789       9.021       0.368     -19.197
       8.616      49.862      36.965      -2.150     -28.826     -18.119     -18.415     -35.408     -33.549     -51.370
     -52.768     -36.424     -20.756     -28.922       3.422      -6.486      11.536      13.811       4.256      24.945
      47.423      17.846      -9.200     -14.429     -18.592      12.404       9.588     -23.983     -12.305      -5.963
     -10.327      -2.917      -3.030       0.744      25.961      24.173       7.074      31.636      46.008      45.766
      41.355      32.828       6.959     -19.418     -60.832     -46.249      -4.879      25.993      42.867      55.412
       9.697     -30.845     -53.236     -54.054     -61.419     -40.249     -17.890     -49.304     -49.153     -13.543
      20.213      40.222       5.839       1.791      27.365       5.942     -27.069     -25.538      -4.286       7.635
      15.980      20.537       8.909      -4.064      -7.779     -13.873     -27.320     -14.128      31.869      35.576
      14.576      -6.179      -0.514      -2.533      21.501      40.716      -0.350     -26.907     -29.308     -54.269
     -43.623       1.751       1.050       8.306      -9.112     -24.572      10.357      -0.380       6.509      15.318
      29.312      28.876      17.645       0.420     -10.145     -39.155     -45.647     -47.647     -52.695     -27.327
     -14.324     -13.449     -16.571      13.189      48.779      46.614      17.472      -4.737     -21.433       8.913
       0.017      16.597      14.255     -13.837     -56.633     -30.814       8.002      33.533      28.167      10.071
       0.484      -5.233       7.498      33.896      18.752       5.688      -6.768     -16.440     -13.065     -32.325
     -43.484     -28.416     -16.050       6.700      34.125      16.873      -5.714      -4.359       1.685      30.360
      38.041      45.137      29.241      22.116      43.716      63.552      56.579      32.095      18.692      10.570
     -16.091     -33.638      -4.839     -15.101     -44.896     -61.824     -47.949     -24.413     -11.761     -11.478
      -2.005      20.091      30.071      44.905      37.846       5.616       2.541       0.007     -18.034     -26.423
     -12.397       3.764     -24.684     -33.351     -14.429      12.059       8.220      -1.442      10.113      -1.193
       0.499      16.859       9.621       2.383     -17.669      -5.889       7.094     -20.294     -32.701     -23.727
     -14.361      -5.995       0.492      -0.031      -6.383     -23.976     -34.805     -35.659     -18.044      11.787
      14.293       3.753      10.542      23.857      26.005       2.832       6.270      20.316       8.759     -24.662
     -22.131     -12.489       7.289      16.987       0.831       1.043       3.754       3.084      13.285      23.322
      32.688      10.364       2.728       2.495       4.625      17.455      18.482      17.372       7.575     -14.365
     -16.812       1.972      19.878       8.432      -6.368       5.098      -1.276      10.709       6.961     -17.015
     -16.541       6.610      17.239      26.814      29.288      12.556      -7.826     -37.941     -41.672     -24.024
     -22.657     -14.936      -6.661     -17.469       1.552      19.336      31.913      41.842      31.017      10.789
      23.011      31.993      29.351      20.397      11.376       9.465      10.731      15.281      20.180      25.598
      16.267      -9.369     -12.151       1.028      14.664      11.509       2.772      -7.754     -12.800     -14.863
      -7.964     -11.405      -7.464      -1.918      -0.373       2.255      -4.460      -2.599     -10.319     -14.137
     -15.147      -5.626      -7.778      -2.482     -14.502     -18.701     -14.938      -8.336      -7.489      -0.149
       0.097     -11.462      -4.810       8.396      13.269       3.580      -2.049      -8.279     -13.320     -20.351
     -24.976     -16.386      -6.957       8.024      20.745      21.771       9.577      -4.522       2.343       0.205
      -4.982      -2.226     -14.886     -22.376      -8.469       3.811       8.651      17.825      16.323      12.386
      11.387       7.828      13.128       2.698      -5.609      -3.330       1.858       7.920       0.274       3.429
       0.456     -17.819     -18.365      -3.112      10.572      12.481      17.467       3.800       8.882       3.559
      -2.301       0.035     -13.355     -22.359     -14.342      -1.812      -1.512       9.461      17.159      14.068
      12.436       1.905      -3.233      -7.601     -15.982      -8.354      -1.486      -1.404      -8.702     -21.641
     -22.965     -19.536     -11.594       2.884      11.756       5.659       5.233      12.570      13.326       8.987
       5.162      -9.771      -8.955     -12.570     -25.483     -28.872     -24.523     -12.745      -7.949      -9.925
      -9.161      -4.451      -0.967      -2.884       4.867      14.158      12.946      14.853      15.689      22.650
      22.077      12.936       9.959      -6.140     -11.527      -6.694      10.732      13.912      10.479       5.732
       4.231       7.402      14.728      14.266      10.730      11.742       9.091       5.036      10.264      13.533
      12.084       0.305      -9.132     -10.445      -4.092       5.420       4.392       9.822       8.592       1.617
     -10.488     -17.222     -15.543      -2.158      -4.042      -9.449     -11.834     -11.514     -14.782     -11.089
       0.834      12.363       8.654      -5.405     -11.801     -14.043     -13.619     -15.499     -20.795     -23.483
     -18.293      -9.798      -5.918      -4.364      -2.292      -4.248      -4.893      -0.938       4.571       7.820
      10.750       8.110       0.130     -12.285     -21.345     -15.175      -8.187      -7.548     -12.655      -6.019
       0.417      -2.099      -1.974       0.272      11.091       9.366      11.902      10.590       8.722       6.153
       9.335      10.410       8.020       9.413      11.556      11.189       7.942       0.563      -6.770     -11.883
      -8.991      -0.747       2.185       3.686       9.999      15.244      16.164      12.648      11.444      15.176
      13.483       0.214      -0.951       3.275       3.929      -1.055      -9.763      -6.036      -0.906      -2.101
      -2.919       2.074       4.879       1.354       0.575       0.655      -3.341     -12.049     -15.945     -14.629
     -11.453      -9.728      -7.037      -7.649      -5.308       1.708       9.531      15.060      15.140      11.276
       3.477       3.630       7.738      10.122       8.744       5.002       4.883       8.152      10.364      10.369
       9.672       9.227       7.849       3.532       8.468       8.167       1.745       1.767       0.818      -0.128
       2.576      -1.908      -0.825       2.460       0.970       5.035       5.078       4.899       2.872       0.151
      -2.462      -5.830      -3.147      -5.741      -7.704      -6.089       0.361       2.323       4.770       7.444
      13.280      13.404       5.715       0.056      -1.841      -3.171       1.505       3.456       0.637      -3.344
      -6.952      -4.684      -4.005      -5.774     -10.707     -12.932      -8.156      -4.780      -4.840      -4.419
      -5.600      -2.801      -4.661      -7.964      -6.455      -2.165      -1.527      -2.088      -2.421      -0.574
      -0.677      -4.358      -4.117      -6.058      -3.573      -2.396      -1.099      -3.932      -4.862      -4.612
       1.417       8.787       7.515       1.899      -1.347       0.437      -2.270      -2.926      -4.310      -3.341
      -0.679       1.050       1.526       0.177      -1.059       0.477      -1.650       3.551       3.617       6.513
       8.635       9.875      12.810       7.397       2.281      -2.340      -3.446      -6.732      -8.093      -5.645
      -1.684      -0.302      -3.767      -5.615      -3.085       2.181       5.670       2.640       3.083       5.238
      11.095      10.405       6.021       6.925       3.494       0.287      -2.801       2.286       2.747       1.091
      -1.301      -1.749      -1.279      -0.849       0.678       1.706       1.079       0.464       1.125       1.386
       2.806      -1.008      -5.149      -4.342       2.267       2.704       1.445       1.435       4.055       4.831
       3.615      -0.556      -0.047       1.164      -1.036      -1.957      -0.531       1.709      -2.253      -4.811
      -6.560      -4.601      -4.126      -3.444      -0.406       0.514      -0.768      -3.955      -2.082      -0.370
      -1.385      -4.393      -3.028      -2.470      -4.553      -6.772      -4.918      -2.395      -0.717      -3.052
      -3.295      -3.179      -1.966      -2.279      -1.164      -0.191      -1.447      -2.504      -2.066       0.082
       0.036      -0.971      -2.827      -1.880      -1.172      -0.874      -1.001      -0.057       0.957       0.912
       1.672       2.063       2.117       1.395       1.005       1.439       2.075       1.644       1.307       0.787
       0.787       0.952       0.988       0.525      -0.171      -0.858      -0.927      -0.274      -0.170      -0.404
      -0.754      -0.399       0.046       0.630       0.589       0.468       0.260       0.401       0.426       0.414
       0.211       0.135       0.173       0.143       0.100       0.061       0.044       0.000       0.000       0.000
       0.000       0.000       0.000       0.000       0.000       0.000       0.000       0.000       0.000       0.000
       0.000       0.000       0.000       0.000       0.000       0.000       0.000       0.000       0.000       0.000
       0.000       0.000       0.000       0.000       0.000       0.000       0.000       0.000       0.000       0.000
       0.000       0.000       0.000       0.000       0.000       0.000       0.000       0.000       0.000       0.000
       0.000       0.000       0.000       0.000       0.000       0.000       0.000       0.000       0.000       0.000
       0.000       0.000       0.000       0.000       0.000       0.000       0.000       0.000       0.000       0.000
       0.000       0.000       0.000       0.000       0.000       0.000       0.000       0.000       0.000       0.000
       0.000       0.000       0.000       0.000       0.000       0.000       0.000       0.000       0.000       0.000
       0.000       0.000       0.000       0.000       0.000       0.000       0.000       0.000       0.000       0.000
       0.000       0.000       0.000       0.000       0.000       0.000       0.000       0.000       0.000       0.000
       0.000       0.000       0.000       0.000       0.000       0.000       0.000       0.000       0.000       0.000
       0.000       0.000       0.000       0.000       0.000       0.000       0.000       0.000       0.000       0.000
       0.000       0.000       0.000       0.000       0.000       0.000       0.000       0.000       0.000       0.000
       0.000       0.000       0.000       0.000       0.000       0.000       0.000       0.000       0.000       0.000
       0.000       0.000       0.000       0.000       0.000       0.000       0.000       0.000       0.000       0.000
       0.000       0.000       0.000       0.000       0.000       0.000       0.000       0.000       0.000       0.000
       0.000       0.000       0.000       0.000       0.000       0.000       0.000       0.000       0.000       0.000
       0.000       0.000       0.000       0.000       0.000       0.000       0.000       0.000       0.000       0.000
       0.000       0.000       0.000       0.000       0.000       0.000       0.000       0.000       0.000       0.000
       0.000       0.000       0.000       0.000       0.000       0.000       0.000       0.000       0.000       0.000
       0.000       0.000       0.000       0.000       0.000       0.000       0.000       0.000       0.000       0.000
       0.000       0.000       0.000       0.000       0.000       0.000       0.000       0.000       0.000       0.000
       0.000       0.000       0.000       0.000       0.000       0.000       0.000       0.000       0.000       0.000
       0.000       0.000       0.000       0.000       0.000       0.000       0.000       0.000       0.000       0.000
       0.000       0.000       0.000       0.000       0.000       0.000       0.000       0.000       0.000       0.000
       0.000       0.000       0.000       0.000       0.000       0.000       0.000       0.000       0.000       0.000
       0.000       0.000       0.000       0.000       0.000       0.000       0.000       0.000       0.000       0.000
       0.000       0.000       0.000       0.000       0.000       0.000       0.000       0.000       0.000       0.000
       0.000       0.000       0.000       0.000       0.000       0.000       0.000       0.000       0.000       0.000
       0.000       0.000       0.000       0.000       0.000       0.000       0.000       0.000       0.000       0.000
       0.000       0.000       0.000       0.000       0.000       0.000       0.000       0.000       0.000       0.000
       0.000       0.000       0.000       0.000       0.000       0.000       0.000       0.000       0.000       0.000
       0.000       0.000       0.000       0.000       0.000       0.000       0.000       0.000       0.000       0.000
       0.000       0.000       0.000       0.000       0.000       0.000       0.000       0.000       0.000       0.000
       0.000       0.000       0.000       0.000       0.000       0.000       0.000       0.000       0.000       0.000
       0.000       0.000       0.000       0.000       0.000       0.000       0.000       0.000       0.000       0.000
       0.000       0.000       0.000       0.000       0.000       0.000       0.000       0.000       0.000       0.000
       0.000       0.000       0.000       0.000       0.000       0.000       0.000       0.000       0.000       0.000
       0.000       0.000       0.000       0.000       0.000       0.000       0.000       0.000       0.000       0.000
       0.000       0.000       0.000       0.000       0.000       0.000       0.000       0.000       0.000       0.000
       0.000       0.000       0.000       0.000       0.000       0.000       0.000       0.000       0.000       0.000
       0.000       0.000       0.000       0.000       0.000       0.000       0.000       0.000       0.000       0.000
       0.000       0.000       0.000       0.000       0.000       0.000       0.000       0.000       0.000       0.000
       0.000       0.000       0.000       0.000       0.000       0.000       0.000       0.000       0.000       0.000
       0.000       0.000       0.000       0.000       0.000       0.000       0.000       0.000       0.000       0.000
       0.000       0.000       0.000       0.000       0.000       0.000       0.000       0.000       0.000       0.000
       0.000       0.000       0.000       0.000       0.000       0.000       0.000       0.000       0.000       0.000
       0.000       0.000       0.000       0.000       0.000       0.000       0.000       0.000       0.000       0.000
       0.000       0.000       0.000       0.000       0.000       0.000       0.000       0.000       0.000       0.000
       0.000       0.000       0.000       0.000       0.000       0.000       0.000       0.000       0.000       0.000
       0.000       0.000       0.000       0.000       0.000       0.000       0.000       0.000       0.000       0.000
       0.000       0.000       0.000       0.000       0.000       0.000       0.000       0.000       0.000       0.000
       0.000       0.000       0.000       0.000       0.000       0.000       0.000       0.000       0.000       0.000
       0.000       0.000       0.000       0.000       0.000       0.000       0.000       0.000       0.000       0.000
       0.000       0.000       0.000       0.000       0.000       0.000       0.000       0.000       0.000       0.000
       0.000       0.000       0.000       0.000       0.000       0.000       0.000       0.000       0.000       0.000
       0.000       0.000       0.000       0.000       0.000       0.000       0.000       0.000       0.000       0.000
       0.000       0.000       0.000       0.000       0.000       0.000       0.000       0.000       0.000       0.000
       0.000       0.000       0.000       0.000       0.000       0.000       0.000       0.000       0.000       0.000
       0.000       0.000       0.000       0.000       0.000       0.000       0.000       0.000