        2048     0.02000
      -0.019      -0.019      -0.019      -0.014      -0.019      -0.019      -0.039      -0.019      -0.019       0.026
      -0.013      -0.014       0.061      -0.025      -0.022       0.032       0.070       0.006      -0.033      -0.001
       0.122       0.225       0.162       0.006       0.007       0.190       0.163       0.148       0.259      -0.149
      -0.518      -0.026      -0.052      -0.356      -0.356      -0.155      -0.208      -0.272      -0.391      -0.553
      -0.440      -0.540      -0.997      -0.415       0.486       1.104      -0.241      -1.121      -0.371       0.339
       0.628       0.733       0.468       0.583       0.740       1.022       1.691       1.783      -0.422      -1.025
       1.496       1.371       2.113       1.957       1.789       0.141      -2.435      -1.915       0.590       0.780
       0.407       1.197       2.737       2.936       1.715       0.278      -1.683      -2.896       0.492       2.706
       3.530       3.314      -1.396      -1.207       0.778       1.343      -1.801      -1.299       1.170       4.374
       3.324       3.243       4.275       4.158       2.237       2.020       4.034       4.007       1.570      -2.370
      -4.658      -4.753      -1.518       0.627       4.475       3.141       0.657       1.517       4.533       0.669
      -3.354      -4.316       0.050       3.405       4.087       1.732       1.058      -1.266      -6.572      -4.634
      -0.959       0.386       0.364       2.633       2.188      -1.781      -7.826      -8.964      -5.878      -5.904
      -1.748       0.840      -2.381      -4.534      -7.329     -10.126      -8.361      -6.879      -7.500      -7.975
      -7.719      -3.650       0.778      -0.718      -2.515      -1.428      -3.969      -4.688      -1.358      -0.127
       1.811       0.860       1.534      -0.594      -6.023      -1.190       0.445      -3.028      -6.722      -4.560
       0.087       5.970      10.591      10.640       7.292      -0.103      -3.157      -9.307      -8.211      -2.349
       0.083      -2.692       0.682      -3.481      -3.283      -1.187       0.655      -5.251      -0.959       2.992
      -1.340      -6.692      -3.486       2.228       4.536       1.972       9.628      10.449       3.342       6.076
      10.655      13.576       9.230       1.380      -6.323     -13.227      -5.342      -0.171      -1.988       0.771
       3.812       1.313       4.599       8.457      -4.591      -9.069      -9.511       0.646      11.019       9.768
       7.371       5.217       2.394      -3.063      -3.171      -7.168      -0.994      -6.883      -4.721      10.823
      17.211      17.315      15.573       8.180       8.141       4.341      -4.375      -3.958       4.504       5.702
       8.770      11.413      10.260       3.277       7.202       6.348      -6.419     -19.799     -21.068     -10.476
      -6.815      -9.654      -8.797      -3.328     -17.040     -23.116     -22.769     -17.077      -4.178       7.509
      25.438      23.062      13.279      13.038      19.736       9.968      -9.625      -2.133       4.634      14.215
      32.656      37.759      17.626      -6.191     -12.797     -18.545     -33.292     -39.554     -28.002     -24.980
     -28.986     -17.555       8.843       8.897      -2.447      -6.930     -12.119      -8.234      -2.042      -1.232
       2.700      -2.536       0.704       4.898       5.271       4.557       0.854       0.611      -5.495       3.559
      15.282      24.170      29.863      25.297      29.686      17.041       1.637     -13.838     -22.393     -11.721
      -0.427      -5.027      -3.762       3.213       0.137      -9.303      -9.981       7.575      23.624      15.207
      21.191      28.712      30.667      15.672      13.888      -6.324      -6.576      -5.308     -27.577     -31.883
      -2.473      13.227      18.200      23.929       9.406      32.553      51.813      40.234      40.595      43.264
      29.234      -1.793     -18.171     -21.164     -27.524     -28.534     -34.698     -22.923     -27.141      -6.074
      30.504      48.666      23.474      -4.791       3.745       4.404      -4.527       7.871      -6.591     -14.164
      -2.893       2.981      17.965      15.003      13.061      -6.128     -17.847     -22.819      -3.758      33.311
      38.393      45.920      36.614      16.898      -7.935      11.308       7.352      -9.611     -31.943     -36.800
     -28.220      -4.537      12.274      30.873      38.141      12.220      -8.767     -41.027     -23.716     -18.599
     -31.435     -26.537      -3.115      -2.815      28.505      39.693      26.531     -18.137     -40.890     -36.256
      -3.764      -9.110     -20.037     -16.628     -15.649       2.303      42.571      44.116      50.817      62.972
      18.379     -18.516     -32.726     -34.660     -19.538     -30.626     -50.120     -42.841      -9.455     -19.181
     -25.446      -4.627      13.840      36.023       8.289     -12.925     -12.981      -4.913     -27.565     -54.031
     -24.177       7.211      -0.541       3.998       9.389       9.481      -9.013       0.667      12.722      35.094
      32.435      -2.907     -13.269      -5.867       4.282      -6.285       2.051       8.624     -35.111     -31.193
     -11.963     -13.371      12.141      18.124      43.788      38.685      23.049      40.899      29.716      -4.890
      -5.943       9.663      -3.820     -33.264     -16.410      -9.457     -15.807      -3.431      20.571       1.182
      27.877      31.463      25.542      39.869      41.441       4.207      -7.238     -41.038     -58.665     -40.078
     -17.814     -20.003     -18.125     -20.091     -22.564     -24.605     -49.481     -48.201     -17.432       4.922
     -19.154     -31.594     -24.251       1.554     -15.200      -6.747      13.739      17.447      -1.266      12.950
      23.949       0.990      14.190      41.175       9.541     -16.452     -18.341      -1.889      29.754      37.385
      53.506      36.904      16.612      26.579      34.589      23.249      17.087      12.799      -7.272      -9.906
       6.178       4.596     -16.309     -22.800     -37.216     -40.758     -27.592     -13.239      10.223       5.609
      -4.221     -22.774       3.328      35.742      49.347      30.936      -7.092     -38.410     -21.892      -8.550
      18.014      20.711       5.019      -0.479     -18.462     -40.326     -15.592       8.659      -2.245      10.097
      24.955      11.953     -12.554       1.558      17.932      46.405      39.448       9.439     -32.215     -49.029
     -49.132     -32.449     -33.070     -40.984     -25.727     -13.101     -12.012      10.448     -12.003     -10.382
     -11.411     -20.297     -14.860     -18.692     -21.125     -26.294     -22.972     -14.499       8.515     -13.842
       7.440      30.934      24.488       6.060       0.531     -44.528     -55.018     -42.234     -12.716      13.911
      31.227       4.891      16.761      40.672      32.207      33.979      32.764      36.895      42.260      15.234
     -28.232     -65.356     -85.019     -76.724     -26.927       7.944     -22.106     -28.996      -8.883     -13.754
       5.414       1.810     -13.947      -2.061      -3.910       1.277      13.285      -3.448     -14.018      -7.168
      -4.900       3.410      28.542       4.549     -42.112     -41.998     -31.639     -16.213       5.048      19.535
      36.224      46.540      32.777      15.676       8.416      -4.311     -28.101     -61.322     -63.806     -47.671
     -18.437      24.341      44.344      32.322      43.650      13.875     -20.982     -34.796     -28.073       7.185
      52.143      71.702      50.110      34.403      18.500      -8.291     -40.964     -15.834       4.365       0.436
     -22.179      -9.716      10.068      23.462       0.276       5.805     -26.689     -61.176     -42.623      -3.669
       6.338      27.416       9.973     -34.945     -32.246     -20.555       2.051      31.483      21.488       7.322
      14.815      30.198      40.723      25.476       5.731      20.621      26.014      16.106       1.679     -18.499
     -14.495     -50.435     -71.680     -55.150     -18.175      -0.433      15.076      13.791       3.432      50.971
      60.470      36.311       9.749       6.984       4.870       5.550      31.674      44.767      37.470      10.709
     -32.530     -27.207     -21.642     -19.898     -20.179     -41.157     -53.547     -61.606     -26.901      21.712
      28.748      35.103      28.565      44.495      36.746      16.952      -2.363     -21.338     -38.867     -20.389
      17.607      24.864      32.357      32.660      42.990       3.755     -30.934     -34.952      -6.136      21.307
      32.843      52.803      51.187      15.170     -35.549     -32.011     -40.550     -45.547      -8.454     -12.725
     -10.863       3.030      22.452      27.662      25.996      39.742      26.001       9.994      -4.935     -11.242
      20.952      33.283      13.102      33.971      48.704      27.463     -19.264     -26.269     -31.822      -6.538
      38.615      21.901      17.718       1.048       7.263      12.502      11.686       3.927     -35.167     -69.011
     -82.361     -45.741     -40.626     -32.144     -23.119     -28.128     -22.847     -33.390     -17.212      -0.286
       0.134     -11.198     -11.802      -9.893      10.481      45.140      70.833      49.051      22.073     -21.950
     -21.300     -27.326      -4.653      10.943       8.829       5.774     -34.275     -13.035      20.248       3.236
     -22.945     -23.971     -23.998     -16.338       8.372      18.391     -13.924     -41.097     -33.932     -22.705
     -14.082      13.164      24.821      10.890      16.986      12.805      10.693      -3.390      -2.298      14.327
      27.330      27.569      21.818      26.866      26.292       6.777       1.667     -31.420     -52.777     -42.605
     -18.737      -7.946       2.799      39.458      67.979      47.110       5.858     -13.630     -21.274     -20.179
     -28.322     -23.870     -10.864     -27.074     -40.069     -17.458       7.024     -15.812     -47.315     -44.774
     -17.819     -11.784      -0.499       3.097      -5.064     -22.405      -5.021      13.052      38.444      41.263
      25.716       8.659      -4.663      -1.866      -1.469      16.954       3.128     -11.768     -24.764       6.452
      24.263      17.953      -2.314       2.932       7.411     -14.171     -24.829     -17.605      -6.619     -13.607
       8.717      16.355      -6.015       6.369      22.566      -0.183     -17.261      -2.454      31.572      41.098
      29.547       6.407      12.607      -3.113     -32.363     -30.741      -5.277      -1.675     -10.563     -12.587
       1.492       5.635      -3.893     -20.803     -16.373     -38.294     -41.424     -15.385      -6.902      10.156
      25.947      14.839      -2.545     -18.523     -26.998     -33.347     -25.418     -27.179     -11.417      -4.313
       7.651      33.350      37.626      11.508      -5.246       0.892      -0.855       6.328      21.315       2.825
      -6.329      -2.433      -6.616      -8.323       3.642      -2.506      -3.624     -11.324      -2.531      17.705
       1.441     -17.249     -17.824     -15.537     -10.640       5.226      -8.090     -19.859     -20.842     -21.044
      -3.793      18.754      34.179      21.910       1.761      -6.762       2.944      15.701      30.846      38.237
      35.216      27.613      14.441      21.839      23.880      16.130      15.725       2.555     -10.435      -9.771
     -19.525     -31.207     -21.520       0.430       8.877      11.693      20.868      23.921      12.230       0.124
      -0.302       9.513       9.964      -5.201       9.448      23.726      20.753      16.085      16.620      16.551
      13.441      12.653      11.726      10.133      18.243      25.316      21.922       6.793       8.926      14.662
       5.581      -4.016     -17.690     -25.016     -21.268     -20.722     -10.298       5.801       6.516       1.508
      -2.295     -13.368      -6.911       7.417      11.864       7.716      16.255      10.637       7.086       9.158
      13.290       4.434       3.837       5.119       1.116      -7.572       4.243       7.315       8.955       3.552
      -2.579      -4.164       7.643      13.140      11.093       5.705      -7.348      -6.387      -9.061     -13.228
      -7.086       3.036       1.491     -11.688     -11.563     -11.121     -23.611     -28.947     -22.639     -12.997
      -3.641       0.143       7.180       6.290       7.312      10.697      -0.534      -2.712       1.754      -1.225
       1.211       4.438       5.809       6.206      11.686       6.651      -0.721      -2.879     -12.098     -14.358
      -9.557       5.275      15.411       9.145       0.755      -2.271      -6.437      -6.235     -10.747      -5.070
       6.557      11.335       5.038       3.633       6.244       0.567      -7.900     -14.409     -13.411      -8.878
      -9.812     -10.096       1.692      11.826      10.359       6.326      -3.568      -6.180      -7.599      -8.250
       0.790       4.262       7.943      11.029      14.673      13.553      11.436       5.681       1.061      -6.432
     -13.300     -19.388     -18.238      -5.370      -0.052      -2.167      -7.036      -9.791     -15.886     -20.502
     -10.883      -3.410     -14.023     -16.751      -5.561      -0.493       5.565      12.579       8.306       7.001
       6.554       3.617       5.448       0.665      -1.790      -4.300       2.761       3.631      -1.047      -1.883
      -6.739      -6.622      -8.032      -4.648       4.570       7.140      -1.762      -7.648     -12.296      -7.214
      -3.247      -4.940      -6.752      -6.416      -3.812      -2.591      -0.680       2.246       4.033      -1.372
       0.477       0.705       4.454       2.739       2.384       1.823       3.334       8.584      11.325      10.354
       4.792       4.555      -3.203      -8.781      -8.337      -9.302      -5.355       1.500       3.986       7.442
      12.241       3.150      -5.502     -10.703      -5.782      -1.290       3.332       4.229       1.208      -3.888
      -8.163      -5.115       0.697       2.952       2.595      -0.397       4.509      11.688      11.935       5.378
      -3.495      -4.915      -6.263      -2.020       2.242       1.780      -6.364      -6.038       2.190       5.285
       0.901      -4.338      -6.313      -9.096      -7.522       2.604       7.579       5.526      -0.961      -1.350
      -1.797       0.417       3.693       9.158       6.675       3.303       0.820       2.645       3.310       1.051
       1.901       4.597       6.089       6.030       0.279      -0.984      -2.263      -2.169       0.346       0.202
       0.172       2.378       3.267       3.051       2.942       7.034       7.284       9.581      10.984       8.218
       6.744       1.705      -0.811       3.552      -0.173      -0.171      -0.674      -0.403       0.479       1.505
       2.943       3.132      -0.222       0.074      -0.146       0.038       1.660       0.727       0.171      -1.306
       0.056       2.192       4.903      10.081      10.034       5.667       4.026       5.714       2.995       0.105
       1.947       5.888       7.030       5.879       5.875       5.271       2.476      -1.466      -1.530       0.225
       0.995       5.170       8.792       5.621       2.962       0.609      -0.257       0.788      -2.665      -2.939
       2.300       5.107       3.809      -1.600      -1.979       1.898       4.121       2.295       0.980       0.640
      -1.154      -2.281      -4.340      -2.314      -1.793      -2.911      -2.454      -1.207      -0.667      -3.083
       0.336       0.839      -1.580      -3.201      -0.825      -0.334      -4.260      -4.532      -3.137      -4.636
      -3.289      -3.202      -4.060      -0.618       0.192      -1.202       4.307       8.094       6.259       3.038
       0.978       0.045       1.368       2.475       4.382       4.594       0.835      -3.248      -4.679      -2.268
       0.208       1.763       0.677       0.563      -0.507      -2.248      -2.076      -2.222      -2.144      -4.031
      -2.678       0.109       1.838       0.664      -0.296      -0.705      -1.860      -2.098       0.840       4.453
       4.255       0.896      -0.282       1.482       2.792      -0.064      -1.607       0.187       1.383       3.120
       3.116       1.883       0.700      -0.101       0.276       2.607       2.967       1.698       1.302       1.076
      -0.285      -1.539      -2.173      -1.235      -0.588      -0.115       0.440       1.309       0.279      -1.415
      -2.167      -2.237      -2.113      -1.798      -1.365      -0.942      -1.286      -2.144      -1.871      -0.838
      -0.312      -0.581      -0.276      -0.006      -0.020      -0.306      -0.327      -0.146       0.022      -0.023
       0.148       0.491       0.178      -0.477      -0.596      -0.234       0.063      -0.094      -0.290      -0.200
      -0.253      -0.343      -0.331      -0.339      -0.386      -0.545      -0.496      -0.147       0.013      -0.139
      -0.261      -0.267      -0.216      -0.143      -0.063       0.006       0.014       0.000       0.000       0.000
       0.000       0.000       0.000       0.000       0.000       0.000       0.000       0.000       0.000       0.000
       0.000       0.000       0.000       0.000       0.000       0.000       0.000       0.000       0.000       0.000
       0.000       0.000       0.000       0.000       0.000       0.000       0.000       0.000       0.000       0.000
       0.000       0.000       0.000       0.000       0.000       0.000       0.000       0.000       0.000       0.000
       0.000       0.000       0.000       0.000       0.000       0.000       0.000       0.000       0.000       0.000
       0.000       0.000       0.000       0.000       0.000       0.000       0.000       0.000       0.000       0.000
       0.000       0.000       0.000       0.000       0.000       0.000       0.000       0.000       0.000       0.000
       0.000       0.000       0.000       0.000       0.000       0.000       0.000       0.000       0.000       0.000
       0.000       0.000       0.000       0.000       0.000       0.000       0.000       0.000       0.000       0.000
       0.000       0.000       0.000       0.000       0.000       0.000       0.000       0.000       0.000       0.000
       0.000       0.000       0.000       0.000       0.000       0.000       0.000       0.000       0.000       0.000
       0.000       0.000       0.000       0.000       0.000       0.000       0.000       0.000       0.000       0.000
       0.000       0.000       0.000       0.000       0.000       0.000       0.000       0.000       0.000       0.000
       0.000       0.000       0.000       0.000       0.000       0.000       0.000       0.000       0.000       0.000
       0.000       0.000       0.000       0.000       0.000       0.000       0.000       0.000       0.000       0.000
       0.000       0.000       0.000       0.000       0.000       0.000       0.000       0.000       0.000       0.000
       0.000       0.000       0.000       0.000       0.000       0.000       0.000       0.000       0.000       0.000
       0.000       0.000       0.000       0.000       0.000       0.000       0.000       0.000       0.000       0.000
       0.000       0.000       0.000       0.000       0.000       0.000       0.000       0.000       0.000       0.000
       0.000       0.000       0.000       0.000       0.000       0.000       0.000       0.000       0.000       0.000
       0.000       0.000       0.000       0.000       0.000       0.000       0.000       0.000       0.000       0.000
       0.000       0.000       0.000       0.000       0.000       0.000       0.000       0.000       0.000       0.000
       0.000       0.000       0.000       0.000       0.000       0.000       0.000       0.000       0.000       0.000
       0.000       0.000       0.000       0.000       0.000       0.000       0.000       0.000       0.000       0.000
       0.000       0.000       0.000       0.000       0.000       0.000       0.000       0.000       0.000       0.000
       0.000       0.000       0.000       0.000       0.000       0.000       0.000       0.000       0.000       0.000
       0.000       0.000       0.000       0.000       0.000       0.000       0.000       0.000       0.000       0.000
       0.000       0.000       0.000       0.000       0.000       0.000       0.000       0.000       0.000       0.000
       0.000       0.000       0.000       0.000       0.000       0.000       0.000       0.000       0.000       0.000
       0.000       0.000       0.000       0.000       0.000       0.000       0.000       0.000       0.000       0.000
       0.000       0.000       0.000       0.000       0.000       0.000       0.000       0.000       0.000       0.000
       0.000       0.000       0.000       0.000       0.000       0.000       0.000       0.000       0.000       0.000
       0.000       0.000       0.000       0.000       0.000       0.000       0.000       0.000       0.000       0.000
       0.000       0.000       0.000       0.000       0.000       0.000       0.000       0.000       0.000       0.000
       0.000       0.000       0.000       0.000       0.000       0.000       0.000       0.000       0.000       0.000
       0.000       0.000       0.000       0.000       0.000       0.000       0.000       0.000       0.000       0.000
       0.000       0.000       0.000       0.000       0.000       0.000       0.000       0.000       0.000       0.000
       0.000       0.000       0.000       0.000       0.000       0.000       0.000       0.000       0.000       0.000
       0.000       0.000       0.000       0.000       0.000       0.000       0.000       0.000       0.000       0.000
       0.000       0.000       0.000       0.000       0.000       0.000       0.000       0.000       0.000       0.000
       0.000       0.000       0.000       0.000       0.000       0.000       0.000       0.000       0.000       0.000
       0.000       0.000       0.000       0.000       0.000       0.000       0.000       0.000       0.000       0.000
       0.000       0.000       0.000       0.000       0.000       0.000       0.000       0.000       0.000       0.000
       0.000       0.000       0.000       0.000       0.000       0.000       0.000       0.000       0.000       0.000
       0.000       0.000       0.000       0.000       0.000       0.000       0.000       0.000       0.000       0.000
       0.000       0.000       0.000       0.000       0.000       0.000       0.000       0.000       0.000       0.000
       0.000       0.000       0.000       0.000       0.000       0.000       0.000       0.000       0.000       0.000
       0.000       0.000       0.000       0.000       0.000       0.000       0.000       0.000       0.000       0.000
       0.000       0.000       0.000       0.000       0.000       0.000       0.000       0.000       0.000       0.000
       0.000       0.000       0.000       0.000       0.000       0.000       0.000       0.000       0.000       0.000
       0.000       0.000       0.000       0.000       0.000       0.000       0.000       0.000       0.000       0.000
       0.000       0.000       0.000       0.000       0.000       0.000       0.000       0.000       0.000       0.000
       0.000       0.000       0.000       0.000       0.000       0.000       0.000       0.000       0.000       0.000
       0.000       0.000       0.000       0.000       0.000       0.000       0.000       0.000       0.000       0.000
       0.000       0.000       0.000       0.000       0.000       0.000       0.000       0.000       0.000       0.000
       0.000       0.000       0.000       0.000       0.000       0.000       0.000       0.000       0.000       0.000
       0.000       0.000       0.000       0.000       0.000       0.000       0.000       0.000       0.000       0.000
       0.000       0.000       0.000       0.000       0.000       0.000       0.000       0.000       0.000       0.000
       0.000       0.000       0.000       0.000       0.000       0.000       0.000       0.000       0.000       0.000
       0.000       0.000       0.000       0.000       0.000       0.000       0.000       0.000