        2048     0.02000
       0.028       0.028       0.028      -0.005       0.028       0.029       0.101       0.033       0.035       0.248
       0.070       0.075       0.562       0.406       0.008       0.018       0.977       0.614       0.312       1.093
      -0.474       0.426       0.729       0.496       0.743       0.703       0.385       0.810       0.749       0.573
       1.777       1.894       1.835       4.063       2.531       0.269      -0.744      -4.715      -2.733      -2.182
      -5.900      -2.857       1.096       4.941       2.897       0.558       2.623       4.276       2.680       3.794
       6.971       7.752       9.673      10.436       9.290       6.741      -3.712      -4.477      -6.077      -7.068
      -6.335      -9.515      -8.826      -5.117      -9.705     -11.028      -7.032     -12.859     -17.105     -10.705
     -11.342      -1.642       0.379      -9.243      -1.727       6.780       5.900       5.708      -3.089     -15.278
     -12.049      -5.620      -2.213       1.316      -1.697       6.956      13.543      18.795      28.105      29.378
      23.940      23.177      14.041      21.637      32.768      25.007      17.173      11.211     -14.776     -20.099
     -27.418     -37.769     -30.900     -30.191     -40.048     -30.627     -19.051      -8.953     -15.321     -29.124
     -22.824      -5.101       8.402      20.943      27.194      38.512      49.886      46.618      35.126      49.360
      49.933      31.207      17.424      -4.324     -26.583     -42.235     -38.074     -16.125      -9.303     -16.523
      -5.047       1.972      -7.887       6.662      29.110      41.202      43.368      24.383       4.352       4.056
       0.626     -13.213     -12.817     -12.298     -28.339     -41.972     -45.522     -42.385     -19.348       1.730
       0.098       9.078      17.889      19.172      11.779       1.893     -11.331     -21.285     -13.059      11.734
      36.780      43.246      21.785       6.998      21.383      26.804       0.352     -36.776     -49.826     -55.287
     -66.723     -54.563     -40.220     -19.304      17.023      41.039      54.942      40.438      24.238      52.893
      29.302     -22.127     -17.338       9.436      24.598      39.751      28.330      29.707      57.997      56.509
      53.235      79.593      90.344      47.228      -8.791     -30.424     -38.825     -60.801     -63.876     -47.188
     -51.014     -66.575     -89.954     -86.699     -67.871     -68.047     -51.266      -6.478     -20.934     -73.417
     -78.696     -85.714     -58.164       1.467       0.333     -21.477     -22.657     -49.301     -47.585      10.774
      30.169       6.339     -36.421     -40.541      -1.426       6.204      -5.981      -4.435      24.455      52.657
      58.963      43.026       5.000     -15.848      -3.261     -26.810     -25.567      16.442       4.231     -48.356
     -83.307    -104.052     -97.198     -42.631     -16.159     -36.457     -26.234      23.726      51.407      35.343
     -19.897      -6.918      44.368      20.106       7.815       8.043     -27.415     -18.106      17.522      50.866
      55.107      24.559      35.130      68.896      67.599      42.026     -30.943     -93.605     -81.749     -51.080
      -1.424      60.806      60.582      29.017      23.053      12.483      -7.852     -44.070     -44.695     -23.512
     -24.198     -30.492       0.641      32.283      15.207     -14.976     -65.867    -135.433    -157.972    -144.682
    -124.766     -91.145     -47.977      33.624      61.017       2.029     -10.031      17.325      69.621     106.959
      79.286      65.951      47.072     -45.433    -107.397    -117.340     -90.588     -17.911      -1.461      -3.478
      22.726      -6.784     -37.128       8.886      33.930      30.845      72.025     119.936      86.526      44.633
      30.269      21.404      24.382      -3.169     -15.169     -50.918     -93.971     -72.585     -19.163      36.769
      34.180     -28.559     -43.092     -24.739     -11.573      28.426      62.130      85.921      73.540     -13.600
     -42.003      16.483      26.671     -14.176     -24.166     -42.641     -66.880     -78.776     -31.435      19.866
      -0.044     -15.725      10.799      31.156      28.378      28.851      36.504      48.679      56.472      40.991
      -8.253      -6.699      25.100      52.473      77.937      96.998     103.260      70.613      52.621      57.692
      35.131      19.323      22.934      -2.052     -11.914       5.952       9.873       0.675     -16.269     -15.490
     -24.591      12.844      68.778      99.379     107.146      74.692      39.506      36.013       6.943     -49.133
     -81.280    -114.781    -122.135     -61.209      -4.325      16.528      25.025       4.511     -30.098     -26.228
      38.091     112.114     119.830      56.333      -6.957     -50.306     -81.819     -47.045      -9.661      18.235
      92.562     112.035      63.825      34.020      34.925      23.449      13.084      22.962       1.315     -55.570
     -44.418     -32.086     -45.443     -24.088     -17.732     -10.868       7.776      20.443      31.547      63.145
      86.468      57.594      10.019       3.721      37.933      47.681      20.962       6.972       8.816     -43.669
     -85.814     -75.944     -42.182     -17.992     -16.960     -58.185     -92.124    -120.145    -117.434     -42.936
     -22.295     -31.263     -10.661      -9.304      -3.534       5.777      34.367      92.437      95.487      71.015
      48.848       7.075      -6.498     -28.924      -3.337      63.393      80.225      30.448     -34.094     -23.526
       1.079     -26.455     -20.803       6.661      -9.171     -30.067     -43.276     -90.917    -123.266     -91.259
     -62.518     -38.354      27.444      62.441      67.020      80.946      51.789     -16.595     -70.335     -91.439
     -65.926     -56.780     -61.242      25.600      95.640     109.870     129.934     112.552      57.207       0.424
     -57.453     -44.454      -8.848      13.680      28.825       0.110     -27.677     -64.933     -92.240     -57.949
     -11.470       1.359       4.365      -1.716      -5.060      -9.773     -27.803     -22.808      10.312      -7.935
     -37.296      -9.763       9.698     -28.890     -36.275      22.085      74.678      67.953      47.361      62.513
      72.799      48.992      24.071      -9.725     -17.047      16.956       7.253       2.593      34.244      29.464
      60.722     119.764     126.470     119.650      94.530      51.536      -2.613     -61.197     -32.159      37.743
      29.569      -4.349     -14.888     -59.280     -94.654     -77.710     -61.743     -28.332      25.773      73.672
      95.270      94.034      81.427      68.862      46.898      14.402     -11.239      -3.167       0.583     -27.444
     -41.379     -53.831     -88.095     -99.950     -57.502     -20.188     -34.450     -60.477     -74.239     -57.619
     -41.057     -35.230       5.834      29.662      21.764      15.201      -4.881     -21.498     -15.299      18.415
      63.221      54.172     -26.211     -60.906      -8.626      14.568      13.638      44.560      45.590      17.310
     -18.421     -35.904     -47.672     -58.509     -51.584     -37.746     -24.379      -3.999       1.101       2.328
      13.410      10.108      -0.111      19.453      42.420      36.972      23.868      25.448      28.465       4.735
     -15.838     -21.698     -32.886     -31.597     -33.532     -29.080      -4.791     -11.400     -37.342     -26.886
       8.471      41.852      52.988      46.513      40.386      40.655      36.273      19.129       7.043     -13.093
      -5.812      32.648      49.474      52.361      32.811     -16.669     -25.988     -20.195     -32.127     -18.405
      -6.097     -17.902     -26.207     -28.970     -36.555     -44.822     -48.194     -45.008     -20.594      17.285
      20.057     -11.948     -17.255     -25.086     -58.222     -67.071     -47.359     -16.577     -10.963     -24.133
     -25.248     -14.881      -6.488       2.600      14.550      22.457      26.620      36.250      29.397      11.749
       6.602      -9.133      -6.285      15.439      16.503      13.614      -0.288     -25.786     -30.879     -11.775
      15.847      28.457      20.784       9.431       1.604       1.685      -6.845     -31.236     -35.297      -6.711
      19.506      22.728      18.498      19.569      21.434      18.007      22.318      35.906      50.194      41.398
      15.844       7.988       0.095     -27.789     -26.984       0.603      11.205       9.808      12.210      20.399
      14.833      -6.666     -16.191     -13.351     -18.527     -16.674      -2.160     -10.594     -29.927     -24.656
      -3.619      23.638      31.031       5.018       2.365      26.357      30.395      25.159      25.404      24.006
      20.343      23.558      29.385      34.626      38.000      32.805      16.460      -2.151     -13.857     -24.725
     -37.591     -41.141     -45.974     -46.216     -36.459     -41.947     -49.766     -44.574     -38.775     -32.781
     -34.754     -29.323      -1.047      20.907      29.174      42.351      44.327      36.073      33.711      22.271
      28.394      55.010      57.565      49.324      45.211      31.529      22.981      15.723      -1.907      -8.947
      -5.132      -3.926       1.007       5.355       9.948      10.632      -6.346     -14.105      -3.599      -1.848
       1.999       5.083      -6.529     -14.908     -20.285     -28.118     -26.232     -24.715     -27.147     -15.376
      -2.040      -0.092       0.579       8.140      19.255      17.283       9.123      13.951      20.166      19.538
      11.682      -8.040     -22.415     -27.946     -26.532     -12.950      -0.495       9.212      18.236      11.819
       0.383       1.213       2.083      -4.830     -14.150     -25.169     -23.395     -18.660     -31.029     -32.914
     -15.945      -7.226      -0.113       9.655       8.678      11.146      25.145      35.139      38.505      37.527
      38.825      41.504      34.037      18.625       9.319       4.824      -2.369      -8.701      -2.597       5.893
      -2.779     -14.707     -21.505     -24.266     -19.503     -16.502      -8.142       3.565      -2.482      -7.521
       0.485       7.076      18.028      29.881      30.682      33.968      35.505      29.459      29.579      26.507
      12.319       5.142       8.037      10.316       9.104       2.263      -4.246      -7.548     -14.114     -16.975
     -14.698     -16.273     -16.060     -16.999     -24.805     -25.905     -26.161     -33.100     -34.342     -31.873
     -28.874     -27.822     -34.126     -40.411     -45.810     -46.221     -33.579     -26.416     -27.198     -22.147
     -18.171     -15.578     -10.754     -11.519      -8.956      -3.792      -1.636       3.623       6.982       2.174
      -7.806     -15.874     -16.570     -11.965     -14.147     -16.539     -10.852      -9.597      -9.624      -4.516
      -1.338       0.780      -2.600      -9.783      -6.050      -3.255     -12.994     -19.176     -17.815     -17.779
     -20.701     -21.339     -13.870      -7.148     -12.943     -14.944      -6.908       1.641       4.346       4.247
       6.936      11.236      13.197      13.903      15.977      18.458      21.540      27.900      33.553      31.212
      23.925      23.166      24.339      19.281      15.005      16.010      17.055      15.535      11.837      10.151
       9.527       5.940       2.824       3.491       7.096      11.122      12.873      13.250      14.093      13.474
      11.913      11.490      11.153      11.228      10.914       7.473       5.398       6.847       7.209       5.972
       4.200       4.263       6.247       6.130       4.139       2.297       0.094       0.265       2.555       2.725
       2.296       1.702       0.209      -0.182      -2.136      -4.340      -2.440      -0.952      -1.265      -0.552
       0.098       1.611       2.259       0.420       0.505       1.425       1.198       1.953       1.904       1.793
       3.202       3.126       2.317       2.565       2.527       2.550       2.220       0.909       0.529       0.684
       0.347       0.397       0.606       0.650       0.637       0.154      -0.314      -0.300      -0.193      -0.098
      -0.051       0.000       0.000       0.000       0.000       0.000       0.000       0.000       0.000       0.000
       0.000       0.000       0.000       0.000       0.000       0.000       0.000       0.000       0.000       0.000
       0.000       0.000       0.000       0.000       0.000       0.000       0.000       0.000       0.000       0.000
       0.000       0.000       0.000       0.000       0.000       0.000       0.000       0.000       0.000       0.000
       0.000       0.000       0.000       0.000       0.000       0.000       0.000       0.000       0.000       0.000
       0.000       0.000       0.000       0.000       0.000       0.000       0.000       0.000       0.000       0.000
       0.000       0.000       0.000       0.000       0.000       0.000       0.000       0.000       0.000       0.000
       0.000       0.000       0.000       0.000       0.000       0.000       0.000       0.000       0.000       0.000
       0.000       0.000       0.000       0.000       0.000       0.000       0.000       0.000       0.000       0.000
       0.000       0.000       0.000       0.000       0.000       0.000       0.000       0.000       0.000       0.000
       0.000       0.000       0.000       0.000       0.000       0.000       0.000       0.000       0.000       0.000
       0.000       0.000       0.000       0.000       0.000       0.000       0.000       0.000       0.000       0.000
       0.000       0.000       0.000       0.000       0.000       0.000       0.000       0.000       0.000       0.000
       0.000       0.000       0.000       0.000       0.000       0.000       0.000       0.000       0.000       0.000
       0.000       0.000       0.000       0.000       0.000       0.000       0.000       0.000       0.000       0.000
       0.000       0.000       0.000       0.000       0.000       0.000       0.000       0.000       0.000       0.000
       0.000       0.000       0.000       0.000       0.000       0.000       0.000       0.000       0.000       0.000
       0.000       0.000       0.000       0.000       0.000       0.000       0.000       0.000       0.000       0.000
       0.000       0.000       0.000       0.000       0.000       0.000       0.000       0.000       0.000       0.000
       0.000       0.000       0.000       0.000       0.000       0.000       0.000       0.000       0.000       0.000
       0.000       0.000       0.000       0.000       0.000       0.000       0.000       0.000       0.000       0.000
       0.000       0.000       0.000       0.000       0.000       0.000       0.000       0.000       0.000       0.000
       0.000       0.000       0.000       0.000       0.000       0.000       0.000       0.000       0.000       0.000
       0.000       0.000       0.000       0.000       0.000       0.000       0.000       0.000       0.000       0.000
       0.000       0.000       0.000       0.000       0.000       0.000       0.000       0.000       0.000       0.000
       0.000       0.000       0.000       0.000       0.000       0.000       0.000       0.000       0.000       0.000
       0.000       0.000       0.000       0.000       0.000       0.000       0.000       0.000       0.000       0.000
       0.000       0.000       0.000       0.000       0.000       0.000       0.000       0.000       0.000       0.000
       0.000       0.000       0.000       0.000       0.000       0.000       0.000       0.000       0.000       0.000
       0.000       0.000       0.000       0.000       0.000       0.000       0.000       0.000       0.000       0.000
       0.000       0.000       0.000       0.000       0.000       0.000       0.000       0.000       0.000       0.000
       0.000       0.000       0.000       0.000       0.000       0.000       0.000       0.000       0.000       0.000
       0.000       0.000       0.000       0.000       0.000       0.000       0.000       0.000       0.000       0.000
       0.000       0.000       0.000       0.000       0.000       0.000       0.000       0.000       0.000       0.000
       0.000       0.000       0.000       0.000       0.000       0.000       0.000       0.000       0.000       0.000
       0.000       0.000       0.000       0.000       0.000       0.000       0.000       0.000       0.000       0.000
       0.000       0.000       0.000       0.000       0.000       0.000       0.000       0.000       0.000       0.000
       0.000       0.000       0.000       0.000       0.000       0.000       0.000       0.000       0.000       0.000
       0.000       0.000       0.000       0.000       0.000       0.000       0.000       0.000       0.000       0.000
       0.000       0.000       0.000       0.000       0.000       0.000       0.000       0.000       0.000       0.000
       0.000       0.000       0.000       0.000       0.000       0.000       0.000       0.000       0.000       0.000
       0.000       0.000       0.000       0.000       0.000       0.000       0.000       0.000       0.000       0.000
       0.000       0.000       0.000       0.000       0.000       0.000       0.000       0.000       0.000       0.000
       0.000       0.000       0.000       0.000       0.000       0.000       0.000       0.000       0.000       0.000
       0.000       0.000       0.000       0.000       0.000       0.000       0.000       0.000       0.000       0.000
       0.000       0.000       0.000       0.000       0.000       0.000       0.000       0.000       0.000       0.000
       0.000       0.000       0.000       0.000       0.000       0.000       0.000       0.000       0.000       0.000
       0.000       0.000       0.000       0.000       0.000       0.000       0.000       0.000       0.000       0.000
       0.000       0.000       0.000       0.000       0.000       0.000       0.000       0.000       0.000       0.000
       0.000       0.000       0.000       0.000       0.000       0.000       0.000       0.000       0.000       0.000
       0.000       0.000       0.000       0.000       0.000       0.000       0.000       0.000       0.000       0.000
       0.000       0.000       0.000       0.000       0.000       0.000       0.000       0.000       0.000       0.000
       0.000       0.000       0.000       0.000       0.000       0.000       0.000       0.000       0.000       0.000
       0.000       0.000       0.000       0.000       0.000       0.000       0.000       0.000       0.000       0.000
       0.000       0.000       0.000       0.000       0.000       0.000       0.000       0.000       0.000       0.000
       0.000       0.000       0.000       0.000       0.000       0.000       0.000       0.000       0.000       0.000
       0.000       0.000       0.000       0.000       0.000       0.000       0.000       0.000       0.000       0.000
       0.000       0.000       0.000       0.000       0.000       0.000       0.000       0.000       0.000       0.000
       0.000       0.000       0.000       0.000       0.000       0.000       0.000       0.000       0.000       0.000
       0.000       0.000       0.000       0.000       0.000       0.000       0.000       0.000       0.000       0.000
       0.000       0.000       0.000       0.000       0.000       0.000       0.000       0.000       0.000       0.000
       0.000       0.000       0.000       0.000       0.000       0.000       0.000       0.000       0.000       0.000
       0.000       0.000       0.000       0.000       0.000       0.000       0.000       0.000       0.000       0.000
       0.000       0.000       0.000       0.000       0.000       0.000       0.000       0.000       0.000       0.000
       0.000       0.000       0.000       0.000       0.000       0.000       0.000       0.000       0.000       0.000
       0.000       0.000       0.000       0.000       0.000       0.000       0.000       0.000       0.000       0.000
       0.000       0.000       0.000       0.000       0.000       0.000       0.000       0.000       0.000       0.000
       0.000       0.000       0.000       0.000       0.000       0.000       0.000       0.000       0.000       0.000
       0.000       0.000       0.000       0.000       0.000       0.000       0.000       0.000       0.000       0.000
       0.000       0.000       0.000       0.000       0.000       0.000       0.000       0.000       0.000       0.000
       0.000       0.000       0.000       0.000       0.000       0.000       0.000       0.000       0.000       0.000
       0.000       0.000       0.000       0.000       0.000       0.000       0.000       0.000       0.000       0.000
       0.000       0.000       0.000       0.000       0.000       0.000       0.000       0.000       0.000       0.000
       0.000       0.000       0.000       0.000       0.000       0.000       0.000       0.000       0.000       0.000
       0.000       0.000       0.000       0.000       0.000       0.000       0.000       0.000       0.000       0.000
       0.000       0.000       0.000       0.000       0.000       0.000       0.000       0.000       0.000       0.000
       0.000       0.000       0.000       0.000       0.000       0.000       0.000       0.000       0.000       0.000
       0.000       0.000       0.000       0.000       0.000       0.000       0.000       0.000       0.000       0.000
       0.000       0.000       0.000       0.000       0.000       0.000       0.000       0.000       0.000       0.000
       0.000       0.000       0.000       0.000       0.000       0.000       0.000       0.000       0.000       0.000
       0.000       0.000       0.000       0.000       0.000       0.000       0.000       0.000       0.000       0.000
       0.000       0.000       0.000       0.000       0.000       0.000       0.000       0.000       0.000       0.000
       0.000       0.000       0.000       0.000       0.000       0.000       0.000       0.000       0.000       0.000
       0.000       0.000       0.000       0.000       0.000       0.000       0.000       0.000       0.000       0.000
       0.000       0.000       0.000       0.000       0.000       0.000       0.000       0.000       0.000       0.000
       0.000       0.000       0.000       0.000       0.000       0.000       0.000       0.000       0.000       0.000
       0.000       0.000       0.000       0.000       0.000       0.000       0.000       0.000       0.000       0.000
       0.000       0.000       0.000       0.000       0.000       0.000       0.000       0.000       0.000       0.000
       0.000       0.000       0.000       0.000       0.000       0.000       0.000       0.000       0.000       0.000
       0.000       0.000       0.000       0.000       0.000       0.000       0.000       0.000       0.000       0.000
       0.000       0.000       0.000       0.000       0.000       0.000       0.000       0.000       0.000       0.000
       0.000       0.000       0.000       0.000       0.000       0.000       0.000       0.000       0.000       0.000
       0.000       0.000       0.000       0.000       0.000       0.000       0.000       0.000       0.000       0.000
       0.000       0.000       0.000       0.000       0.000       0.000       0.000       0.000       0.000       0.000
       0.000       0.000       0.000       0.000       0.000       0.000       0.000       0.000       0.000       0.000
       0.000       0.000       0.000       0.000       0.000       0.000       0.000       0.000       0.000       0.000
       0.000       0.000       0.000       0.000       0.000       0.000       0.000       0.000       0.000       0.000
       0.000       0.000       0.000       0.000       0.000       0.000       0.000       0.000       0.000       0.000
       0.000       0.000       0.000       0.000       0.000       0.000       0.000       0.000       0.000       0.000
       0.000       0.000       0.000       0.000       0.000       0.000       0.000       0.000       0.000       0.000
       0.000       0.000       0.000       0.000       0.000       0.000       0.000       0.000       0.000       0.000
       0.000       0.000       0.000       0.000       0.000       0.000       0.000       0.000