        2048     0.02000
      -0.104      -0.104      -0.104      -0.093      -0.104      -0.104      -0.126      -0.108      -0.109      -0.207
      -0.108      -0.093       0.071      -0.110      -0.121      -0.291      -0.122      -0.124      -0.259      -0.120
      -0.128      -0.323      -0.132      -0.149      -0.496      -0.141      -0.152      -0.566      -0.151      -0.169
      -0.816      -0.179      -0.199      -1.001      -0.196      -0.238      -1.657      -0.263      -0.297      -2.040
      -0.475      -0.406      -2.349      -2.370      -1.168       0.661       2.250       1.364       1.043       1.801
       0.875       0.532       1.221       0.848       0.755       1.594       1.115       1.278       2.967       2.463
       2.734       4.630       3.193       1.792      -0.029       1.939       5.438       5.433       4.577       2.504
      -0.637      -3.827      -3.849      -2.415      -4.330      -6.911      -6.345      -7.649      -5.344      -6.067
      -8.248      -6.837      -5.537      -8.870      -8.144      -6.049      -5.118      -7.843      -4.783       5.521
      10.203       6.762       6.705       7.334       5.916       2.801       0.455      -5.756     -10.910      -8.086
      -1.758       5.149      10.087      11.211      11.169       5.028      -2.757      -5.384      -5.949      -9.485
     -10.502      -6.466      -0.323       4.165      10.557      16.441      13.538       8.342       8.896      16.575
      18.219       7.018      -2.943      -3.857      -1.088      -1.755       4.737      10.414      12.328      12.881
      15.788      19.864      22.067      17.980       8.874       2.615      -4.553     -12.715     -16.380     -15.239
     -19.849     -16.208      -2.304      11.438      16.715       8.653     -15.374     -21.298     -21.688     -26.034
     -17.083       0.511      10.878      14.047      17.201      21.470      13.426       5.904       1.504     -11.126
     -21.418     -21.913     -11.010     -13.295      -2.337      14.456      19.881      19.549      25.147      20.925
       5.730     -14.527     -29.207     -38.188     -31.770     -11.667       9.047      27.469      39.350      40.667
      31.773      17.881      -2.066     -20.996     -26.800     -18.386      -7.879      -7.555       5.575      23.985
      43.002      46.316      41.047      30.748      12.913      -9.332     -25.928     -31.174     -30.196     -14.540
      -6.911     -15.904     -12.684     -22.974     -17.310     -13.249      -2.875       1.166      -6.522       4.149
     -14.888     -13.287       0.892       5.060       1.627      -1.156     -11.208       0.068      16.001      13.338
      11.769       2.631     -14.936     -39.931     -63.080     -48.144     -16.984      18.935      54.787      59.344
      32.081       2.016      13.515       6.789     -16.450     -18.159      -1.125       9.286       7.172      21.275
      27.730      34.138      25.713      12.682     -10.521     -21.932     -16.424     -15.019      17.028      30.186
      19.632      20.455      31.925      29.678       5.409      -8.383      -7.606      -3.140      -9.741       7.217
      30.440      16.470      20.947      43.222      34.226      -0.118     -22.019      -2.445      33.942      31.486
      28.272      16.177     -28.605     -55.228     -47.572     -36.187     -10.066      -9.846      -2.765      -6.791
      32.843      38.543      46.880      22.345      20.723      -7.646     -39.541     -42.515       0.960      56.278
      46.927       8.796     -26.007     -30.311     -53.439     -46.576     -16.228       0.724      18.753      64.422
      76.989      85.246      52.459      53.714      33.940       4.262     -29.284      -5.640       6.199      15.126
      46.222      41.264      12.566      15.761      25.315     -27.004     -52.997     -65.211     -42.466     -17.741
     -20.215     -20.171      19.884      17.016     -15.651     -21.436     -11.456      -8.329      -5.985     -31.818
     -30.446       3.495      16.876      38.720      55.659      50.636      23.102     -19.811     -23.021      -2.457
      14.548      12.164       5.906     -43.776     -95.929    -113.104     -72.990     -55.849     -61.910     -44.763
       4.992      32.769      46.898      49.985      42.074      39.373      42.257       7.239     -20.673     -40.456
     -16.152      44.812      49.931      21.385     -27.684     -16.282      -5.452       3.836      12.020     -11.864
     -58.705     -67.825     -51.438     -34.767     -13.707      17.924      46.492      60.521      64.970      50.351
      -1.501     -16.176     -38.183     -56.527     -60.052     -46.825     -47.357     -32.774     -22.700     -49.813
     -59.555     -38.374      14.676       6.439       6.001     -16.660     -19.087     -14.626       4.397       5.952
       9.755      24.549      35.866      35.938      30.527      15.803       3.847      -5.895     -34.323     -54.383
     -83.585     -58.628     -36.062      23.703      32.830      20.366      22.899     -10.665      -9.204       3.815
      -4.995     -12.610     -32.620     -63.830     -36.422     -12.969     -46.437     -86.273    -113.104     -79.711
     -30.730       0.941       0.044      -6.351     -24.593     -30.594     -35.085     -14.890      -3.361       0.511
      -2.110     -20.911      18.527      67.660      91.651      57.964      51.165      26.112      11.232      20.439
      23.812       2.436     -17.439     -16.331     -14.218      29.352      67.702      39.987       8.662      15.031
      -0.377      -8.433     -11.797      -6.285     -37.506      -8.646      34.961      40.842      10.007      24.485
      44.352      49.200      31.351       2.487       6.225      13.901      20.074      19.935       6.835      11.073
     -13.681      -4.203      10.886      -9.144     -28.627     -50.986     -54.108     -67.641     -29.171      15.208
      36.308      21.252      30.890      -4.459      -7.475       7.227     -11.207     -28.766     -10.010      -9.950
       0.940      -7.480     -35.985     -50.083     -35.697     -14.972     -19.912      -3.758      11.845      18.634
       4.230       4.132      36.290      27.469      16.100      -0.602     -18.107     -19.011      -1.944      19.810
      48.485      51.051      43.562      19.176     -30.893     -27.949      -8.518      -1.441       6.040       9.721
      46.375      32.998      -4.389     -45.551     -64.835     -47.225     -17.436      15.101       0.357      13.307
     -16.923     -62.399     -72.267     -63.696     -56.637     -33.134      -8.054      16.822      26.170      35.774
      43.779      28.065      15.091      40.386      13.281      -0.483       3.452     -20.415     -19.351      23.046
      42.700      14.070      -1.177     -41.358     -46.805       2.139      27.690       5.969      -3.323     -29.956
     -15.603      12.793      53.752      79.057      68.925      66.891      19.905     -36.995     -77.282     -46.876
       2.862      33.940      29.200      23.449      56.813      50.249       0.589     -54.212     -59.819     -44.613
       5.976      27.383      39.697      44.435      28.395      23.898     -12.314       4.669       9.110      -8.351
     -17.631     -46.173     -50.231     -38.214      19.347      54.532      89.144      72.737      47.331      41.188
      27.427      18.305      -6.763      -7.143     -23.655     -76.092    -110.341     -93.908     -63.754     -20.044
      20.971      39.998      33.198      28.515      40.177      60.028      64.056      12.689     -17.658     -35.020
     -23.521      15.433      26.837      36.374      -2.785      -2.324     -10.270     -40.733     -54.641     -34.952
     -31.400     -16.290      39.137      51.935      32.707      26.627      -5.387      -9.000      22.402      12.238
     -13.297       9.656      38.757      19.681      36.525      49.472      39.126      53.023      34.880      11.173
     -33.438     -66.093     -50.728     -25.316     -26.349       2.918       4.105     -27.346     -26.806     -24.367
     -49.419     -59.047     -47.450     -45.873     -47.146     -37.743     -16.223       3.018     -12.419     -46.365
     -53.163     -27.500       2.347      20.633      43.455      49.899      57.113      50.036      15.644      14.386
      21.390      -1.893      -4.068      26.852      26.612      33.883      41.691      24.582      -2.651     -32.694
     -53.551     -41.043     -10.952     -31.860     -55.707     -53.831     -48.746     -24.589      19.095      27.167
       6.910       7.376      12.514      29.054      38.295      57.166      57.555      35.675       9.575       3.091
     -12.878     -20.592     -18.956      -3.246       4.079      19.136      17.784      11.034       1.879      -7.118
       0.946      -1.327     -18.004     -25.356     -25.932     -30.457     -34.393     -42.856     -25.684      -8.282
     -19.620      -4.810      -3.695      -4.080      -9.047       1.865       5.543       7.449      -1.391      -5.997
       4.101      20.145      17.147       1.492      -7.850     -18.648     -24.753     -29.162     -25.323      -7.700
       9.015      27.598      28.704      22.447      14.718       8.995      -2.656       2.117      38.575      59.977
      55.136      36.333      19.685      -0.639     -19.311     -28.418     -19.409      -5.422     -13.298      -5.991
       7.298      17.680      -1.507     -24.636     -39.661     -63.316     -78.968     -69.236     -61.597     -47.207
     -21.438      13.890      20.496      17.791       8.668      -3.277     -18.716     -22.403     -20.971      -1.413
       5.300       8.189      10.449       8.227      23.204      34.799      34.517      13.130     -14.128     -23.132
     -15.809     -23.136     -34.934     -19.854      -4.735       3.323      15.062      19.711      11.732      16.121
      23.503      26.511      12.354     -11.189     -16.774     -15.130     -10.552      -3.397       8.702       0.772
       1.979      12.996      25.551      26.072      25.583      18.335       6.350     -16.574     -39.200     -41.688
     -30.453     -12.794       4.770      23.415      31.672      37.900      34.107      11.878     -12.960     -27.010
     -34.420     -20.288      -4.722       9.270      12.398      12.605      19.992      20.372      29.514      32.769
      22.885      14.007      17.972      19.630      18.898      28.152      35.820      41.706      36.424      37.344
      22.424       6.621      -1.208      -2.402      -6.246     -17.932     -18.545     -19.826     -16.819     -22.996
     -27.928     -25.441     -24.032     -12.909      -3.963      -3.705       1.077       4.641       0.509      -0.673
      -3.184     -12.116      -6.150       2.607      15.889      33.734      39.531      22.619       7.251       1.067
      -5.612     -14.433     -18.775      -4.603      10.996      28.033      32.405      23.819       9.770       0.908
      -0.123      -5.934      -8.964     -11.030     -11.836     -12.363      -1.811       9.732      14.619      16.590
      16.839      10.728       3.755       6.063       6.785       7.259      10.548      10.798      15.974      15.759
      10.315      11.036      12.138       9.795       1.917       0.151      -0.180      -5.867     -12.658     -13.830
      -9.633     -14.123      -7.944      -6.551     -14.284     -25.234     -21.826     -11.089      -2.075      -4.884
      -9.589     -19.081     -24.480     -25.681     -15.011      -2.127       8.998      20.368      21.228      11.550
       2.087       3.899       8.404       7.477       3.635      -3.062      -2.040       2.976       4.937       8.551
       1.791      -8.579     -16.484     -17.266     -18.614     -17.125     -10.246      -8.581      -6.403      -7.788
      -4.410      -3.956      -1.822      -5.517      -9.448     -11.606     -14.893      -9.654       0.954       4.259
      -2.978     -11.320     -14.325     -12.554      -9.884      -4.089       7.673      12.009       9.790       7.279
       0.147      -6.943      -7.415      -8.585      -8.753      -9.119      -4.930      -0.357       4.990       2.771
      -3.104      -4.665      -5.309      -9.909     -14.204      -9.457      -6.416      -5.719      -4.783      -4.950
      -3.283      -4.102      -8.183     -10.953     -10.609      -8.052      -4.911      -3.145       1.291       3.166
       1.052      -1.842       0.185       4.809       8.525       9.305      15.218      16.129      13.751       6.617
       6.896       8.246       5.311      -0.910       2.354       6.289       9.148      13.977      17.477      17.644
      10.638      -0.594      -6.139      -8.201      -9.546      -6.051      -2.758       2.314       7.677       8.973
       8.052       7.985       4.597      -2.347      -6.247      -5.991      -5.549      -5.366       1.405       6.661
       3.009      -2.708      -2.399       3.922       6.257       7.562       8.360       6.650       4.079      -1.478
      -2.651      -3.042      -4.711      -6.292      -7.384      -5.363      -3.301      -1.044       5.171      13.051
      12.652       9.786       2.606      -2.708      -4.961      -0.236       5.110      13.463      18.863      21.492
      23.384      21.124      21.103      17.852      14.089      12.901      10.119       4.601       4.619       8.038
      10.399      11.501      10.598       7.296       2.986      -2.389      -8.041      -8.348      -5.428      -4.159
      -2.960      -3.690      -6.017      -8.653      -8.745      -7.755      -7.769      -9.321      -9.591     -10.564
      -9.230      -7.159      -4.685      -2.646      -3.164      -4.867      -5.571      -4.670      -2.874      -1.692
      -0.156      -0.572      -2.132      -2.760      -1.645      -1.325      -1.453       0.070       1.092       1.502
       1.535       1.641       1.434       0.624      -0.829      -1.267      -0.352      -0.229      -0.920      -0.662
      -0.583      -0.771      -0.747      -0.373      -0.442      -0.378      -0.767      -0.029       0.822       1.152
       1.525       1.174       0.588       0.599       0.585       0.668       1.010       1.750       1.755       1.471
       1.075       0.825       0.398      -0.362      -0.708      -0.589      -0.720      -0.936      -1.052      -0.934
      -0.867      -0.992      -1.058      -0.995      -0.987      -1.035      -0.922      -0.609      -0.413      -0.355
      -0.224      -0.094       0.000       0.000       0.000       0.000       0.000       0.000       0.000       0.000
       0.000       0.000       0.000       0.000       0.000       0.000       0.000       0.000       0.000       0.000
       0.000       0.000       0.000       0.000       0.000       0.000       0.000       0.000       0.000       0.000
       0.000       0.000       0.000       0.000       0.000       0.000       0.000       0.000       0.000       0.000
       0.000       0.000       0.000       0.000       0.000       0.000       0.000       0.000       0.000       0.000
       0.000       0.000       0.000       0.000       0.000       0.000       0.000       0.000       0.000       0.000
       0.000       0.000       0.000       0.000       0.000       0.000       0.000       0.000       0.000       0.000
       0.000       0.000       0.000       0.000       0.000       0.000       0.000       0.000       0.000       0.000
       0.000       0.000       0.000       0.000       0.000       0.000       0.000       0.000       0.000       0.000
       0.000       0.000       0.000       0.000       0.000       0.000       0.000       0.000       0.000       0.000
       0.000       0.000       0.000       0.000       0.000       0.000       0.000       0.000       0.000       0.000
       0.000       0.000       0.000       0.000       0.000       0.000       0.000       0.000       0.000       0.000
       0.000       0.000       0.000       0.000       0.000       0.000       0.000       0.000       0.000       0.000
       0.000       0.000       0.000       0.000       0.000       0.000       0.000       0.000       0.000       0.000
       0.000       0.000       0.000       0.000       0.000       0.000       0.000       0.000       0.000       0.000
       0.000       0.000       0.000       0.000       0.000       0.000       0.000       0.000       0.000       0.000
       0.000       0.000       0.000       0.000       0.000       0.000       0.000       0.000       0.000       0.000
       0.000       0.000       0.000       0.000       0.000       0.000       0.000       0.000       0.000       0.000
       0.000       0.000       0.000       0.000       0.000       0.000       0.000       0.000       0.000       0.000
       0.000       0.000       0.000       0.000       0.000       0.000       0.000       0.000       0.000       0.000
       0.000       0.000       0.000       0.000       0.000       0.000       0.000       0.000       0.000       0.000
       0.000       0.000       0.000       0.000       0.000       0.000       0.000       0.000       0.000       0.000
       0.000       0.000       0.000       0.000       0.000       0.000       0.000       0.000       0.000       0.000
       0.000       0.000       0.000       0.000       0.000       0.000       0.000       0.000       0.000       0.000
       0.000       0.000       0.000       0.000       0.000       0.000       0.000       0.000       0.000       0.000
       0.000       0.000       0.000       0.000       0.000       0.000       0.000       0.000       0.000       0.000
       0.000       0.000       0.000       0.000       0.000       0.000       0.000       0.000       0.000       0.000
       0.000       0.000       0.000       0.000       0.000       0.000       0.000       0.000       0.000       0.000
       0.000       0.000       0.000       0.000       0.000       0.000       0.000       0.000       0.000       0.000
       0.000       0.000       0.000       0.000       0.000       0.000       0.000       0.000       0.000       0.000
       0.000       0.000       0.000       0.000       0.000       0.000       0.000       0.000       0.000       0.000
       0.000       0.000       0.000       0.000       0.000       0.000       0.000       0.000       0.000       0.000
       0.000       0.000       0.000       0.000       0.000       0.000       0.000       0.000       0.000       0.000
       0.000       0.000       0.000       0.000       0.000       0.000       0.000       0.000       0.000       0.000
       0.000       0.000       0.000       0.000       0.000       0.000       0.000       0.000       0.000       0.000
       0.000       0.000       0.000       0.000       0.000       0.000       0.000       0.000       0.000       0.000
       0.000       0.000       0.000       0.000       0.000       0.000       0.000       0.000       0.000       0.000
       0.000       0.000       0.000       0.000       0.000       0.000       0.000       0.000       0.000       0.000
       0.000       0.000       0.000       0.000       0.000       0.000       0.000       0.000       0.000       0.000
       0.000       0.000       0.000       0.000       0.000       0.000       0.000       0.000       0.000       0.000
       0.000       0.000       0.000       0.000       0.000       0.000       0.000       0.000       0.000       0.000
       0.000       0.000       0.000       0.000       0.000       0.000       0.000       0.000       0.000       0.000
       0.000       0.000       0.000       0.000       0.000       0.000       0.000       0.000       0.000       0.000
       0.000       0.000       0.000       0.000       0.000       0.000       0.000       0.000       0.000       0.000
       0.000       0.000       0.000       0.000       0.000       0.000       0.000       0.000       0.000       0.000
       0.000       0.000       0.000       0.000       0.000       0.000       0.000       0.000       0.000       0.000
       0.000       0.000       0.000       0.000       0.000       0.000       0.000       0.000       0.000       0.000
       0.000       0.000       0.000       0.000       0.000       0.000       0.000       0.000       0.000       0.000
       0.000       0.000       0.000       0.000       0.000       0.000       0.000       0.000       0.000       0.000
       0.000       0.000       0.000       0.000       0.000       0.000       0.000       0.000       0.000       0.000
       0.000       0.000       0.000       0.000       0.000       0.000       0.000       0.000       0.000       0.000
       0.000       0.000       0.000       0.000       0.000       0.000       0.000       0.000       0.000       0.000
       0.000       0.000       0.000       0.000       0.000       0.000       0.000       0.000       0.000       0.000
       0.000       0.000       0.000       0.000       0.000       0.000       0.000       0.000       0.000       0.000
       0.000       0.000       0.000       0.000       0.000       0.000       0.000       0.000       0.000       0.000
       0.000       0.000       0.000       0.000       0.000       0.000       0.000       0.000       0.000       0.000
       0.000       0.000       0.000       0.000       0.000       0.000       0.000       0.000       0.000       0.000
       0.000       0.000       0.000       0.000       0.000       0.000       0.000       0.000       0.000       0.000
       0.000       0.000       0.000       0.000       0.000       0.000       0.000       0.000       0.000       0.000
       0.000       0.000       0.000       0.000       0.000       0.000       0.000       0.000       0.000       0.000
       0.000       0.000       0.000       0.000       0.000       0.000       0.000       0.000       0.000       0.000
       0.000       0.000       0.000       0.000       0.000       0.000       0.000       0.000       0.000       0.000
       0.000       0.000       0.000       0.000       0.000       0.000       0.000       0.000       0.000       0.000
       0.000       0.000       0.000       0.000       0.000       0.000       0.000       0.000       0.000       0.000
       0.000       0.000       0.000       0.000       0.000       0.000       0.000       0.000       0.000       0.000
       0.000       0.000       0.000       0.000       0.000       0.000       0.000       0.000       0.000       0.000
       0.000       0.000       0.000       0.000       0.000       0.000       0.000       0.000       0.000       0.000
       0.000       0.000       0.000       0.000       0.000       0.000       0.000       0.000       0.000       0.000
       0.000       0.000       0.000       0.000       0.000       0.000       0.000       0.000       0.000       0.000
       0.000       0.000       0.000       0.000       0.000       0.000       0.000       0.000       0.000       0.000
       0.000       0.000       0.000       0.000       0.000       0.000       0.000       0.000       0.000       0.000
       0.000       0.000       0.000       0.000       0.000       0.000       0.000       0.000       0.000       0.000
       0.000       0.000       0.000       0.000       0.000       0.000       0.000       0.000       0.000       0.000
       0.000       0.000       0.000       0.000       0.000       0.000       0.000       0.000       0.000       0.000
       0.000       0.000       0.000       0.000       0.000       0.000       0.000       0.000       0.000       0.000
       0.000       0.000       0.000       0.000       0.000       0.000       0.000       0.000       0.000       0.000
       0.000       0.000       0.000       0.000       0.000       0.000       0.000       0.000       0.000       0.000
       0.000       0.000       0.000       0.000       0.000       0.000       0.000       0.000       0.000       0.000
       0.000       0.000       0.000       0.000       0.000       0.000       0.000       0.000       0.000       0.000
       0.000       0.000       0.000       0.000       0.000       0.000       0.000       0.000       0.000       0.000
       0.000       0.000       0.000       0.000       0.000       0.000       0.000       0.000       0.000       0.000
       0.000       0.000       0.000       0.000       0.000       0.000       0.000       0.000       0.000       0.000
       0.000       0.000       0.000       0.000       0.000       0.000       0.000       0.000       0.000       0.000
       0.000       0.000       0.000       0.000       0.000       0.000       0.000       0.000       0.000       0.000
       0.000       0.000       0.000       0.000       0.000       0.000       0.000       0.000