   0.020           0.7900000E-01
   0.040           0.7900000E-01
   0.060           0.7900000E-01
   0.080           0.7000000E-01
   0.100           0.7900000E-01
   0.120           0.7900000E-01
   0.140           0.4300000E-01
   0.160           0.7900000E-01
   0.180           0.7900000E-01
   0.200           0.1300000E+00
   0.220           0.8100000E-01
   0.240           0.8100000E-01
   0.260           0.1420000E+00
   0.280           0.8300000E-01
   0.300           0.8500000E-01
   0.320           0.2190000E+00
   0.340           0.8500000E-01
   0.360           0.9000000E-01
   0.380           0.3210000E+00
   0.400           0.8800000E-01
   0.420           0.9400000E-01
   0.440           0.5150000E+00
   0.460           0.1310000E+00
   0.480           0.1050000E+00
   0.500           0.3180000E+00
   0.520           0.1180000E+00
   0.540           0.1550000E+00
   0.560           0.8000000E+00
   0.580           0.1420000E+00
   0.600           0.1250000E+00
   0.620           0.6140000E+00
   0.640           0.2020000E+00
   0.660           0.1570000E+00
   0.680           0.7860000E+00
   0.700           0.2260000E+00
   0.720           0.2000000E+00
   0.740           0.9080000E+00
   0.760           0.2200000E+00
   0.780           0.2120000E+00
   0.800           0.1274000E+01
   0.820           0.3740000E+00
   0.840           0.3840000E+00
   0.860           0.1824000E+01
   0.880           0.4520000E+00
   0.900           0.4840000E+00
   0.920           0.2082000E+01
   0.940           0.2950000E+00
   0.960           0.5630000E+00
   0.980           0.2319000E+01
   1.000           0.1090000E+01
   1.020           0.1069000E+01
   1.040           0.2652000E+01
   1.060           0.3360000E+00
   1.080           0.7430000E+00
   1.100           0.2963000E+01
   1.120           0.2697000E+01
   1.140           0.1250000E+01
   1.160           0.3680000E+00
   1.180          -0.1027000E+01
   1.200          -0.1776000E+01
   1.220          -0.2063000E+01
   1.240          -0.2239000E+01
   1.260          -0.3677000E+01
   1.280          -0.3847000E+01
   1.300          -0.1409000E+01
   1.320          -0.2414000E+01
   1.340          -0.3683000E+01
   1.360          -0.2822000E+01
   1.380          -0.1670000E+01
   1.400          -0.3446000E+01
   1.420          -0.4768000E+01
   1.440          -0.2283000E+01
   1.460           0.1340000E+01
   1.480           0.3110000E+01
   1.500           0.3929000E+01
   1.520           0.5643000E+01
   1.540           0.4434000E+01
   1.560           0.2322000E+01
   1.580           0.6097000E+01
   1.600           0.1992000E+01
   1.620           0.5450000E+00
   1.640           0.3647000E+01
   1.660           0.6730000E+01
   1.680           0.2613000E+01
   1.700           0.1766000E+01
   1.720           0.1090000E+00
   1.740          -0.9690000E+00
   1.760          -0.3348000E+01
   1.780          -0.4708000E+01
   1.800          -0.3494000E+01
   1.820          -0.4841000E+01
   1.840          -0.6761000E+01
   1.860          -0.4393000E+01
   1.880          -0.6467000E+01
   1.900          -0.8662000E+01
   1.920          -0.3973000E+01
   1.940           0.1713000E+01
   1.960          -0.9900000E-01
   1.980           0.7510000E+00
   2.000           0.5478000E+01
   2.020           0.6796000E+01
   2.040           0.4159000E+01
   2.060           0.4337000E+01
   2.080           0.5020000E+01
   2.100           0.4420000E+01
   2.120           0.1271000E+01
   2.140           0.2311000E+01
   2.160          -0.2056000E+01
   2.180           0.1763000E+01
   2.200           0.8461000E+01
   2.220           0.3820000E+01
   2.240          -0.5033000E+01
   2.260          -0.8359000E+01
   2.280          -0.7114000E+01
   2.300          -0.9348000E+01
   2.320          -0.1285000E+02
   2.340          -0.1323200E+02
   2.360          -0.1063700E+02
   2.380          -0.1200000E-01
   2.400           0.8933000E+01
   2.420           0.1055100E+02
   2.440           0.1114000E+02
   2.460           0.4468000E+01
   2.480          -0.1171000E+01
   2.500          -0.6851000E+01
   2.520          -0.5481000E+01
   2.540           0.6289000E+01
   2.560           0.1328100E+02
   2.580           0.9712000E+01
   2.600           0.1318800E+02
   2.620           0.1352900E+02
   2.640           0.1001300E+02
   2.660           0.9027000E+01
   2.680           0.1195800E+02
   2.700           0.7399000E+01
   2.720           0.7513000E+01
   2.740           0.6387000E+01
   2.760           0.4017000E+01
   2.780          -0.1934000E+01
   2.800          -0.3853000E+01
   2.820          -0.7494000E+01
   2.840          -0.5157000E+01
   2.860          -0.1576000E+01
   2.880          -0.6092000E+01
   2.900          -0.1288000E+02
   2.920          -0.7816000E+01
   2.940           0.4007000E+01
   2.960           0.1226800E+02
   2.980           0.9942000E+01
   3.000           0.1059000E+02
   3.020           0.1655900E+02
   3.040           0.1193500E+02
   3.060           0.2146000E+01
   3.080          -0.5907000E+01
   3.100          -0.1093600E+02
   3.120          -0.7322000E+01
   3.140          -0.8020000E+01
   3.160          -0.1428800E+02
   3.180          -0.1721600E+02
   3.200          -0.6997000E+01
   3.220           0.7284000E+01
   3.240           0.9723000E+01
   3.260           0.1584200E+02
   3.280           0.2636200E+02
   3.300           0.2532600E+02
   3.320           0.4355000E+01
   3.340          -0.9389000E+01
   3.360          -0.1006900E+02
   3.380          -0.1677200E+02
   3.400          -0.2404200E+02
   3.420          -0.2103400E+02
   3.440          -0.1654800E+02
   3.460          -0.2530000E+01
   3.480           0.3261000E+01
   3.500          -0.7050000E+01
   3.520          -0.1167500E+02
   3.540          -0.3027000E+01
   3.560           0.1816000E+01
   3.580           0.2212000E+01
   3.600           0.5897000E+01
   3.620           0.1316200E+02
   3.640           0.1224700E+02
   3.660          -0.1085000E+01
   3.680          -0.9472000E+01
   3.700          -0.5151000E+01
   3.720          -0.1017000E+02
   3.740          -0.1694000E+02
   3.760          -0.6678000E+01
   3.780           0.6670000E+00
   3.800          -0.3105000E+01
   3.820          -0.1309000E+01
   3.840           0.6929000E+01
   3.860           0.1589400E+02
   3.880           0.1961500E+02
   3.900           0.1656400E+02
   3.920           0.1299300E+02
   3.940           0.9367000E+01
   3.960           0.1046600E+02
   3.980           0.6418000E+01
   4.000          -0.2659000E+01
   4.020          -0.4819000E+01
   4.040           0.1295000E+01
   4.060          -0.5431000E+01
   4.080          -0.3009000E+01
   4.100           0.1358000E+02
   4.120           0.2299700E+02
   4.140           0.2152300E+02
   4.160           0.1254700E+02
   4.180          -0.4315000E+01
   4.200          -0.1377000E+02
   4.220          -0.1656100E+02
   4.240          -0.2213700E+02
   4.260          -0.2023800E+02
   4.280          -0.3435000E+01
   4.300           0.1182600E+02
   4.320           0.2184800E+02
   4.340           0.1801100E+02
   4.360           0.2849700E+02
   4.380           0.4709100E+02
   4.400           0.4399300E+02
   4.420           0.2098500E+02
   4.440           0.7902000E+01
   4.460          -0.1099700E+02
   4.480          -0.2756700E+02
   4.500          -0.2507800E+02
   4.520          -0.2692500E+02
   4.540          -0.1943000E+02
   4.560           0.5528000E+01
   4.580           0.1373600E+02
   4.600           0.2556000E+01
   4.620          -0.1561000E+01
   4.640           0.1616000E+01
   4.660           0.5588000E+01
   4.680           0.1415400E+02
   4.700           0.2236300E+02
   4.720          -0.6780000E+00
   4.740          -0.2886800E+02
   4.760          -0.4019000E+02
   4.780          -0.2799800E+02
   4.800          -0.2433900E+02
   4.820          -0.2952700E+02
   4.840          -0.1906400E+02
   4.860           0.1314000E+01
   4.880           0.5958000E+01
   4.900           0.3723000E+01
   4.920           0.4515000E+01
   4.940          -0.5910000E+00
   4.960          -0.8147000E+01
   4.980          -0.1121900E+02
   5.000          -0.8727000E+01
   5.020           0.8710000E+01
   5.040           0.1791300E+02
   5.060           0.1555600E+02
   5.080           0.2697000E+01
   5.100           0.1243000E+01
   5.120           0.5040000E+00
   5.140          -0.2582300E+02
   5.160          -0.4582200E+02
   5.180          -0.3262200E+02
   5.200          -0.1501900E+02
   5.220           0.9211000E+01
   5.240           0.4395900E+02
   5.260           0.6798400E+02
   5.280           0.6143500E+02
   5.300           0.5250000E+02
   5.320           0.6394100E+02
   5.340           0.2692200E+02
   5.360          -0.1252500E+02
   5.380          -0.2913000E+02
   5.400          -0.1852600E+02
   5.420          -0.1120800E+02
   5.440          -0.1785600E+02
   5.460          -0.2738800E+02
   5.480          -0.9512000E+01
   5.500           0.1053000E+01
   5.520          -0.3962000E+01
   5.540          -0.1426700E+02
   5.560          -0.2581600E+02
   5.580          -0.1031600E+02
   5.600           0.1687600E+02
   5.620           0.1620700E+02
   5.640           0.7359000E+01
   5.660           0.4630000E+00
   5.680           0.4836000E+01
   5.700           0.1671400E+02
   5.720           0.4072600E+02
   5.740           0.4490700E+02
   5.760           0.4339600E+02
   5.780           0.5637800E+02
   5.800           0.5171600E+02
   5.820           0.5789000E+01
   5.840          -0.4374900E+02
   5.860          -0.6665700E+02
   5.880          -0.6542600E+02
   5.900          -0.6967600E+02
   5.920          -0.5229500E+02
   5.940          -0.1488100E+02
   5.960           0.2045600E+02
   5.980           0.4303000E+02
   6.000           0.3323000E+02
   6.020           0.1901000E+01
   6.040          -0.1277300E+02
   6.060          -0.1363400E+02
   6.080          -0.2329400E+02
   6.100          -0.1654100E+02
   6.120           0.1312300E+02
   6.140           0.3766100E+02
   6.160           0.2233800E+02
   6.180          -0.4640000E+00
   6.200          -0.1226000E+01
   6.220           0.1154000E+01
   6.240          -0.2038300E+02
   6.260          -0.4054900E+02
   6.280          -0.4484700E+02
   6.300          -0.5278000E+02
   6.320          -0.5222500E+02
   6.340          -0.1712500E+02
   6.360          -0.2294900E+02
   6.380          -0.4193700E+02
   6.400          -0.2789900E+02
   6.420          -0.6045000E+01
   6.440          -0.2583000E+01
   6.460           0.7399000E+01
   6.480          -0.9665000E+01
   6.500          -0.8640000E+01
   6.520           0.3332000E+02
   6.540           0.6458500E+02
   6.560           0.5667900E+02
   6.580           0.4313500E+02
   6.600           0.2705700E+02
   6.620           0.6531000E+01
   6.640          -0.2947900E+02
   6.660          -0.4765000E+02
   6.680          -0.5121000E+02
   6.700          -0.4788000E+02
   6.720          -0.6310600E+02
   6.740          -0.6631600E+02
   6.760          -0.6609600E+02
   6.780          -0.6958500E+02
   6.800          -0.1755800E+02
   6.820           0.5719700E+02
   6.840           0.9217400E+02
   6.860           0.9637400E+02
   6.880           0.7035600E+02
   6.900           0.3945900E+02
   6.920           0.1521100E+02
   6.940          -0.3875000E+01
   6.960          -0.1860100E+02
   6.980          -0.3749900E+02
   7.000          -0.4988600E+02
   7.020          -0.3879800E+02
   7.040          -0.2177900E+02
   7.060          -0.3304000E+01
   7.080           0.2269100E+02
   7.100           0.1256900E+02
   7.120           0.7490000E+01
   7.140           0.1325200E+02
   7.160          -0.3053000E+01
   7.180          -0.4547200E+02
   7.200          -0.4163000E+02
   7.220          -0.2032300E+02
   7.240          -0.1968000E+02
   7.260          -0.2561500E+02
   7.280          -0.3007000E+01
   7.300          -0.4212000E+01
   7.320          -0.2428600E+02
   7.340          -0.1909500E+02
   7.360           0.3723900E+02
   7.380           0.7347400E+02
   7.400           0.6948700E+02
   7.420           0.6146000E+02
   7.440           0.4925300E+02
   7.460           0.1632300E+02
   7.480          -0.8265000E+01
   7.500          -0.4503900E+02
   7.520          -0.6096200E+02
   7.540          -0.3614900E+02
   7.560          -0.6940000E+01
   7.580          -0.2973000E+02
   7.600          -0.2732000E+02
   7.620           0.5294000E+01
   7.640           0.3466600E+02
   7.660           0.3213700E+02
   7.680           0.2219600E+02
   7.700          -0.1603300E+02
   7.720          -0.6722300E+02
   7.740          -0.7469300E+02
   7.760          -0.4020900E+02
   7.780          -0.9323000E+01
   7.800           0.5813000E+01
   7.820           0.1281500E+02
   7.840           0.9539000E+01
   7.860           0.6690000E+01
   7.880           0.1450000E+02
   7.900           0.4896000E+02
   7.920           0.6326500E+02
   7.940           0.5673700E+02
   7.960           0.5604800E+02
   7.980           0.2297700E+02
   8.000          -0.5834300E+02
   8.020          -0.1080470E+03
   8.040          -0.1012510E+03
   8.060          -0.6235000E+02
   8.080          -0.1063500E+02
   8.100           0.8070000E+01
   8.120          -0.2354000E+02
   8.140          -0.3740400E+02
   8.160          -0.3316900E+02
   8.180          -0.4463400E+02
   8.200          -0.5950400E+02
   8.220          -0.3189000E+02
   8.240           0.2218000E+02
   8.260           0.7230100E+02
   8.280           0.7719900E+02
   8.300           0.6013500E+02
   8.320           0.3835500E+02
   8.340           0.2558800E+02
   8.360          -0.9713000E+01
   8.380          -0.6705500E+02
   8.400          -0.9991800E+02
   8.420          -0.7538100E+02
   8.440          -0.4344500E+02
   8.460          -0.2487000E+02
   8.480          -0.5608000E+01
   8.500           0.1732500E+02
   8.520           0.2765900E+02
   8.540           0.1692800E+02
   8.560           0.2468800E+02
   8.580           0.6401900E+02
   8.600           0.8264600E+02
   8.620           0.6199700E+02
   8.640           0.3233900E+02
   8.660          -0.4031000E+01
   8.680          -0.3510600E+02
   8.700          -0.4290700E+02
   8.720          -0.5816000E+02
   8.740          -0.7169800E+02
   8.760          -0.4321800E+02
   8.780          -0.1613200E+02
   8.800           0.2281000E+01
   8.820           0.2479800E+02
   8.840           0.1598100E+02
   8.860          -0.2329700E+02
   8.880          -0.4179200E+02
   8.900          -0.4192600E+02
   8.920          -0.1603800E+02
   8.940          -0.8743000E+01
   8.960           0.1032000E+02
   8.980           0.9138200E+02
   9.000           0.1259850E+03
   9.020           0.7575400E+02
   9.040           0.4163500E+02
   9.060           0.3464800E+02
   9.080           0.2224600E+02
   9.100          -0.1285000E+01
   9.120          -0.1379000E+02
   9.140          -0.3441000E+02
   9.160          -0.4601000E+02
   9.180          -0.1293400E+02
   9.200           0.7551000E+01
   9.220          -0.1103900E+02
   9.240          -0.2561200E+02
   9.260          -0.2772200E+02
   9.280          -0.3583000E+02
   9.300          -0.3231000E+02
   9.320          -0.3552000E+01
   9.340           0.1889200E+02
   9.360           0.4284100E+02
   9.380           0.7578100E+02
   9.400           0.6703900E+02
   9.420           0.2086700E+02
   9.440           0.2294000E+01
   9.460           0.9621000E+01
   9.480          -0.5347000E+01
   9.500          -0.7924000E+01
   9.520           0.1213800E+02
   9.540           0.5801600E+02
   9.560           0.6980000E+02
   9.580           0.2909900E+02
   9.600          -0.2187200E+02
   9.620          -0.5017900E+02
   9.640          -0.4429100E+02
   9.660          -0.6675000E+01
   9.680           0.1603600E+02
   9.700           0.4721400E+02
   9.720           0.7478700E+02
   9.740           0.6243900E+02
   9.760           0.2073400E+02
   9.780           0.2669000E+01
   9.800          -0.7555000E+01
   9.820          -0.1656200E+02
   9.840           0.1165500E+02
   9.860           0.3295700E+02
   9.880           0.1562000E+01
   9.900          -0.8795000E+01
   9.920           0.1563100E+02
   9.940           0.1523700E+02
   9.960           0.8849000E+01
   9.980           0.2278300E+02
  10.000           0.3511900E+02
  10.020           0.2928500E+02
  10.040           0.4655000E+01
  10.060          -0.4470000E+01
  10.080           0.1266700E+02
  10.100           0.4457600E+02
  10.120           0.6365900E+02
  10.140           0.4575300E+02
  10.160           0.7288000E+01
  10.180          -0.2735600E+02
  10.200          -0.3070000E+02
  10.220          -0.1216700E+02
  10.240           0.1789300E+02
  10.260           0.2314600E+02
  10.280           0.5376000E+01
  10.300          -0.2802800E+02
  10.320          -0.3179900E+02
  10.340          -0.3613800E+02
  10.360          -0.3876500E+02
  10.380          -0.1650100E+02
  10.400           0.1607200E+02
  10.420           0.9035000E+01
  10.440          -0.3067900E+02
  10.460          -0.4291700E+02
  10.480          -0.1015000E+02
  10.500           0.8725000E+01
  10.520           0.1482900E+02
  10.540           0.1348000E+01
  10.560          -0.1340300E+02
  10.580          -0.1372500E+02
  10.600           0.5807000E+01
  10.620           0.3661700E+02
  10.640           0.6672400E+02
  10.660           0.8505600E+02
  10.680           0.8878900E+02
  10.700           0.5430400E+02
  10.720           0.5158000E+01
  10.740          -0.2107500E+02
  10.760          -0.8822000E+01
  10.780          -0.1782500E+02
  10.800          -0.4310800E+02
  10.820          -0.3694000E+02
  10.840          -0.1645600E+02
  10.860          -0.1492200E+02
  10.880          -0.4230100E+02
  10.900          -0.7856900E+02
  10.920          -0.1024450E+03
  10.940          -0.4731600E+02
  10.960           0.4494300E+02
  10.980           0.1019870E+03
  11.000           0.1336810E+03
  11.020           0.1380790E+03
  11.040           0.9699200E+02
  11.060           0.3752000E+02
  11.080           0.3709000E+01
  11.100           0.6217000E+01
  11.120           0.7660000E+00
  11.140          -0.9107000E+01
  11.160          -0.3334500E+02
  11.180          -0.2899700E+02
  11.200          -0.2685500E+02
  11.220          -0.8730000E+01
  11.240           0.3342400E+02
  11.260           0.5155100E+02
  11.280           0.4443500E+02
  11.300           0.3578500E+02
  11.320           0.1655900E+02
  11.340           0.2059800E+02
  11.360           0.7957000E+01
  11.380          -0.3092000E+02
  11.400          -0.3052000E+02
  11.420          -0.1016700E+02
  11.440          -0.3242700E+02
  11.460          -0.4966700E+02
  11.480          -0.4053600E+02
  11.500          -0.2698700E+02
  11.520           0.4071000E+01
  11.540           0.5711900E+02
  11.560           0.8120700E+02
  11.580           0.6980700E+02
  11.600           0.4258700E+02
  11.620           0.1861300E+02
  11.640           0.1182000E+02
  11.660           0.2725600E+02
  11.680           0.4451000E+02
  11.700           0.4409700E+02
  11.720           0.3269800E+02
  11.740           0.3815800E+02
  11.760           0.4343600E+02
  11.780          -0.1011400E+02
  11.800          -0.7092400E+02
  11.820          -0.9847400E+02
  11.840          -0.1010990E+03
  11.860          -0.6929500E+02
  11.880          -0.1980100E+02
  11.900           0.1673300E+02
  11.920           0.2466500E+02
  11.940          -0.1452500E+02
  11.960          -0.2077200E+02
  11.980           0.8100000E-01
  12.000           0.1051200E+02
  12.020           0.2438100E+02
  12.040           0.2010400E+02
  12.060          -0.2133700E+02
  12.080          -0.2507300E+02
  12.100          -0.2292300E+02
  12.120          -0.2878900E+02
  12.140          -0.9824000E+01
  12.160           0.2885000E+01
  12.180          -0.1368900E+02
  12.200          -0.2101300E+02
  12.220          -0.2087700E+02
  12.240           0.1699000E+01
  12.260           0.4339900E+02
  12.280           0.3514000E+02
  12.300          -0.6739000E+01
  12.320          -0.3110000E+02
  12.340          -0.8201900E+02
  12.360          -0.1165390E+03
  12.380          -0.6305500E+02
  12.400           0.1323300E+02
  12.420           0.4720900E+02
  12.440           0.5467400E+02
  12.460           0.3595500E+02
  12.480           0.1604800E+02
  12.500           0.1110200E+02
  12.520           0.1200500E+02
  12.540           0.2899300E+02
  12.560           0.3091100E+02
  12.580           0.9267000E+01
  12.600          -0.3455900E+02
  12.620          -0.8744200E+02
  12.640          -0.9614500E+02
  12.660          -0.3322900E+02
  12.680           0.1316600E+02
  12.700           0.3419200E+02
  12.720           0.5806500E+02
  12.740           0.6122400E+02
  12.760           0.3785000E+02
  12.780           0.5176000E+01
  12.800          -0.5327500E+02
  12.820          -0.9353400E+02
  12.840          -0.1034060E+03
  12.860          -0.8073300E+02
  12.880          -0.4549400E+02
  12.900          -0.3548700E+02
  12.920          -0.2338600E+02
  12.940           0.7282000E+01
  12.960           0.1167000E+02
  12.980           0.3127500E+02
  13.000           0.6357200E+02
  13.020           0.5856100E+02
  13.040           0.2999300E+02
  13.060          -0.9820000E+00
  13.080          -0.4277700E+02
  13.100          -0.5406200E+02
  13.120          -0.4490600E+02
  13.140          -0.3143000E+02
  13.160           0.2138200E+02
  13.180           0.7465600E+02
  13.200           0.6025900E+02
  13.220           0.2574100E+02
  13.240           0.1887200E+02
  13.260           0.1564900E+02
  13.280           0.3152300E+02
  13.300           0.6492000E+02
  13.320           0.9857200E+02
  13.340           0.8928600E+02
  13.360           0.2951800E+02
  13.380          -0.2090100E+02
  13.400          -0.1602300E+02
  13.420           0.6371000E+01
  13.440           0.2626700E+02
  13.460           0.1569300E+02
  13.480          -0.3416600E+02
  13.500          -0.5643800E+02
  13.520          -0.2870000E+02
  13.540          -0.2901700E+02
  13.560          -0.3489400E+02
  13.580          -0.3207800E+02
  13.600          -0.2938600E+02
  13.620          -0.4501300E+02
  13.640          -0.6203700E+02
  13.660          -0.4939000E+02
  13.680          -0.1648800E+02
  13.700           0.9585000E+01
  13.720           0.2831300E+02
  13.740           0.1005200E+02
  13.760          -0.3022200E+02
  13.780          -0.2299300E+02
  13.800           0.5086200E+02
  13.820           0.8873600E+02
  13.840           0.7319700E+02
  13.860           0.5253100E+02
  13.880           0.5237700E+02
  13.900           0.3835900E+02
  13.920           0.2743000E+01
  13.940           0.8355000E+01
  13.960           0.5188500E+02
  13.980           0.6862600E+02
  14.000           0.3434600E+02
  14.020          -0.4132000E+01
  14.040          -0.2146300E+02
  14.060          -0.1439000E+02
  14.080           0.5100000E-01
  14.100          -0.3733000E+01
  14.120          -0.2936900E+02
  14.140          -0.3401100E+02
  14.160          -0.3031600E+02
  14.180          -0.4778100E+02
  14.200          -0.4820600E+02
  14.220          -0.3758900E+02
  14.240          -0.5514700E+02
  14.260          -0.6559200E+02
  14.280          -0.2364700E+02
  14.300           0.5404300E+02
  14.320           0.9667600E+02
  14.340           0.1065230E+03
  14.360           0.5921600E+02
  14.380          -0.1218400E+02
  14.400          -0.7124200E+02
  14.420          -0.6760400E+02
  14.440          -0.2536500E+02
  14.460          -0.1127000E+02
  14.480          -0.2208400E+02
  14.500          -0.4362000E+01
  14.520           0.2623900E+02
  14.540           0.4140200E+02
  14.560           0.4248800E+02
  14.580           0.2949100E+02
  14.600          -0.4805000E+01
  14.620          -0.4194700E+02
  14.640          -0.8345400E+02
  14.660          -0.9195100E+02
  14.680          -0.3878400E+02
  14.700           0.2532100E+02
  14.720           0.6633300E+02
  14.740           0.9275400E+02
  14.760           0.8066100E+02
  14.780           0.3924700E+02
  14.800           0.2290000E+02
  14.820           0.4207700E+02
  14.840           0.5764100E+02
  14.860           0.5201300E+02
  14.880           0.4549600E+02
  14.900           0.2410300E+02
  14.920          -0.2783200E+02
  14.940          -0.5439400E+02
  14.960          -0.3656200E+02
  14.980          -0.3192900E+02
  15.000          -0.2561000E+01
  15.020           0.2274300E+02
  15.040          -0.1346900E+02
  15.060          -0.3073800E+02
  15.080          -0.1213300E+02
  15.100          -0.4210800E+02
  15.120          -0.8120800E+02
  15.140          -0.7224200E+02
  15.160          -0.3567700E+02
  15.180           0.4300000E-01
  15.200           0.5786300E+02
  15.220           0.7829400E+02
  15.240           0.6759500E+02
  15.260           0.1894200E+02
  15.280          -0.3537800E+02
  15.300          -0.4843700E+02
  15.320          -0.6817000E+02
  15.340          -0.6846500E+02
  15.360          -0.6242100E+02
  15.380          -0.9758100E+02
  15.400          -0.1177520E+03
  15.420          -0.6280600E+02
  15.440          -0.4977000E+01
  15.460          -0.2327000E+01
  15.480           0.2199000E+01
  15.500          -0.9900000E+00
  15.520          -0.2347600E+02
  15.540          -0.5995600E+02
  15.560          -0.7209800E+02
  15.580          -0.4285300E+02
  15.600          -0.1593700E+02
  15.620          -0.5675000E+01
  15.640          -0.7830000E+01
  15.660          -0.1451600E+02
  15.680          -0.3409800E+02
  15.700          -0.2395800E+02
  15.720           0.1868600E+02
  15.740           0.6939500E+02
  15.760           0.7323500E+02
  15.780           0.3140800E+02
  15.800          -0.1784800E+02
  15.820          -0.3220800E+02
  15.840          -0.4367400E+02
  15.860          -0.2570400E+02
  15.880           0.5927000E+01
  15.900           0.2290100E+02
  15.920           0.6505600E+02
  15.940           0.6301600E+02
  15.960           0.1531000E+02
  15.980           0.4988700E+02
  16.000           0.1064180E+03
  16.020           0.8854800E+02
  16.040           0.4166700E+02
  16.060           0.9844000E+01
  16.080          -0.2843400E+02
  16.100          -0.4624100E+02
  16.120          -0.4310500E+02
  16.140          -0.2281900E+02
  16.160           0.1936000E+01
  16.180           0.5084000E+01
  16.200          -0.1655800E+02
  16.220          -0.4361000E+02
  16.240          -0.7277900E+02
  16.260          -0.7211200E+02
  16.280          -0.2076300E+02
  16.300           0.2294800E+02
  16.320           0.4725400E+02
  16.340           0.4814600E+02
  16.360           0.2320000E+02
  16.380          -0.1216700E+02
  16.400          -0.3115900E+02
  16.420          -0.4779600E+02
  16.440          -0.4365400E+02
  16.460          -0.2959700E+02
  16.480          -0.2068600E+02
  16.500          -0.1293100E+02
  16.520          -0.1201500E+02
  16.540          -0.1667600E+02
  16.560           0.3044100E+02
  16.580           0.7599600E+02
  16.600           0.7342600E+02
  16.620           0.3852600E+02
  16.640           0.4639400E+02
  16.660           0.5745500E+02
  16.680          -0.6460000E+00
  16.700          -0.8748300E+02
  16.720          -0.9144100E+02
  16.740          -0.7096400E+02
  16.760          -0.7900800E+02
  16.780          -0.7222900E+02
  16.800          -0.6024700E+02
  16.820          -0.5136200E+02
  16.840           0.9857000E+01
  16.860           0.4140900E+02
  16.880           0.2643000E+02
  16.900           0.4303900E+02
  16.920           0.5389800E+02
  16.940          -0.1923300E+02
  16.960          -0.8034900E+02
  16.980          -0.5070400E+02
  17.000           0.1990600E+02
  17.020           0.5288300E+02
  17.040           0.4967800E+02
  17.060           0.4969100E+02
  17.080           0.3870500E+02
  17.100          -0.6069000E+01
  17.120          -0.2327600E+02
  17.140           0.2270300E+02
  17.160           0.5954800E+02
  17.180           0.6787000E+02
  17.200           0.4730600E+02
  17.220           0.4566000E+01
  17.240          -0.3983400E+02
  17.260          -0.5249800E+02
  17.280          -0.6077100E+02
  17.300          -0.4221000E+02
  17.320          -0.1315000E+01
  17.340           0.9955000E+01
  17.360          -0.3470000E+00
  17.380           0.1197300E+02
  17.400           0.3606400E+02
  17.420           0.4320500E+02
  17.440           0.1539600E+02
  17.460           0.1818000E+01
  17.480           0.5010000E+00
  17.500           0.1602000E+02
  17.520           0.4294000E+01
  17.540          -0.1050000E+02
  17.560          -0.1277000E+01
  17.580           0.1566000E+02
  17.600          -0.9049000E+01
  17.620          -0.8706000E+01
  17.640           0.2337200E+02
  17.660           0.3337000E+01
  17.680          -0.3959200E+02
  17.700          -0.3194800E+02
  17.720          -0.2999000E+02
  17.740          -0.4188900E+02
  17.760          -0.2969700E+02
  17.780          -0.1840000E+01
  17.800           0.2472400E+02
  17.820           0.5403400E+02
  17.840           0.4327900E+02
  17.860           0.2372300E+02
  17.880           0.4091200E+02
  17.900           0.4351700E+02
  17.920           0.6506000E+01
  17.940          -0.1971800E+02
  17.960          -0.2894400E+02
  17.980          -0.2027700E+02
  18.000          -0.3267000E+01
  18.020          -0.1155400E+02
  18.040           0.5761000E+01
  18.060           0.5082800E+02
  18.080           0.6335500E+02
  18.100           0.3817200E+02
  18.120           0.2620300E+02
  18.140           0.1022400E+02
  18.160          -0.4297000E+01
  18.180          -0.1845700E+02
  18.200          -0.4248300E+02
  18.220          -0.5561800E+02
  18.240          -0.3746000E+02
  18.260          -0.2282500E+02
  18.280           0.2348000E+01
  18.300           0.2682300E+02
  18.320           0.3550000E+02
  18.340           0.2891500E+02
  18.360           0.1953200E+02
  18.380          -0.2017100E+02
  18.400          -0.3736600E+02
  18.420          -0.3020200E+02
  18.440          -0.4074200E+02
  18.460          -0.5543500E+02
  18.480          -0.1180100E+02
  18.500           0.3426900E+02
  18.520           0.1818600E+02
  18.540           0.1704000E+01
  18.560          -0.5089000E+01
  18.580          -0.5640000E+02
  18.600          -0.7736800E+02
  18.620          -0.3579800E+02
  18.640          -0.1994000E+01
  18.660           0.4184000E+01
  18.680           0.2650000E+02
  18.700           0.2811600E+02
  18.720           0.2450300E+02
  18.740           0.4723700E+02
  18.760           0.6497800E+02
  18.780           0.6069500E+02
  18.800           0.2886700E+02
  18.820          -0.2756000E+01
  18.840          -0.2376200E+02
  18.860          -0.4439400E+02
  18.880          -0.5849500E+02
  18.900          -0.4244300E+02
  18.920          -0.2947500E+02
  18.940          -0.3889900E+02
  18.960          -0.4077800E+02
  18.980          -0.1737600E+02
  19.000           0.7893000E+01
  19.020           0.3899400E+02
  19.040           0.4860200E+02
  19.060           0.2696000E+02
  19.080          -0.1856200E+02
  19.100          -0.5672500E+02
  19.120          -0.7547600E+02
  19.140          -0.5614300E+02
  19.160          -0.1600500E+02
  19.180           0.1861600E+02
  19.200           0.4511100E+02
  19.220           0.7724200E+02
  19.240           0.7968000E+02
  19.260           0.6499000E+02
  19.280           0.5484700E+02
  19.300           0.4161800E+02
  19.320           0.2946200E+02
  19.340           0.4262900E+02
  19.360           0.2999500E+02
  19.380          -0.4820000E+00
  19.400          -0.7250000E+00
  19.420          -0.1531800E+02
  19.440          -0.7273900E+02
  19.460          -0.1001450E+03
  19.480          -0.8071000E+02
  19.500          -0.5572100E+02
  19.520          -0.4081700E+02
  19.540          -0.2447200E+02
  19.560          -0.3335000E+01
  19.580           0.1985300E+02
  19.600           0.2366400E+02
  19.620           0.9873000E+01
  19.640           0.4497000E+01
  19.660           0.1241900E+02
  19.680           0.1461900E+02
  19.700          -0.9777000E+01
  19.720          -0.2472800E+02
  19.740          -0.2358100E+02
  19.760          -0.1341500E+02
  19.780          -0.1394400E+02
  19.800          -0.2414900E+02
  19.820          -0.2207900E+02
  19.840           0.2489000E+01
  19.860           0.1236200E+02
  19.880           0.8836000E+01
  19.900           0.1709700E+02
  19.920           0.2786300E+02
  19.940           0.1840800E+02
  19.960           0.1154000E+02
  19.980          -0.3312000E+01
  20.000          -0.1856500E+02
  20.020          -0.1893900E+02
  20.040          -0.1563000E+01
  20.060           0.2988600E+02
  20.080           0.5548900E+02
  20.100           0.5241500E+02
  20.120           0.5243100E+02
  20.140           0.4643900E+02
  20.160           0.3113800E+02
  20.180           0.3181000E+02
  20.200           0.3452700E+02
  20.220           0.1545300E+02
  20.240           0.2074900E+02
  20.260           0.3522000E+02
  20.280           0.8215000E+01
  20.300          -0.1538400E+02
  20.320          -0.2773000E+01
  20.340           0.3751000E+01
  20.360          -0.5737000E+01
  20.380          -0.4155000E+01
  20.400          -0.7480000E+00
  20.420          -0.5125000E+01
  20.440          -0.9400000E+01
  20.460          -0.7297000E+01
  20.480          -0.1311800E+02
  20.500          -0.1322700E+02
  20.520           0.3084000E+01
  20.540           0.7607000E+01
  20.560          -0.9270000E+00
  20.580          -0.1201000E+01
  20.600          -0.5244000E+01
  20.620          -0.1128300E+02
  20.640          -0.1249200E+02
  20.660          -0.8000000E+00
  20.680          -0.4494000E+01
  20.700          -0.6751000E+01
  20.720          -0.1858600E+02
  20.740          -0.2941900E+02
  20.760          -0.3612300E+02
  20.780          -0.4010600E+02
  20.800          -0.2590500E+02
  20.820           0.2621000E+01
  20.840           0.2080900E+02
  20.860           0.7982000E+01
  20.880          -0.1534600E+02
  20.900          -0.1938000E+02
  20.920          -0.2639400E+02
  20.940          -0.4349400E+02
  20.960          -0.4940900E+02
  20.980          -0.2711500E+02
  21.000          -0.2089700E+02
  21.020          -0.2997000E+02
  21.040          -0.2581600E+02
  21.060          -0.5545000E+01
  21.080           0.1502200E+02
  21.100           0.2833300E+02
  21.120           0.2602800E+02
  21.140           0.4830000E+00
  21.160          -0.1528000E+02
  21.180          -0.1215500E+02
  21.200          -0.1633300E+02
  21.220          -0.2538000E+02
  21.240          -0.1735900E+02
  21.260          -0.1845300E+02
  21.280          -0.3337400E+02
  21.300          -0.3631000E+02
  21.320          -0.1964800E+02
  21.340          -0.5624000E+01
  21.360           0.1006400E+02
  21.380           0.1181700E+02
  21.400          -0.4876000E+01
  21.420          -0.2505300E+02
  21.440          -0.3164600E+02
  21.460          -0.1581900E+02
  21.480           0.6948000E+01
  21.500           0.8303000E+01
  21.520           0.6065000E+01
  21.540          -0.1813000E+01
  21.560          -0.2424000E+01
  21.580          -0.3525000E+01
  21.600          -0.1000000E+00
  21.620           0.2673000E+01
  21.640          -0.2210000E+00
  21.660          -0.9787000E+01
  21.680          -0.8382000E+01
  21.700          -0.8100000E-01
  21.720           0.6900000E+01
  21.740           0.2805200E+02
  21.760           0.4216100E+02
  21.780           0.3219600E+02
  21.800           0.3214400E+02
  21.820           0.4084000E+02
  21.840           0.3862100E+02
  21.860           0.1526500E+02
  21.880          -0.1548000E+01
  21.900          -0.1027300E+02
  21.920          -0.1790400E+02
  21.940          -0.1239100E+02
  21.960          -0.6900000E+00
  21.980           0.2041900E+02
  22.000           0.3381400E+02
  22.020           0.3716900E+02
  22.040           0.3430500E+02
  22.060           0.2312300E+02
  22.080           0.1921100E+02
  22.100           0.1424200E+02
  22.120          -0.1817400E+02
  22.140          -0.3892500E+02
  22.160          -0.4174800E+02
  22.180          -0.4361700E+02
  22.200          -0.4768600E+02
  22.220          -0.2967200E+02
  22.240          -0.2054000E+01
  22.260           0.1675400E+02
  22.280           0.1855300E+02
  22.300           0.1350000E+02
  22.320           0.3565000E+01
  22.340          -0.2497000E+01
  22.360          -0.1498400E+02
  22.380          -0.2552200E+02
  22.400          -0.2710700E+02
  22.420          -0.1592600E+02
  22.440          -0.2393700E+02
  22.460          -0.3490100E+02
  22.480          -0.2979600E+02
  22.500          -0.1473800E+02
  22.520           0.2728000E+01
  22.540           0.2052900E+02
  22.560           0.2331100E+02
  22.580           0.1066600E+02
  22.600           0.1713000E+01
  22.620          -0.6855000E+01
  22.640          -0.1955900E+02
  22.660          -0.1391100E+02
  22.680          -0.5903000E+01
  22.700          -0.5162000E+01
  22.720          -0.4410000E+00
  22.740           0.7519000E+01
  22.760           0.5591000E+01
  22.780          -0.1857000E+01
  22.800          -0.7690000E+00
  22.820           0.1475000E+01
  22.840           0.3637000E+01
  22.860           0.5306000E+01
  22.880           0.1964600E+02
  22.900           0.4042200E+02
  22.920           0.4958900E+02
  22.940           0.4024700E+02
  22.960           0.3403100E+02
  22.980           0.1194300E+02
  23.000          -0.3063000E+01
  23.020          -0.4671000E+01
  23.040          -0.1208900E+02
  23.060          -0.2030000E+02
  23.080          -0.1375900E+02
  23.100          -0.1260200E+02
  23.120          -0.1396800E+02
  23.140          -0.1040100E+02
  23.160          -0.5430000E+00
  23.180           0.4849000E+01
  23.200           0.9699000E+01
  23.220           0.7662000E+01
  23.240           0.1191700E+02
  23.260           0.1190000E+02
  23.280           0.1500000E+01
  23.300          -0.1488000E+02
  23.320          -0.1980100E+02
  23.340          -0.2387400E+02
  23.360          -0.2222300E+02
  23.380          -0.1198400E+02
  23.400           0.5990000E+00
  23.420           0.6559000E+01
  23.440           0.1315100E+02
  23.460           0.1731700E+02
  23.480           0.1439000E+02
  23.500           0.8043000E+01
  23.520           0.4006000E+01
  23.540          -0.8492000E+01
  23.560          -0.2441200E+02
  23.580          -0.1930600E+02
  23.600          -0.1803500E+02
  23.620          -0.1974500E+02
  23.640          -0.4471000E+01
  23.660           0.1263100E+02
  23.680           0.1292500E+02
  23.700           0.5825000E+01
  23.720           0.1399000E+01
  23.740           0.3170000E+00
  23.760          -0.8140000E+00
  23.780           0.1993000E+01
  23.800           0.7383000E+01
  23.820           0.2307100E+02
  23.840           0.2282200E+02
  23.860           0.1742900E+02
  23.880           0.5897000E+01
  23.900          -0.1571000E+01
  23.920           0.7238000E+01
  23.940           0.2231400E+02
  23.960           0.2115000E+02
  23.980           0.1599700E+02
  24.000           0.1217700E+02
  24.020           0.8509000E+01
  24.040           0.6167000E+01
  24.060           0.1438200E+02
  24.080           0.1206000E+02
  24.100           0.1367500E+02
  24.120           0.1248500E+02
  24.140           0.8609000E+01
  24.160           0.1310900E+02
  24.180           0.2027600E+02
  24.200           0.1996500E+02
  24.220           0.1183700E+02
  24.240           0.1025000E+01
  24.260          -0.7310000E+01
  24.280          -0.1299900E+02
  24.300          -0.4728000E+01
  24.320          -0.6700000E-01
  24.340          -0.6979000E+01
  24.360          -0.1653400E+02
  24.380          -0.1844000E+02
  24.400          -0.1596500E+02
  24.420          -0.2056500E+02
  24.440          -0.1496200E+02
  24.460          -0.6298000E+01
  24.480          -0.5939000E+01
  24.500          -0.1298300E+02
  24.520          -0.2009800E+02
  24.540          -0.2260900E+02
  24.560          -0.1364500E+02
  24.580          -0.7589000E+01
  24.600          -0.1319600E+02
  24.620          -0.2133300E+02
  24.640          -0.2043600E+02
  24.660          -0.1846700E+02
  24.680          -0.1366700E+02
  24.700          -0.1575800E+02
  24.720          -0.7881000E+01
  24.740          -0.2094000E+01
  24.760          -0.7524000E+01
  24.780          -0.1331100E+02
  24.800          -0.1239200E+02
  24.820          -0.1926800E+02
  24.840          -0.2216900E+02
  24.860          -0.1972200E+02
  24.880          -0.1757600E+02
  24.900          -0.1633100E+02
  24.920          -0.1204300E+02
  24.940          -0.1050300E+02
  24.960          -0.7820000E+01
  24.980          -0.3242000E+01
  25.000           0.4869000E+01
  25.020           0.1219700E+02
  25.040           0.1766500E+02
  25.060           0.1533700E+02
  25.080           0.2314900E+02
  25.100           0.2909900E+02
  25.120           0.2574200E+02
  25.140           0.2651400E+02
  25.160           0.1826400E+02
  25.180           0.3181000E+01
  25.200          -0.8441000E+01
  25.220          -0.1124700E+02
  25.240          -0.6665000E+01
  25.260           0.2491000E+01
  25.280           0.1177100E+02
  25.300           0.1602200E+02
  25.320           0.1195300E+02
  25.340           0.1045400E+02
  25.360           0.1360000E+02
  25.380           0.1486000E+02
  25.400           0.1186500E+02
  25.420           0.1045000E+02
  25.440          -0.5808000E+01
  25.460          -0.1963400E+02
  25.480          -0.1957200E+02
  25.500          -0.1465500E+02
  25.520          -0.1162300E+02
  25.540          -0.7016000E+01
  25.560          -0.4123000E+01
  25.580           0.1645000E+01
  25.600           0.5372000E+01
  25.620           0.7069000E+01
  25.640           0.1440000E+01
  25.660          -0.7068000E+01
  25.680          -0.1951200E+02
  25.700          -0.2474800E+02
  25.720          -0.2531800E+02
  25.740          -0.1784000E+02
  25.760          -0.8231000E+01
  25.780          -0.8090000E+01
  25.800          -0.9026000E+01
  25.820          -0.4952000E+01
  25.840          -0.2269000E+01
  25.860          -0.3341000E+01
  25.880          -0.4208000E+01
  25.900          -0.8740000E+00
  25.920          -0.1543000E+01
  25.940           0.3220000E+00
  25.960           0.2725000E+01
  25.980           0.4970000E+01
  26.000           0.1092700E+02
  26.020           0.1038000E+02
  26.040           0.2260000E+01
  26.060          -0.7273000E+01
  26.080          -0.3102000E+01
  26.100           0.2973000E+01
  26.120           0.6196000E+01
  26.140           0.1124600E+02
  26.160           0.1187100E+02
  26.180           0.5195000E+01
  26.200           0.9220000E+00
  26.220           0.1170000E+00
  26.240           0.5391000E+01
  26.260           0.8023000E+01
  26.280           0.1078100E+02
  26.300           0.4092000E+01
  26.320          -0.6780000E+01
  26.340          -0.1279900E+02
  26.360          -0.1327300E+02
  26.380          -0.1584200E+02
  26.400          -0.1471100E+02
  26.420          -0.2366000E+01
  26.440           0.5210000E+01
  26.460           0.2313000E+01
  26.480           0.4787000E+01
  26.500           0.6547000E+01
  26.520           0.8158000E+01
  26.540          -0.1348000E+01
  26.560          -0.1062400E+02
  26.580          -0.1406800E+02
  26.600          -0.1875100E+02
  26.620          -0.1848300E+02
  26.640          -0.1353500E+02
  26.660          -0.1219700E+02
  26.680          -0.1057000E+02
  26.700          -0.7423000E+01
  26.720          -0.1359100E+02
  26.740          -0.1666200E+02
  26.760          -0.1013500E+02
  26.780          -0.6182000E+01
  26.800          -0.6683000E+01
  26.820          -0.4862000E+01
  26.840          -0.6830000E+01
  26.860          -0.5714000E+01
  26.880          -0.3693000E+01
  26.900          -0.2261000E+01
  26.920           0.3586000E+01
  26.940           0.7325000E+01
  26.960           0.8449000E+01
  26.980           0.1045700E+02
  27.000           0.6093000E+01
  27.020           0.4534000E+01
  27.040           0.1780000E+01
  27.060           0.1530000E+01
  27.080          -0.3934000E+01
  27.100          -0.2749000E+01
  27.120           0.2245000E+01
  27.140           0.6344000E+01
  27.160           0.6914000E+01
  27.180           0.2854000E+01
  27.200           0.2213000E+01
  27.220           0.3027000E+01
  27.240           0.4906000E+01
  27.260           0.1188900E+02
  27.280           0.1235600E+02
  27.300           0.1540500E+02
  27.320           0.1625100E+02
  27.340           0.1565200E+02
  27.360           0.1603000E+02
  27.380           0.1541000E+02
  27.400           0.1168400E+02
  27.420           0.7311000E+01
  27.440           0.9856000E+01
  27.460           0.1342500E+02
  27.480           0.1587400E+02
  27.500           0.1682800E+02
  27.520           0.1336900E+02
  27.540           0.1147700E+02
  27.560           0.7860000E+01
  27.580           0.6168000E+01
  27.600           0.1062000E+02
  27.620           0.8841000E+01
  27.640           0.8087000E+01
  27.660           0.4445000E+01
  27.680           0.3055000E+01
  27.700           0.9690000E+00
  27.720           0.1049000E+01
  27.740           0.2363000E+01
  27.760           0.2710000E+01
  27.780           0.5323000E+01
  27.800           0.4120000E+01
  27.820           0.8990000E+00
  27.840           0.6043000E+01
  27.860           0.6998000E+01
  27.880           0.7335000E+01
  27.900           0.3314000E+01
  27.920           0.6852000E+01
  27.940           0.6322000E+01
  27.960           0.6205000E+01
  27.980           0.7880000E+01
  28.000           0.7772000E+01
  28.020           0.8421000E+01
  28.040           0.5834000E+01
  28.060           0.5252000E+01
  28.080           0.5028000E+01
  28.100           0.4162000E+01
  28.120           0.6916000E+01
  28.140           0.3316000E+01
  28.160           0.2668000E+01
  28.180           0.2320000E+00
  28.200          -0.5100000E+00
  28.220          -0.3607000E+01
  28.240          -0.5420000E+01
  28.260           0.8870000E+00
  28.280           0.1528000E+01
  28.300          -0.3400000E-01
  28.320           0.9260000E+00
  28.340           0.3694000E+01
  28.360           0.4663000E+01
  28.380           0.6782000E+01
  28.400           0.1256900E+02
  28.420           0.1650600E+02
  28.440           0.1561300E+02
  28.460           0.1445200E+02
  28.480           0.4799000E+01
  28.500          -0.5254000E+01
  28.520          -0.1347900E+02
  28.540          -0.1459100E+02
  28.560          -0.1487400E+02
  28.580          -0.1014300E+02
  28.600          -0.2972000E+01
  28.620           0.2785000E+01
  28.640           0.6466000E+01
  28.660           0.9585000E+01
  28.680           0.1082200E+02
  28.700           0.1141100E+02
  28.720           0.7464000E+01
  28.740           0.8416000E+01
  28.760           0.5970000E+01
  28.780           0.4499000E+01
  28.800           0.1622000E+01
  28.820           0.1968000E+01
  28.840           0.1600000E-01
  28.860          -0.2157000E+01
  28.880          -0.1173000E+01
  28.900           0.2030000E+00
  28.920           0.5290000E+00
  28.940           0.1465000E+01
  28.960          -0.2882000E+01
  28.980          -0.5615000E+01
  29.000          -0.6509000E+01
  29.020          -0.1007500E+02
  29.040          -0.1500400E+02
  29.060          -0.1669800E+02
  29.080          -0.1239700E+02
  29.100          -0.5646000E+01
  29.120           0.4680000E+00
  29.140           0.5294000E+01
  29.160           0.6951000E+01
  29.180           0.6971000E+01
  29.200           0.4363000E+01
  29.220           0.1225000E+01
  29.240           0.2470000E+01
  29.260           0.2208000E+01
  29.280           0.3036000E+01
  29.300          -0.4190000E+00
  29.320          -0.2386000E+01
  29.340          -0.1376000E+01
  29.360           0.1619000E+01
  29.380           0.1730000E+01
  29.400          -0.2904000E+01
  29.420          -0.6717000E+01
  29.440          -0.6861000E+01
  29.460          -0.6037000E+01
  29.480          -0.2604000E+01
  29.500          -0.2446000E+01
  29.520          -0.1655000E+01
  29.540          -0.3385000E+01
  29.560          -0.5114000E+01
  29.580          -0.6580000E+01
  29.600          -0.4604000E+01
  29.620          -0.2490000E+01
  29.640          -0.2895000E+01
  29.660          -0.2826000E+01
  29.680          -0.1646000E+01
  29.700          -0.1656000E+01
  29.720          -0.4190000E+00
  29.740           0.4630000E+00
  29.760           0.2008000E+01
  29.780           0.1974000E+01
  29.800           0.2685000E+01
  29.820           0.3303000E+01
  29.840           0.3778000E+01
  29.860           0.3707000E+01
  29.880           0.9630000E+00
  29.900          -0.1340000E+00
  29.920          -0.7540000E+00
  29.940          -0.9860000E+00
  29.960          -0.4520000E+00
  29.980          -0.5570000E+00
  30.000           0.4470000E+00
  30.020           0.1370000E+01
  30.040           0.7290000E+00
  30.060          -0.8460000E+00
  30.080          -0.1544000E+01
  30.100          -0.7180000E+00
  30.120          -0.1737000E+01
  30.140          -0.2029000E+01
  30.160          -0.1592000E+01
  30.180          -0.2800000E+00
  30.200           0.1480000E+00
  30.220           0.7380000E+00
  30.240           0.9060000E+00
  30.260           0.7880000E+00
  30.280           0.6450000E+00
  30.300           0.5700000E+00
  30.320          -0.2400000E-01
  30.340          -0.7440000E+00
  30.360          -0.1346000E+01
  30.380          -0.1523000E+01
  30.400          -0.1929000E+01
  30.420          -0.1741000E+01
  30.440          -0.1490000E+01
  30.460          -0.1126000E+01
  30.480          -0.1296000E+01
  30.500          -0.1389000E+01
  30.520          -0.9810000E+00
  30.540          -0.5400000E+00
  30.560          -0.2730000E+00
  30.580          -0.1380000E+00
  30.600          -0.4720000E+00
  30.620          -0.6290000E+00
  30.640          -0.4470000E+00
  30.660          -0.3220000E+00
  30.680          -0.2310000E+00
  30.700          -0.1430000E+00
  30.720          -0.7300000E-01
  30.740           0.0000000E+00
  30.760           0.0000000E+00
  30.780           0.0000000E+00
  30.800           0.0000000E+00
  30.820           0.0000000E+00
  30.840           0.0000000E+00
  30.860           0.0000000E+00
  30.880           0.0000000E+00
  30.900           0.0000000E+00
  30.920           0.0000000E+00
  30.940           0.0000000E+00
  30.960           0.0000000E+00
  30.980           0.0000000E+00
  31.000           0.0000000E+00
  31.020           0.0000000E+00
  31.040           0.0000000E+00
  31.060           0.0000000E+00
  31.080           0.0000000E+00
  31.100           0.0000000E+00
  31.120           0.0000000E+00
  31.140           0.0000000E+00
  31.160           0.0000000E+00
  31.180           0.0000000E+00
  31.200           0.0000000E+00
  31.220           0.0000000E+00
  31.240           0.0000000E+00
  31.260           0.0000000E+00
  31.280           0.0000000E+00
  31.300           0.0000000E+00
  31.320           0.0000000E+00
  31.340           0.0000000E+00
  31.360           0.0000000E+00
  31.380           0.0000000E+00
  31.400           0.0000000E+00
  31.420           0.0000000E+00
  31.440           0.0000000E+00
  31.460           0.0000000E+00
  31.480           0.0000000E+00
  31.500           0.0000000E+00
  31.520           0.0000000E+00
  31.540           0.0000000E+00
  31.560           0.0000000E+00
  31.580           0.0000000E+00
  31.600           0.0000000E+00
  31.620           0.0000000E+00
  31.640           0.0000000E+00
  31.660           0.0000000E+00
  31.680           0.0000000E+00
  31.700           0.0000000E+00
  31.720           0.0000000E+00
  31.740           0.0000000E+00
  31.760           0.0000000E+00
  31.780           0.0000000E+00
  31.800           0.0000000E+00
  31.820           0.0000000E+00
  31.840           0.0000000E+00
  31.860           0.0000000E+00
  31.880           0.0000000E+00
  31.900           0.0000000E+00
  31.920           0.0000000E+00
  31.940           0.0000000E+00
  31.960           0.0000000E+00
  31.980           0.0000000E+00
  32.000           0.0000000E+00
  32.020           0.0000000E+00
  32.040           0.0000000E+00
  32.060           0.0000000E+00
  32.080           0.0000000E+00
  32.100           0.0000000E+00
  32.120           0.0000000E+00
  32.140           0.0000000E+00
  32.160           0.0000000E+00
  32.180           0.0000000E+00
  32.200           0.0000000E+00
  32.220           0.0000000E+00
  32.240           0.0000000E+00
  32.260           0.0000000E+00
  32.280           0.0000000E+00
  32.300           0.0000000E+00
  32.320           0.0000000E+00
  32.340           0.0000000E+00
  32.360           0.0000000E+00
  32.380           0.0000000E+00
  32.400           0.0000000E+00
  32.420           0.0000000E+00
  32.440           0.0000000E+00
  32.460           0.0000000E+00
  32.480           0.0000000E+00
  32.500           0.0000000E+00
  32.520           0.0000000E+00
  32.540           0.0000000E+00
  32.560           0.0000000E+00
  32.580           0.0000000E+00
  32.600           0.0000000E+00
  32.620           0.0000000E+00
  32.640           0.0000000E+00
  32.660           0.0000000E+00
  32.680           0.0000000E+00
  32.700           0.0000000E+00
  32.720           0.0000000E+00
  32.740           0.0000000E+00
  32.760           0.0000000E+00
  32.780           0.0000000E+00
  32.800           0.0000000E+00
  32.820           0.0000000E+00
  32.840           0.0000000E+00
  32.860           0.0000000E+00
  32.880           0.0000000E+00
  32.900           0.0000000E+00
  32.920           0.0000000E+00
  32.940           0.0000000E+00
  32.960           0.0000000E+00
  32.980           0.0000000E+00
  33.000           0.0000000E+00
  33.020           0.0000000E+00
  33.040           0.0000000E+00
  33.060           0.0000000E+00
  33.080           0.0000000E+00
  33.100           0.0000000E+00
  33.120           0.0000000E+00
  33.140           0.0000000E+00
  33.160           0.0000000E+00
  33.180           0.0000000E+00
  33.200           0.0000000E+00
  33.220           0.0000000E+00
  33.240           0.0000000E+00
  33.260           0.0000000E+00
  33.280           0.0000000E+00
  33.300           0.0000000E+00
  33.320           0.0000000E+00
  33.340           0.0000000E+00
  33.360           0.0000000E+00
  33.380           0.0000000E+00
  33.400           0.0000000E+00
  33.420           0.0000000E+00
  33.440           0.0000000E+00
  33.460           0.0000000E+00
  33.480           0.0000000E+00
  33.500           0.0000000E+00
  33.520           0.0000000E+00
  33.540           0.0000000E+00
  33.560           0.0000000E+00
  33.580           0.0000000E+00
  33.600           0.0000000E+00
  33.620           0.0000000E+00
  33.640           0.0000000E+00
  33.660           0.0000000E+00
  33.680           0.0000000E+00
  33.700           0.0000000E+00
  33.720           0.0000000E+00
  33.740           0.0000000E+00
  33.760           0.0000000E+00
  33.780           0.0000000E+00
  33.800           0.0000000E+00
  33.820           0.0000000E+00
  33.840           0.0000000E+00
  33.860           0.0000000E+00
  33.880           0.0000000E+00
  33.900           0.0000000E+00
  33.920           0.0000000E+00
  33.940           0.0000000E+00
  33.960           0.0000000E+00
  33.980           0.0000000E+00
  34.000           0.0000000E+00
  34.020           0.0000000E+00
  34.040           0.0000000E+00
  34.060           0.0000000E+00
  34.080           0.0000000E+00
  34.100           0.0000000E+00
  34.120           0.0000000E+00
  34.140           0.0000000E+00
  34.160           0.0000000E+00
  34.180           0.0000000E+00
  34.200           0.0000000E+00
  34.220           0.0000000E+00
  34.240           0.0000000E+00
  34.260           0.0000000E+00
  34.280           0.0000000E+00
  34.300           0.0000000E+00
  34.320           0.0000000E+00
  34.340           0.0000000E+00
  34.360           0.0000000E+00
  34.380           0.0000000E+00
  34.400           0.0000000E+00
  34.420           0.0000000E+00
  34.440           0.0000000E+00
  34.460           0.0000000E+00
  34.480           0.0000000E+00
  34.500           0.0000000E+00
  34.520           0.0000000E+00
  34.540           0.0000000E+00
  34.560           0.0000000E+00
  34.580           0.0000000E+00
  34.600           0.0000000E+00
  34.620           0.0000000E+00
  34.640           0.0000000E+00
  34.660           0.0000000E+00
  34.680           0.0000000E+00
  34.700           0.0000000E+00
  34.720           0.0000000E+00
  34.740           0.0000000E+00
  34.760           0.0000000E+00
  34.780           0.0000000E+00
  34.800           0.0000000E+00
  34.820           0.0000000E+00
  34.840           0.0000000E+00
  34.860           0.0000000E+00
  34.880           0.0000000E+00
  34.900           0.0000000E+00
  34.920           0.0000000E+00
  34.940           0.0000000E+00
  34.960           0.0000000E+00
  34.980           0.0000000E+00
  35.000           0.0000000E+00
  35.020           0.0000000E+00
  35.040           0.0000000E+00
  35.060           0.0000000E+00
  35.080           0.0000000E+00
  35.100           0.0000000E+00
  35.120           0.0000000E+00
  35.140           0.0000000E+00
  35.160           0.0000000E+00
  35.180           0.0000000E+00
  35.200           0.0000000E+00
  35.220           0.0000000E+00
  35.240           0.0000000E+00
  35.260           0.0000000E+00
  35.280           0.0000000E+00
  35.300           0.0000000E+00
  35.320           0.0000000E+00
  35.340           0.0000000E+00
  35.360           0.0000000E+00
  35.380           0.0000000E+00
  35.400           0.0000000E+00
  35.420           0.0000000E+00
  35.440           0.0000000E+00
  35.460           0.0000000E+00
  35.480           0.0000000E+00
  35.500           0.0000000E+00
  35.520           0.0000000E+00
  35.540           0.0000000E+00
  35.560           0.0000000E+00
  35.580           0.0000000E+00
  35.600           0.0000000E+00
  35.620           0.0000000E+00
  35.640           0.0000000E+00
  35.660           0.0000000E+00
  35.680           0.0000000E+00
  35.700           0.0000000E+00
  35.720           0.0000000E+00
  35.740           0.0000000E+00
  35.760           0.0000000E+00
  35.780           0.0000000E+00
  35.800           0.0000000E+00
  35.820           0.0000000E+00
  35.840           0.0000000E+00
  35.860           0.0000000E+00
  35.880           0.0000000E+00
  35.900           0.0000000E+00
  35.920           0.0000000E+00
  35.940           0.0000000E+00
  35.960           0.0000000E+00
  35.980           0.0000000E+00
  36.000           0.0000000E+00
  36.020           0.0000000E+00
  36.040           0.0000000E+00
  36.060           0.0000000E+00
  36.080           0.0000000E+00
  36.100           0.0000000E+00
  36.120           0.0000000E+00
  36.140           0.0000000E+00
  36.160           0.0000000E+00
  36.180           0.0000000E+00
  36.200           0.0000000E+00
  36.220           0.0000000E+00
  36.240           0.0000000E+00
  36.260           0.0000000E+00
  36.280           0.0000000E+00
  36.300           0.0000000E+00
  36.320           0.0000000E+00
  36.340           0.0000000E+00
  36.360           0.0000000E+00
  36.380           0.0000000E+00
  36.400           0.0000000E+00
  36.420           0.0000000E+00
  36.440           0.0000000E+00
  36.460           0.0000000E+00
  36.480           0.0000000E+00
  36.500           0.0000000E+00
  36.520           0.0000000E+00
  36.540           0.0000000E+00
  36.560           0.0000000E+00
  36.580           0.0000000E+00
  36.600           0.0000000E+00
  36.620           0.0000000E+00
  36.640           0.0000000E+00
  36.660           0.0000000E+00
  36.680           0.0000000E+00
  36.700           0.0000000E+00
  36.720           0.0000000E+00
  36.740           0.0000000E+00
  36.760           0.0000000E+00
  36.780           0.0000000E+00
  36.800           0.0000000E+00
  36.820           0.0000000E+00
  36.840           0.0000000E+00
  36.860           0.0000000E+00
  36.880           0.0000000E+00
  36.900           0.0000000E+00
  36.920           0.0000000E+00
  36.940           0.0000000E+00
  36.960           0.0000000E+00
  36.980           0.0000000E+00
  37.000           0.0000000E+00
  37.020           0.0000000E+00
  37.040           0.0000000E+00
  37.060           0.0000000E+00
  37.080           0.0000000E+00
  37.100           0.0000000E+00
  37.120           0.0000000E+00
  37.140           0.0000000E+00
  37.160           0.0000000E+00
  37.180           0.0000000E+00
  37.200           0.0000000E+00
  37.220           0.0000000E+00
  37.240           0.0000000E+00
  37.260           0.0000000E+00
  37.280           0.0000000E+00
  37.300           0.0000000E+00
  37.320           0.0000000E+00
  37.340           0.0000000E+00
  37.360           0.0000000E+00
  37.380           0.0000000E+00
  37.400           0.0000000E+00
  37.420           0.0000000E+00
  37.440           0.0000000E+00
  37.460           0.0000000E+00
  37.480           0.0000000E+00
  37.500           0.0000000E+00
  37.520           0.0000000E+00
  37.540           0.0000000E+00
  37.560           0.0000000E+00
  37.580           0.0000000E+00
  37.600           0.0000000E+00
  37.620           0.0000000E+00
  37.640           0.0000000E+00
  37.660           0.0000000E+00
  37.680           0.0000000E+00
  37.700           0.0000000E+00
  37.720           0.0000000E+00
  37.740           0.0000000E+00
  37.760           0.0000000E+00
  37.780           0.0000000E+00
  37.800           0.0000000E+00
  37.820           0.0000000E+00
  37.840           0.0000000E+00
  37.860           0.0000000E+00
  37.880           0.0000000E+00
  37.900           0.0000000E+00
  37.920           0.0000000E+00
  37.940           0.0000000E+00
  37.960           0.0000000E+00
  37.980           0.0000000E+00
  38.000           0.0000000E+00
  38.020           0.0000000E+00
  38.040           0.0000000E+00
  38.060           0.0000000E+00
  38.080           0.0000000E+00
  38.100           0.0000000E+00
  38.120           0.0000000E+00
  38.140           0.0000000E+00
  38.160           0.0000000E+00
  38.180           0.0000000E+00
  38.200           0.0000000E+00
  38.220           0.0000000E+00
  38.240           0.0000000E+00
  38.260           0.0000000E+00
  38.280           0.0000000E+00
  38.300           0.0000000E+00
  38.320           0.0000000E+00
  38.340           0.0000000E+00
  38.360           0.0000000E+00
  38.380           0.0000000E+00
  38.400           0.0000000E+00
  38.420           0.0000000E+00
  38.440           0.0000000E+00
  38.460           0.0000000E+00
  38.480           0.0000000E+00
  38.500           0.0000000E+00
  38.520           0.0000000E+00
  38.540           0.0000000E+00
  38.560           0.0000000E+00
  38.580           0.0000000E+00
  38.600           0.0000000E+00
  38.620           0.0000000E+00
  38.640           0.0000000E+00
  38.660           0.0000000E+00
  38.680           0.0000000E+00
  38.700           0.0000000E+00
  38.720           0.0000000E+00
  38.740           0.0000000E+00
  38.760           0.0000000E+00
  38.780           0.0000000E+00
  38.800           0.0000000E+00
  38.820           0.0000000E+00
  38.840           0.0000000E+00
  38.860           0.0000000E+00
  38.880           0.0000000E+00
  38.900           0.0000000E+00
  38.920           0.0000000E+00
  38.940           0.0000000E+00
  38.960           0.0000000E+00
  38.980           0.0000000E+00
  39.000           0.0000000E+00
  39.020           0.0000000E+00
  39.040           0.0000000E+00
  39.060           0.0000000E+00
  39.080           0.0000000E+00
  39.100           0.0000000E+00
  39.120           0.0000000E+00
  39.140           0.0000000E+00
  39.160           0.0000000E+00
  39.180           0.0000000E+00
  39.200           0.0000000E+00
  39.220           0.0000000E+00
  39.240           0.0000000E+00
  39.260           0.0000000E+00
  39.280           0.0000000E+00
  39.300           0.0000000E+00
  39.320           0.0000000E+00
  39.340           0.0000000E+00
  39.360           0.0000000E+00
  39.380           0.0000000E+00
  39.400           0.0000000E+00
  39.420           0.0000000E+00
  39.440           0.0000000E+00
  39.460           0.0000000E+00
  39.480           0.0000000E+00
  39.500           0.0000000E+00
  39.520           0.0000000E+00
  39.540           0.0000000E+00
  39.560           0.0000000E+00
  39.580           0.0000000E+00
  39.600           0.0000000E+00
  39.620           0.0000000E+00
  39.640           0.0000000E+00
  39.660           0.0000000E+00
  39.680           0.0000000E+00
  39.700           0.0000000E+00
  39.720           0.0000000E+00
  39.740           0.0000000E+00
  39.760           0.0000000E+00
  39.780           0.0000000E+00
  39.800           0.0000000E+00
  39.820           0.0000000E+00
  39.840           0.0000000E+00
  39.860           0.0000000E+00
  39.880           0.0000000E+00
  39.900           0.0000000E+00
  39.920           0.0000000E+00
  39.940           0.0000000E+00
  39.960           0.0000000E+00
  39.980           0.0000000E+00
  40.000           0.0000000E+00
  40.020           0.0000000E+00
  40.040           0.0000000E+00
  40.060           0.0000000E+00
  40.080           0.0000000E+00
  40.100           0.0000000E+00
  40.120           0.0000000E+00
  40.140           0.0000000E+00
  40.160           0.0000000E+00
  40.180           0.0000000E+00
  40.200           0.0000000E+00
  40.220           0.0000000E+00
  40.240           0.0000000E+00
  40.260           0.0000000E+00
  40.280           0.0000000E+00
  40.300           0.0000000E+00
  40.320           0.0000000E+00
  40.340           0.0000000E+00
  40.360           0.0000000E+00
  40.380           0.0000000E+00
  40.400           0.0000000E+00
  40.420           0.0000000E+00
  40.440           0.0000000E+00
  40.460           0.0000000E+00
  40.480           0.0000000E+00
  40.500           0.0000000E+00
  40.520           0.0000000E+00
  40.540           0.0000000E+00
  40.560           0.0000000E+00
  40.580           0.0000000E+00
  40.600           0.0000000E+00
  40.620           0.0000000E+00
  40.640           0.0000000E+00
  40.660           0.0000000E+00
  40.680           0.0000000E+00
  40.700           0.0000000E+00
  40.720           0.0000000E+00
  40.740           0.0000000E+00
  40.760           0.0000000E+00
  40.780           0.0000000E+00
  40.800           0.0000000E+00
  40.820           0.0000000E+00
  40.840           0.0000000E+00
  40.860           0.0000000E+00
  40.880           0.0000000E+00
  40.900           0.0000000E+00
  40.920           0.0000000E+00
  40.940           0.0000000E+00
  40.960           0.0000000E+00
