   0.020          -0.2000000E-02
   0.040          -0.2000000E-02
   0.060          -0.2000000E-02
   0.080          -0.1000000E-02
   0.100          -0.2000000E-02
   0.120          -0.2000000E-02
   0.140           0.1000000E-02
   0.160          -0.2000000E-02
   0.180          -0.2000000E-02
   0.200           0.5000000E-02
   0.220          -0.1000000E-02
   0.240          -0.1000000E-02
   0.260          -0.1000000E-01
   0.280          -0.2000000E-02
   0.300          -0.2000000E-02
   0.320          -0.1100000E-01
   0.340          -0.3000000E-02
   0.360          -0.3000000E-02
   0.380          -0.1300000E-01
   0.400          -0.7000000E-02
   0.420          -0.1000000E-01
   0.440          -0.1100000E-01
   0.460          -0.7000000E-02
   0.480          -0.1900000E-01
   0.500          -0.9000000E-02
   0.520          -0.4000000E-02
   0.540          -0.4900000E-01
   0.560          -0.7000000E-02
   0.580           0.5000000E-02
   0.600           0.2200000E-01
   0.620           0.2000000E-02
   0.640           0.5000000E-02
   0.660           0.2700000E-01
   0.680           0.2000000E-02
   0.700           0.6000000E-02
   0.720           0.3200000E-01
   0.740           0.3000000E-02
   0.760           0.9000000E-02
   0.780           0.5700000E-01
   0.800           0.5000000E-02
   0.820           0.1100000E-01
   0.840           0.1120000E+00
   0.860           0.1000000E-01
   0.880           0.1400000E-01
   0.900           0.1380000E+00
   0.920           0.3600000E-01
   0.940           0.2600000E-01
   0.960           0.1780000E+00
   0.980           0.1300000E-01
   1.000          -0.2400000E-01
   1.020          -0.2040000E+00
   1.040          -0.3600000E-01
   1.060          -0.3900000E-01
   1.080          -0.2290000E+00
   1.100          -0.8700000E-01
   1.120          -0.4000000E-02
   1.140           0.1880000E+00
   1.160          -0.3900000E-01
   1.180          -0.1020000E+00
   1.200          -0.1620000E+00
   1.220          -0.1240000E+00
   1.240          -0.1900000E+00
   1.260          -0.3130000E+00
   1.280          -0.1100000E+00
   1.300          -0.3100000E-01
   1.320           0.2110000E+00
   1.340           0.1510000E+00
   1.360           0.1200000E+00
   1.380           0.2490000E+00
   1.400           0.3410000E+00
   1.420           0.1340000E+00
   1.440           0.2950000E+00
   1.460           0.4190000E+00
   1.480           0.1380000E+00
   1.500           0.1190000E+00
   1.520           0.4550000E+00
   1.540           0.3910000E+00
   1.560           0.1430000E+00
   1.580           0.5800000E-01
   1.600          -0.2190000E+00
   1.620          -0.4660000E+00
   1.640          -0.1500000E+00
   1.660          -0.1820000E+00
   1.680          -0.5600000E+00
   1.700          -0.2620000E+00
   1.720          -0.1810000E+00
   1.740          -0.4190000E+00
   1.760          -0.2370000E+00
   1.780          -0.2350000E+00
   1.800          -0.4780000E+00
   1.820          -0.3200000E+00
   1.840          -0.3840000E+00
   1.860          -0.6880000E+00
   1.880          -0.4240000E+00
   1.900          -0.2360000E+00
   1.920          -0.7330000E+00
   1.940          -0.2190000E+00
   1.960           0.8100000E-01
   1.980           0.7770000E+00
   2.000           0.6810000E+00
   2.020           0.3770000E+00
   2.040           0.3530000E+00
   2.060           0.8140000E+00
   2.080           0.4430000E+00
   2.100           0.2340000E+00
   2.120           0.6060000E+00
   2.140           0.4900000E+00
   2.160           0.3150000E+00
   2.180           0.6250000E+00
   2.200           0.9620000E+00
   2.220           0.4430000E+00
   2.240           0.3810000E+00
   2.260           0.1016000E+01
   2.280           0.5860000E+00
   2.300           0.4200000E-01
   2.320          -0.2250000E+00
   2.340          -0.6100000E-01
   2.360          -0.7070000E+00
   2.380          -0.2390000E+00
   2.400          -0.3540000E+00
   2.420          -0.2220000E+00
   2.440          -0.5470000E+00
   2.460          -0.6360000E+00
   2.480          -0.4940000E+00
   2.500          -0.7350000E+00
   2.520          -0.1269000E+01
   2.540          -0.9970000E+00
   2.560          -0.5470000E+00
   2.580          -0.1210000E+00
   2.600           0.4960000E+00
   2.620           0.5390000E+00
   2.640           0.1470000E+00
   2.660          -0.7960000E+00
   2.680          -0.1399000E+01
   2.700          -0.1181000E+01
   2.720          -0.1070000E+00
   2.740           0.8800000E-01
   2.760           0.5990000E+00
   2.780           0.1543000E+01
   2.800           0.1198000E+01
   2.820           0.1083000E+01
   2.840           0.1449000E+01
   2.860           0.4220000E+00
   2.880          -0.2000000E+00
   2.900           0.3900000E+00
   2.920           0.6630000E+00
   2.940           0.1727000E+01
   2.960           0.1537000E+01
   2.980           0.8830000E+00
   3.000           0.1269000E+01
   3.020           0.1823000E+01
   3.040           0.1588000E+01
   3.060           0.1126000E+01
   3.080           0.6440000E+00
   3.100           0.5200000E+00
   3.120          -0.1250000E+00
   3.140          -0.8230000E+00
   3.160          -0.2000000E+01
   3.180          -0.1254000E+01
   3.200          -0.1604000E+01
   3.220          -0.1294000E+01
   3.240           0.1200000E+00
   3.260          -0.4360000E+00
   3.280          -0.1539000E+01
   3.300          -0.1262000E+01
   3.320          -0.1733000E+01
   3.340          -0.2236000E+01
   3.360          -0.1760000E+01
   3.380          -0.1151000E+01
   3.400           0.1970000E+00
   3.420           0.4970000E+00
   3.440           0.1893000E+01
   3.460           0.2104000E+01
   3.480           0.1881000E+01
   3.500           0.2453000E+01
   3.520           0.1504000E+01
   3.540           0.2570000E+00
   3.560           0.9100000E+00
   3.580           0.9070000E+00
   3.600           0.8250000E+00
   3.620           0.7500000E+00
   3.640           0.5210000E+00
   3.660           0.8070000E+00
   3.680           0.1638000E+01
   3.700           0.2744000E+01
   3.720           0.1395000E+01
   3.740           0.1100000E+00
   3.760          -0.8800000E-01
   3.780          -0.1760000E+00
   3.800           0.1500000E+00
   3.820           0.1463000E+01
   3.840           0.7050000E+00
   3.860          -0.3000000E-02
   3.880          -0.1193000E+01
   3.900          -0.3032000E+01
   3.920          -0.2291000E+01
   3.940          -0.1825000E+01
   3.960          -0.1629000E+01
   3.980          -0.2256000E+01
   4.000          -0.2718000E+01
   4.020          -0.2994000E+01
   4.040          -0.3277000E+01
   4.060          -0.2832000E+01
   4.080          -0.8290000E+00
   4.100           0.6930000E+00
   4.120           0.1915000E+01
   4.140           0.8210000E+00
   4.160          -0.2740000E+00
   4.180          -0.3520000E+00
   4.200          -0.1747000E+01
   4.220          -0.2571000E+01
   4.240          -0.6500000E+00
   4.260          -0.4420000E+00
   4.280          -0.7500000E-01
   4.300          -0.1200000E+00
   4.320           0.2684000E+01
   4.340           0.3376000E+01
   4.360           0.2736000E+01
   4.380           0.1124000E+01
   4.400          -0.4880000E+00
   4.420          -0.3388000E+01
   4.440          -0.3949000E+01
   4.460          -0.3796000E+01
   4.480          -0.3630000E+01
   4.500          -0.2266000E+01
   4.520          -0.1050000E+00
   4.540           0.4620000E+00
   4.560          -0.4730000E+00
   4.580           0.1343000E+01
   4.600           0.2372000E+01
   4.620          -0.3790000E+00
   4.640          -0.2310000E+00
   4.660           0.1169000E+01
   4.680          -0.3090000E+00
   4.700           0.3120000E+00
   4.720           0.1378000E+01
   4.740           0.6520000E+00
   4.760           0.7660000E+00
   4.780           0.4920000E+00
   4.800           0.1108000E+01
   4.820           0.1351000E+01
   4.840           0.7800000E-01
   4.860          -0.1893000E+01
   4.880          -0.2229000E+01
   4.900          -0.3053000E+01
   4.920          -0.4730000E+00
   4.940           0.1789000E+01
   4.960           0.1882000E+01
   4.980           0.1414000E+01
   5.000           0.3041000E+01
   5.020           0.3718000E+01
   5.040           0.5040000E+01
   5.060           0.5148000E+01
   5.080           0.2593000E+01
   5.100          -0.1469000E+01
   5.120          -0.2576000E+01
   5.140          -0.3860000E+01
   5.160          -0.5357000E+01
   5.180          -0.4693000E+01
   5.200          -0.4463000E+01
   5.220          -0.4944000E+01
   5.240          -0.2174000E+01
   5.260           0.6900000E-01
   5.280           0.2139000E+01
   5.300           0.3319000E+01
   5.320           0.2347000E+01
   5.340          -0.4540000E+00
   5.360          -0.1546000E+01
   5.380          -0.4570000E+00
   5.400           0.3483000E+01
   5.420           0.1030000E+01
   5.440           0.1587000E+01
   5.460           0.1591000E+01
   5.480          -0.7820000E+00
   5.500          -0.4591000E+01
   5.520          -0.6134000E+01
   5.540          -0.4381000E+01
   5.560          -0.3445000E+01
   5.580          -0.7560000E+00
   5.600           0.2455000E+01
   5.620           0.4314000E+01
   5.640           0.6401000E+01
   5.660           0.5788000E+01
   5.680           0.4290000E+01
   5.700           0.4956000E+01
   5.720           0.3287000E+01
   5.740           0.2047000E+01
   5.760          -0.3600000E-01
   5.780           0.2929000E+01
   5.800           0.5896000E+01
   5.820           0.1484000E+01
   5.840           0.4780000E+00
   5.860          -0.8020000E+00
   5.880          -0.2762000E+01
   5.900          -0.1754000E+01
   5.920          -0.2908000E+01
   5.940          -0.5797000E+01
   5.960          -0.3206000E+01
   5.980           0.1160000E+01
   6.000           0.2691000E+01
   6.020           0.6256000E+01
   6.040           0.4777000E+01
   6.060           0.8140000E+00
   6.080          -0.5118000E+01
   6.100          -0.4629000E+01
   6.120          -0.4340000E+00
   6.140          -0.1186000E+01
   6.160          -0.3409000E+01
   6.180          -0.3522000E+01
   6.200           0.8300000E-01
   6.220           0.8910000E+00
   6.240          -0.3958000E+01
   6.260          -0.4820000E+01
   6.280          -0.2188000E+01
   6.300           0.2083000E+01
   6.320           0.4862000E+01
   6.340           0.4785000E+01
   6.360           0.3019000E+01
   6.380           0.4494000E+01
   6.400           0.3255000E+01
   6.420           0.3648000E+01
   6.440           0.3762000E+01
   6.460           0.1445000E+01
   6.480           0.8000000E+00
   6.500           0.8530000E+00
   6.520           0.2128000E+01
   6.540           0.2600000E+01
   6.560           0.5046000E+01
   6.580           0.6140000E+00
   6.600          -0.2128000E+01
   6.620          -0.2209000E+01
   6.640          -0.4376000E+01
   6.660          -0.5075000E+01
   6.680          -0.3316000E+01
   6.700          -0.3240000E+01
   6.720          -0.3412000E+01
   6.740          -0.1183000E+01
   6.760          -0.3768000E+01
   6.780          -0.4237000E+01
   6.800          -0.4969000E+01
   6.820          -0.6648000E+01
   6.840          -0.8063000E+01
   6.860          -0.4896000E+01
   6.880          -0.8560000E+00
   6.900           0.4054000E+01
   6.920           0.8710000E+01
   6.940           0.9706000E+01
   6.960           0.7659000E+01
   6.980           0.1699000E+01
   7.000          -0.3814000E+01
   7.020          -0.7846000E+01
   7.040          -0.6865000E+01
   7.060          -0.7840000E+00
   7.080           0.1168000E+01
   7.100           0.4729000E+01
   7.120           0.1021700E+02
   7.140           0.9049000E+01
   7.160           0.3921000E+01
   7.180           0.1980000E+00
   7.200          -0.5265000E+01
   7.220          -0.6537000E+01
   7.240          -0.4946000E+01
   7.260          -0.3016000E+01
   7.280           0.6930000E+00
   7.300           0.3678000E+01
   7.320           0.8267000E+01
   7.340           0.6554000E+01
   7.360           0.3825000E+01
   7.380           0.2510000E+00
   7.400          -0.1379000E+01
   7.420           0.1227000E+01
   7.440           0.1786000E+01
   7.460           0.3320000E+00
   7.480          -0.8280000E+00
   7.500          -0.4283000E+01
   7.520          -0.9496000E+01
   7.540          -0.1146500E+02
   7.560          -0.8415000E+01
   7.580          -0.3010000E+01
   7.600           0.2714000E+01
   7.620           0.6857000E+01
   7.640           0.6502000E+01
   7.660           0.4242000E+01
   7.680           0.1358000E+01
   7.700           0.1990000E+01
   7.720          -0.1310000E+00
   7.740           0.2569000E+01
   7.760           0.7266000E+01
   7.780           0.3396000E+01
   7.800          -0.2794000E+01
   7.820          -0.4152000E+01
   7.840          -0.7021000E+01
   7.860          -0.9263000E+01
   7.880          -0.7536000E+01
   7.900          -0.6552000E+01
   7.920          -0.6526000E+01
   7.940          -0.6281000E+01
   7.960          -0.1332000E+01
   7.980           0.2645000E+01
   8.000           0.6761000E+01
   8.020           0.1007200E+02
   8.040           0.1242600E+02
   8.060           0.6794000E+01
   8.080           0.9342000E+01
   8.100           0.3170000E+01
   8.120          -0.5809000E+01
   8.140          -0.8101000E+01
   8.160          -0.1085800E+02
   8.180          -0.7371000E+01
   8.200          -0.2438000E+01
   8.220           0.7600000E+00
   8.240           0.2985000E+01
   8.260          -0.1900000E-01
   8.280          -0.4653000E+01
   8.300          -0.4526000E+01
   8.320          -0.2671000E+01
   8.340           0.1581000E+01
   8.360           0.3415000E+01
   8.380           0.1877000E+01
   8.400          -0.1490000E+00
   8.420          -0.3723000E+01
   8.440          -0.3442000E+01
   8.460          -0.1357000E+01
   8.480           0.8327000E+01
   8.500           0.1262600E+02
   8.520           0.8487000E+01
   8.540           0.4304000E+01
   8.560           0.3404000E+01
   8.580           0.1811000E+01
   8.600           0.7190000E+00
   8.620          -0.2459000E+01
   8.640          -0.1008400E+02
   8.660          -0.8630000E+01
   8.680          -0.2738000E+01
   8.700          -0.4378000E+01
   8.720          -0.5640000E+00
   8.740           0.4470000E+01
   8.760           0.4123000E+01
   8.780           0.2866000E+01
   8.800           0.4608000E+01
   8.820           0.1698000E+01
   8.840          -0.2680000E+01
   8.860          -0.1004600E+02
   8.880          -0.5498000E+01
   8.900          -0.3114000E+01
   8.920           0.1900000E+00
   8.940           0.3908000E+01
   8.960           0.1397000E+01
   8.980           0.1959000E+01
   9.000           0.4071000E+01
   9.020           0.8957000E+01
   9.040           0.4243000E+01
   9.060           0.1411000E+01
   9.080           0.2573000E+01
   9.100          -0.4242000E+01
   9.120          -0.3423000E+01
   9.140           0.6763000E+01
   9.160           0.9295000E+01
   9.180           0.6964000E+01
   9.200           0.8399000E+01
   9.220           0.2628000E+01
   9.240          -0.4700000E+00
   9.260          -0.5129000E+01
   9.280          -0.2780000E+00
   9.300           0.6732000E+01
   9.320           0.8490000E+01
   9.340           0.4759000E+01
   9.360          -0.1674000E+01
   9.380          -0.5807000E+01
   9.400          -0.1005700E+02
   9.420          -0.1011000E+02
   9.440          -0.1162000E+02
   9.460          -0.1135000E+02
   9.480          -0.1228300E+02
   9.500          -0.6199000E+01
   9.520           0.3875000E+01
   9.540          -0.1407000E+01
   9.560          -0.6040000E+00
   9.580           0.9400000E-01
   9.600           0.4413000E+01
   9.620           0.1191600E+02
   9.640           0.5445000E+01
   9.660           0.3638000E+01
   9.680           0.1088000E+01
   9.700           0.9080000E+00
   9.720           0.6768000E+01
   9.740           0.1163000E+01
   9.760          -0.1078000E+01
   9.780          -0.6917000E+01
   9.800          -0.9436000E+01
   9.820          -0.5654000E+01
   9.840          -0.4817000E+01
   9.860           0.2190000E+01
   9.880           0.6391000E+01
   9.900           0.7961000E+01
   9.920           0.6840000E+01
   9.940          -0.2386000E+01
   9.960          -0.5057000E+01
   9.980          -0.1704000E+01
  10.000          -0.7908000E+01
  10.020          -0.7440000E+01
  10.040           0.4830000E+00
  10.060           0.1421400E+02
  10.080           0.1692500E+02
  10.100           0.1030000E+02
  10.120          -0.1285000E+01
  10.140          -0.1779600E+02
  10.160          -0.1611400E+02
  10.180          -0.2219000E+01
  10.200           0.6400000E+00
  10.220          -0.6742000E+01
  10.240           0.6830000E+00
  10.260           0.6889000E+01
  10.280          -0.4950000E+00
  10.300          -0.7209000E+01
  10.320          -0.1866800E+02
  10.340          -0.2159100E+02
  10.360          -0.4445000E+01
  10.380           0.1477800E+02
  10.400           0.2183900E+02
  10.420           0.1397200E+02
  10.440           0.9723000E+01
  10.460           0.8873000E+01
  10.480          -0.2459000E+01
  10.500          -0.7521000E+01
  10.520          -0.2998000E+01
  10.540          -0.8104000E+01
  10.560          -0.1159600E+02
  10.580          -0.5053000E+01
  10.600           0.3935000E+01
  10.620           0.2517000E+01
  10.640          -0.5208000E+01
  10.660          -0.1112500E+02
  10.680          -0.6713000E+01
  10.700           0.5363000E+01
  10.720           0.9433000E+01
  10.740           0.1469000E+01
  10.760          -0.9068000E+01
  10.780          -0.3675000E+01
  10.800           0.8630000E+01
  10.820           0.1295500E+02
  10.840           0.1296400E+02
  10.860           0.8172000E+01
  10.880           0.4931000E+01
  10.900          -0.1993000E+01
  10.920          -0.2528000E+01
  10.940           0.4405000E+01
  10.960           0.4885000E+01
  10.980           0.1553000E+01
  11.000          -0.3353000E+01
  11.020          -0.3907000E+01
  11.040          -0.1797100E+02
  11.060          -0.2242700E+02
  11.080          -0.2381600E+02
  11.100          -0.1972900E+02
  11.120          -0.1697000E+01
  11.140           0.1062300E+02
  11.160           0.1520400E+02
  11.180           0.7167000E+01
  11.200           0.3589000E+01
  11.220           0.6184000E+01
  11.240           0.3579000E+01
  11.260           0.9876000E+01
  11.280           0.1637900E+02
  11.300           0.2751000E+01
  11.320           0.7335000E+01
  11.340           0.1259600E+02
  11.360           0.4811000E+01
  11.380           0.2936000E+01
  11.400          -0.2370000E+01
  11.420          -0.1513800E+02
  11.440          -0.1284500E+02
  11.460          -0.4769000E+01
  11.480          -0.5894000E+01
  11.500           0.3487000E+01
  11.520           0.7698000E+01
  11.540           0.1074000E+01
  11.560          -0.2982000E+01
  11.580          -0.1483000E+01
  11.600          -0.5424000E+01
  11.620           0.1588000E+01
  11.640          -0.2362000E+01
  11.660          -0.4582000E+01
  11.680          -0.7507000E+01
  11.700          -0.1852600E+02
  11.720          -0.2101700E+02
  11.740          -0.1638300E+02
  11.760          -0.3201000E+01
  11.780          -0.6940000E+00
  11.800           0.4611000E+01
  11.820           0.5000000E+01
  11.840           0.1096800E+02
  11.860           0.1356900E+02
  11.880           0.9043000E+01
  11.900           0.5627000E+01
  11.920          -0.5121000E+01
  11.940          -0.8153000E+01
  11.960          -0.2093000E+01
  11.980           0.1099800E+02
  12.000           0.1111900E+02
  12.020           0.6790000E+01
  12.040           0.7066000E+01
  12.060           0.5729000E+01
  12.080           0.1698200E+02
  12.100           0.1713800E+02
  12.120          -0.2776000E+01
  12.140          -0.1231100E+02
  12.160          -0.5419000E+01
  12.180          -0.2936000E+01
  12.200          -0.6505000E+01
  12.220          -0.8229000E+01
  12.240          -0.4919000E+01
  12.260           0.4954000E+01
  12.280           0.4455000E+01
  12.300           0.5720000E+01
  12.320           0.1794000E+02
  12.340           0.2461100E+02
  12.360           0.2201200E+02
  12.380           0.1223700E+02
  12.400          -0.2214000E+01
  12.420          -0.4645000E+01
  12.440           0.1149200E+02
  12.460           0.3639000E+01
  12.480          -0.1271300E+02
  12.500          -0.2230800E+02
  12.520          -0.3091300E+02
  12.540          -0.2935500E+02
  12.560          -0.1097700E+02
  12.580           0.1022000E+01
  12.600           0.8567000E+01
  12.620           0.3014000E+01
  12.640           0.2590000E+00
  12.660           0.2456000E+01
  12.680          -0.1380000E+01
  12.700          -0.3015000E+01
  12.720          -0.1349800E+02
  12.740          -0.9824000E+01
  12.760           0.6982000E+01
  12.780           0.1001800E+02
  12.800           0.1154800E+02
  12.820           0.3043000E+01
  12.840          -0.5055000E+01
  12.860          -0.1897600E+02
  12.880          -0.1788600E+02
  12.900          -0.2474000E+01
  12.920          -0.1975000E+01
  12.940          -0.2283000E+01
  12.960           0.8390000E+01
  12.980           0.2849300E+02
  13.000           0.3288800E+02
  13.020           0.2460500E+02
  13.040           0.6410000E+01
  13.060          -0.2264500E+02
  13.080          -0.2396000E+02
  13.100          -0.1655900E+02
  13.120          -0.1804000E+02
  13.140          -0.6542000E+01
  13.160           0.1022300E+02
  13.180           0.1772600E+02
  13.200           0.1688100E+02
  13.220           0.1193600E+02
  13.240           0.7663000E+01
  13.260           0.1046000E+01
  13.280          -0.8603000E+01
  13.300          -0.6178000E+01
  13.320           0.8580000E+00
  13.340          -0.8069000E+01
  13.360          -0.7172000E+01
  13.380           0.5170000E+00
  13.400           0.1396800E+02
  13.420           0.3313900E+02
  13.440           0.3052600E+02
  13.460           0.1193900E+02
  13.480          -0.1822000E+01
  13.500          -0.5262000E+01
  13.520          -0.1114300E+02
  13.540          -0.1930000E+02
  13.560          -0.7830000E+01
  13.580           0.2992000E+01
  13.600           0.3869000E+01
  13.620          -0.9942000E+01
  13.640          -0.2225000E+02
  13.660          -0.2248400E+02
  13.680          -0.1675900E+02
  13.700          -0.5690000E+00
  13.720           0.2091800E+02
  13.740           0.2979200E+02
  13.760           0.2148400E+02
  13.780           0.9503000E+01
  13.800          -0.1205300E+02
  13.820          -0.1764800E+02
  13.840          -0.2322700E+02
  13.860          -0.1108000E+02
  13.880           0.8303000E+01
  13.900           0.3161000E+01
  13.920           0.5229000E+01
  13.940           0.2320000E+00
  13.960          -0.2920000E+01
  13.980           0.7416000E+01
  14.000           0.2557000E+01
  14.020           0.1309800E+02
  14.040           0.1604300E+02
  14.060           0.1659300E+02
  14.080           0.1510400E+02
  14.100          -0.5725000E+01
  14.120          -0.2263600E+02
  14.140          -0.1659900E+02
  14.160          -0.8710000E+00
  14.180           0.6632000E+01
  14.200           0.1355700E+02
  14.220           0.9299000E+01
  14.240           0.8300000E+01
  14.260           0.2309000E+01
  14.280           0.1455000E+01
  14.300          -0.1540000E+01
  14.320          -0.6520000E+00
  14.340           0.4404000E+01
  14.360          -0.1006900E+02
  14.380          -0.1520200E+02
  14.400          -0.1380000E+02
  14.420          -0.2681500E+02
  14.440          -0.2753200E+02
  14.460          -0.1472600E+02
  14.480          -0.8420000E+00
  14.500           0.7924000E+01
  14.520          -0.3427000E+01
  14.540          -0.6980000E+01
  14.560          -0.3750000E+00
  14.580           0.7226000E+01
  14.600           0.1815600E+02
  14.620           0.1207200E+02
  14.640           0.1035300E+02
  14.660           0.2065600E+02
  14.680           0.1321400E+02
  14.700           0.4270000E+01
  14.720           0.1311000E+01
  14.740           0.2302000E+01
  14.760           0.5839000E+01
  14.780           0.6036000E+01
  14.800          -0.7200000E+00
  14.820           0.2147000E+01
  14.840          -0.8779000E+01
  14.860          -0.2493400E+02
  14.880          -0.3361800E+02
  14.900          -0.1916000E+02
  14.920          -0.8971000E+01
  14.940           0.5606000E+01
  14.960           0.1285600E+02
  14.980          -0.2850000E+01
  15.000           0.1810000E+00
  15.020           0.3673000E+01
  15.040          -0.1196100E+02
  15.060          -0.1032100E+02
  15.080          -0.9320000E+01
  15.100          -0.2250000E+01
  15.120           0.9048000E+01
  15.140           0.1070600E+02
  15.160           0.1613400E+02
  15.180           0.1279300E+02
  15.200           0.2037000E+01
  15.220          -0.3612000E+01
  15.240           0.2943000E+01
  15.260           0.1050400E+02
  15.280          -0.1375000E+01
  15.300          -0.7353000E+01
  15.320          -0.1231900E+02
  15.340          -0.1662600E+02
  15.360          -0.3303000E+01
  15.380          -0.5339000E+01
  15.400           0.3126000E+01
  15.420           0.1693600E+02
  15.440           0.1798600E+02
  15.460           0.4085000E+01
  15.480           0.6547000E+01
  15.500           0.1749500E+02
  15.520          -0.6840000E+00
  15.540          -0.1336800E+02
  15.560          -0.1598400E+02
  15.580           0.3909000E+01
  15.600           0.2292400E+02
  15.620           0.1169700E+02
  15.640          -0.2055000E+01
  15.660          -0.1776700E+02
  15.680          -0.1234300E+02
  15.700           0.3740000E+01
  15.720          -0.2372000E+01
  15.740          -0.5850000E+01
  15.760          -0.1311800E+02
  15.780          -0.2244700E+02
  15.800          -0.1914900E+02
  15.820          -0.2330000E+01
  15.840           0.9441000E+01
  15.860           0.1273900E+02
  15.880           0.8806000E+01
  15.900           0.4040000E+00
  15.920          -0.2670000E+00
  15.940           0.7081000E+01
  15.960           0.8327000E+01
  15.980           0.7152000E+01
  16.000          -0.4205000E+01
  16.020          -0.1736100E+02
  16.040          -0.2814600E+02
  16.060          -0.3500200E+02
  16.080          -0.2239000E+02
  16.100           0.3760000E+00
  16.120           0.1999900E+02
  16.140           0.2690500E+02
  16.160           0.2512100E+02
  16.180           0.2875000E+02
  16.200           0.2759300E+02
  16.220           0.5411000E+01
  16.240          -0.1386100E+02
  16.260          -0.1184900E+02
  16.280          -0.4085000E+01
  16.300           0.1066000E+02
  16.320           0.1156900E+02
  16.340           0.6418000E+01
  16.360          -0.4694000E+01
  16.380          -0.1959500E+02
  16.400          -0.9125000E+01
  16.420           0.1176000E+01
  16.440           0.3781000E+01
  16.460           0.5887000E+01
  16.480          -0.7935000E+01
  16.500          -0.6300000E+01
  16.520          -0.6030000E+00
  16.540          -0.6085000E+01
  16.560          -0.7490000E+01
  16.580           0.2633000E+01
  16.600           0.4503000E+01
  16.620           0.1573800E+02
  16.640           0.7661000E+01
  16.660          -0.1241600E+02
  16.680          -0.1424800E+02
  16.700          -0.1182300E+02
  16.720          -0.1004800E+02
  16.740          -0.3744000E+01
  16.760          -0.9626000E+01
  16.780          -0.1162600E+02
  16.800           0.7417000E+01
  16.820           0.2201300E+02
  16.840           0.3351700E+02
  16.860           0.2150800E+02
  16.880           0.8885000E+01
  16.900           0.1190400E+02
  16.920           0.5411000E+01
  16.940          -0.9142000E+01
  16.960          -0.2115500E+02
  16.980          -0.2357800E+02
  17.000          -0.1629300E+02
  17.020           0.4306000E+01
  17.040           0.1706600E+02
  17.060           0.8880000E+00
  17.080           0.7680000E+01
  17.100           0.2059600E+02
  17.120           0.7917000E+01
  17.140           0.1758000E+01
  17.160          -0.3810000E+01
  17.180          -0.6112000E+01
  17.200           0.3155000E+01
  17.220           0.1149900E+02
  17.240           0.5720000E+00
  17.260          -0.1448000E+02
  17.280          -0.2072200E+02
  17.300          -0.2635200E+02
  17.320          -0.2417900E+02
  17.340          -0.1429100E+02
  17.360           0.1789000E+01
  17.380           0.1188900E+02
  17.400           0.1120900E+02
  17.420           0.1549600E+02
  17.440           0.1686600E+02
  17.460          -0.4540000E+00
  17.480          -0.8670000E+01
  17.500           0.3140000E+00
  17.520           0.1132800E+02
  17.540           0.2681000E+01
  17.560          -0.1641000E+01
  17.580          -0.1395600E+02
  17.600          -0.2241400E+02
  17.620          -0.9527000E+01
  17.640           0.1018000E+01
  17.660           0.1286000E+01
  17.680           0.6501000E+01
  17.700           0.1059000E+02
  17.720           0.1129800E+02
  17.740           0.6018000E+01
  17.760           0.6600000E-01
  17.780           0.1651000E+01
  17.800          -0.3950000E+01
  17.820          -0.1041000E+02
  17.840          -0.5606000E+01
  17.860          -0.4261000E+01
  17.880           0.2621000E+01
  17.900           0.9380000E+00
  17.920          -0.1095900E+02
  17.940          -0.2221300E+02
  17.960          -0.1419600E+02
  17.980           0.9540000E+00
  18.000          -0.3980000E+00
  18.020           0.5700000E+01
  18.040           0.1683900E+02
  18.060           0.1084400E+02
  18.080           0.5964000E+01
  18.100           0.1325000E+01
  18.120          -0.2174000E+01
  18.140           0.5588000E+01
  18.160           0.1432100E+02
  18.180           0.8882000E+01
  18.200           0.4433000E+01
  18.220          -0.6100000E-01
  18.240          -0.1553000E+01
  18.260          -0.5371000E+01
  18.280          -0.2737600E+02
  18.300          -0.3151700E+02
  18.320          -0.1180100E+02
  18.340           0.6285000E+01
  18.360           0.2763400E+02
  18.380           0.3185200E+02
  18.400           0.6457000E+01
  18.420          -0.2122000E+01
  18.440          -0.1248500E+02
  18.460          -0.8598000E+01
  18.480           0.2658000E+01
  18.500           0.2591000E+01
  18.520           0.1041200E+02
  18.540           0.1976700E+02
  18.560           0.4544000E+01
  18.580           0.3080000E+00
  18.600          -0.3174000E+01
  18.620          -0.5763000E+01
  18.640           0.6954000E+01
  18.660          -0.1572000E+01
  18.680          -0.9081000E+01
  18.700          -0.9086000E+01
  18.720          -0.1304600E+02
  18.740          -0.7871000E+01
  18.760          -0.8170000E+01
  18.780          -0.3470000E+00
  18.800           0.3970000E+01
  18.820           0.9143000E+01
  18.840           0.2161800E+02
  18.860           0.2297700E+02
  18.880           0.3929000E+01
  18.900          -0.2046000E+01
  18.920          -0.7685000E+01
  18.940          -0.1480900E+02
  18.960          -0.1817400E+02
  18.980          -0.1441400E+02
  19.000          -0.2106000E+01
  19.020           0.1590000E+01
  19.040           0.1022800E+02
  19.060           0.8514000E+01
  19.080          -0.3510000E+01
  19.100          -0.8690000E+01
  19.120          -0.3031000E+01
  19.140           0.1465600E+02
  19.160           0.1733900E+02
  19.180           0.1108900E+02
  19.200          -0.1170000E+01
  19.220          -0.1948000E+01
  19.240           0.1765500E+02
  19.260           0.1737700E+02
  19.280           0.1544600E+02
  19.300           0.6836000E+01
  19.320          -0.7433000E+01
  19.340          -0.1608600E+02
  19.360          -0.2751600E+02
  19.380          -0.2558700E+02
  19.400          -0.2162300E+02
  19.420          -0.6122000E+01
  19.440           0.6187000E+01
  19.460           0.1260700E+02
  19.480           0.3232000E+01
  19.500          -0.3751000E+01
  19.520          -0.9589000E+01
  19.540           0.1273000E+01
  19.560           0.1209600E+02
  19.580           0.3309000E+01
  19.600          -0.1012200E+02
  19.620          -0.3616000E+01
  19.640           0.3265000E+01
  19.660          -0.3493000E+01
  19.680          -0.6262000E+01
  19.700          -0.1146500E+02
  19.720          -0.8181000E+01
  19.740           0.7614000E+01
  19.760           0.1953900E+02
  19.780           0.2874400E+02
  19.800           0.2323800E+02
  19.820          -0.8691000E+01
  19.840          -0.1958100E+02
  19.860          -0.1595800E+02
  19.880          -0.8610000E+01
  19.900           0.1615800E+02
  19.920           0.2066600E+02
  19.940           0.1274600E+02
  19.960           0.2777000E+01
  19.980          -0.1217700E+02
  20.000          -0.4775000E+01
  20.020           0.8139000E+01
  20.040           0.1654400E+02
  20.060           0.2302000E+01
  20.080          -0.2214000E+01
  20.100          -0.1258300E+02
  20.120          -0.1613900E+02
  20.140          -0.6180000E+00
  20.160           0.1627000E+01
  20.180           0.7897000E+01
  20.200           0.1959200E+02
  20.220           0.1457600E+02
  20.240          -0.1634000E+01
  20.260          -0.3990000E+01
  20.280           0.3216000E+01
  20.300           0.1799000E+01
  20.320           0.4894000E+01
  20.340           0.4750000E+00
  20.360          -0.8644000E+01
  20.380          -0.8640000E+01
  20.400          -0.5537000E+01
  20.420          -0.8071000E+01
  20.440          -0.2121100E+02
  20.460          -0.2308500E+02
  20.480          -0.2008300E+02
  20.500          -0.9350000E+01
  20.520           0.5788000E+01
  20.540           0.1566200E+02
  20.560           0.1442000E+02
  20.580           0.5629000E+01
  20.600           0.3958000E+01
  20.620           0.9367000E+01
  20.640           0.8405000E+01
  20.660           0.1386600E+02
  20.680           0.2242200E+02
  20.700           0.1241500E+02
  20.720           0.4784000E+01
  20.740           0.3008000E+01
  20.760          -0.1189100E+02
  20.780          -0.2040100E+02
  20.800          -0.9674000E+01
  20.820          -0.7348000E+01
  20.840          -0.8781000E+01
  20.860          -0.2889000E+01
  20.880           0.2202000E+01
  20.900          -0.1982000E+01
  20.920          -0.5697000E+01
  20.940          -0.4372000E+01
  20.960          -0.5865000E+01
  20.980          -0.1676500E+02
  21.000          -0.6614000E+01
  21.020           0.4940000E+01
  21.040           0.1296000E+02
  21.060           0.1420100E+02
  21.080          -0.4440000E+01
  21.100          -0.1030400E+02
  21.120          -0.8968000E+01
  21.140          -0.6574000E+01
  21.160           0.5619000E+01
  21.180           0.8970000E+01
  21.200          -0.2265000E+01
  21.220           0.3808000E+01
  21.240           0.2571300E+02
  21.260           0.2676200E+02
  21.280           0.1112600E+02
  21.300          -0.5831000E+01
  21.320          -0.1693300E+02
  21.340          -0.9398000E+01
  21.360           0.5220000E+00
  21.380          -0.3600000E+00
  21.400          -0.6661000E+01
  21.420          -0.1147400E+02
  21.440          -0.2035800E+02
  21.460          -0.1957500E+02
  21.480          -0.7607000E+01
  21.500           0.1038400E+02
  21.520           0.2447500E+02
  21.540           0.3322900E+02
  21.560           0.3113000E+02
  21.580           0.1221700E+02
  21.600          -0.5289000E+01
  21.620          -0.1681800E+02
  21.640          -0.2793800E+02
  21.660          -0.2933000E+02
  21.680          -0.3057700E+02
  21.700          -0.1578000E+02
  21.720           0.3448000E+01
  21.740           0.1313900E+02
  21.760           0.9248000E+01
  21.780           0.1362000E+02
  21.800           0.2114700E+02
  21.820           0.9095000E+01
  21.840          -0.1095200E+02
  21.860          -0.1195300E+02
  21.880          -0.7708000E+01
  21.900           0.1470000E+01
  21.920           0.1198900E+02
  21.940           0.1942000E+01
  21.960          -0.3346000E+01
  21.980          -0.3213000E+01
  22.000          -0.2533000E+01
  22.020           0.7655000E+01
  22.040           0.9068000E+01
  22.060          -0.1148900E+02
  22.080          -0.1448400E+02
  22.100           0.4862000E+01
  22.120           0.1440900E+02
  22.140           0.1414000E+01
  22.160           0.3357000E+01
  22.180          -0.1050000E+00
  22.200           0.1386000E+01
  22.220           0.1245000E+02
  22.240           0.1139400E+02
  22.260          -0.2220000E+00
  22.280          -0.4741000E+01
  22.300          -0.1284600E+02
  22.320          -0.1496700E+02
  22.340          -0.5367000E+01
  22.360          -0.6390000E+00
  22.380           0.4000000E-01
  22.400           0.4366000E+01
  22.420           0.1124300E+02
  22.440           0.1153200E+02
  22.460           0.5004000E+01
  22.480          -0.2225000E+01
  22.500          -0.6272000E+01
  22.520          -0.1649800E+02
  22.540          -0.9940000E+01
  22.560          -0.3300000E-01
  22.580           0.5685000E+01
  22.600           0.1067400E+02
  22.620           0.1598100E+02
  22.640           0.2229600E+02
  22.660           0.1985400E+02
  22.680           0.5831000E+01
  22.700          -0.2147000E+01
  22.720          -0.8438000E+01
  22.740          -0.9490000E+01
  22.760          -0.5453000E+01
  22.780          -0.8069000E+01
  22.800          -0.3199000E+01
  22.820           0.1075000E+02
  22.840           0.6707000E+01
  22.860          -0.8042000E+01
  22.880          -0.7788000E+01
  22.900           0.2400000E+01
  22.920           0.9077000E+01
  22.940           0.1192100E+02
  22.960           0.3734000E+01
  22.980          -0.1188000E+01
  23.000          -0.5481000E+01
  23.020          -0.1535800E+02
  23.040          -0.1354200E+02
  23.060           0.3091000E+01
  23.080           0.2233000E+01
  23.100          -0.8980000E+01
  23.120          -0.1092600E+02
  23.140          -0.6188000E+01
  23.160           0.1301000E+01
  23.180          -0.5678000E+01
  23.200          -0.1271400E+02
  23.220          -0.1165000E+02
  23.240          -0.1470800E+02
  23.260          -0.2603000E+01
  23.280           0.7880000E+01
  23.300           0.1289800E+02
  23.320           0.1786000E+02
  23.340           0.8316000E+01
  23.360          -0.3347000E+01
  23.380          -0.1072100E+02
  23.400          -0.2808000E+01
  23.420           0.9880000E+00
  23.440          -0.5085000E+01
  23.460          -0.3787000E+01
  23.480           0.5113000E+01
  23.500           0.6197000E+01
  23.520           0.3268000E+01
  23.540           0.7395000E+01
  23.560          -0.1393000E+01
  23.580          -0.1448600E+02
  23.600          -0.1392100E+02
  23.620          -0.5223000E+01
  23.640          -0.3910000E+01
  23.660           0.3640000E+00
  23.680          -0.2310000E+01
  23.700          -0.7377000E+01
  23.720           0.2187000E+01
  23.740           0.8679000E+01
  23.760           0.5697000E+01
  23.780           0.8137000E+01
  23.800           0.1858000E+01
  23.820          -0.2252000E+01
  23.840           0.1305000E+01
  23.860           0.5284000E+01
  23.880           0.9589000E+01
  23.900           0.2050000E+01
  23.920          -0.3895000E+01
  23.940           0.5519000E+01
  23.960           0.7805000E+01
  23.980           0.2506000E+01
  24.000          -0.4230000E+00
  24.020          -0.2400000E-01
  24.040           0.4849000E+01
  24.060           0.1842000E+02
  24.080           0.1097800E+02
  24.100          -0.2310000E+00
  24.120          -0.8259000E+01
  24.140          -0.1142100E+02
  24.160          -0.6109000E+01
  24.180           0.4494000E+01
  24.200           0.1593000E+02
  24.220           0.1024800E+02
  24.240          -0.7819000E+01
  24.260          -0.1394400E+02
  24.280          -0.1133200E+02
  24.300          -0.1062400E+02
  24.320          -0.7472000E+01
  24.340          -0.2449000E+01
  24.360          -0.1723000E+01
  24.380          -0.2809000E+01
  24.400           0.5859000E+01
  24.420           0.8643000E+01
  24.440          -0.4240000E+00
  24.460          -0.2211000E+01
  24.480          -0.1300000E+01
  24.500          -0.2740000E+00
  24.520           0.3346000E+01
  24.540          -0.6334000E+01
  24.560          -0.1511900E+02
  24.580          -0.1175500E+02
  24.600          -0.4051000E+01
  24.620          -0.3436000E+01
  24.640           0.2758000E+01
  24.660           0.1154000E+02
  24.680           0.7775000E+01
  24.700           0.2945000E+01
  24.720          -0.1536000E+01
  24.740          -0.3392000E+01
  24.760           0.3300000E+01
  24.780          -0.6220000E+00
  24.800          -0.1510000E+00
  24.820           0.8890000E+01
  24.840           0.5454000E+01
  24.860          -0.2960000E+01
  24.880          -0.7002000E+01
  24.900          -0.1994000E+01
  24.920           0.2908000E+01
  24.940           0.1433000E+01
  24.960           0.5227000E+01
  24.980           0.9023000E+01
  25.000           0.1046000E+02
  25.020           0.3360000E+01
  25.040          -0.3286000E+01
  25.060          -0.6619000E+01
  25.080          -0.5087000E+01
  25.100          -0.5258000E+01
  25.120          -0.7927000E+01
  25.140          -0.7308000E+01
  25.160          -0.7338000E+01
  25.180          -0.7830000E+00
  25.200           0.7230000E+01
  25.220           0.8979000E+01
  25.240           0.8467000E+01
  25.260           0.6205000E+01
  25.280          -0.2191000E+01
  25.300          -0.3083000E+01
  25.320          -0.4225000E+01
  25.340           0.1678000E+01
  25.360           0.1115500E+02
  25.380           0.7046000E+01
  25.400           0.2701000E+01
  25.420           0.3756000E+01
  25.440           0.2977000E+01
  25.460           0.1474000E+01
  25.480           0.8374000E+01
  25.500           0.8426000E+01
  25.520           0.3385000E+01
  25.540          -0.2304000E+01
  25.560          -0.7643000E+01
  25.580          -0.9202000E+01
  25.600          -0.2474000E+01
  25.620           0.4904000E+01
  25.640           0.6560000E+00
  25.660          -0.1871000E+01
  25.680           0.4426000E+01
  25.700           0.8902000E+01
  25.720           0.1064700E+02
  25.740           0.7417000E+01
  25.760          -0.3700000E-01
  25.780          -0.6036000E+01
  25.800          -0.7803000E+01
  25.820          -0.3369000E+01
  25.840           0.2391000E+01
  25.860          -0.7750000E+00
  25.880          -0.5210000E+01
  25.900          -0.1093900E+02
  25.920          -0.1431800E+02
  25.940          -0.1303400E+02
  25.960          -0.2011000E+01
  25.980           0.2760000E+01
  26.000           0.1488000E+01
  26.020           0.4219000E+01
  26.040           0.6431000E+01
  26.060           0.5400000E+01
  26.080           0.2167000E+01
  26.100           0.1830000E+00
  26.120           0.1330000E+00
  26.140          -0.2415000E+01
  26.160          -0.2698000E+01
  26.180           0.2901000E+01
  26.200           0.2280000E+01
  26.220           0.5161000E+01
  26.240           0.3324000E+01
  26.260          -0.3408000E+01
  26.280          -0.4320000E+01
  26.300          -0.3538000E+01
  26.320          -0.2841000E+01
  26.340          -0.1876000E+01
  26.360           0.3929000E+01
  26.380           0.3794000E+01
  26.400          -0.9480000E+00
  26.420          -0.1267000E+01
  26.440          -0.3101000E+01
  26.460          -0.5479000E+01
  26.480          -0.7979000E+01
  26.500          -0.4536000E+01
  26.520           0.6310000E+00
  26.540           0.4843000E+01
  26.560           0.3572000E+01
  26.580          -0.1434000E+01
  26.600          -0.5106000E+01
  26.620          -0.6507000E+01
  26.640          -0.5720000E+01
  26.660           0.8150000E+00
  26.680           0.7129000E+01
  26.700           0.8850000E+01
  26.720           0.6701000E+01
  26.740           0.1146000E+01
  26.760          -0.9760000E+00
  26.780          -0.1296000E+01
  26.800          -0.3049000E+01
  26.820          -0.5698000E+01
  26.840           0.2258000E+01
  26.860           0.8054000E+01
  26.880           0.1019000E+02
  26.900           0.9123000E+01
  26.920           0.1967000E+01
  26.940           0.3752000E+01
  26.960           0.3412000E+01
  26.980          -0.4414000E+01
  27.000          -0.3220000E+01
  27.020           0.5620000E+00
  27.040           0.3404000E+01
  27.060           0.3412000E+01
  27.080           0.3880000E+00
  27.100          -0.2338000E+01
  27.120          -0.7845000E+01
  27.140          -0.8061000E+01
  27.160          -0.4208000E+01
  27.180          -0.6664000E+01
  27.200          -0.2355000E+01
  27.220          -0.2610000E+01
  27.240          -0.6072000E+01
  27.260          -0.5700000E+00
  27.280           0.3483000E+01
  27.300           0.7064000E+01
  27.320           0.6323000E+01
  27.340           0.5007000E+01
  27.360           0.1850000E+00
  27.380          -0.4227000E+01
  27.400          -0.2567000E+01
  27.420           0.5660000E+00
  27.440          -0.2977000E+01
  27.460          -0.3554000E+01
  27.480          -0.1189000E+01
  27.500           0.4720000E+00
  27.520          -0.6610000E+00
  27.540           0.1574000E+01
  27.560           0.4525000E+01
  27.580           0.1081000E+01
  27.600           0.2070000E+01
  27.620           0.4725000E+01
  27.640           0.1187000E+01
  27.660           0.3501000E+01
  27.680           0.4163000E+01
  27.700          -0.2150000E+00
  27.720           0.6600000E-01
  27.740          -0.2860000E+00
  27.760           0.2864000E+01
  27.780           0.5851000E+01
  27.800           0.3001000E+01
  27.820           0.5380000E+00
  27.840          -0.2142000E+01
  27.860          -0.2707000E+01
  27.880          -0.5799000E+01
  27.900          -0.5280000E+01
  27.920          -0.5733000E+01
  27.940          -0.3852000E+01
  27.960          -0.1508000E+01
  27.980          -0.5109000E+01
  28.000          -0.1217000E+01
  28.020           0.1590000E+00
  28.040          -0.4337000E+01
  28.060          -0.1918000E+01
  28.080           0.1237000E+01
  28.100           0.1912000E+01
  28.120           0.1005000E+01
  28.140          -0.4274000E+01
  28.160          -0.3130000E+00
  28.180           0.1646000E+01
  28.200           0.2493000E+01
  28.220           0.5253000E+01
  28.240           0.3492000E+01
  28.260           0.1217000E+01
  28.280          -0.1830000E+00
  28.300          -0.4831000E+01
  28.320          -0.4095000E+01
  28.340          -0.3201000E+01
  28.360          -0.1538000E+01
  28.380          -0.1742000E+01
  28.400           0.6030000E+00
  28.420           0.3666000E+01
  28.440           0.3901000E+01
  28.460          -0.1150000E+01
  28.480          -0.4720000E+01
  28.500          -0.2997000E+01
  28.520          -0.2109000E+01
  28.540          -0.9300000E+00
  28.560           0.6490000E+00
  28.580           0.2198000E+01
  28.600           0.5940000E+00
  28.620          -0.2938000E+01
  28.640          -0.6759000E+01
  28.660          -0.9545000E+01
  28.680          -0.6231000E+01
  28.700           0.9070000E+00
  28.720           0.6560000E+00
  28.740           0.4497000E+01
  28.760           0.6276000E+01
  28.780           0.3706000E+01
  28.800          -0.1431000E+01
  28.820          -0.3743000E+01
  28.840          -0.5008000E+01
  28.860          -0.2861000E+01
  28.880           0.3985000E+01
  28.900           0.7963000E+01
  28.920           0.8220000E+01
  28.940           0.4686000E+01
  28.960           0.3415000E+01
  28.980          -0.2150000E+00
  29.000          -0.1379000E+01
  29.020           0.2107000E+01
  29.040           0.2093000E+01
  29.060           0.2779000E+01
  29.080           0.6149000E+01
  29.100           0.4783000E+01
  29.120           0.1137000E+01
  29.140          -0.6300000E+00
  29.160          -0.1587000E+01
  29.180          -0.2089000E+01
  29.200           0.1261000E+01
  29.220           0.1770000E+01
  29.240          -0.5420000E+00
  29.260          -0.3768000E+01
  29.280          -0.7540000E+00
  29.300          -0.3820000E+00
  29.320          -0.2159000E+01
  29.340          -0.1059000E+01
  29.360           0.2640000E+00
  29.380          -0.2697000E+01
  29.400          -0.9480000E+00
  29.420           0.3790000E+01
  29.440           0.4445000E+01
  29.460           0.1201000E+01
  29.480          -0.1048000E+01
  29.500          -0.2428000E+01
  29.520          -0.2286000E+01
  29.540           0.1232000E+01
  29.560           0.3584000E+01
  29.580           0.2430000E+01
  29.600           0.1955000E+01
  29.620           0.1852000E+01
  29.640           0.2477000E+01
  29.660           0.3818000E+01
  29.680           0.3309000E+01
  29.700          -0.3340000E+00
  29.720           0.2681000E+01
  29.740           0.4252000E+01
  29.760           0.4897000E+01
  29.780           0.3068000E+01
  29.800           0.1192000E+01
  29.820           0.1771000E+01
  29.840          -0.1720000E+01
  29.860          -0.5364000E+01
  29.880          -0.3979000E+01
  29.900          -0.5593000E+01
  29.920          -0.3064000E+01
  29.940          -0.1778000E+01
  29.960          -0.9880000E+00
  29.980           0.9590000E+00
  30.000           0.9590000E+00
  30.020          -0.5130000E+00
  30.040          -0.2819000E+01
  30.060          -0.4971000E+01
  30.080          -0.4220000E+01
  30.100          -0.2282000E+01
  30.120           0.2190000E+00
  30.140           0.2767000E+01
  30.160           0.3738000E+01
  30.180          -0.4920000E+00
  30.200          -0.3280000E+00
  30.220          -0.5360000E+00
  30.240          -0.6150000E+00
  30.260           0.1120000E+01
  30.280          -0.1640000E+00
  30.300          -0.3311000E+01
  30.320          -0.2511000E+01
  30.340           0.2094000E+01
  30.360           0.5171000E+01
  30.380           0.4224000E+01
  30.400           0.2868000E+01
  30.420           0.3872000E+01
  30.440           0.3245000E+01
  30.460           0.2089000E+01
  30.480           0.1573000E+01
  30.500           0.1144000E+01
  30.520          -0.3363000E+01
  30.540          -0.4912000E+01
  30.560          -0.4423000E+01
  30.580          -0.2838000E+01
  30.600          -0.2388000E+01
  30.620          -0.3460000E+01
  30.640          -0.2511000E+01
  30.660          -0.1680000E+01
  30.680           0.6600000E-01
  30.700          -0.6610000E+00
  30.720          -0.2240000E+00
  30.740          -0.2321000E+01
  30.760          -0.3392000E+01
  30.780          -0.2853000E+01
  30.800          -0.1744000E+01
  30.820          -0.5320000E+00
  30.840           0.1269000E+01
  30.860           0.1710000E+01
  30.880           0.1720000E+01
  30.900           0.1518000E+01
  30.920          -0.7000000E+00
  30.940          -0.3064000E+01
  30.960          -0.3108000E+01
  30.980          -0.3043000E+01
  31.000          -0.2542000E+01
  31.020          -0.6730000E+00
  31.040           0.1287000E+01
  31.060           0.3760000E+01
  31.080           0.1757000E+01
  31.100           0.2667000E+01
  31.120           0.3579000E+01
  31.140           0.1084000E+01
  31.160           0.3360000E+00
  31.180           0.9610000E+00
  31.200           0.2127000E+01
  31.220           0.2797000E+01
  31.240           0.7140000E+00
  31.260          -0.1982000E+01
  31.280          -0.3482000E+01
  31.300          -0.2231000E+01
  31.320          -0.4080000E+00
  31.340           0.9070000E+00
  31.360           0.3960000E+00
  31.380           0.1839000E+01
  31.400           0.5790000E+00
  31.420           0.3100000E-01
  31.440          -0.5570000E+00
  31.460          -0.1948000E+01
  31.480          -0.3088000E+01
  31.500          -0.2949000E+01
  31.520          -0.3905000E+01
  31.540          -0.3796000E+01
  31.560          -0.1240000E+01
  31.580           0.4050000E+00
  31.600          -0.6550000E+00
  31.620          -0.1333000E+01
  31.640           0.9700000E+00
  31.660           0.2815000E+01
  31.680           0.1139000E+01
  31.700           0.2617000E+01
  31.720           0.3901000E+01
  31.740           0.3596000E+01
  31.760           0.2919000E+01
  31.780           0.1424000E+01
  31.800           0.2860000E+00
  31.820           0.1343000E+01
  31.840           0.5850000E+00
  31.860           0.7070000E+00
  31.880           0.3778000E+01
  31.900           0.3649000E+01
  31.920           0.2408000E+01
  31.940           0.1354000E+01
  31.960           0.2489000E+01
  31.980           0.3638000E+01
  32.000           0.1679000E+01
  32.020          -0.6450000E+00
  32.040          -0.1483000E+01
  32.060          -0.3214000E+01
  32.080          -0.3150000E+01
  32.100          -0.3694000E+01
  32.120          -0.4458000E+01
  32.140          -0.2503000E+01
  32.160          -0.1257000E+01
  32.180          -0.1138000E+01
  32.200           0.4330000E+00
  32.220           0.1663000E+01
  32.240           0.1935000E+01
  32.260           0.7740000E+00
  32.280           0.9800000E-01
  32.300          -0.6410000E+00
  32.320          -0.1318000E+01
  32.340          -0.1607000E+01
  32.360          -0.1333000E+01
  32.380          -0.2633000E+01
  32.400          -0.2048000E+01
  32.420           0.1247000E+01
  32.440           0.3281000E+01
  32.460           0.2722000E+01
  32.480           0.2187000E+01
  32.500           0.3308000E+01
  32.520           0.1875000E+01
  32.540          -0.1158000E+01
  32.560          -0.1497000E+01
  32.580          -0.2009000E+01
  32.600          -0.9460000E+00
  32.620          -0.1003000E+01
  32.640          -0.5570000E+00
  32.660           0.5700000E+00
  32.680           0.8000000E-02
  32.700          -0.9310000E+00
  32.720          -0.2543000E+01
  32.740          -0.1705000E+01
  32.760           0.8800000E-01
  32.780           0.5150000E+00
  32.800           0.1770000E+00
  32.820          -0.1890000E+00
  32.840          -0.7170000E+00
  32.860          -0.2122000E+01
  32.880          -0.2194000E+01
  32.900          -0.1841000E+01
  32.920          -0.6640000E+00
  32.940          -0.4070000E+00
  32.960           0.6820000E+00
  32.980           0.6480000E+00
  33.000           0.1556000E+01
  33.020           0.1700000E+00
  33.040          -0.1426000E+01
  33.060          -0.1556000E+01
  33.080          -0.8720000E+00
  33.100          -0.8310000E+00
  33.120          -0.6200000E-01
  33.140           0.1376000E+01
  33.160           0.3750000E+01
  33.180           0.4155000E+01
  33.200           0.3122000E+01
  33.220           0.2138000E+01
  33.240           0.1395000E+01
  33.260          -0.1430000E+00
  33.280           0.2600000E+00
  33.300          -0.6910000E+00
  33.320          -0.7520000E+00
  33.340           0.2120000E+00
  33.360           0.1078000E+01
  33.380           0.1766000E+01
  33.400           0.4220000E+00
  33.420          -0.1965000E+01
  33.440          -0.2236000E+01
  33.460          -0.1919000E+01
  33.480          -0.1402000E+01
  33.500          -0.3970000E+00
  33.520           0.4830000E+00
  33.540           0.8320000E+00
  33.560           0.3370000E+00
  33.580          -0.2370000E+00
  33.600           0.1697000E+01
  33.620           0.3060000E+01
  33.640           0.2202000E+01
  33.660           0.1514000E+01
  33.680           0.1270000E+01
  33.700           0.1198000E+01
  33.720           0.1024000E+01
  33.740          -0.2860000E+00
  33.760          -0.1311000E+01
  33.780          -0.1230000E+01
  33.800          -0.1270000E+00
  33.820           0.2140000E+00
  33.840           0.1012000E+01
  33.860           0.1603000E+01
  33.880           0.3102000E+01
  33.900           0.2838000E+01
  33.920           0.3130000E+01
  33.940           0.2541000E+01
  33.960           0.1955000E+01
  33.980           0.4130000E+00
  34.000          -0.2140000E+00
  34.020          -0.1300000E-01
  34.040           0.1265000E+01
  34.060           0.2020000E+01
  34.080           0.3397000E+01
  34.100           0.2726000E+01
  34.120           0.4240000E+00
  34.140          -0.1469000E+01
  34.160          -0.3013000E+01
  34.180          -0.4348000E+01
  34.200          -0.3139000E+01
  34.220          -0.2257000E+01
  34.240          -0.2148000E+01
  34.260          -0.7440000E+00
  34.280           0.1243000E+01
  34.300           0.1453000E+01
  34.320          -0.1320000E+00
  34.340          -0.1419000E+01
  34.360          -0.1812000E+01
  34.380          -0.1442000E+01
  34.400          -0.2130000E+00
  34.420           0.1134000E+01
  34.440           0.2986000E+01
  34.460           0.3580000E+01
  34.480           0.3291000E+01
  34.500           0.2993000E+01
  34.520           0.2106000E+01
  34.540           0.1599000E+01
  34.560           0.8770000E+00
  34.580           0.1560000E+00
  34.600           0.9280000E+00
  34.620           0.1010000E+00
  34.640           0.9900000E-01
  34.660           0.5150000E+00
  34.680           0.2369000E+01
  34.700           0.2401000E+01
  34.720           0.1794000E+01
  34.740           0.1866000E+01
  34.760           0.8310000E+00
  34.780          -0.8050000E+00
  34.800          -0.1464000E+01
  34.820          -0.1953000E+01
  34.840          -0.2094000E+01
  34.860          -0.2594000E+01
  34.880          -0.2306000E+01
  34.900          -0.9800000E+00
  34.920          -0.5760000E+00
  34.940          -0.4310000E+00
  34.960           0.2810000E+00
  34.980           0.7800000E-01
  35.000          -0.1406000E+01
  35.020          -0.2599000E+01
  35.040          -0.2771000E+01
  35.060          -0.2589000E+01
  35.080          -0.2149000E+01
  35.100          -0.9710000E+00
  35.120          -0.2620000E+00
  35.140           0.4020000E+00
  35.160           0.1820000E+00
  35.180          -0.6700000E-01
  35.200          -0.3670000E+00
  35.220          -0.4690000E+00
  35.240          -0.1191000E+01
  35.260          -0.1424000E+01
  35.280          -0.1036000E+01
  35.300          -0.1860000E+00
  35.320           0.7700000E-01
  35.340           0.4840000E+00
  35.360           0.5630000E+00
  35.380           0.2800000E+00
  35.400          -0.1920000E+00
  35.420          -0.3660000E+00
  35.440          -0.7670000E+00
  35.460          -0.1114000E+01
  35.480          -0.1296000E+01
  35.500          -0.1250000E+01
  35.520          -0.1365000E+01
  35.540          -0.1326000E+01
  35.560          -0.9280000E+00
  35.580          -0.4790000E+00
  35.600          -0.4680000E+00
  35.620          -0.2550000E+00
  35.640          -0.5520000E+00
  35.660          -0.5890000E+00
  35.680          -0.6510000E+00
  35.700          -0.6740000E+00
  35.720          -0.8890000E+00
  35.740          -0.5790000E+00
  35.760          -0.5620000E+00
  35.780          -0.4080000E+00
  35.800          -0.2300000E-01
  35.820           0.2410000E+00
  35.840           0.7000000E-01
  35.860           0.1110000E+00
  35.880           0.6000000E-01
  35.900          -0.9300000E-01
  35.920          -0.1190000E+00
  35.940           0.1500000E-01
  35.960           0.1290000E+00
  35.980           0.3340000E+00
  36.000           0.5240000E+00
  36.020           0.5670000E+00
  36.040           0.5230000E+00
  36.060           0.4480000E+00
  36.080           0.2900000E+00
  36.100           0.1850000E+00
  36.120           0.6700000E-01
  36.140          -0.8000000E-02
  36.160          -0.7100000E-01
  36.180           0.1500000E-01
  36.200           0.9800000E-01
  36.220           0.1360000E+00
  36.240           0.1430000E+00
  36.260           0.1740000E+00
  36.280           0.1080000E+00
  36.300           0.3800000E-01
  36.320           0.0000000E+00
  36.340          -0.4000000E-02
  36.360          -0.1200000E-01
  36.380          -0.2000000E-02
  36.400           0.0000000E+00
  36.420           0.0000000E+00
  36.440           0.0000000E+00
  36.460           0.0000000E+00
  36.480           0.0000000E+00
  36.500           0.0000000E+00
  36.520           0.0000000E+00
  36.540           0.0000000E+00
  36.560           0.0000000E+00
  36.580           0.0000000E+00
  36.600           0.0000000E+00
  36.620           0.0000000E+00
  36.640           0.0000000E+00
  36.660           0.0000000E+00
  36.680           0.0000000E+00
  36.700           0.0000000E+00
  36.720           0.0000000E+00
  36.740           0.0000000E+00
  36.760           0.0000000E+00
  36.780           0.0000000E+00
  36.800           0.0000000E+00
  36.820           0.0000000E+00
  36.840           0.0000000E+00
  36.860           0.0000000E+00
  36.880           0.0000000E+00
  36.900           0.0000000E+00
  36.920           0.0000000E+00
  36.940           0.0000000E+00
  36.960           0.0000000E+00
  36.980           0.0000000E+00
  37.000           0.0000000E+00
  37.020           0.0000000E+00
  37.040           0.0000000E+00
  37.060           0.0000000E+00
  37.080           0.0000000E+00
  37.100           0.0000000E+00
  37.120           0.0000000E+00
  37.140           0.0000000E+00
  37.160           0.0000000E+00
  37.180           0.0000000E+00
  37.200           0.0000000E+00
  37.220           0.0000000E+00
  37.240           0.0000000E+00
  37.260           0.0000000E+00
  37.280           0.0000000E+00
  37.300           0.0000000E+00
  37.320           0.0000000E+00
  37.340           0.0000000E+00
  37.360           0.0000000E+00
  37.380           0.0000000E+00
  37.400           0.0000000E+00
  37.420           0.0000000E+00
  37.440           0.0000000E+00
  37.460           0.0000000E+00
  37.480           0.0000000E+00
  37.500           0.0000000E+00
  37.520           0.0000000E+00
  37.540           0.0000000E+00
  37.560           0.0000000E+00
  37.580           0.0000000E+00
  37.600           0.0000000E+00
  37.620           0.0000000E+00
  37.640           0.0000000E+00
  37.660           0.0000000E+00
  37.680           0.0000000E+00
  37.700           0.0000000E+00
  37.720           0.0000000E+00
  37.740           0.0000000E+00
  37.760           0.0000000E+00
  37.780           0.0000000E+00
  37.800           0.0000000E+00
  37.820           0.0000000E+00
  37.840           0.0000000E+00
  37.860           0.0000000E+00
  37.880           0.0000000E+00
  37.900           0.0000000E+00
  37.920           0.0000000E+00
  37.940           0.0000000E+00
  37.960           0.0000000E+00
  37.980           0.0000000E+00
  38.000           0.0000000E+00
  38.020           0.0000000E+00
  38.040           0.0000000E+00
  38.060           0.0000000E+00
  38.080           0.0000000E+00
  38.100           0.0000000E+00
  38.120           0.0000000E+00
  38.140           0.0000000E+00
  38.160           0.0000000E+00
  38.180           0.0000000E+00
  38.200           0.0000000E+00
  38.220           0.0000000E+00
  38.240           0.0000000E+00
  38.260           0.0000000E+00
  38.280           0.0000000E+00
  38.300           0.0000000E+00
  38.320           0.0000000E+00
  38.340           0.0000000E+00
  38.360           0.0000000E+00
  38.380           0.0000000E+00
  38.400           0.0000000E+00
  38.420           0.0000000E+00
  38.440           0.0000000E+00
  38.460           0.0000000E+00
  38.480           0.0000000E+00
  38.500           0.0000000E+00
  38.520           0.0000000E+00
  38.540           0.0000000E+00
  38.560           0.0000000E+00
  38.580           0.0000000E+00
  38.600           0.0000000E+00
  38.620           0.0000000E+00
  38.640           0.0000000E+00
  38.660           0.0000000E+00
  38.680           0.0000000E+00
  38.700           0.0000000E+00
  38.720           0.0000000E+00
  38.740           0.0000000E+00
  38.760           0.0000000E+00
  38.780           0.0000000E+00
  38.800           0.0000000E+00
  38.820           0.0000000E+00
  38.840           0.0000000E+00
  38.860           0.0000000E+00
  38.880           0.0000000E+00
  38.900           0.0000000E+00
  38.920           0.0000000E+00
  38.940           0.0000000E+00
  38.960           0.0000000E+00
  38.980           0.0000000E+00
  39.000           0.0000000E+00
  39.020           0.0000000E+00
  39.040           0.0000000E+00
  39.060           0.0000000E+00
  39.080           0.0000000E+00
  39.100           0.0000000E+00
  39.120           0.0000000E+00
  39.140           0.0000000E+00
  39.160           0.0000000E+00
  39.180           0.0000000E+00
  39.200           0.0000000E+00
  39.220           0.0000000E+00
  39.240           0.0000000E+00
  39.260           0.0000000E+00
  39.280           0.0000000E+00
  39.300           0.0000000E+00
  39.320           0.0000000E+00
  39.340           0.0000000E+00
  39.360           0.0000000E+00
  39.380           0.0000000E+00
  39.400           0.0000000E+00
  39.420           0.0000000E+00
  39.440           0.0000000E+00
  39.460           0.0000000E+00
  39.480           0.0000000E+00
  39.500           0.0000000E+00
  39.520           0.0000000E+00
  39.540           0.0000000E+00
  39.560           0.0000000E+00
  39.580           0.0000000E+00
  39.600           0.0000000E+00
  39.620           0.0000000E+00
  39.640           0.0000000E+00
  39.660           0.0000000E+00
  39.680           0.0000000E+00
  39.700           0.0000000E+00
  39.720           0.0000000E+00
  39.740           0.0000000E+00
  39.760           0.0000000E+00
  39.780           0.0000000E+00
  39.800           0.0000000E+00
  39.820           0.0000000E+00
  39.840           0.0000000E+00
  39.860           0.0000000E+00
  39.880           0.0000000E+00
  39.900           0.0000000E+00
  39.920           0.0000000E+00
  39.940           0.0000000E+00
  39.960           0.0000000E+00
  39.980           0.0000000E+00
  40.000           0.0000000E+00
  40.020           0.0000000E+00
  40.040           0.0000000E+00
  40.060           0.0000000E+00
  40.080           0.0000000E+00
  40.100           0.0000000E+00
  40.120           0.0000000E+00
  40.140           0.0000000E+00
  40.160           0.0000000E+00
  40.180           0.0000000E+00
  40.200           0.0000000E+00
  40.220           0.0000000E+00
  40.240           0.0000000E+00
  40.260           0.0000000E+00
  40.280           0.0000000E+00
  40.300           0.0000000E+00
  40.320           0.0000000E+00
  40.340           0.0000000E+00
  40.360           0.0000000E+00
  40.380           0.0000000E+00
  40.400           0.0000000E+00
  40.420           0.0000000E+00
  40.440           0.0000000E+00
  40.460           0.0000000E+00
  40.480           0.0000000E+00
  40.500           0.0000000E+00
  40.520           0.0000000E+00
  40.540           0.0000000E+00
  40.560           0.0000000E+00
  40.580           0.0000000E+00
  40.600           0.0000000E+00
  40.620           0.0000000E+00
  40.640           0.0000000E+00
  40.660           0.0000000E+00
  40.680           0.0000000E+00
  40.700           0.0000000E+00
  40.720           0.0000000E+00
  40.740           0.0000000E+00
  40.760           0.0000000E+00
  40.780           0.0000000E+00
  40.800           0.0000000E+00
  40.820           0.0000000E+00
  40.840           0.0000000E+00
  40.860           0.0000000E+00
  40.880           0.0000000E+00
  40.900           0.0000000E+00
  40.920           0.0000000E+00
  40.940           0.0000000E+00
  40.960           0.0000000E+00
