        4096     0.02000
       0.003       0.003       0.003       0.003       0.003       0.003      -0.001       0.003       0.003      -0.004
       0.002       0.003       0.005       0.003       0.003       0.008       0.004       0.004       0.021       0.005
       0.003      -0.009      -0.001      -0.001      -0.033      -0.001      -0.000      -0.039      -0.003      -0.004
      -0.076      -0.004       0.001       0.049       0.023       0.022       0.104       0.023       0.019       0.135
       0.120       0.013       0.014       0.061       0.028       0.028       0.123       0.195       0.103       0.055
      -0.138      -0.107      -0.074      -0.030      -0.082      -0.199      -0.223      -0.280      -0.168      -0.026
      -0.027       0.101       0.337       0.343       0.068       0.164       0.382       0.347       0.250       0.347
      -0.071      -0.286      -0.328      -0.462      -0.238       0.015       0.243       0.519       0.411       0.122
       0.201       0.459       0.588       0.324       0.049       0.182       0.565       0.197       0.149       0.482
       0.300       0.290       0.740       0.444       0.395       0.789       0.676       0.071      -0.353      -0.784
      -0.520      -0.482      -0.904      -0.683      -0.028       0.396       0.708       0.397       0.417       0.661
       0.676       0.077       0.278       0.681       0.746       0.890       1.047       0.546       0.526       0.204
      -0.046       0.358       1.299       1.085       0.834       1.233       0.958       0.133      -0.191      -0.603
      -0.352       0.382       1.154       0.920       0.518      -0.331      -1.046      -1.632      -1.028       0.132
       1.110       1.734       1.453      -0.214      -1.266      -0.581      -0.692      -1.440      -0.658      -0.477
      -1.334      -1.983      -1.127      -1.263      -2.063      -1.842      -1.147      -0.682       0.622       1.421
       1.119       0.276      -0.274      -1.072      -0.978       0.200       1.810       2.274       2.303       1.121
      -0.570      -0.115       0.868      -0.211       0.102       1.169       0.905       0.195      -0.255      -1.723
      -2.734      -1.924      -1.141      -1.447      -2.031      -2.022      -2.527      -3.043      -1.830      -0.110
       1.864       3.028       1.428       0.205       0.236      -0.617      -2.173      -1.672       0.666       1.996
       1.473       0.978       1.398       1.642       0.283      -1.538      -1.251       0.463       0.650       0.797
       1.603       0.738      -1.849      -2.341      -1.472      -1.053      -0.771       0.371       0.917      -0.334
      -0.857       0.467      -0.776      -1.578      -1.010      -1.274      -1.003       0.647      -0.648      -2.821
      -2.050       0.363       0.314       1.158       2.404       1.520      -0.499      -0.849      -1.760      -2.000
      -2.428      -3.540      -2.950       0.519       1.776       2.977       4.452       4.859       3.312       4.311
       5.447       4.732       3.255       2.402       0.593      -0.885      -1.414      -1.985      -3.485      -2.306
      -0.644      -0.700      -0.267       1.291       1.231       1.250       1.799       2.693       1.985       1.561
       0.273      -3.274      -6.003      -5.556      -5.671      -3.256       0.922       1.011      -2.195      -1.553
       0.538       0.606       2.022       2.096      -2.224      -3.294       2.004       4.921       4.974       6.658
       5.069       0.569       0.453       1.771      -0.301      -1.074       2.095       2.654       0.893       1.425
       0.880      -3.395      -5.780      -4.309      -1.405       1.082       0.190      -1.551      -0.790       0.623
      -0.343      -1.794      -0.025       2.072       0.928      -0.974      -1.611      -4.273      -3.607       0.386
       1.101      -0.270       1.640       2.003      -0.566      -2.222       0.606       2.445      -0.854      -3.359
      -3.924      -1.587       4.524       6.367       4.220       3.126       0.868      -1.677      -1.542      -0.380
       1.096       1.400      -2.694      -6.891      -3.739       1.720       2.532      -0.373      -2.794      -3.344
       2.000       9.257       9.842       5.796       5.663       2.781      -2.686      -2.711       0.424      -2.355
      -6.389     -10.437      -9.841      -4.069       3.120       4.078      -1.459      -3.485      -0.049      -0.213
      -0.544       1.590      -0.365      -3.685      -0.964       1.719       2.352       6.198       9.638       3.330
      -4.419      -1.997       4.339       1.583       0.173       0.544      -2.445      -1.690       2.317       3.263
       4.746       5.096       0.665      -5.394      -5.586      -5.518      -6.344      -5.328      -5.835      -8.962
      -4.836       1.649       1.730      -0.105       1.482       1.423       0.479       3.821       7.289       6.784
       3.919       6.398       9.111       8.363       8.474       4.918      -0.947      -6.790      -9.046      -5.828
      -9.963     -15.436     -11.697      -1.403       4.717       7.952      10.890      11.712       5.797       0.994
       4.124       5.459       2.445       4.340       4.722       1.692       1.868       1.324      -1.247      -4.017
      -0.966       5.195       2.541      -1.595      -6.104     -11.907      -9.700      -0.130       2.978       1.382
      -1.231      -5.075      -5.680      -5.942      -5.398       2.197       5.380      -0.563      -5.950       0.218
       4.813      -1.365      -8.260     -10.800     -15.272     -13.378      -5.340      -0.794       2.384       5.740
       1.445      -1.519      -1.847       1.875       7.582       8.761       6.844       4.008       2.439      -0.711
      -8.778     -11.949      -3.264       2.810      -1.645      -3.936      -3.403       1.004       5.244       3.841
      -2.344       2.190      15.525      21.173      16.839      12.211       4.404      -7.693     -11.781      -4.029
       0.366       0.109      -2.282     -12.545     -16.345      -3.203       8.157       3.913      -5.538      -6.936
      -5.565      -1.935       0.256      -1.139      -3.269       2.325       8.027       8.138      12.761      10.907
      -3.240     -11.747     -14.462     -11.495      -4.805      -1.856      -5.799      -9.854      -0.169      11.867
      13.775      12.447      13.513      12.086      12.016       6.838      -5.084      -1.853       5.318      -4.424
     -13.126      -7.164      -1.158      -0.506      -0.796      -3.791     -13.264     -20.735     -12.382      -1.581
      -0.051      -5.920      -6.684      -5.861      -5.925       2.813       9.491       2.203      -6.042      -6.718
       3.315      13.601       9.175      -6.614     -12.217      -7.280       4.410      19.836      26.162      21.460
      13.851       3.509      -9.136     -16.203     -13.821     -11.115      -3.014       7.052       3.438      -3.498
      -2.413     -11.044     -16.898     -11.975     -10.482     -10.056       0.282       9.229      15.021      20.467
      19.730       7.842      -2.174       2.464       7.890      -2.111       2.477       7.990       2.257       0.250
       0.682      -7.774     -17.276      -9.033       3.543       2.136      -5.310      -3.439       0.116       1.859
       6.431      13.180      18.761      16.876       8.170       1.819       7.642       9.353      -0.733      -9.765
      -4.552      -5.894     -18.783     -15.413      -4.562      -4.544      -8.772     -18.790     -26.585     -14.916
       2.854       5.902       9.424      17.332      20.599      20.490      21.295      16.548      -3.921     -13.766
     -17.643     -25.364     -19.342      -2.349       1.562       4.733      16.654      22.042      15.785       7.930
       1.245      -6.281      -7.160       3.453      -1.890     -13.549      -2.440      16.304      19.858      27.483
      28.109      16.501       9.364      -1.292     -11.724     -17.525     -15.998     -13.531     -19.750     -19.327
      -3.639      10.306      11.833      14.873      14.828      10.524       7.397      -1.856      -3.433       6.667
       5.769       1.980      -1.985      -4.525       4.017      13.273      10.472      -1.008      -7.250      -3.978
       4.328      15.402      16.498       8.653       5.685      12.998      12.345       4.604      -5.844     -28.932
     -37.997     -13.052       7.236       7.253       2.255       2.805      -1.481      -3.549       4.819       3.100
      -7.174      -2.195       8.903       9.234       4.618      -0.390      -6.072      -5.493       1.789      -4.216
     -22.294     -22.513     -18.133     -10.733       4.930      18.210      16.933       7.874       4.423       9.560
       6.486      -5.711     -12.535      -4.432      10.157      25.379      29.693      22.332       8.438     -11.778
     -24.249     -20.621     -12.670      -4.978       3.985       9.058      10.408      16.048      27.090      24.982
      14.072      11.788       8.431       5.554       3.770     -13.112     -29.848     -32.616     -27.143     -14.496
       9.167      27.944      31.071      18.798       3.854      -5.711     -11.191      -6.021      -0.184      -8.779
      -9.514      -3.731      -4.700      -0.424      10.376      13.452       9.222       6.428      15.272      21.400
      17.803      -0.268     -18.099     -25.417     -10.427       9.518      18.499      20.780       6.145     -10.209
     -13.892     -18.030     -13.488       2.364      16.510      20.659      15.382       6.438       1.379      -5.977
      -9.383     -13.740     -11.086       5.206       4.695      -4.653      -3.240     -11.618     -18.879      -9.408
      -2.883      -7.927      -2.058       3.359      -0.207      -3.046       1.859       7.419       4.867       4.083
       9.862      17.756      20.345      12.703      -5.683     -12.188       0.014       2.237       6.279      12.810
      10.212      -2.739     -11.129     -10.827      -8.633       1.111       8.953       4.032      -2.354       0.559
      -6.061     -20.865     -26.115     -22.111      -6.244      16.435      19.018       0.545      -5.228       4.547
      19.815      29.111      34.300      24.746       0.347     -18.678     -27.805     -26.435     -19.602     -15.170
     -19.783     -17.259       4.464      10.628      -8.342     -20.425     -12.480       0.063      11.520      21.171
      17.102      -1.194     -12.972     -14.783     -14.970     -11.322      -3.600       4.100       5.373      13.739
      26.019      34.420      30.031      14.121       7.212      12.830       3.947      -3.588      -0.880       5.827
      12.361      11.948       2.429      -9.998     -13.356      -9.829      -7.288     -11.698     -15.022     -13.300
     -15.541     -10.415       2.475      14.707      21.586      27.299      17.556      -0.586     -11.795     -13.166
     -19.190     -14.359       6.042      21.292      18.109       9.293      -0.589     -11.480     -21.062     -26.025
     -23.801     -13.241      -4.969      -0.231       1.308      -2.062      -5.628       4.823      12.062       0.979
     -10.918     -13.302      -8.075      -2.893      -1.281       1.846      -3.032      -1.655      12.351      25.246
      27.521      12.474     -11.157     -25.839     -25.865     -19.150      -5.537       3.430      -6.813      -9.365
       9.585      20.145      10.014       5.799       3.238     -10.062     -19.177     -19.499     -10.887       1.860
       8.821       2.135      -5.908      -3.814      -5.369      -9.292     -10.043      -9.387      -4.300       4.866
      12.516      21.231      23.747      14.523       0.255     -16.676     -21.828      -8.383      -3.424      -6.120
       3.116      11.524      11.254       5.125       3.406       0.858      -1.080      -1.650      -1.119      -3.019
     -14.861     -24.465     -13.190       4.874       4.805      -1.149       2.307      -8.717     -20.829     -13.170
      -7.493      -8.841      -9.660      -0.852      17.233      29.203      21.285       5.942      -4.354     -11.958
      -1.861       3.825      -5.369      -2.889      14.593      15.423       3.978       1.051       6.638      -6.503
     -21.676     -11.641      -0.622      -4.726      -5.670      -0.241       4.330       1.241      -6.964     -13.071
      -8.598       4.264      11.675       0.327     -14.072     -12.900      -7.976     -17.022     -28.382     -23.470
      -3.539       4.254       3.044       0.544     -12.394     -22.457     -12.777       3.926      14.537       9.605
       3.990      -2.868      -4.644       4.679      16.027      15.866      -3.299     -14.458      -2.901      10.391
      17.171      17.876      19.689      12.787      -4.888     -18.079     -23.910     -14.634       6.017      13.407
       6.615       8.789       8.205      -7.027     -19.070     -12.254      -1.264      -5.195     -10.747      -4.600
       3.827      11.406       5.510      -8.509     -16.581     -21.194     -12.177      14.752      35.153      28.270
      13.841       7.642      -2.851      -9.910      -6.815       4.561       1.808      -7.090       0.706       3.000
      -3.784      -0.921      -6.587     -20.827     -21.297     -10.565      -4.766       3.267       5.025      -8.927
     -23.357     -26.805     -20.707      -8.553      -2.180       0.989       8.427      15.316      14.622      15.612
      15.880      11.442       8.379       9.694       1.064      -5.694       1.423      -0.872     -13.935     -12.282
     -12.219     -17.971      -7.157       5.114       7.565      11.047      19.698      26.452      21.397      20.963
      17.852      -4.989     -24.423     -19.970     -12.356      -1.664      14.694      16.117       4.514       4.100
       8.234       1.954     -14.756     -14.223      -6.271      -3.156       5.333       6.851       1.860       2.389
      -1.901      -8.034      -5.138       5.514       2.084      -5.911      -8.846      -3.128      11.672      24.992
      26.113       5.822      -8.558       0.014       1.498      -4.538       3.270      11.284       1.507      -4.993
      -6.646      -3.366       5.320       6.195       6.626       5.989       2.523       7.235       1.672      -2.709
       2.760       9.798      12.838       0.836     -11.401      -9.432       4.859       9.237      -1.757     -12.902
     -18.548     -20.880     -20.292     -14.508      -4.651       4.791       5.866      -8.494      -7.664       6.706
       1.516     -16.895     -26.632     -21.958     -14.347      -3.218      14.531      23.802      29.921      31.108
      13.533      -8.770     -13.691      -8.284       2.165      14.908      20.978      12.648       6.209      -5.092
     -22.093     -29.002     -20.242      -5.494       9.065      13.602       6.494      -2.758      -1.364       4.311
       6.570      14.486      20.824      10.419      -3.533      -2.164      11.090      11.281      -0.870     -13.895
     -13.652      -5.395       3.187       3.981      -9.950     -21.063     -24.595     -19.644      -1.516       6.332
       4.467       3.928      -1.152      -9.452      -7.214       0.701       4.162      -1.418      -5.448      -1.152
      -3.530      -7.768      -0.920       9.562      17.883      17.206      13.521      10.724       8.176      10.284
       7.983      -2.623     -13.336     -17.788      -9.474      -6.901     -11.109      -5.156       6.411       8.585
       5.051       0.282      -2.258      -5.137      -4.411       7.227      14.953       9.058      -2.673      -7.562
      -2.845       3.443       5.632       0.305      -6.731       1.055      14.363      17.560      11.418       2.416
      -5.886      -7.370      -4.733      -6.460      -9.929     -15.285     -15.863      -6.222       8.668      16.439
      12.690       7.844       2.265       1.885      14.392      21.558      17.194      13.303      11.309       5.681
      -4.054      -9.075     -11.949     -11.122      -2.781       2.818       0.811       1.565      -2.643      -8.805
      -5.374       4.747      10.149       7.780       1.237       3.871       8.987       9.501      10.275       9.041
       2.984      -4.319      -4.986      -5.049     -10.855     -12.002     -12.706     -14.884     -19.798     -21.006
      -8.476       5.694       2.826      -1.678       1.652       4.532       7.597       9.997       7.677       1.684
      -3.220       0.185       1.712       0.410      -1.350      -5.295      -9.265      -7.646      -4.812      -2.096
      -2.472      -6.260      -2.401       3.414      -2.050     -11.140     -14.166      -7.152       1.768       8.288
       9.629       5.239      -1.433      -5.385      -5.168      -0.580       0.121      -3.541      -3.005       0.030
       1.770       8.013      13.124       9.964       4.159       3.261       4.357       5.889       7.615       1.786
      -5.449      -7.502      -7.044      -6.083      -7.658      -7.774      -8.897     -11.435      -9.542      -8.610
      -8.577      -6.970      -4.892      -1.170       5.541       9.493      10.943      12.427      12.211      12.647
       8.315       1.520       0.265      -6.532     -12.079      -8.569      -3.354      -1.311      -1.271      -1.650
      -6.815     -12.441      -6.619       3.352       7.066       3.917      -0.378      -1.183       3.641       5.985
       8.410      11.213       9.288       3.672      -4.252      -8.853      -9.255      -7.762      -7.203      -6.988
       1.940       9.027       9.925      11.953      12.001       7.760       6.512       6.002       7.093       8.689
       9.303       5.080      -2.346      -6.708      -5.739      -4.243      -0.878       0.475      -2.654      -5.808
      -7.967      -8.884      -5.284       0.307       4.042       1.363      -4.825      -6.411      -3.524       0.675
       4.887       3.964      -0.045      -0.585      -1.366      -6.850      -6.996      -0.203       3.322      -1.434
      -2.179      -1.802      -3.477       0.480       5.842       6.923       9.307      10.305       6.578       5.551
       6.573       3.274      -1.739      -7.530     -11.095     -11.429      -7.920      -5.956      -9.226      -9.226
      -6.164      -3.205      -1.690       0.611       5.209       5.393       4.888       7.544      10.040      10.471
       9.391       6.323       0.155      -3.888      -4.065      -4.622      -5.016      -6.484      -8.568      -8.738
      -8.019      -6.915      -5.538      -1.538       2.207       3.526       1.350       1.306       3.242       1.876
       0.265       2.647       7.073       9.132       5.243      -0.945      -4.612      -5.879      -7.471      -6.076
      -2.610       1.645       4.300       0.747      -4.960      -4.546      -1.281      -1.271      -0.828       2.638
       1.462       1.086      -0.098      -3.451      -3.841       0.957       3.964       2.641      -0.032       1.471
       4.955       7.301       5.540       2.237       1.597       2.934       2.974       1.973      -0.304       0.549
       1.662      -0.555      -1.733      -0.640      -1.600      -4.703      -7.234      -6.850      -2.775       0.099
      -1.879      -5.400      -7.595      -6.142      -4.508      -3.309      -3.574      -4.308      -1.934       2.674
       3.527       3.314       2.410       1.761       0.366      -0.458       1.489       5.662       7.299       4.109
      -0.112      -0.179      -0.162      -3.498      -6.286      -5.981      -3.670      -2.158      -1.581       1.496
       7.085      10.448       8.182       1.715      -3.733      -5.135      -2.773       0.323       1.893       4.074
       3.281      -0.567      -3.938      -6.507      -5.311      -0.062       2.937       3.353       5.082       4.755
       0.442      -4.336      -6.229      -4.640      -2.786      -1.860      -0.188       0.228       0.961      -0.046
      -0.916       1.269       3.827       4.111       2.672       0.646      -0.870       0.316       1.429       0.384
      -0.990      -0.426       1.142      -0.241      -0.630      -0.431      -2.223      -1.813       1.108       3.045
       3.980       1.388      -1.686      -2.879      -2.688      -2.585      -0.926       0.777       0.113       0.426
       2.586       4.493       4.750       1.206      -1.350      -1.335       0.410       0.878       0.597      -1.664
      -2.544      -0.966       0.040      -0.472       0.701       1.533      -0.815      -1.539       2.286       4.296
       3.017       0.354      -2.254      -1.890       1.400       3.294       5.883       7.947       7.842       5.441
       2.346       0.364      -1.954      -5.369      -6.416      -6.933      -6.486      -4.311      -2.333      -3.012
      -4.766      -4.136      -0.089       5.071       7.544       7.046       6.012       4.594       3.953       3.182
       3.105       1.228      -2.019      -3.563      -2.643      -1.428      -2.067      -3.130      -2.707      -2.004
      -0.783       1.001       1.936       2.584       3.152       3.045       2.056       1.771       0.735      -1.077
      -1.936      -1.319       0.627       1.858       0.913      -1.008      -1.678      -1.025       0.155       0.691
      -0.270      -1.277      -1.563      -0.668       0.662       1.746       2.366       3.035       2.698       1.666
       1.447       2.186       2.431       1.219      -0.897      -0.856       0.651       0.485      -1.244      -1.385
      -1.291      -2.490      -3.940      -2.298       2.056       5.789       4.616       1.769      -0.883      -3.111
      -2.984      -0.703       0.609       0.680       1.471       1.697      -0.393      -2.146      -3.219      -2.749
      -1.668      -0.578       0.689       2.563       3.837       4.045       3.727       2.773       1.991       2.443
       1.874       0.734      -0.680      -0.832      -1.659      -3.901      -4.546      -2.918      -2.387      -3.396
      -4.031      -3.234      -2.200      -0.112       1.242       1.048       0.342       0.270      -0.062      -0.924
      -1.823      -2.740      -2.685      -1.666      -1.868      -0.889       0.725       1.037      -0.418      -1.085
      -1.283      -2.218      -3.148      -2.283      -2.041      -1.744      -0.296       0.184      -0.922      -1.258
      -1.220      -0.565       1.350       2.151       1.349       1.218       0.290      -1.910      -3.680      -4.392
      -4.396      -3.597      -1.791       0.707       2.810       3.106       1.926       0.076      -1.766      -1.736
      -0.964      -0.443       0.048       0.140      -0.911      -3.449      -4.591      -3.435      -1.661      -0.190
       0.448       0.496       0.034      -0.559      -0.014       1.247       2.253       1.784       1.293       0.524
      -0.639      -0.502      -0.001       0.220       0.844       0.927       1.084       0.147      -0.866      -1.052
      -0.667      -0.178      -0.293      -0.950      -0.819      -0.148       0.442       0.595       1.445       2.229
       2.590       2.552       3.295       3.882       3.325       1.915       0.940       0.574       0.941       0.460
      -0.497      -1.128      -0.970      -0.893      -0.173       1.106       2.696       3.461       3.304       3.030
       2.522       1.506       0.631      -0.780      -1.282      -0.584      -0.121       0.026       0.448       0.941
       1.858       2.246       2.253       2.522       2.403       1.738       0.506      -0.001       1.128       1.006
       0.377       0.571       0.562      -0.092       0.400       1.017       1.215       2.564       3.716       3.765
       3.462       2.973       2.214       1.240       0.261      -0.604      -0.476       0.053       0.335       0.457
       1.022       1.667       2.065       1.694       0.707       0.205       0.658       1.352       1.503       0.974
       0.667       0.308      -0.540      -1.410      -1.927      -1.551      -0.784      -0.372      -0.265       0.101
       0.679       0.993       1.056       0.663       0.019      -0.135      -0.052      -0.195      -0.579      -0.595
      -0.319      -0.435      -0.669      -0.588      -0.300      -0.309      -0.534      -0.591      -0.671      -0.522
      -0.244      -0.248      -0.460      -0.306      -0.141      -0.210      -0.209      -0.035       0.200       0.665
       0.914       0.849       0.558       0.233      -0.127      -0.428      -0.682      -0.616      -0.393      -0.289
      -0.357      -0.387      -0.404      -0.368      -0.343      -0.307      -0.253      -0.127      -0.118      -0.171
      -0.218      -0.240      -0.231      -0.201      -0.169      -0.090      -0.036       0.004       0.005       0.008
       0.013       0.016      -0.015      -0.029      -0.020       0.000       0.000       0.000       0.000       0.000
       0.000       0.000       0.000       0.000       0.000       0.000       0.000       0.000       0.000       0.000
       0.000       0.000       0.000       0.000       0.000       0.000       0.000       0.000       0.000       0.000
       0.000       0.000       0.000       0.000       0.000       0.000       0.000       0.000       0.000       0.000
       0.000       0.000       0.000       0.000       0.000       0.000       0.000       0.000       0.000       0.000
       0.000       0.000       0.000       0.000       0.000       0.000       0.000       0.000       0.000       0.000
       0.000       0.000       0.000       0.000       0.000       0.000       0.000       0.000       0.000       0.000
       0.000       0.000       0.000       0.000       0.000       0.000       0.000       0.000       0.000       0.000
       0.000       0.000       0.000       0.000       0.000       0.000       0.000       0.000       0.000       0.000
       0.000       0.000       0.000       0.000       0.000       0.000       0.000       0.000       0.000       0.000
       0.000       0.000       0.000       0.000       0.000       0.000       0.000       0.000       0.000       0.000
       0.000       0.000       0.000       0.000       0.000       0.000       0.000       0.000       0.000       0.000
       0.000       0.000       0.000       0.000       0.000       0.000       0.000       0.000       0.000       0.000
       0.000       0.000       0.000       0.000       0.000       0.000       0.000       0.000       0.000       0.000
       0.000       0.000       0.000       0.000       0.000       0.000       0.000       0.000       0.000       0.000
       0.000       0.000       0.000       0.000       0.000       0.000       0.000       0.000       0.000       0.000
       0.000       0.000       0.000       0.000       0.000       0.000       0.000       0.000       0.000       0.000
       0.000       0.000       0.000       0.000       0.000       0.000       0.000       0.000       0.000       0.000
       0.000       0.000       0.000       0.000       0.000       0.000       0.000       0.000       0.000       0.000
       0.000       0.000       0.000       0.000       0.000       0.000       0.000       0.000       0.000       0.000
       0.000       0.000       0.000       0.000       0.000       0.000       0.000       0.000       0.000       0.000
       0.000       0.000       0.000       0.000       0.000       0.000       0.000       0.000       0.000       0.000
       0.000       0.000       0.000       0.000       0.000       0.000       0.000       0.000       0.000       0.000
       0.000       0.000       0.000       0.000       0.000       0.000       0.000       0.000       0.000       0.000
       0.000       0.000       0.000       0.000       0.000       0.000       0.000       0.000       0.000       0.000
       0.000       0.000       0.000       0.000       0.000       0.000       0.000       0.000       0.000       0.000
       0.000       0.000       0.000       0.000       0.000       0.000       0.000       0.000       0.000       0.000
       0.000       0.000       0.000       0.000       0.000       0.000       0.000       0.000       0.000       0.000
       0.000       0.000       0.000       0.000       0.000       0.000       0.000       0.000       0.000       0.000
       0.000       0.000       0.000       0.000       0.000       0.000       0.000       0.000       0.000       0.000
       0.000       0.000       0.000       0.000       0.000       0.000       0.000       0.000       0.000       0.000
       0.000       0.000       0.000       0.000       0.000       0.000       0.000       0.000       0.000       0.000
       0.000       0.000       0.000       0.000       0.000       0.000       0.000       0.000       0.000       0.000
       0.000       0.000       0.000       0.000       0.000       0.000       0.000       0.000       0.000       0.000
       0.000       0.000       0.000       0.000       0.000       0.000       0.000       0.000       0.000       0.000
       0.000       0.000       0.000       0.000       0.000       0.000       0.000       0.000       0.000       0.000
       0.000       0.000       0.000       0.000       0.000       0.000       0.000       0.000       0.000       0.000
       0.000       0.000       0.000       0.000       0.000       0.000       0.000       0.000       0.000       0.000
       0.000       0.000       0.000       0.000       0.000       0.000       0.000       0.000       0.000       0.000
       0.000       0.000       0.000       0.000       0.000       0.000       0.000       0.000       0.000       0.000
       0.000       0.000       0.000       0.000       0.000       0.000       0.000       0.000       0.000       0.000
       0.000       0.000       0.000       0.000       0.000       0.000       0.000       0.000       0.000       0.000
       0.000       0.000       0.000       0.000       0.000       0.000       0.000       0.000       0.000       0.000
       0.000       0.000       0.000       0.000       0.000       0.000       0.000       0.000       0.000       0.000
       0.000       0.000       0.000       0.000       0.000       0.000       0.000       0.000       0.000       0.000
       0.000       0.000       0.000       0.000       0.000       0.000       0.000       0.000       0.000       0.000
       0.000       0.000       0.000       0.000       0.000       0.000       0.000       0.000       0.000       0.000
       0.000       0.000       0.000       0.000       0.000       0.000       0.000       0.000       0.000       0.000
       0.000       0.000       0.000       0.000       0.000       0.000       0.000       0.000       0.000       0.000
       0.000       0.000       0.000       0.000       0.000       0.000       0.000       0.000       0.000       0.000
       0.000       0.000       0.000       0.000       0.000       0.000       0.000       0.000       0.000       0.000
       0.000       0.000       0.000       0.000       0.000       0.000       0.000       0.000       0.000       0.000
       0.000       0.000       0.000       0.000       0.000       0.000       0.000       0.000       0.000       0.000
       0.000       0.000       0.000       0.000       0.000       0.000       0.000       0.000       0.000       0.000
       0.000       0.000       0.000       0.000       0.000       0.000       0.000       0.000       0.000       0.000
       0.000       0.000       0.000       0.000       0.000       0.000       0.000       0.000       0.000       0.000
       0.000       0.000       0.000       0.000       0.000       0.000       0.000       0.000       0.000       0.000
       0.000       0.000       0.000       0.000       0.000       0.000       0.000       0.000       0.000       0.000
       0.000       0.000       0.000       0.000       0.000       0.000       0.000       0.000       0.000       0.000
       0.000       0.000       0.000       0.000       0.000       0.000       0.000       0.000       0.000       0.000
       0.000       0.000       0.000       0.000       0.000       0.000       0.000       0.000       0.000       0.000
       0.000       0.000       0.000       0.000       0.000       0.000       0.000       0.000       0.000       0.000
       0.000       0.000       0.000       0.000       0.000       0.000       0.000       0.000       0.000       0.000
       0.000       0.000       0.000       0.000       0.000       0.000       0.000       0.000       0.000       0.000
       0.000       0.000       0.000       0.000       0.000       0.000       0.000       0.000       0.000       0.000
       0.000       0.000       0.000       0.000       0.000       0.000       0.000       0.000       0.000       0.000
       0.000       0.000       0.000       0.000       0.000       0.000       0.000       0.000       0.000       0.000
       0.000       0.000       0.000       0.000       0.000       0.000       0.000       0.000       0.000       0.000
       0.000       0.000       0.000       0.000       0.000       0.000       0.000       0.000       0.000       0.000
       0.000       0.000       0.000       0.000       0.000       0.000       0.000       0.000       0.000       0.000
       0.000       0.000       0.000       0.000       0.000       0.000       0.000       0.000       0.000       0.000
       0.000       0.000       0.000       0.000       0.000       0.000       0.000       0.000       0.000       0.000
       0.000       0.000       0.000       0.000       0.000       0.000       0.000       0.000       0.000       0.000
       0.000       0.000       0.000       0.000       0.000       0.000       0.000       0.000       0.000       0.000
       0.000       0.000       0.000       0.000       0.000       0.000       0.000       0.000       0.000       0.000
       0.000       0.000       0.000       0.000       0.000       0.000       0.000       0.000       0.000       0.000
       0.000       0.000       0.000       0.000       0.000       0.000       0.000       0.000       0.000       0.000
       0.000       0.000       0.000       0.000       0.000       0.000       0.000       0.000       0.000       0.000
       0.000       0.000       0.000       0.000       0.000       0.000       0.000       0.000       0.000       0.000
       0.000       0.000       0.000       0.000       0.000       0.000       0.000       0.000       0.000       0.000
       0.000       0.000       0.000       0.000       0.000       0.000       0.000       0.000       0.000       0.000
       0.000       0.000       0.000       0.000       0.000       0.000       0.000       0.000       0.000       0.000
       0.000       0.000       0.000       0.000       0.000       0.000       0.000       0.000       0.000       0.000
       0.000       0.000       0.000       0.000       0.000       0.000       0.000       0.000       0.000       0.000
       0.000       0.000       0.000       0.000       0.000       0.000       0.000       0.000       0.000       0.000
       0.000       0.000       0.000       0.000       0.000       0.000       0.000       0.000       0.000       0.000
       0.000       0.000       0.000       0.000       0.000       0.000       0.000       0.000       0.000       0.000
       0.000       0.000       0.000       0.000       0.000       0.000       0.000       0.000       0.000       0.000
       0.000       0.000       0.000       0.000       0.000       0.000       0.000       0.000       0.000       0.000
       0.000       0.000       0.000       0.000       0.000       0.000       0.000       0.000       0.000       0.000
       0.000       0.000       0.000       0.000       0.000       0.000       0.000       0.000       0.000       0.000
       0.000       0.000       0.000       0.000       0.000       0.000       0.000       0.000       0.000       0.000
       0.000       0.000       0.000       0.000       0.000       0.000       0.000       0.000       0.000       0.000
       0.000       0.000       0.000       0.000       0.000       0.000       0.000       0.000       0.000       0.000
       0.000       0.000       0.000       0.000       0.000       0.000       0.000       0.000       0.000       0.000
       0.000       0.000       0.000       0.000       0.000       0.000       0.000       0.000       0.000       0.000
       0.000       0.000       0.000       0.000       0.000       0.000       0.000       0.000       0.000       0.000
       0.000       0.000       0.000       0.000       0.000       0.000       0.000       0.000       0.000       0.000
       0.000       0.000       0.000       0.000       0.000       0.000       0.000       0.000       0.000       0.000
       0.000       0.000       0.000       0.000       0.000       0.000       0.000       0.000       0.000       0.000
       0.000       0.000       0.000       0.000       0.000       0.000       0.000       0.000       0.000       0.000
       0.000       0.000       0.000       0.000       0.000       0.000       0.000       0.000       0.000       0.000
       0.000       0.000       0.000       0.000       0.000       0.000       0.000       0.000       0.000       0.000
       0.000       0.000       0.000       0.000       0.000       0.000       0.000       0.000       0.000       0.000
       0.000       0.000       0.000       0.000       0.000       0.000       0.000       0.000       0.000       0.000
       0.000       0.000       0.000       0.000       0.000       0.000       0.000       0.000       0.000       0.000
       0.000       0.000       0.000       0.000       0.000       0.000       0.000       0.000       0.000       0.000
       0.000       0.000       0.000       0.000       0.000       0.000       0.000       0.000       0.000       0.000
       0.000       0.000       0.000       0.000       0.000       0.000       0.000       0.000       0.000       0.000
       0.000       0.000       0.000       0.000       0.000       0.000       0.000       0.000       0.000       0.000
       0.000       0.000       0.000       0.000       0.000       0.000       0.000       0.000       0.000       0.000
       0.000       0.000       0.000       0.000       0.000       0.000       0.000       0.000       0.000       0.000
       0.000       0.000       0.000       0.000       0.000       0.000       0.000       0.000       0.000       0.000
       0.000       0.000       0.000       0.000       0.000       0.000       0.000       0.000       0.000       0.000
       0.000       0.000       0.000       0.000       0.000       0.000       0.000       0.000       0.000       0.000
       0.000       0.000       0.000       0.000       0.000       0.000       0.000       0.000       0.000       0.000
       0.000       0.000       0.000       0.000       0.000       0.000       0.000       0.000       0.000       0.000
       0.000       0.000       0.000       0.000       0.000       0.000       0.000       0.000       0.000       0.000
       0.000       0.000       0.000       0.000       0.000       0.000       0.000       0.000       0.000       0.000
       0.000       0.000       0.000       0.000       0.000       0.000       0.000       0.000       0.000       0.000
       0.000       0.000       0.000       0.000       0.000       0.000       0.000       0.000       0.000       0.000
       0.000       0.000       0.000       0.000       0.000       0.000       0.000       0.000       0.000       0.000
       0.000       0.000       0.000       0.000       0.000       0.000       0.000       0.000       0.000       0.000
       0.000       0.000       0.000       0.000       0.000       0.000       0.000       0.000       0.000       0.000
       0.000       0.000       0.000       0.000       0.000       0.000       0.000       0.000       0.000       0.000
       0.000       0.000       0.000       0.000       0.000       0.000       0.000       0.000       0.000       0.000
       0.000       0.000       0.000       0.000       0.000       0.000       0.000       0.000       0.000       0.000
       0.000       0.000       0.000       0.000       0.000       0.000       0.000       0.000       0.000       0.000
       0.000       0.000       0.000       0.000       0.000       0.000       0.000       0.000       0.000       0.000
       0.000       0.000       0.000       0.000       0.000       0.000       0.000       0.000       0.000       0.000
       0.000       0.000       0.000       0.000       0.000       0.000       0.000       0.000       0.000       0.000
       0.000       0.000       0.000       0.000       0.000       0.000       0.000       0.000       0.000       0.000
       0.000       0.000       0.000       0.000       0.000       0.000       0.000       0.000       0.000       0.000
       0.000       0.000       0.000       0.000       0.000       0.000       0.000       0.000       0.000       0.000
       0.000       0.000       0.000       0.000       0.000       0.000       0.000       0.000       0.000       0.000
       0.000       0.000       0.000       0.000       0.000       0.000       0.000       0.000       0.000       0.000
       0.000       0.000       0.000       0.000       0.000       0.000       0.000       0.000       0.000       0.000
       0.000       0.000       0.000       0.000       0.000       0.000       0.000       0.000       0.000       0.000
       0.000       0.000       0.000       0.000       0.000       0.000       0.000       0.000       0.000       0.000
       0.000       0.000       0.000       0.000       0.000       0.000       0.000       0.000       0.000       0.000
       0.000       0.000       0.000       0.000       0.000       0.000       0.000       0.000       0.000       0.000
       0.000       0.000       0.000       0.000       0.000       0.000       0.000       0.000       0.000       0.000
       0.000       0.000       0.000       0.000       0.000       0.000       0.000       0.000       0.000       0.000
       0.000       0.000       0.000       0.000       0.000       0.000       0.000       0.000       0.000       0.000
       0.000       0.000       0.000       0.000       0.000       0.000       0.000       0.000       0.000       0.000
       0.000       0.000       0.000       0.000       0.000       0.000       0.000       0.000       0.000       0.000
       0.000       0.000       0.000       0.000       0.000       0.000       0.000       0.000       0.000       0.000
       0.000       0.000       0.000       0.000       0.000       0.000       0.000       0.000       0.000       0.000
       0.000       0.000       0.000       0.000       0.000       0.000       0.000       0.000       0.000       0.000
       0.000       0.000       0.000       0.000       0.000       0.000       0.000       0.000       0.000       0.000
       0.000       0.000       0.000       0.000       0.000       0.000       0.000       0.000       0.000       0.000
       0.000       0.000       0.000       0.000       0.000       0.000       0.000       0.000       0.000       0.000
       0.000       0.000       0.000       0.000       0.000       0.000       0.000       0.000       0.000       0.000
       0.000       0.000       0.000       0.000       0.000       0.000       0.000       0.000       0.000       0.000
       0.000       0.000       0.000       0.000       0.000       0.000       0.000       0.000       0.000       0.000
       0.000       0.000       0.000       0.000       0.000       0.000       0.000       0.000       0.000       0.000
       0.000       0.000       0.000       0.000       0.000       0.000       0.000       0.000       0.000       0.000
       0.000       0.000       0.000       0.000       0.000       0.000       0.000       0.000       0.000       0.000
       0.000       0.000       0.000       0.000       0.000       0.000       0.000       0.000       0.000       0.000
       0.000       0.000       0.000       0.000       0.000       0.000       0.000       0.000       0.000       0.000
       0.000       0.000       0.000       0.000       0.000       0.000       0.000       0.000       0.000       0.000
       0.000       0.000       0.000       0.000       0.000       0.000       0.000       0.000       0.000       0.000
       0.000       0.000       0.000       0.000       0.000       0.000       0.000       0.000       0.000       0.000
       0.000       0.000       0.000       0.000       0.000       0.000       0.000       0.000       0.000       0.000
       0.000       0.000       0.000       0.000       0.000       0.000       0.000       0.000       0.000       0.000
       0.000       0.000       0.000       0.000       0.000       0.000       0.000       0.000       0.000       0.000
       0.000       0.000       0.000       0.000       0.000       0.000       0.000       0.000       0.000       0.000
       0.000       0.000       0.000       0.000       0.000       0.000       0.000       0.000       0.000       0.000
       0.000       0.000       0.000       0.000       0.000       0.000       0.000       0.000       0.000       0.000
       0.000       0.000       0.000       0.000       0.000       0.000       0.000       0.000       0.000       0.000
       0.000       0.000       0.000       0.000       0.000       0.000       0.000       0.000       0.000       0.000
       0.000       0.000       0.000       0.000       0.000       0.000       0.000       0.000       0.000       0.000
       0.000       0.000       0.000       0.000       0.000       0.000       0.000       0.000       0.000       0.000
       0.000       0.000       0.000       0.000       0.000       0.000       0.000       0.000       0.000       0.000
       0.000       0.000       0.000       0.000       0.000       0.000       0.000       0.000       0.000       0.000
       0.000       0.000       0.000       0.000       0.000       0.000       0.000       0.000       0.000       0.000
       0.000       0.000       0.000       0.000       0.000       0.000       0.000       0.000       0.000       0.000
       0.000       0.000       0.000       0.000       0.000       0.000       0.000       0.000       0.000       0.000
       0.000       0.000       0.000       0.000       0.000       0.000       0.000       0.000       0.000       0.000
       0.000       0.000       0.000       0.000       0.000       0.000       0.000       0.000       0.000       0.000
       0.000       0.000       0.000       0.000       0.000       0.000       0.000       0.000       0.000       0.000
       0.000       0.000       0.000       0.000       0.000       0.000       0.000       0.000       0.000       0.000
       0.000       0.000       0.000       0.000       0.000       0.000       0.000       0.000       0.000       0.000
       0.000       0.000       0.000       0.000       0.000       0.000       0.000       0.000       0.000       0.000
       0.000       0.000       0.000       0.000       0.000       0.000       0.000       0.000       0.000       0.000
       0.000       0.000       0.000       0.000       0.000       0.000       0.000       0.000       0.000       0.000
       0.000       0.000       0.000       0.000       0.000       0.000       0.000       0.000       0.000       0.000
       0.000       0.000       0.000       0.000       0.000       0.000       0.000       0.000       0.000       0.000
       0.000       0.000       0.000       0.000       0.000       0.000       0.000       0.000       0.000       0.000
       0.000       0.000       0.000       0.000       0.000       0.000       0.000       0.000       0.000       0.000
       0.000       0.000       0.000       0.000       0.000       0.000       0.000       0.000       0.000       0.000
       0.000       0.000       0.000       0.000       0.000       0.000       0.000       0.000       0.000       0.000
       0.000       0.000       0.000       0.000       0.000       0.000       0.000       0.000       0.000       0.000
       0.000       0.000       0.000       0.000       0.000       0.000       0.000       0.000       0.000       0.000
       0.000       0.000       0.000       0.000       0.000       0.000       0.000       0.000       0.000       0.000
       0.000       0.000       0.000       0.000       0.000       0.000       0.000       0.000       0.000       0.000
       0.000       0.000       0.000       0.000       0.000       0.000       0.000       0.000       0.000       0.000
       0.000       0.000       0.000       0.000       0.000       0.000       0.000       0.000       0.000       0.000
       0.000       0.000       0.000       0.000       0.000       0.000       0.000       0.000       0.000       0.000
       0.000       0.000       0.000       0.000       0.000       0.000       0.000       0.000       0.000       0.000
       0.000       0.000       0.000       0.000       0.000       0.000       0.000       0.000       0.000       0.000
       0.000       0.000       0.000       0.000       0.000       0.000       0.000       0.000       0.000       0.000
       0.000       0.000       0.000       0.000       0.000       0.000       0.000       0.000       0.000       0.000
       0.000       0.000       0.000       0.000       0.000       0.000