        2048     0.02000
       0.062       0.062       0.062       0.117       0.063       0.063       0.279       0.066       0.066       0.550
       0.082       0.076       0.767       0.114       0.123       1.287       0.179       0.183       2.012       0.320
       0.279       2.475       0.569       0.668       3.529       2.451       2.135       4.046       0.424      -3.091
      -3.622      -1.955      -2.150      -3.609      -3.220      -3.098      -4.100      -3.043      -2.925      -4.573
      -3.067      -3.093      -6.764      -5.555      -6.574     -12.125     -11.277      -9.510     -13.804     -11.468
      -8.105      -4.155      -3.669       4.551       1.473      -0.451     -10.924     -14.980     -15.713      -7.347
       1.003       6.510       2.495       2.996      -4.452      -4.767       0.519      11.869      16.880      12.184
       5.438      -5.711     -20.517     -25.727     -19.679     -20.856     -32.436     -34.582     -32.893     -37.499
     -29.155     -14.301      -0.831      13.294      19.883      30.777      31.410      43.545      46.670      31.147
      11.585       2.796       4.877      19.841      24.357      13.123      -8.460     -15.321       6.531       8.648
      -3.208     -12.586       0.163       1.824     -14.984     -26.197     -15.503     -34.805     -37.414     -33.071
     -19.194     -15.091      10.991      -4.692      -6.737       7.272      -3.456     -13.507     -11.255     -24.782
     -57.060     -88.055     -86.039     -75.790     -88.331     -59.560     -18.432      -6.938       1.687     -14.861
     -10.248       1.865      18.744      38.880      29.978      -5.118     -12.612     -20.354     -16.786      24.550
      25.029      37.627      28.224      -5.515     -22.374     -13.855      13.981      78.160      81.286      49.644
      34.146      21.112      -1.427     -37.591     -47.479     -27.068     -21.425     -60.481     -62.231     -74.529
     -72.980     -42.399     -62.886     -87.717    -115.236    -157.648    -165.784    -140.129     -86.858     -34.322
      -8.014      23.564     -21.610     -48.199     -61.706     -73.252     -35.725      -2.462      -0.344      15.344
      28.874      79.806      77.984      26.985     -41.996     -47.734     -45.252     -54.074     -85.861    -152.652
    -194.938    -135.629     -62.567      14.846      64.558      48.622      59.914      82.228     151.339     161.177
      91.270      11.465     -45.836     -75.862     -30.311      23.237      21.396     -18.457     -39.676     -66.079
     -97.593     -53.162     -30.128     -31.992     -33.100      19.093      51.493      41.935       4.303     -58.068
     -91.448     -57.846     -27.865      27.403     104.457     140.957     128.418     139.949     162.094      97.319
      28.290      24.352     -31.519     -63.739     -52.670     -44.063     -38.262     -37.121     -18.216     -26.513
     -35.192      -1.401      62.598      92.924     107.258      38.655     -27.275     -53.844     -64.342     -99.216
    -113.271     -90.604     -27.900      23.956      31.859       4.484       4.361      -8.601      -7.589      -6.092
      -3.251       5.906      21.694      59.023     117.310     126.646      76.069      35.632       0.237      -7.096
     -52.105     -54.113     -48.473     -44.870     -51.832     -20.678      34.806      72.754     136.274     188.042
     195.062     147.815     115.288      79.924      54.844       9.481      -7.605       2.671      13.157     -21.952
      10.709      13.875      -0.755       1.422     -34.455     -19.970      50.727      58.575       9.881     -38.004
     -96.195     -48.026      32.045      75.848      28.921      12.201      63.139      68.724       1.890     -55.526
     -21.684     -19.564     -80.566    -110.763     -54.730      10.853      13.969     -14.761     -11.225      20.074
      26.345      44.169      22.879      43.715      53.065      91.671     110.984     146.706      82.662      76.264
      35.197       8.229     -12.349     -16.834     -40.240     -11.236      -5.386     -15.354     -10.344     -27.082
     -30.252     -13.285      17.032      17.165      -7.441     -80.146     -94.724     -65.158      22.310      97.271
     138.483      87.061     -13.900     -48.171     -75.440    -104.591     -65.439      -2.673      30.078      48.252
       9.256     -14.677     -56.547    -105.598    -129.002     -87.679     -14.794      14.452      15.148      16.341
      59.198     103.904     130.911     133.128      93.782     -12.656     -72.856     -64.003      -4.346      56.977
      67.881      19.146     -23.910     -37.823     -24.002     -29.856      12.407     -23.160     -97.785    -123.311
     -88.792     -54.584      19.361      52.394      95.267      88.146     115.033      92.525      52.332      13.439
       1.918     -22.693       6.289       0.761      24.875      69.768      72.510      70.395      18.943     -22.546
     -58.542     -53.582     -29.317     -29.503     -67.391     -66.648     -59.718     -26.801     -15.511     -16.587
     -77.887    -129.794    -151.544     -90.127      33.366     107.624      98.189      71.589      54.062      44.328
      22.094     -23.954      -4.203      38.644      50.316      89.062     133.950     137.049     134.732     102.602
      45.364       6.239       5.848      46.788      41.174      54.681      34.329      57.312      66.746      41.699
     -50.695    -107.001    -124.935    -133.123     -64.179      -6.460     -26.380     -29.759      -1.386      11.940
      65.051      97.888     118.459      60.202      20.892      16.284      53.095      80.639      90.796      65.620
      26.252       7.543     -22.145     -74.376    -123.229     -73.931     -45.757     -50.197     -30.334      21.188
      94.336      87.921      53.034      34.730      14.764      14.226     -20.353     -48.678     -73.081     -61.868
     -53.211     -57.091     -33.441     -23.825     -62.678    -115.895    -132.801     -90.789     -73.312     -54.542
       0.231      38.726      32.948     -30.825     -67.687     -61.425       4.577      18.943     -31.161     -58.764
      -9.863       1.783      -3.427      40.161      90.662     129.729      90.572       4.006     -45.727     -11.226
      49.370      88.198     120.571     140.584      98.509      62.558      30.359     -19.215     -52.272     -54.924
     -52.950     -80.318    -122.100    -111.877     -52.366       9.336      10.519      -6.065       2.946      52.406
      72.400      85.242      83.623      94.001      76.855      67.008      58.386      25.090     -21.509     -55.962
     -66.826     -57.833      -1.975      28.424      64.624      60.130      42.652      12.236      28.046      41.643
      27.282      -8.665     -53.374    -105.651     -86.872     -80.280     -64.520     -36.718      -7.044      15.662
      49.190      26.297      19.007      21.914      24.579      52.430      84.019      89.847      87.155      67.746
      44.234      34.375       7.936     -11.339     -59.400     -93.593    -111.439     -82.544     -46.303      -5.107
      14.758      22.403      20.183       7.108      -4.125     -25.899     -26.847      -4.812      18.295       5.933
      -8.599      -5.451       1.762       7.208     -14.326     -10.151      14.826      19.303      -3.275     -12.338
      -4.509      17.450       6.521      -7.574     -27.283     -63.959    -109.708    -125.215    -106.369     -51.292
     -10.301      -1.692      28.469      72.002      81.427      65.059      31.734       0.412     -27.679     -39.447
     -45.223     -57.290     -67.658     -70.248     -69.788     -70.887     -70.470     -56.706     -42.618     -30.828
     -22.123     -12.218      -9.634       7.358      33.022      34.557      23.567      21.238      31.831      15.781
      -2.581     -26.455     -35.472     -11.222      17.424      45.383      80.207      87.922      84.182      60.829
      45.098      30.617      28.568      16.256       8.263      -3.803      -4.828      -3.822     -11.088     -27.960
     -54.303     -68.106     -55.486     -40.786     -22.729      -5.850       8.379      -2.741      -9.638     -11.320
      -3.362     -17.039     -38.071     -59.057     -68.503     -59.314     -27.738      -0.749      19.416      17.008
      -1.821     -22.667     -37.728     -24.183     -28.393     -33.502     -40.388     -33.676     -18.376     -10.891
       2.648      12.544       8.011      -7.268     -35.492     -44.812     -32.425     -11.119      -3.716       3.418
      -2.896      -7.515     -22.057     -21.384     -19.764      -2.510       5.873      22.792      33.151      39.536
      46.195      56.738      55.511      46.302      36.864      34.515      28.537      10.526      -4.091     -11.196
      -1.388       6.437      13.119      27.784      36.174      31.471      29.446      31.133      48.603      62.258
      68.583      66.209      53.978      27.759       8.637      -1.455       1.453       3.727      -2.620     -15.793
     -12.471     -18.533     -15.438     -10.210       2.598      15.575      22.046      21.969      14.164      -1.173
      -5.269      -5.957      -1.083      -5.238      -2.832      -7.795      -5.570      -8.479      -7.702       1.299
       0.423      -6.332      -7.224      -5.273      -9.514      -5.537      -0.523      -1.108     -11.308     -25.174
     -29.925     -22.410     -19.925     -18.978     -23.035     -12.362      -7.476      -2.724      -7.335     -20.608
     -30.796     -28.536     -23.088     -10.106      -9.398      -9.995     -15.383      -7.435      -1.762      10.871
      11.231      12.934       6.811       8.663      15.933      30.687      37.455      41.990      42.175      44.718
      34.169      27.994      19.512      16.218      12.434       8.425       6.005       4.328       6.099      10.566
       1.250      -8.002     -18.186     -15.909      -8.132       1.996       6.532      10.056       8.063      -0.668
     -11.554     -18.010      -7.528      -1.449       4.806       1.094      -3.249      -6.403      -9.623     -20.078
     -18.890     -15.106      -1.750       1.886       4.039       3.064       8.056       6.070       5.253      -0.750
       0.995       4.274       4.777      -4.280      -1.944      -1.429       5.422       1.004       0.277      -3.199
      -1.903      -7.411     -10.455     -12.241      -9.458      -5.555       0.982       6.157       9.594       7.036
       7.943       8.877       8.429       8.608       8.670       7.177       7.481       7.792       8.541      12.739
      14.044      10.956       5.353       4.185       4.898       9.171      11.330      15.596      15.464      15.857
      12.117       9.337       4.888       5.494       4.917       5.529       3.084       0.359      -3.622      -5.056
      -7.037      -4.617      -2.310       1.332       0.524       0.477      -2.172      -2.755      -3.582      -2.109
      -1.621      -0.119      -0.473      -0.661      -2.001      -1.065      -0.483       0.249       0.646       0.627
       1.064       1.229       0.641      -0.064      -0.315       0.111      -0.042      -0.645      -0.905      -1.440
      -1.519      -2.306      -2.521      -2.645      -2.560      -2.765      -2.736      -2.809      -2.612      -2.674
      -2.510      -2.495      -2.048      -1.727      -1.177      -0.813      -0.485      -0.251       0.000       0.000
       0.000       0.000       0.000       0.000       0.000       0.000       0.000       0.000       0.000       0.000
       0.000       0.000       0.000       0.000       0.000       0.000       0.000       0.000       0.000       0.000
       0.000       0.000       0.000       0.000       0.000       0.000       0.000       0.000       0.000       0.000
       0.000       0.000       0.000       0.000       0.000       0.000       0.000       0.000       0.000       0.000
       0.000       0.000       0.000       0.000       0.000       0.000       0.000       0.000       0.000       0.000
       0.000       0.000       0.000       0.000       0.000       0.000       0.000       0.000       0.000       0.000
       0.000       0.000       0.000       0.000       0.000       0.000       0.000       0.000       0.000       0.000
       0.000       0.000       0.000       0.000       0.000       0.000       0.000       0.000       0.000       0.000
       0.000       0.000       0.000       0.000       0.000       0.000       0.000       0.000       0.000       0.000
       0.000       0.000       0.000       0.000       0.000       0.000       0.000       0.000       0.000       0.000
       0.000       0.000       0.000       0.000       0.000       0.000       0.000       0.000       0.000       0.000
       0.000       0.000       0.000       0.000       0.000       0.000       0.000       0.000       0.000       0.000
       0.000       0.000       0.000       0.000       0.000       0.000       0.000       0.000       0.000       0.000
       0.000       0.000       0.000       0.000       0.000       0.000       0.000       0.000       0.000       0.000
       0.000       0.000       0.000       0.000       0.000       0.000       0.000       0.000       0.000       0.000
       0.000       0.000       0.000       0.000       0.000       0.000       0.000       0.000       0.000       0.000
       0.000       0.000       0.000       0.000       0.000       0.000       0.000       0.000       0.000       0.000
       0.000       0.000       0.000       0.000       0.000       0.000       0.000       0.000       0.000       0.000
       0.000       0.000       0.000       0.000       0.000       0.000       0.000       0.000       0.000       0.000
       0.000       0.000       0.000       0.000       0.000       0.000       0.000       0.000       0.000       0.000
       0.000       0.000       0.000       0.000       0.000       0.000       0.000       0.000       0.000       0.000
       0.000       0.000       0.000       0.000       0.000       0.000       0.000       0.000       0.000       0.000
       0.000       0.000       0.000       0.000       0.000       0.000       0.000       0.000       0.000       0.000
       0.000       0.000       0.000       0.000       0.000       0.000       0.000       0.000       0.000       0.000
       0.000       0.000       0.000       0.000       0.000       0.000       0.000       0.000       0.000       0.000
       0.000       0.000       0.000       0.000       0.000       0.000       0.000       0.000       0.000       0.000
       0.000       0.000       0.000       0.000       0.000       0.000       0.000       0.000       0.000       0.000
       0.000       0.000       0.000       0.000       0.000       0.000       0.000       0.000       0.000       0.000
       0.000       0.000       0.000       0.000       0.000       0.000       0.000       0.000       0.000       0.000
       0.000       0.000       0.000       0.000       0.000       0.000       0.000       0.000       0.000       0.000
       0.000       0.000       0.000       0.000       0.000       0.000       0.000       0.000       0.000       0.000
       0.000       0.000       0.000       0.000       0.000       0.000       0.000       0.000       0.000       0.000
       0.000       0.000       0.000       0.000       0.000       0.000       0.000       0.000       0.000       0.000
       0.000       0.000       0.000       0.000       0.000       0.000       0.000       0.000       0.000       0.000
       0.000       0.000       0.000       0.000       0.000       0.000       0.000       0.000       0.000       0.000
       0.000       0.000       0.000       0.000       0.000       0.000       0.000       0.000       0.000       0.000
       0.000       0.000       0.000       0.000       0.000       0.000       0.000       0.000       0.000       0.000
       0.000       0.000       0.000       0.000       0.000       0.000       0.000       0.000       0.000       0.000
       0.000       0.000       0.000       0.000       0.000       0.000       0.000       0.000       0.000       0.000
       0.000       0.000       0.000       0.000       0.000       0.000       0.000       0.000       0.000       0.000
       0.000       0.000       0.000       0.000       0.000       0.000       0.000       0.000       0.000       0.000
       0.000       0.000       0.000       0.000       0.000       0.000       0.000       0.000       0.000       0.000
       0.000       0.000       0.000       0.000       0.000       0.000       0.000       0.000       0.000       0.000
       0.000       0.000       0.000       0.000       0.000       0.000       0.000       0.000       0.000       0.000
       0.000       0.000       0.000       0.000       0.000       0.000       0.000       0.000       0.000       0.000
       0.000       0.000       0.000       0.000       0.000       0.000       0.000       0.000       0.000       0.000
       0.000       0.000       0.000       0.000       0.000       0.000       0.000       0.000       0.000       0.000
       0.000       0.000       0.000       0.000       0.000       0.000       0.000       0.000       0.000       0.000
       0.000       0.000       0.000       0.000       0.000       0.000       0.000       0.000       0.000       0.000
       0.000       0.000       0.000       0.000       0.000       0.000       0.000       0.000       0.000       0.000
       0.000       0.000       0.000       0.000       0.000       0.000       0.000       0.000       0.000       0.000
       0.000       0.000       0.000       0.000       0.000       0.000       0.000       0.000       0.000       0.000
       0.000       0.000       0.000       0.000       0.000       0.000       0.000       0.000       0.000       0.000
       0.000       0.000       0.000       0.000       0.000       0.000       0.000       0.000       0.000       0.000
       0.000       0.000       0.000       0.000       0.000       0.000       0.000       0.000       0.000       0.000
       0.000       0.000       0.000       0.000       0.000       0.000       0.000       0.000       0.000       0.000
       0.000       0.000       0.000       0.000       0.000       0.000       0.000       0.000       0.000       0.000
       0.000       0.000       0.000       0.000       0.000       0.000       0.000       0.000       0.000       0.000
       0.000       0.000       0.000       0.000       0.000       0.000       0.000       0.000       0.000       0.000
       0.000       0.000       0.000       0.000       0.000       0.000       0.000       0.000       0.000       0.000
       0.000       0.000       0.000       0.000       0.000       0.000       0.000       0.000       0.000       0.000
       0.000       0.000       0.000       0.000       0.000       0.000       0.000       0.000       0.000       0.000
       0.000       0.000       0.000       0.000       0.000       0.000       0.000       0.000       0.000       0.000
       0.000       0.000       0.000       0.000       0.000       0.000       0.000       0.000       0.000       0.000
       0.000       0.000       0.000       0.000       0.000       0.000       0.000       0.000       0.000       0.000
       0.000       0.000       0.000       0.000       0.000       0.000       0.000       0.000       0.000       0.000
       0.000       0.000       0.000       0.000       0.000       0.000       0.000       0.000       0.000       0.000
       0.000       0.000       0.000       0.000       0.000       0.000       0.000       0.000       0.000       0.000
       0.000       0.000       0.000       0.000       0.000       0.000       0.000       0.000       0.000       0.000
       0.000       0.000       0.000       0.000       0.000       0.000       0.000       0.000       0.000       0.000
       0.000       0.000       0.000       0.000       0.000       0.000       0.000       0.000       0.000       0.000
       0.000       0.000       0.000       0.000       0.000       0.000       0.000       0.000       0.000       0.000
       0.000       0.000       0.000       0.000       0.000       0.000       0.000       0.000       0.000       0.000
       0.000       0.000       0.000       0.000       0.000       0.000       0.000       0.000       0.000       0.000
       0.000       0.000       0.000       0.000       0.000       0.000       0.000       0.000       0.000       0.000
       0.000       0.000       0.000       0.000       0.000       0.000       0.000       0.000       0.000       0.000
       0.000       0.000       0.000       0.000       0.000       0.000       0.000       0.000       0.000       0.000
       0.000       0.000       0.000       0.000       0.000       0.000       0.000       0.000       0.000       0.000
       0.000       0.000       0.000       0.000       0.000       0.000       0.000       0.000       0.000       0.000
       0.000       0.000       0.000       0.000       0.000       0.000       0.000       0.000       0.000       0.000
       0.000       0.000       0.000       0.000       0.000       0.000       0.000       0.000       0.000       0.000
       0.000       0.000       0.000       0.000       0.000       0.000       0.000       0.000       0.000       0.000
       0.000       0.000       0.000       0.000       0.000       0.000       0.000       0.000       0.000       0.000
       0.000       0.000       0.000       0.000       0.000       0.000       0.000       0.000       0.000       0.000
       0.000       0.000       0.000       0.000       0.000       0.000       0.000       0.000       0.000       0.000
       0.000       0.000       0.000       0.000       0.000       0.000       0.000       0.000       0.000       0.000
       0.000       0.000       0.000       0.000       0.000       0.000       0.000       0.000       0.000       0.000
       0.000       0.000       0.000       0.000       0.000       0.000       0.000       0.000       0.000       0.000
       0.000       0.000       0.000       0.000       0.000       0.000       0.000       0.000       0.000       0.000
       0.000       0.000       0.000       0.000       0.000       0.000       0.000       0.000       0.000       0.000
       0.000       0.000       0.000       0.000       0.000       0.000       0.000       0.000       0.000       0.000
       0.000       0.000       0.000       0.000       0.000       0.000       0.000       0.000       0.000       0.000
       0.000       0.000       0.000       0.000       0.000       0.000       0.000       0.000       0.000       0.000
       0.000       0.000       0.000       0.000       0.000       0.000       0.000       0.000       0.000       0.000
       0.000       0.000       0.000       0.000       0.000       0.000       0.000       0.000       0.000       0.000
       0.000       0.000       0.000       0.000       0.000       0.000       0.000       0.000       0.000       0.000
       0.000       0.000       0.000       0.000       0.000       0.000       0.000       0.000       0.000       0.000
       0.000       0.000       0.000       0.000       0.000       0.000       0.000       0.000       0.000       0.000
       0.000       0.000       0.000       0.000       0.000       0.000       0.000       0.000       0.000       0.000
       0.000       0.000       0.000       0.000       0.000       0.000       0.000       0.000       0.000       0.000
       0.000       0.000       0.000       0.000       0.000       0.000       0.000       0.000       0.000       0.000
       0.000       0.000       0.000       0.000       0.000       0.000       0.000       0.000       0.000       0.000
       0.000       0.000       0.000       0.000       0.000       0.000       0.000       0.000       0.000       0.000
       0.000       0.000       0.000       0.000       0.000       0.000       0.000       0.000       0.000       0.000
       0.000       0.000       0.000       0.000       0.000       0.000       0.000       0.000       0.000       0.000
       0.000       0.000       0.000       0.000       0.000       0.000       0.000       0.000       0.000       0.000
       0.000       0.000       0.000       0.000       0.000       0.000       0.000       0.000       0.000       0.000
       0.000       0.000       0.000       0.000       0.000       0.000       0.000       0.000       0.000       0.000
       0.000       0.000       0.000       0.000       0.000       0.000       0.000       0.000       0.000       0.000
       0.000       0.000       0.000       0.000       0.000       0.000       0.000       0.000