        4096     0.02000
      -0.004      -0.004      -0.004      -0.003      -0.004      -0.004      -0.007      -0.004      -0.004      -0.001
      -0.004      -0.004      -0.011      -0.004      -0.004      -0.023      -0.004      -0.004      -0.032      -0.006
      -0.001      -0.018      -0.010      -0.005      -0.019      -0.018      -0.009      -0.015      -0.009      -0.010
      -0.031      -0.044      -0.037      -0.020      -0.017      -0.030      -0.022      -0.038      -0.122      -0.068
      -0.019       0.041       0.003      -0.040      -0.089      -0.021      -0.042      -0.131      -0.061      -0.086
      -0.118      -0.087      -0.163      -0.097      -0.037      -0.166      -0.277      -0.058       0.212       0.107
      -0.071      -0.196      -0.132      -0.171      -0.284      -0.091      -0.129      -0.375      -0.188      -0.195
      -0.431      -0.224      -0.153      -0.238      -0.368      -0.480      -0.472      -0.361      -0.534       0.035
       0.274      -0.170      -0.337      -0.561      -0.513      -0.455      -0.648      -0.050       0.295       0.211
       0.171      -0.134      -0.546      -0.174       0.094       0.574       0.448       0.256       0.672       0.416
       0.144       0.338       0.482       0.460       0.744       0.790       0.230       0.430       0.962       1.031
       0.931       0.833       0.172       0.556       0.954       0.867       1.000       1.189       0.132       0.158
       0.820       1.271       1.018       0.588       0.186       0.886       1.379       1.202       1.027       0.685
      -0.321      -0.292       0.356       0.916       0.165      -1.153      -1.615      -1.248      -0.091       1.679
       1.355       0.706      -0.214      -1.425      -1.470      -1.178      -0.578      -0.185      -0.911      -0.970
      -0.209       0.130       0.176      -0.299      -0.704      -0.945      -1.251      -1.922      -1.360       0.043
      -0.160      -0.948      -0.708       0.365       0.786       1.183       1.018      -0.755      -2.242      -1.130
       0.834       1.391       0.736      -0.512      -1.755      -2.671      -1.844      -0.646      -0.298       0.378
       0.586      -0.898      -1.359      -0.934      -0.216      -0.093      -0.325      -1.197      -3.082      -2.936
      -1.443      -0.280       0.786      -0.815      -3.255      -3.316      -1.750      -1.621      -2.644      -3.202
      -1.978      -0.261       1.058       2.429       1.452      -1.724      -2.513      -1.698      -0.882       1.233
       2.045      -0.243      -1.855      -1.583       0.035       1.423       0.466      -0.407      -0.646      -0.763
      -0.341      -1.678      -1.524       0.501       1.077       0.553       0.156      -0.125      -2.358      -3.941
      -1.471       2.267       3.919       3.432       1.736       0.942       1.815       1.767      -0.082      -0.827
       0.883       1.642      -0.034      -0.794      -0.569      -0.031       1.403       1.027       0.823       4.734
       5.440       3.753       3.797       3.621       2.096       2.741       1.902       1.214      -0.398      -3.320
      -4.510      -3.863      -1.120       3.446       4.873       1.699      -0.026       0.255       0.505       3.001
       4.052       4.490       3.201      -0.853      -3.626      -2.213       0.191       1.318       3.545       5.008
       3.308      -0.521      -2.200      -0.104       2.746       3.344       0.696      -2.288      -4.975      -2.426
       1.128       0.809      -2.556      -5.262      -2.353       2.469       3.667       2.855       0.476      -3.496
      -6.964      -6.120      -0.716       1.371      -0.244      -4.920      -6.622      -5.076      -2.071      -0.109
       1.091       2.712       2.246      -0.715      -1.732      -1.772      -4.906      -2.714       0.913       2.026
       4.467       3.671       0.994       1.683       0.376      -2.390      -2.605      -0.684       1.665       0.022
      -0.961       2.096       3.319       1.004       1.660       3.255      -0.240      -3.881      -4.654      -6.399
      -4.509      -2.457      -1.662       0.132      -0.867      -1.766      -0.982      -0.645      -4.200      -6.194
      -6.087      -0.472       4.212       7.444      10.479       8.512       0.995      -3.936      -6.056      -3.568
       0.668       3.516       1.810       0.090      -3.090      -4.919      -1.397       2.123       3.255       0.307
      -3.695      -0.221       3.461       4.906       4.173       4.085       2.973       0.385      -5.552     -11.901
     -10.409      -3.915       2.358       6.407       4.883       3.865      -0.015      -1.341       4.759      10.681
      13.058       7.556      -2.044      -6.559      -7.537      -6.811      -2.891       1.362       0.113       1.464
       7.369       6.547       0.894      -1.381      -1.043      -1.419       5.671      11.401       9.183       3.841
       0.397      -2.573      -5.718      -3.110      -0.704       0.574       2.851      -1.079      -2.739       1.214
       5.351       4.234       2.040       3.486       2.657      -4.035      -5.887      -4.541      -2.807      -2.095
      -5.263      -3.462      -7.223      -8.993       1.181       8.222       6.097       3.109      -1.396      -5.138
      -3.270      -3.367       1.075       4.713       2.840       5.686       4.446       4.436       7.210      -1.056
     -10.362      -9.573      -7.490      -2.757       8.114      15.062       9.409      -2.471      -7.006      -2.010
       1.931      -4.758      -8.560       0.886       9.634       9.598       0.905      -4.170       0.688      -2.479
      -6.102      -3.522      -3.686      -2.523      -5.956      -1.317      12.113      16.362      15.833      11.892
       3.939      -1.236      -2.731      -1.169      -5.175      -4.340      -2.164      -9.878      -8.518      -7.381
      -9.406      -7.256     -11.122     -12.804      -9.054       1.473       2.545      -8.551      -9.381      -2.382
       1.302      -1.512      -0.143       0.961       1.814      -3.080      -8.777      -6.326       3.787      15.581
      13.563      15.244      16.227      12.533       5.100      -2.884      -4.630      -0.670      -1.105      -6.558
      -3.956       0.637      -2.669      -8.824      -6.583       2.737       1.009      -6.239      -7.793      -1.253
       5.998       7.536      -3.996     -17.403     -12.842      -8.238     -14.939     -17.732      -8.864       1.040
       8.133       7.636       8.726       5.982      -2.955      -4.043       1.726       9.471      16.851      10.246
       0.773       0.727       0.777      -0.737      -0.010      -6.636      -0.259      11.447      14.051       1.114
      -9.887      -6.131      -2.458      -2.523       7.605       7.043       7.203       4.856      -5.290      -6.976
       8.733      12.638       0.728      -7.297      -6.600      -3.900       0.067      -2.968      -6.822       0.403
       9.824      14.857      15.518       6.583      -0.201      -7.191     -13.732     -13.064      -4.825      -3.699
      -6.218      -0.710       9.163      22.690      24.187      20.694      15.412      -1.778     -17.309     -23.738
     -21.194     -15.545      -5.232      -3.700     -10.946     -11.116     -16.974     -17.714      -4.755       7.626
      20.192      26.858      18.337       6.146      -2.998     -16.249     -13.846      -5.054       1.131       2.795
       4.696      15.303      23.353      18.693       3.584      -0.840       5.344       0.940      -0.053      10.477
      11.468       4.730      -9.559     -22.565     -19.537     -12.900       0.874      -0.677      -8.393      11.579
      23.129      18.263       9.329       2.590       5.344      -4.313     -23.585     -17.113       1.728      14.221
      22.423      20.403      16.874       6.745     -12.959     -20.208     -18.880     -15.791       0.472      12.167
       2.547      -9.823      -4.882       0.290       7.668      14.189       4.151      -9.518     -28.894     -38.004
     -30.336     -11.242       5.403       7.639      -2.921       0.323       6.280       1.491       2.471       3.153
      20.023      24.642      20.330      16.346      -2.722     -27.446     -33.453     -22.359      -4.866       4.400
      -6.728     -20.679     -20.225      -3.305      -0.349       1.359      11.968      10.740       9.903       3.134
      -3.005       4.013       7.750       8.164      14.818       9.289       5.154      11.949      10.570      12.574
       9.442      12.886      24.103      20.948       3.783      -7.028     -19.494     -29.074     -27.708     -19.740
     -18.366      -2.281      19.726      24.701      16.928       5.846     -10.172     -16.127     -10.497     -15.991
     -21.671      -5.229       5.256       5.744      19.485      25.850      14.917       1.422     -11.907      -6.970
      -0.781       1.534      -1.135      -3.127      -2.560       7.271       0.436       4.440       9.984       0.995
      -7.284     -15.090     -17.733      -2.230       2.157       3.628      -1.899     -12.126     -14.418      -9.763
      -8.140      -8.961      -1.812      -5.890       0.927       3.724       6.828      24.109      31.879      28.254
      15.831       5.093     -11.058     -23.490     -16.762       1.469       4.772       7.409      10.865      16.305
      22.722       4.971      -8.575       5.212      18.310      11.037      -1.940     -15.475     -21.386     -22.059
     -17.467     -18.121     -17.912       0.534      12.015      10.557      18.090      10.767       3.756       0.166
     -11.676     -11.893       6.318       6.009       0.054      -8.854     -12.804     -11.872      -9.996      -7.859
       1.788       7.974       8.382      23.303      21.734      17.775      19.678       8.074       4.327      12.424
       0.434     -21.060     -28.641     -18.555     -11.268       0.674      10.059      -4.371     -14.672      -5.325
     -12.750     -18.755      -1.784       9.482       4.153      -1.894      -0.882      -2.427      -0.349      11.256
       8.798       8.494       4.331      -1.161     -12.387     -18.792      -0.495      21.681      15.957       4.351
       6.467       8.461      -2.554     -11.052     -18.107     -13.952       2.792      17.347      17.861      -0.444
     -20.568     -33.316     -32.432     -21.811      -6.959       4.068       9.129      12.183      14.557      19.733
      18.380      11.622       1.728      -7.846      -7.310      -3.393      -2.386      12.678      12.817      -6.265
      -1.776      -2.988     -13.799     -14.754      -8.559      -0.638       3.118     -12.619     -19.015     -13.416
      -8.642      -7.212       5.174      21.027      26.727      25.693      21.523       9.946      -6.496     -24.570
     -30.397     -30.470     -20.166     -10.176       3.438      18.865      23.994      14.478      17.648      14.378
       0.480      -4.676       7.763      16.417       6.691      -5.686      -4.035      -1.293      -8.686     -17.233
     -15.890     -16.606      -9.098       0.662      -0.061       1.501      -6.707     -12.915      -2.560       8.616
      -0.562      -3.335       2.773       3.633      -4.107      -4.328      -5.560       4.861       6.183      -7.161
      -4.753      -0.671       1.136       5.105      -2.352     -10.154      -9.889      -7.922       1.799      10.121
      21.717      31.264      32.267      27.885      11.694     -12.253     -17.451     -13.992     -19.027     -14.195
       0.673      -1.261      -7.067      10.797       9.519      -6.729     -16.876     -24.234     -18.721       1.304
       9.015      11.434       3.672     -11.584      -4.301       7.443      26.296      35.081      17.228      -0.411
      -8.650     -11.683     -17.451      -8.947       3.669      -9.984     -15.347      -0.556       1.687      -5.791
       2.794      13.230       4.921      -3.982     -16.351     -12.096      -0.807       9.419      20.311      25.610
      27.790      22.008      12.378      -6.333     -16.846     -26.539     -15.204      10.146      20.201      14.130
      11.624       5.984      -5.806     -13.313     -19.057      -6.807      -3.204      -0.398      -1.007      -5.755
       9.048      12.052      -0.494       6.150       3.371      -4.584      -8.722      -5.277       1.549       4.390
       9.537      11.926       9.570       2.783       5.315      -1.771      -8.946     -14.006     -14.957     -12.991
     -15.477      -8.230      -1.340       0.964       8.198       5.579      -7.415      -9.892      -4.006       1.352
      -3.157       5.611      20.209      23.667      16.660       7.857      -7.495     -23.590     -26.571     -28.465
     -15.209       7.544      26.670      27.252      13.537       4.863       2.306      12.978      28.280      28.692
      17.234       6.593       1.412       8.536       9.167      -8.486     -16.042     -11.981     -11.802      -9.372
       6.094       9.500      -8.886     -27.844     -31.031     -20.921      -3.801       9.308      16.852       5.602
     -12.018     -16.993     -25.995     -21.314      -9.222       4.448      14.364      15.595      13.282       3.664
       0.417      -3.563      -1.074      -7.263      -7.787       1.426      -1.026      -9.838      -1.379      17.468
      17.172      17.761      21.070      13.912       0.900     -11.431     -15.385     -11.867     -22.547     -29.314
     -18.724      -7.010      -0.636      -1.138       1.402       0.667       0.190       9.529      12.067      -5.570
     -21.545     -13.382      11.021      26.332      25.363      19.876       3.001      -1.540      -0.271      -0.356
       4.088      -2.131      -4.167     -10.440       0.272      16.202       8.054      -8.137      -9.215     -14.736
      -8.116       8.447      23.595      27.907      15.915       8.122      15.486      19.874      16.352       1.278
     -13.026     -19.560     -20.058     -12.064      -6.969      -9.320      -9.521       0.715      -2.832     -11.191
      -6.212       4.591       7.292      -3.475     -17.708     -16.244      -6.966      -2.890       6.253      -2.541
      -6.926       8.209      16.657      11.114      17.204      15.321      -4.883     -21.744     -26.975     -19.051
      -8.558      13.206      15.607       6.093       5.411       1.282     -12.789     -14.385      -4.332      -6.285
      -6.383       0.261      -4.138       1.351      10.932      22.404      31.463      26.027       7.896     -10.023
     -23.440     -24.965     -13.887      -0.409      -4.909     -14.041     -10.139     -11.489     -25.166     -18.585
      -7.042       4.427      17.814      20.123       9.396       1.178      -0.662     -10.699     -11.619      -0.660
      11.740      13.501      -2.042     -15.047     -18.631     -10.174       8.675      22.869      18.274      11.602
       3.709      -2.438       5.520      13.492      12.964      12.014       9.610       2.523       0.348       1.235
      -5.382      -8.541       3.449       6.944      -4.678     -10.075      -3.740      -4.469       1.906      12.007
       9.909       5.562      12.107      12.598       8.580       9.056       1.687      -5.658       3.195       8.962
       3.233      -2.966     -10.450     -12.259     -16.545     -11.390       5.498      12.442       9.678       0.336
      -3.846      -5.885      -3.251       4.568      13.503       3.574     -14.259     -17.513      -8.523      -2.666
      -2.117       3.251      -1.492     -13.226     -10.593       2.480      13.158      11.667       7.802      10.084
      14.583      14.256       8.307       7.066       6.074      -6.360     -15.615      -9.301      -0.743      -2.295
      -1.600       2.123      -0.177       0.985       8.404       5.670       0.234       2.397       0.511       3.998
      10.657      12.458       7.084      -6.217      -9.455      -7.368      -9.695      -7.313       1.464      -0.746
      -3.895      -0.618       4.130       2.917      -3.637      -2.132       4.421      -1.107      -3.940      -3.526
      -2.486      -3.133     -10.106     -14.617      -5.331       1.547      -0.062       2.375       2.157       5.501
      -0.471     -14.052     -14.952     -10.319      -1.492       4.929       0.240      -3.474      -2.402      -3.160
      -4.580     -10.049      -6.808      -0.160       5.008      12.728      18.332      16.588       8.701      -5.983
     -14.436     -13.494      -8.548      -1.259       5.292       0.597      -5.525      -4.183      -2.919      -1.570
       4.464       8.458       8.338       0.699       1.057      11.684      17.970      14.837       9.160       3.436
      -5.199     -10.775      -7.653      -3.024      -5.311      -7.917     -13.412     -10.699      -3.481       5.517
      14.139      12.306       3.690       0.948       0.909      -3.142      -5.842      -2.038       5.696       8.250
       6.410       1.703      -7.699     -10.755      -9.967      -4.625       2.851       0.829      -5.495      -0.456
       4.877       0.264       0.964       1.006       0.574       6.009       7.452       4.593      -2.452      -8.552
     -12.954      -7.873       2.957      10.451      10.000       0.466      -3.926      -4.966      -0.766       5.601
       8.874       6.100      -1.256      -2.756      -4.371      -0.356       3.195       1.598       0.096      -6.930
     -14.041     -12.306      -2.181       4.098       6.772       7.229       7.169       5.809       6.423       2.380
      -2.792      -5.353      -4.025      -3.266      -3.496      -3.178      -6.219      -8.091      -4.162      -1.504
       1.258       3.747       3.257       0.306      -4.078      -1.991       3.944       4.285      -0.441      -0.625
      -0.244      -2.741      -3.803      -0.274       0.044      -1.457      -3.029      -4.450       0.958       4.002
       1.900       5.880       7.719       6.670       7.227       4.581      -0.780      -0.336       0.088       0.735
      -0.456      -2.488       4.632       9.676       8.528       4.000       0.038      -1.653      -1.824      -1.960
      -2.195      -1.888      -4.116      -5.773      -7.463      -5.255      -3.605      -1.562       0.200       1.022
       2.220       0.114       1.525       6.140       9.930      11.700       6.562      -2.279      -6.339      -7.807
      -9.280      -6.103      -3.382      -4.533      -3.843       1.647       5.934       5.514       0.536      -1.900
      -1.002      -0.819       3.057       6.531       2.908       0.912      -2.678      -6.187      -4.898      -2.480
      -0.633       0.519      -2.745      -1.811       1.084      -0.682      -2.215      -1.338      -2.238       0.252
       1.879       0.904       4.138       6.702       4.517       1.058      -2.249      -1.396       1.711       3.896
       5.632       2.234      -3.642      -7.913      -9.347     -10.766      -8.095      -1.019       3.678       3.821
       1.637      -0.160       1.038       5.529       5.261       3.606       3.211       0.952      -1.155       1.940
       3.029       1.476      -0.881      -4.332      -2.312      -0.313       2.966       4.324       2.890      -0.468
       0.611       3.139       4.705       6.215       2.550      -2.952      -4.173      -1.046       0.135      -1.451
      -3.614      -2.903      -0.618       2.548       5.403       3.508       1.485       2.264       2.508       2.199
       1.160       1.186       2.075      -0.795      -4.611      -4.538      -0.775      -1.032      -1.342      -0.938
      -0.028       1.358       2.406       5.434       7.483       4.522      -0.187      -0.588      -1.120      -1.472
      -3.790      -5.133      -3.522      -1.338      -1.159      -4.257      -6.049      -4.026      -1.063       0.546
       0.787      -0.671      -0.059      -0.726      -1.500      -0.919      -1.516      -3.442      -5.151      -4.238
      -2.949      -1.687       0.190       0.407       1.359       2.786       1.721       1.393       0.049      -2.093
      -0.297       1.016       1.667       2.507       0.249      -4.282      -5.180      -3.727      -0.393       2.509
       0.926      -3.754      -5.384      -5.119      -3.072       0.581       3.631       5.144       3.611       2.117
      -0.197      -1.593       0.193       1.683       1.448      -0.047      -0.903      -0.628      -0.485       0.917
       1.984       2.076       0.406      -2.091      -2.894      -0.657      -0.243       0.104       1.555       4.073
       4.204       0.532      -3.519      -2.872      -1.976      -2.827      -1.596      -1.899      -2.991      -1.690
       0.424       3.590       4.791       2.320       2.112       2.712       1.465       2.371       3.663       1.690
      -0.174      -0.614      -1.322      -0.993       0.846       1.814       2.120       3.700       2.222       1.207
       2.328       4.543       3.764       3.155       2.624       1.925       2.807       3.277       0.837      -1.400
      -0.654      -0.559      -0.341       2.388       3.453       3.500       2.432       2.626       1.459       1.457
       2.196       0.834      -2.671      -4.940      -4.938      -1.874       0.698       2.756       2.641       1.579
       1.581       0.110      -3.007      -1.541       1.921       2.505       1.473       0.260      -2.162      -4.606
      -4.859      -1.706      -0.444      -2.291      -3.684      -4.867      -3.984      -0.919       0.630       0.259
      -0.662      -0.283       1.031       1.398       0.352      -0.751      -1.676      -1.209      -1.936      -2.206
      -2.058      -2.303      -1.571      -2.026      -2.715      -3.197      -2.903      -2.481      -0.866      -1.800
      -3.255      -2.319      -0.696       1.424       2.236       1.679      -0.227      -0.703      -0.361      -1.257
      -2.430      -1.616      -0.321      -1.006      -1.423      -0.480       1.149       1.632       1.663       1.921
       2.161      -0.348      -2.723      -3.505      -2.012      -0.587       1.277       1.349       0.344      -1.822
      -2.963      -1.170       0.926       1.058       0.740       2.189       2.730       2.850       2.506       2.313
       1.977      -0.370      -0.796      -0.122       0.072      -0.063       0.371      -0.069      -1.089       0.287
       2.158       2.876       3.736       4.964       5.051       4.315       2.755       1.118       0.460       0.376
      -0.194      -0.455       0.044      -0.485      -0.672      -0.921      -1.323      -1.278      -0.151       0.377
       1.173       2.630       3.319       3.283       4.024       3.795       1.936       0.233      -0.877      -0.667
       0.738       0.328      -1.237      -1.886      -1.596      -0.402       0.809       0.345      -0.399      -1.267
      -1.117       0.813       1.880       1.636       1.222       0.554      -0.618      -0.301      -0.184      -0.736
      -0.354      -0.281      -1.738      -1.604      -1.267      -0.980      -0.241      -0.433      -0.248       0.832
       1.855       1.142      -0.610      -0.009       2.153       2.194       0.748      -0.634      -2.323      -2.593
      -1.040       0.553       1.208       2.058       1.983      -0.016      -0.909      -0.446      -0.943      -1.440
      -1.044      -0.761      -0.662      -1.294      -2.596      -3.702      -3.494      -2.545      -1.940      -0.912
       0.758       0.115      -1.071      -1.603      -2.552      -1.656      -0.650      -0.978      -1.101      -1.911
      -3.333      -2.640      -1.563      -0.720      -0.022      -0.010      -0.748      -1.058      -0.492       0.506
       2.097       2.177       1.393       0.548      -1.117      -1.978      -1.228      -1.067      -1.544      -1.459
      -1.052      -0.890      -0.791      -1.146      -0.839      -0.448      -0.140       0.515       0.730       1.181
       1.184       0.645       0.072       0.289       0.458       0.567       0.860       0.305      -0.979      -1.747
      -1.566      -1.278      -1.067      -0.812      -0.467      -0.451      -0.498      -0.084       0.202       0.207
       0.225       0.085      -0.222       0.115       0.431       0.302       0.237       0.172       0.015       0.110
       0.309       0.427       0.322       0.398       0.554       0.636       0.899       0.915       0.588       0.477
       0.606       0.425       0.311       0.438       0.362       0.198       0.246       0.347       0.536       0.727
       0.733       0.695       0.667       0.552       0.465       0.376       0.314       0.357       0.328       0.248
       0.247       0.183       0.110       0.137       0.153       0.206       0.265       0.200       0.131       0.106
       0.074       0.058       0.038       0.019       0.007       0.000       0.000       0.000       0.000       0.000
       0.000       0.000       0.000       0.000       0.000       0.000       0.000       0.000       0.000       0.000
       0.000       0.000       0.000       0.000       0.000       0.000       0.000       0.000       0.000       0.000
       0.000       0.000       0.000       0.000       0.000       0.000       0.000       0.000       0.000       0.000
       0.000       0.000       0.000       0.000       0.000       0.000       0.000       0.000       0.000       0.000
       0.000       0.000       0.000       0.000       0.000       0.000       0.000       0.000       0.000       0.000
       0.000       0.000       0.000       0.000       0.000       0.000       0.000       0.000       0.000       0.000
       0.000       0.000       0.000       0.000       0.000       0.000       0.000       0.000       0.000       0.000
       0.000       0.000       0.000       0.000       0.000       0.000       0.000       0.000       0.000       0.000
       0.000       0.000       0.000       0.000       0.000       0.000       0.000       0.000       0.000       0.000
       0.000       0.000       0.000       0.000       0.000       0.000       0.000       0.000       0.000       0.000
       0.000       0.000       0.000       0.000       0.000       0.000       0.000       0.000       0.000       0.000
       0.000       0.000       0.000       0.000       0.000       0.000       0.000       0.000       0.000       0.000
       0.000       0.000       0.000       0.000       0.000       0.000       0.000       0.000       0.000       0.000
       0.000       0.000       0.000       0.000       0.000       0.000       0.000       0.000       0.000       0.000
       0.000       0.000       0.000       0.000       0.000       0.000       0.000       0.000       0.000       0.000
       0.000       0.000       0.000       0.000       0.000       0.000       0.000       0.000       0.000       0.000
       0.000       0.000       0.000       0.000       0.000       0.000       0.000       0.000       0.000       0.000
       0.000       0.000       0.000       0.000       0.000       0.000       0.000       0.000       0.000       0.000
       0.000       0.000       0.000       0.000       0.000       0.000       0.000       0.000       0.000       0.000
       0.000       0.000       0.000       0.000       0.000       0.000       0.000       0.000       0.000       0.000
       0.000       0.000       0.000       0.000       0.000       0.000       0.000       0.000       0.000       0.000
       0.000       0.000       0.000       0.000       0.000       0.000       0.000       0.000       0.000       0.000
       0.000       0.000       0.000       0.000       0.000       0.000       0.000       0.000       0.000       0.000
       0.000       0.000       0.000       0.000       0.000       0.000       0.000       0.000       0.000       0.000
       0.000       0.000       0.000       0.000       0.000       0.000       0.000       0.000       0.000       0.000
       0.000       0.000       0.000       0.000       0.000       0.000       0.000       0.000       0.000       0.000
       0.000       0.000       0.000       0.000       0.000       0.000       0.000       0.000       0.000       0.000
       0.000       0.000       0.000       0.000       0.000       0.000       0.000       0.000       0.000       0.000
       0.000       0.000       0.000       0.000       0.000       0.000       0.000       0.000       0.000       0.000
       0.000       0.000       0.000       0.000       0.000       0.000       0.000       0.000       0.000       0.000
       0.000       0.000       0.000       0.000       0.000       0.000       0.000       0.000       0.000       0.000
       0.000       0.000       0.000       0.000       0.000       0.000       0.000       0.000       0.000       0.000
       0.000       0.000       0.000       0.000       0.000       0.000       0.000       0.000       0.000       0.000
       0.000       0.000       0.000       0.000       0.000       0.000       0.000       0.000       0.000       0.000
       0.000       0.000       0.000       0.000       0.000       0.000       0.000       0.000       0.000       0.000
       0.000       0.000       0.000       0.000       0.000       0.000       0.000       0.000       0.000       0.000
       0.000       0.000       0.000       0.000       0.000       0.000       0.000       0.000       0.000       0.000
       0.000       0.000       0.000       0.000       0.000       0.000       0.000       0.000       0.000       0.000
       0.000       0.000       0.000       0.000       0.000       0.000       0.000       0.000       0.000       0.000
       0.000       0.000       0.000       0.000       0.000       0.000       0.000       0.000       0.000       0.000
       0.000       0.000       0.000       0.000       0.000       0.000       0.000       0.000       0.000       0.000
       0.000       0.000       0.000       0.000       0.000       0.000       0.000       0.000       0.000       0.000
       0.000       0.000       0.000       0.000       0.000       0.000       0.000       0.000       0.000       0.000
       0.000       0.000       0.000       0.000       0.000       0.000       0.000       0.000       0.000       0.000
       0.000       0.000       0.000       0.000       0.000       0.000       0.000       0.000       0.000       0.000
       0.000       0.000       0.000       0.000       0.000       0.000       0.000       0.000       0.000       0.000
       0.000       0.000       0.000       0.000       0.000       0.000       0.000       0.000       0.000       0.000
       0.000       0.000       0.000       0.000       0.000       0.000       0.000       0.000       0.000       0.000
       0.000       0.000       0.000       0.000       0.000       0.000       0.000       0.000       0.000       0.000
       0.000       0.000       0.000       0.000       0.000       0.000       0.000       0.000       0.000       0.000
       0.000       0.000       0.000       0.000       0.000       0.000       0.000       0.000       0.000       0.000
       0.000       0.000       0.000       0.000       0.000       0.000       0.000       0.000       0.000       0.000
       0.000       0.000       0.000       0.000       0.000       0.000       0.000       0.000       0.000       0.000
       0.000       0.000       0.000       0.000       0.000       0.000       0.000       0.000       0.000       0.000
       0.000       0.000       0.000       0.000       0.000       0.000       0.000       0.000       0.000       0.000
       0.000       0.000       0.000       0.000       0.000       0.000       0.000       0.000       0.000       0.000
       0.000       0.000       0.000       0.000       0.000       0.000       0.000       0.000       0.000       0.000
       0.000       0.000       0.000       0.000       0.000       0.000       0.000       0.000       0.000       0.000
       0.000       0.000       0.000       0.000       0.000       0.000       0.000       0.000       0.000       0.000
       0.000       0.000       0.000       0.000       0.000       0.000       0.000       0.000       0.000       0.000
       0.000       0.000       0.000       0.000       0.000       0.000       0.000       0.000       0.000       0.000
       0.000       0.000       0.000       0.000       0.000       0.000       0.000       0.000       0.000       0.000
       0.000       0.000       0.000       0.000       0.000       0.000       0.000       0.000       0.000       0.000
       0.000       0.000       0.000       0.000       0.000       0.000       0.000       0.000       0.000       0.000
       0.000       0.000       0.000       0.000       0.000       0.000       0.000       0.000       0.000       0.000
       0.000       0.000       0.000       0.000       0.000       0.000       0.000       0.000       0.000       0.000
       0.000       0.000       0.000       0.000       0.000       0.000       0.000       0.000       0.000       0.000
       0.000       0.000       0.000       0.000       0.000       0.000       0.000       0.000       0.000       0.000
       0.000       0.000       0.000       0.000       0.000       0.000       0.000       0.000       0.000       0.000
       0.000       0.000       0.000       0.000       0.000       0.000       0.000       0.000       0.000       0.000
       0.000       0.000       0.000       0.000       0.000       0.000       0.000       0.000       0.000       0.000
       0.000       0.000       0.000       0.000       0.000       0.000       0.000       0.000       0.000       0.000
       0.000       0.000       0.000       0.000       0.000       0.000       0.000       0.000       0.000       0.000
       0.000       0.000       0.000       0.000       0.000       0.000       0.000       0.000       0.000       0.000
       0.000       0.000       0.000       0.000       0.000       0.000       0.000       0.000       0.000       0.000
       0.000       0.000       0.000       0.000       0.000       0.000       0.000       0.000       0.000       0.000
       0.000       0.000       0.000       0.000       0.000       0.000       0.000       0.000       0.000       0.000
       0.000       0.000       0.000       0.000       0.000       0.000       0.000       0.000       0.000       0.000
       0.000       0.000       0.000       0.000       0.000       0.000       0.000       0.000       0.000       0.000
       0.000       0.000       0.000       0.000       0.000       0.000       0.000       0.000       0.000       0.000
       0.000       0.000       0.000       0.000       0.000       0.000       0.000       0.000       0.000       0.000
       0.000       0.000       0.000       0.000       0.000       0.000       0.000       0.000       0.000       0.000
       0.000       0.000       0.000       0.000       0.000       0.000       0.000       0.000       0.000       0.000
       0.000       0.000       0.000       0.000       0.000       0.000       0.000       0.000       0.000       0.000
       0.000       0.000       0.000       0.000       0.000       0.000       0.000       0.000       0.000       0.000
       0.000       0.000       0.000       0.000       0.000       0.000       0.000       0.000       0.000       0.000
       0.000       0.000       0.000       0.000       0.000       0.000       0.000       0.000       0.000       0.000
       0.000       0.000       0.000       0.000       0.000       0.000       0.000       0.000       0.000       0.000
       0.000       0.000       0.000       0.000       0.000       0.000       0.000       0.000       0.000       0.000
       0.000       0.000       0.000       0.000       0.000       0.000       0.000       0.000       0.000       0.000
       0.000       0.000       0.000       0.000       0.000       0.000       0.000       0.000       0.000       0.000
       0.000       0.000       0.000       0.000       0.000       0.000       0.000       0.000       0.000       0.000
       0.000       0.000       0.000       0.000       0.000       0.000       0.000       0.000       0.000       0.000
       0.000       0.000       0.000       0.000       0.000       0.000       0.000       0.000       0.000       0.000
       0.000       0.000       0.000       0.000       0.000       0.000       0.000       0.000       0.000       0.000
       0.000       0.000       0.000       0.000       0.000       0.000       0.000       0.000       0.000       0.000
       0.000       0.000       0.000       0.000       0.000       0.000       0.000       0.000       0.000       0.000
       0.000       0.000       0.000       0.000       0.000       0.000       0.000       0.000       0.000       0.000
       0.000       0.000       0.000       0.000       0.000       0.000       0.000       0.000       0.000       0.000
       0.000       0.000       0.000       0.000       0.000       0.000       0.000       0.000       0.000       0.000
       0.000       0.000       0.000       0.000       0.000       0.000       0.000       0.000       0.000       0.000
       0.000       0.000       0.000       0.000       0.000       0.000       0.000       0.000       0.000       0.000
       0.000       0.000       0.000       0.000       0.000       0.000       0.000       0.000       0.000       0.000
       0.000       0.000       0.000       0.000       0.000       0.000       0.000       0.000       0.000       0.000
       0.000       0.000       0.000       0.000       0.000       0.000       0.000       0.000       0.000       0.000
       0.000       0.000       0.000       0.000       0.000       0.000       0.000       0.000       0.000       0.000
       0.000       0.000       0.000       0.000       0.000       0.000       0.000       0.000       0.000       0.000
       0.000       0.000       0.000       0.000       0.000       0.000       0.000       0.000       0.000       0.000
       0.000       0.000       0.000       0.000       0.000       0.000       0.000       0.000       0.000       0.000
       0.000       0.000       0.000       0.000       0.000       0.000       0.000       0.000       0.000       0.000
       0.000       0.000       0.000       0.000       0.000       0.000       0.000       0.000       0.000       0.000
       0.000       0.000       0.000       0.000       0.000       0.000       0.000       0.000       0.000       0.000
       0.000       0.000       0.000       0.000       0.000       0.000       0.000       0.000       0.000       0.000
       0.000       0.000       0.000       0.000       0.000       0.000       0.000       0.000       0.000       0.000
       0.000       0.000       0.000       0.000       0.000       0.000       0.000       0.000       0.000       0.000
       0.000       0.000       0.000       0.000       0.000       0.000       0.000       0.000       0.000       0.000
       0.000       0.000       0.000       0.000       0.000       0.000       0.000       0.000       0.000       0.000
       0.000       0.000       0.000       0.000       0.000       0.000       0.000       0.000       0.000       0.000
       0.000       0.000       0.000       0.000       0.000       0.000       0.000       0.000       0.000       0.000
       0.000       0.000       0.000       0.000       0.000       0.000       0.000       0.000       0.000       0.000
       0.000       0.000       0.000       0.000       0.000       0.000       0.000       0.000       0.000       0.000
       0.000       0.000       0.000       0.000       0.000       0.000       0.000       0.000       0.000       0.000
       0.000       0.000       0.000       0.000       0.000       0.000       0.000       0.000       0.000       0.000
       0.000       0.000       0.000       0.000       0.000       0.000       0.000       0.000       0.000       0.000
       0.000       0.000       0.000       0.000       0.000       0.000       0.000       0.000       0.000       0.000
       0.000       0.000       0.000       0.000       0.000       0.000       0.000       0.000       0.000       0.000
       0.000       0.000       0.000       0.000       0.000       0.000       0.000       0.000       0.000       0.000
       0.000       0.000       0.000       0.000       0.000       0.000       0.000       0.000       0.000       0.000
       0.000       0.000       0.000       0.000       0.000       0.000       0.000       0.000       0.000       0.000
       0.000       0.000       0.000       0.000       0.000       0.000       0.000       0.000       0.000       0.000
       0.000       0.000       0.000       0.000       0.000       0.000       0.000       0.000       0.000       0.000
       0.000       0.000       0.000       0.000       0.000       0.000       0.000       0.000       0.000       0.000
       0.000       0.000       0.000       0.000       0.000       0.000       0.000       0.000       0.000       0.000
       0.000       0.000       0.000       0.000       0.000       0.000       0.000       0.000       0.000       0.000
       0.000       0.000       0.000       0.000       0.000       0.000       0.000       0.000       0.000       0.000
       0.000       0.000       0.000       0.000       0.000       0.000       0.000       0.000       0.000       0.000
       0.000       0.000       0.000       0.000       0.000       0.000       0.000       0.000       0.000       0.000
       0.000       0.000       0.000       0.000       0.000       0.000       0.000       0.000       0.000       0.000
       0.000       0.000       0.000       0.000       0.000       0.000       0.000       0.000       0.000       0.000
       0.000       0.000       0.000       0.000       0.000       0.000       0.000       0.000       0.000       0.000
       0.000       0.000       0.000       0.000       0.000       0.000       0.000       0.000       0.000       0.000
       0.000       0.000       0.000       0.000       0.000       0.000       0.000       0.000       0.000       0.000
       0.000       0.000       0.000       0.000       0.000       0.000       0.000       0.000       0.000       0.000
       0.000       0.000       0.000       0.000       0.000       0.000       0.000       0.000       0.000       0.000
       0.000       0.000       0.000       0.000       0.000       0.000       0.000       0.000       0.000       0.000
       0.000       0.000       0.000       0.000       0.000       0.000       0.000       0.000       0.000       0.000
       0.000       0.000       0.000       0.000       0.000       0.000       0.000       0.000       0.000       0.000
       0.000       0.000       0.000       0.000       0.000       0.000       0.000       0.000       0.000       0.000
       0.000       0.000       0.000       0.000       0.000       0.000       0.000       0.000       0.000       0.000
       0.000       0.000       0.000       0.000       0.000       0.000       0.000       0.000       0.000       0.000
       0.000       0.000       0.000       0.000       0.000       0.000       0.000       0.000       0.000       0.000
       0.000       0.000       0.000       0.000       0.000       0.000       0.000       0.000       0.000       0.000
       0.000       0.000       0.000       0.000       0.000       0.000       0.000       0.000       0.000       0.000
       0.000       0.000       0.000       0.000       0.000       0.000       0.000       0.000       0.000       0.000
       0.000       0.000       0.000       0.000       0.000       0.000       0.000       0.000       0.000       0.000
       0.000       0.000       0.000       0.000       0.000       0.000       0.000       0.000       0.000       0.000
       0.000       0.000       0.000       0.000       0.000       0.000       0.000       0.000       0.000       0.000
       0.000       0.000       0.000       0.000       0.000       0.000       0.000       0.000       0.000       0.000
       0.000       0.000       0.000       0.000       0.000       0.000       0.000       0.000       0.000       0.000
       0.000       0.000       0.000       0.000       0.000       0.000       0.000       0.000       0.000       0.000
       0.000       0.000       0.000       0.000       0.000       0.000       0.000       0.000       0.000       0.000
       0.000       0.000       0.000       0.000       0.000       0.000       0.000       0.000       0.000       0.000
       0.000       0.000       0.000       0.000       0.000       0.000       0.000       0.000       0.000       0.000
       0.000       0.000       0.000       0.000       0.000       0.000       0.000       0.000       0.000       0.000
       0.000       0.000       0.000       0.000       0.000       0.000       0.000       0.000       0.000       0.000
       0.000       0.000       0.000       0.000       0.000       0.000       0.000       0.000       0.000       0.000
       0.000       0.000       0.000       0.000       0.000       0.000       0.000       0.000       0.000       0.000
       0.000       0.000       0.000       0.000       0.000       0.000       0.000       0.000       0.000       0.000
       0.000       0.000       0.000       0.000       0.000       0.000       0.000       0.000       0.000       0.000
       0.000       0.000       0.000       0.000       0.000       0.000       0.000       0.000       0.000       0.000
       0.000       0.000       0.000       0.000       0.000       0.000       0.000       0.000       0.000       0.000
       0.000       0.000       0.000       0.000       0.000       0.000       0.000       0.000       0.000       0.000
       0.000       0.000       0.000       0.000       0.000       0.000       0.000       0.000       0.000       0.000
       0.000       0.000       0.000       0.000       0.000       0.000       0.000       0.000       0.000       0.000
       0.000       0.000       0.000       0.000       0.000       0.000       0.000       0.000       0.000       0.000
       0.000       0.000       0.000       0.000       0.000       0.000       0.000       0.000       0.000       0.000
       0.000       0.000       0.000       0.000       0.000       0.000       0.000       0.000       0.000       0.000
       0.000       0.000       0.000       0.000       0.000       0.000       0.000       0.000       0.000       0.000
       0.000       0.000       0.000       0.000       0.000       0.000       0.000       0.000       0.000       0.000
       0.000       0.000       0.000       0.000       0.000       0.000       0.000       0.000       0.000       0.000
       0.000       0.000       0.000       0.000       0.000       0.000       0.000       0.000       0.000       0.000
       0.000       0.000       0.000       0.000       0.000       0.000       0.000       0.000       0.000       0.000
       0.000       0.000       0.000       0.000       0.000       0.000       0.000       0.000       0.000       0.000
       0.000       0.000       0.000       0.000       0.000       0.000       0.000       0.000       0.000       0.000
       0.000       0.000       0.000       0.000       0.000       0.000       0.000       0.000       0.000       0.000
       0.000       0.000       0.000       0.000       0.000       0.000       0.000       0.000       0.000       0.000
       0.000       0.000       0.000       0.000       0.000       0.000       0.000       0.000       0.000       0.000
       0.000       0.000       0.000       0.000       0.000       0.000       0.000       0.000       0.000       0.000
       0.000       0.000       0.000       0.000       0.000       0.000       0.000       0.000       0.000       0.000
       0.000       0.000       0.000       0.000       0.000       0.000       0.000       0.000       0.000       0.000
       0.000       0.000       0.000       0.000       0.000       0.000       0.000       0.000       0.000       0.000
       0.000       0.000       0.000       0.000       0.000       0.000       0.000       0.000       0.000       0.000
       0.000       0.000       0.000       0.000       0.000       0.000       0.000       0.000       0.000       0.000
       0.000       0.000       0.000       0.000       0.000       0.000       0.000       0.000       0.000       0.000
       0.000       0.000       0.000       0.000       0.000       0.000       0.000       0.000       0.000       0.000
       0.000       0.000       0.000       0.000       0.000       0.000       0.000       0.000       0.000       0.000
       0.000       0.000       0.000       0.000       0.000       0.000       0.000       0.000       0.000       0.000
       0.000       0.000       0.000       0.000       0.000       0.000       0.000       0.000       0.000       0.000
       0.000       0.000       0.000       0.000       0.000       0.000       0.000       0.000       0.000       0.000
       0.000       0.000       0.000       0.000       0.000       0.000       0.000       0.000       0.000       0.000
       0.000       0.000       0.000       0.000       0.000       0.000       0.000       0.000       0.000       0.000
       0.000       0.000       0.000       0.000       0.000       0.000       0.000       0.000       0.000       0.000
       0.000       0.000       0.000       0.000       0.000       0.000