        4096     0.02000
      -0.001      -0.001      -0.001       0.000      -0.001      -0.001       0.001      -0.000      -0.000       0.004
      -0.000      -0.000       0.007      -0.000      -0.000       0.011       0.000      -0.000       0.015       0.001
       0.000       0.023       0.002       0.001       0.037       0.003       0.002       0.044       0.004       0.003
       0.060       0.007       0.006       0.087       0.011       0.010       0.112       0.012       0.012       0.132
       0.017       0.014       0.153       0.021       0.027       0.176       0.041       0.035       0.157       0.136
       0.045       0.087       0.235       0.056       0.058       0.263       0.195       0.104       0.049      -0.104
      -0.090      -0.325      -0.254      -0.124      -0.357      -0.151      -0.205      -0.392      -0.313      -0.186
      -0.286      -0.082       0.212       0.066      -0.168      -0.103       0.003       0.214       0.365       0.543
       0.464       0.432       0.585       0.382       0.063       0.030      -0.144      -0.303      -0.448      -0.138
      -0.286      -0.248       0.247       0.218      -0.188      -0.298      -0.430      -0.407      -0.308       0.142
       0.354      -0.233      -0.406      -0.467      -0.373      -0.028      -0.251      -0.089      -0.218      -0.898
      -0.326      -0.318      -0.169      -0.585      -1.133      -0.756      -0.607      -0.439      -0.539      -1.137
      -1.198      -0.851      -0.988      -1.312      -1.340      -1.240      -1.005      -0.762      -0.628       0.210
      -0.002       0.240       0.937       1.095       0.955       0.164       0.202      -0.313      -0.424      -0.508
       0.016       1.027       0.207       0.163      -0.731      -1.019      -1.496      -1.883      -1.339      -1.362
      -0.929      -0.610       0.419       0.970       0.572       0.032      -0.491      -0.123      -0.422      -0.830
      -1.202      -1.442      -0.660       0.481       0.661      -0.119       0.198      -0.445      -0.687      -0.265
      -0.261      -0.350      -0.098      -0.353       0.198       0.628       1.963       2.728       2.143       1.559
       0.124      -0.566      -0.712      -0.429      -0.394       0.556       1.356       0.779       0.263      -0.242
      -0.701      -1.365      -1.338      -0.652      -0.028       0.444       0.399       1.660       0.452       0.257
       1.478       1.358       2.083       2.415       0.944       0.336       0.276      -0.762       0.148       0.453
       2.459       3.877       3.330       3.353       3.847       2.084       0.061      -0.793      -0.222       1.079
       0.318       0.187       1.894       3.113       2.085       1.746       1.875      -0.356      -0.921      -1.782
      -2.660      -2.401      -1.583      -0.034       0.293       0.491       1.187       1.924       1.906       2.639
       2.472       0.748      -0.042      -0.993      -2.822      -2.753      -4.069      -3.802      -0.957       1.479
       0.913      -0.259      -2.454      -3.285      -1.780      -0.838      -1.990      -2.317      -0.600      -0.013
      -0.110      -0.968      -0.348      -1.526       0.317       2.494       3.821       3.526       2.386       0.767
      -0.002      -3.502      -2.550      -2.707      -0.549       0.498       3.119       1.089      -0.306      -1.394
      -2.581      -3.176      -3.694      -4.194      -3.699      -3.557      -2.526      -3.499      -4.942      -2.569
      -0.696       0.691       3.486       5.340       4.141       2.156      -1.946      -4.478      -3.142      -3.536
      -1.601       1.360       3.502       2.598       4.510       6.184       4.518       0.340       0.970      -1.770
      -2.192      -1.030       1.334       4.159       7.284       6.600       2.496      -0.410      -0.912       0.297
      -3.942      -5.510      -6.051      -2.415       3.098       7.307       6.575       5.592       4.369      -1.214
      -4.508      -5.740      -4.308      -1.604       2.055       7.268       6.003       6.104       2.499       2.773
       2.807      -1.385      -0.699       3.256       1.783       2.796       5.617       2.954       1.010       3.531
       0.842      -0.803      -2.172       1.301       0.357      -0.492      -3.290      -0.060       2.735       2.975
       0.392       0.692      -0.531      -0.296       3.356       2.259      -1.011      -0.258       2.756      -0.568
      -5.788      -9.086      -7.616      -6.835      -8.404      -3.002      -1.952      -1.763      -0.393      -2.088
      -2.289      -4.352      -1.493      -1.328       1.618      -2.254      -1.114       2.261      -0.924      -2.887
      -0.095      -1.406       1.941      -3.255      -6.306      -7.891      -6.976      -1.190       5.386      11.047
       7.801       4.979      -0.139      -4.072       0.828       4.886       2.310      -2.166      -8.439      -6.729
      -1.101       0.983       6.363       5.520      -1.295      -3.865       1.696       7.284      10.450       4.244
      -3.928     -10.741     -14.900     -11.803      -5.758       0.942       4.852       0.661       1.851       3.578
      -3.674      -7.604      -2.818       5.160       6.949       6.134       0.883      -5.688      -2.176       1.948
       3.490      -1.142       1.742       6.777       3.909      -2.880      -2.467       3.946       6.451       5.226
      -2.523      -2.653       1.386       4.703       8.052       9.000      10.583      10.199       9.074       6.524
       3.701      -8.091     -14.002     -18.673     -16.389     -12.607      -5.279       4.410      12.700      13.961
       7.914       7.241       8.583       0.175      -9.639     -15.084     -10.344      -7.987       0.103      -1.797
      -0.513       2.455      -2.753       0.947       5.210      -1.441      -7.894      -5.458       2.542       7.262
       1.022      -2.063       0.250      -6.981      -5.579       4.029      13.148      15.027       8.922       8.120
       6.474      -5.314      -5.613      -7.015     -14.256     -12.807      -4.261      -4.476       2.555       8.554
      13.230       8.403       7.669       7.820      -0.973      -5.062     -15.488     -19.153     -10.119       2.666
      15.271      22.223      17.038      12.561       6.149     -10.190     -13.338     -17.597     -17.733     -15.459
     -10.143      -8.241      -6.953       4.562      14.433      21.639      15.257      10.007      -2.615      -5.678
      -9.808     -13.849      -3.380       5.674      13.828      13.454       4.162       3.506       5.675       3.304
      12.096       6.985      -2.637      -1.052       2.192      -8.402      -3.300      -8.162     -16.104     -16.304
     -10.026       1.242       5.963      -2.341      -6.716       3.180      14.393      10.469      -2.083     -14.200
     -21.503     -17.197      -9.326     -14.770     -16.490     -13.153      -5.511       9.786      18.101      20.733
      16.183      11.519      14.250      10.681      -0.303     -12.846      -6.456      -6.074       2.511      16.303
      11.949      14.752      12.897       4.808      -8.899     -20.429     -13.180      -8.363      -0.155      -4.687
       2.475      -2.062       4.458      16.669      23.228      13.759      -1.967      -9.901      -2.162     -11.050
     -12.425     -10.326      -7.970       7.292      23.288      21.333       5.354      -2.129     -17.853     -17.499
      -9.606      -6.484       6.379      13.167      27.511      27.162      14.134      -6.059     -19.073     -22.452
     -12.327     -11.094      -4.233      -5.322      -1.131      -1.518      -6.841       6.178      22.191      26.284
      15.360      17.237      12.121      -6.583     -20.368     -27.428     -18.883      -2.815       7.816       2.612
       8.503       0.568      -1.308       3.466      -2.122      13.367      25.176      27.380      17.916      -4.268
     -16.143     -19.166     -19.854      -0.623      13.964       5.721      10.176      15.995       5.492       6.612
       0.472       6.025       0.568     -15.023     -27.682     -30.164     -21.207      -8.740     -15.847      -9.128
       8.315      12.927       4.661     -11.967     -14.432     -16.765      -8.294     -11.912     -12.829       2.591
      14.324      17.820      28.095      31.851      24.102       2.443       2.909       0.435     -15.177     -22.721
     -17.445     -11.233      -0.484       7.833      -4.826      -7.925       1.016      12.044      -0.979       0.022
      13.123      19.495      11.041       6.026      -2.859       5.751       9.661      10.994      11.635     -11.335
     -23.022     -28.481     -22.711     -18.952     -11.840     -11.699     -16.066     -11.126      -5.285      14.801
      17.843      12.580      -7.110     -12.857      -4.730       2.009       6.500       3.713      16.603      23.970
      14.082       8.155      -5.160      -4.751       6.130      -1.047     -12.400      -4.464       5.330       7.765
      -0.408      -8.386       1.415       5.666      -8.105     -18.470      -5.827       3.026      14.228      18.714
      17.922      -2.341      -9.258      -1.135      -9.340      -7.391       6.308       7.392      10.479       0.386
       6.630      -6.375     -11.981     -12.186     -11.041       8.050      21.528      16.845       6.717      17.294
      18.578      15.472       9.987      -7.173     -17.336     -19.668      -9.552      -0.376      -8.390      -0.963
      -6.362     -16.009      -5.154       0.427       3.206     -10.966      -9.934       0.493      14.169      11.066
      -3.005     -13.146      -3.980       8.165      -3.081     -10.284       0.101       0.987      -6.472       2.016
      -7.289     -15.710      -4.838       9.797       8.300      -6.476     -12.474       1.503      18.039      20.839
       8.410       5.897      -3.362       2.302      17.830      18.756       8.678      -7.944     -21.408     -24.168
      -7.349      13.477      21.630      11.219      -3.111      -9.401     -22.153     -22.390      -2.326       8.943
      -1.352      -3.038      -0.698     -17.238     -18.583     -10.280       5.241      18.782      30.588      31.188
      23.681       4.714       2.105       9.867       5.873      -4.097      -8.104      -3.439     -10.257     -10.212
     -10.969      -5.871     -11.313      -1.267      -4.080      -2.328       2.836      -5.093       3.274      -2.258
       2.383      -2.185     -11.477     -14.712     -18.547      -4.937       6.606      -1.059     -15.532     -10.620
       4.714      21.622      20.817      21.863      14.626      15.875      15.961       5.356      -8.728     -15.623
     -22.554     -13.466      -1.815       0.406       7.577      -7.778      -6.556     -10.844     -17.997     -17.357
      -7.986      -5.687     -12.262       4.103       4.210       2.150       3.252     -12.808     -15.871      -1.217
       9.534      13.367      25.800      28.098      22.203      11.170      -4.993     -15.754      -2.614      -5.655
       0.462      11.351       2.352       1.682      15.477       6.462     -10.454     -19.377     -27.794     -16.683
      -1.649       5.603      18.426      26.186      23.557      22.495      25.614      12.863      -3.528     -15.223
      -4.133      -2.397     -12.476     -20.678     -25.656     -10.755       6.303       3.676       7.607       8.849
      -2.061       2.807      -2.785       2.904       9.866      11.221       4.574     -10.101      -1.921       1.310
      18.515      29.710      24.624       2.401      -8.113     -10.012       1.061       8.983      -0.111      -6.611
      -8.456       5.955       6.647      -6.210      -3.472      -0.701     -11.044     -17.402     -16.377     -11.946
     -16.313      -0.266      16.684      17.252      -2.099     -17.752     -15.213     -11.015       3.351      18.290
      29.881      23.821       7.267       7.359      -4.463     -14.440     -18.695      -1.301       2.991       2.332
       1.413     -17.462     -18.655      -7.409       1.436      -7.615       1.592       2.527      11.234      26.572
      20.405       2.651       0.159       7.865      -4.161     -13.749      -5.035       3.462      -8.024     -12.851
      -0.551      15.646      27.175      19.938       3.925       0.355     -11.697     -17.051       1.529       7.139
      -1.254       6.922       6.257      -9.257      -7.163       6.806       5.052      -3.894       7.576       6.420
      -4.992      -8.438      -2.022      15.737      20.742       6.722      -6.936     -13.259     -24.403     -25.904
     -16.065       4.858       5.599       2.921       9.721       0.663       9.688      22.328      21.376       0.314
      -7.393     -13.214     -13.456     -10.563      -5.310      -0.707     -14.313     -16.061      -7.320      -7.355
      -3.104       1.593     -13.616      -6.973       7.444      13.837      11.891      -7.314     -16.673     -22.537
     -24.219      -8.485       1.608       3.107      13.030       7.187      11.779       7.023      -6.206      -3.480
       6.857       0.889      -2.249      -3.796      -4.277       4.359      -2.036      12.535      10.723      -5.029
      -7.265      -6.061     -20.887     -10.587       9.924      26.034      28.805      20.249      -2.557     -16.978
     -18.047      -1.542       1.807       7.471      12.916      10.924      15.049       0.503     -14.480     -22.089
     -18.279     -10.545     -10.537       8.128      10.504      -7.768     -23.415     -29.494     -33.311     -27.451
     -15.724       4.454      12.404      15.224      11.917      -5.722      -8.532      10.555       8.458       7.876
      14.361       0.843     -14.048      -0.205      10.260      17.019      15.056      -0.652     -12.523      -2.074
       3.987       3.232       1.313       1.157       6.563      10.184      24.243      23.719      14.559      14.323
       9.131       4.253      -4.809     -21.833     -28.474     -31.965     -38.001     -28.749      -9.505       6.255
       9.753      14.197      19.340      20.138      16.333       9.562      -0.074      -0.749      13.862       4.637
     -10.123     -16.231     -21.272      -6.819      14.422      15.939       5.238       6.760       2.014       1.387
      12.857      13.531       5.444     -17.933     -29.477     -32.585     -18.705      -3.684      11.481       9.112
      -5.297      -7.151       3.786      -2.592     -16.102     -21.639     -13.729      -6.647       1.880      -6.398
      -5.045     -10.527     -10.183       0.001      14.438      21.770      13.323      -5.594     -10.758      -8.428
       2.147       2.751      -7.304      -9.663     -16.748     -11.334       2.581      21.378      21.603      24.176
      17.398      10.230      -3.156     -13.764     -13.941      -0.851       1.167       4.930       0.356       1.108
      11.943       8.489      -0.395       2.173      -5.805      -9.150      -7.044     -18.691     -15.553     -17.293
     -13.913     -11.747      -5.860       4.122      12.747      14.058       3.513      -5.009       2.570      11.740
      21.177      18.762       6.288      -4.060      -2.177      10.911      14.976       9.732      -1.321     -10.585
     -12.853      -4.595     -10.466      -4.705       9.554      13.163       5.972       5.300       2.104     -10.486
      -6.170      -4.349       1.599      15.195      20.298      18.231      10.118       2.308      -7.721     -11.735
       0.755      12.575      14.139      10.755       2.858      -1.761      -9.578     -20.672     -24.325     -17.135
      -4.352       0.007      10.055      16.796      15.055       4.426      -8.182     -17.292     -12.882       0.908
      10.021      11.432       7.476      -7.831     -11.907      -9.835       0.999       2.854      -4.460     -10.634
      -8.043      -9.887      -9.938      -3.668       5.488      16.790      13.321       6.143      -6.368     -13.440
      -9.224      -7.831       1.005      10.042      19.719      22.008      15.559       2.356      -1.450      -2.237
     -12.327     -11.794      -3.732      -0.790       8.076      10.017       2.756       1.105       7.847       4.358
      -2.704      -5.241      -7.238      -4.925     -10.982     -15.892     -13.301      -4.565       0.680      -2.170
       0.278       7.776      10.746       9.333       6.614      -1.425       0.214      -4.633      -1.655      -1.274
       2.505      -1.108      -7.818     -11.445     -14.108      -3.981       4.278      10.102      17.286      14.436
       3.962      -2.182     -12.230     -18.234     -11.927      -5.222       1.802       5.923       8.233      -0.391
      -3.247      -4.783      -7.644      -1.870      -0.650      -7.251      -7.006      -7.599      -6.044      -7.825
      -8.485      -4.442       2.557      11.995      15.885      17.440      13.820       4.787      -2.031      -2.398
      -3.641       5.309       8.661      12.499      14.269      10.369       2.719      -3.112      -9.330     -13.006
      -9.289      -1.649      -0.586      -5.734      -4.188       1.100       4.077      -0.686       2.119      -0.645
      -7.338      -6.608      -3.046      -5.766      -4.070       1.202       7.108       4.503       2.970       5.780
      -0.218      -3.547       0.200      -0.596      -6.596      -4.281       2.611       5.283       0.928      -3.139
      -1.913      -0.714       2.778       4.249      -0.646       3.163      -0.749      -2.558       3.914      10.549
       9.281      10.008       8.959       0.773      -3.850      -4.173      -6.954      -0.973      -0.317      -1.936
       1.475      -1.466      -4.883       1.768       5.533       7.156       9.196       4.505      -4.298     -10.426
     -10.693      -4.540       1.642       4.051       1.781      -2.339       1.056       5.416       3.168      -2.020
      -6.650      -4.058      -0.017      -4.144      -6.633      -6.615      -8.280      -2.078      -1.576      -3.740
      -0.862       5.283       5.293       5.243       3.588       1.900      -0.559      -1.577       0.512      -2.817
      -0.251       2.043      -3.005      -2.598      -0.492      -0.660       1.123       0.322       1.713      -2.091
      -6.330      -2.589      -0.129       0.693       0.449      -1.612       0.958       1.606       2.791      -2.426
      -4.483      -3.324       0.921       6.690       7.244       8.916       8.720       8.698       7.557       4.307
      -0.253      -0.457       1.020      -2.227      -6.062      -3.297       1.707       3.838       3.948       2.769
       6.600       7.116       4.755      -1.783      -6.557      -7.907      -5.674      -0.488      -0.467      -3.920
      -2.073       2.419       5.577       7.135       5.227       2.818       1.442      -3.905      -6.521      -2.371
       1.576       3.215       5.319       3.931       0.613      -3.531      -1.410      -3.476      -1.830      -3.050
      -1.387      -0.445       3.596       7.125       4.408       1.199       2.999       1.123      -0.077       2.537
       0.826      -0.576       2.662       3.402      -1.022      -1.336       2.085       2.806       5.658       4.874
       0.456      -3.600      -0.247       3.306       4.167       3.567       1.232      -3.008      -1.460      -2.381
      -4.319      -5.300      -4.609      -5.629      -7.038      -6.858      -6.922      -2.748       0.704       1.169
       3.902       6.122       4.135       0.940      -2.431      -4.401      -6.520      -3.250       0.470      -0.994
       0.680       2.927       0.189      -1.460      -4.945      -6.938      -7.098      -3.369      -3.244      -3.322
      -0.237       1.651       1.939       2.380       4.833       4.745       3.081      -0.387      -3.684      -3.007
      -0.212      -1.517      -1.798       1.789       4.773       4.568       2.680      -1.278      -4.034      -5.487
      -5.766      -3.328      -3.566      -4.536      -1.393      -0.368       2.424       1.808      -0.190       0.581
       3.713       1.187      -1.015      -2.501      -3.712      -3.410      -2.082      -1.773      -0.548      -0.391
      -0.231       1.800       3.356       1.475      -1.099      -0.688       1.851       1.930       1.422       2.313
       0.568      -0.355      -2.781      -4.017      -3.907      -2.366      -0.142       2.666       1.117      -1.703
      -1.272      -1.436      -1.592       0.141      -2.513      -1.225       0.632      -0.114       1.182       4.174
       4.237       3.713       1.953      -0.778      -0.293       1.597       4.043       3.965       1.590       2.847
       1.815       1.164       0.186      -3.088      -2.891      -0.335       1.862       2.955       4.683       3.354
       1.495       2.377       0.612       0.555      -0.553      -2.602      -1.351       1.243       2.412       2.674
       2.626       1.744      -0.414      -0.153       0.536      -1.957      -4.390      -5.578      -3.826      -1.802
       1.197       3.225       2.255       0.946       2.645       3.777       2.627       2.633       2.092      -1.111
      -1.875      -1.528      -0.621       1.927       1.372      -0.421      -1.011      -0.831      -1.474       0.169
      -0.131       0.537       2.207       1.321      -0.359      -0.437      -2.046      -1.724       0.576       0.677
       2.277       3.062       1.439      -0.789      -0.808       0.695       0.463       1.106       0.966       1.054
       0.277      -1.806      -2.831      -4.160      -4.542      -4.397      -4.567      -2.839      -0.710      -0.729
      -0.892       1.253       1.359       1.406       0.586      -1.136      -2.273      -0.406       2.224       1.950
       1.091       0.971      -0.327      -0.796      -1.304      -1.060      -2.417      -3.307      -2.336      -2.004
      -1.269       1.182       1.148       0.673       2.056       1.579      -0.094       0.717      -0.355       0.130
       1.725       2.171       3.166       3.412       3.824       2.323       2.731       3.179       1.629       1.459
       2.113       0.834       1.894       3.362       2.347       0.638      -0.205      -0.022      -0.498       0.978
       2.778       2.242       0.421       0.871       1.872       0.849       1.033       2.801       2.344       0.983
      -0.134      -0.124      -0.129      -1.001      -0.356      -0.943      -0.423       0.077       1.022       2.393
       2.597       0.694      -1.198      -1.018      -0.470      -1.453      -1.928      -1.908      -2.168      -0.307
       1.250       1.599       1.031      -0.846      -2.472      -3.297      -3.212      -3.341      -3.008      -1.989
      -1.048      -0.218       0.652       1.539       1.966       1.818       1.989       1.024      -1.324      -1.737
      -1.307      -1.973      -0.736       0.760       0.206       0.600       1.814       1.698       0.404      -0.802
      -2.355      -2.452      -1.182      -0.046      -0.188      -0.011       0.846       0.614       0.100      -0.137
      -0.592      -1.678      -2.831      -4.253      -3.688      -3.349      -2.469      -2.196      -2.188      -2.069
      -1.187      -1.122      -0.603       0.273      -0.948      -2.053      -3.449      -2.839      -1.352      -0.213
      -0.573      -0.045       0.368       0.296       0.125      -0.136      -0.195      -0.923      -0.244      -0.793
      -0.372       0.534       0.902      -0.123       0.243       1.011       1.690       1.054      -0.049      -0.911
      -1.142      -0.028       0.252      -0.794      -0.387      -0.319      -0.460       0.775       1.298      -0.033
      -0.053      -0.726      -0.930      -0.831      -0.784      -0.234       0.010       0.508       1.143       1.854
       1.870       1.759       1.887       1.453       0.602       0.332       0.684       0.412      -0.140       0.343
       0.856       0.728       1.259       1.241       0.525       0.392      -0.096      -0.362       0.129       0.335
       0.859       0.913       0.626       0.429       0.235       0.503       0.519       0.374       0.680       0.663
       0.342       0.355       0.602       0.706       0.671       0.719       0.768       0.780       0.827       0.547
       0.338       0.354       0.224       0.120       0.117       0.227       0.196       0.255       0.402       0.426
       0.348       0.314       0.165       0.127       0.239       0.145       0.141       0.086       0.030       0.072
       0.025       0.056       0.057       0.024       0.037      -0.002      -0.040      -0.082      -0.093      -0.070
      -0.086      -0.101      -0.090      -0.110      -0.092      -0.086      -0.082      -0.061      -0.061      -0.047
      -0.035      -0.023      -0.010      -0.006      -0.003       0.000       0.000       0.000       0.000       0.000
       0.000       0.000       0.000       0.000       0.000       0.000       0.000       0.000       0.000       0.000
       0.000       0.000       0.000       0.000       0.000       0.000       0.000       0.000       0.000       0.000
       0.000       0.000       0.000       0.000       0.000       0.000       0.000       0.000       0.000       0.000
       0.000       0.000       0.000       0.000       0.000       0.000       0.000       0.000       0.000       0.000
       0.000       0.000       0.000       0.000       0.000       0.000       0.000       0.000       0.000       0.000
       0.000       0.000       0.000       0.000       0.000       0.000       0.000       0.000       0.000       0.000
       0.000       0.000       0.000       0.000       0.000       0.000       0.000       0.000       0.000       0.000
       0.000       0.000       0.000       0.000       0.000       0.000       0.000       0.000       0.000       0.000
       0.000       0.000       0.000       0.000       0.000       0.000       0.000       0.000       0.000       0.000
       0.000       0.000       0.000       0.000       0.000       0.000       0.000       0.000       0.000       0.000
       0.000       0.000       0.000       0.000       0.000       0.000       0.000       0.000       0.000       0.000
       0.000       0.000       0.000       0.000       0.000       0.000       0.000       0.000       0.000       0.000
       0.000       0.000       0.000       0.000       0.000       0.000       0.000       0.000       0.000       0.000
       0.000       0.000       0.000       0.000       0.000       0.000       0.000       0.000       0.000       0.000
       0.000       0.000       0.000       0.000       0.000       0.000       0.000       0.000       0.000       0.000
       0.000       0.000       0.000       0.000       0.000       0.000       0.000       0.000       0.000       0.000
       0.000       0.000       0.000       0.000       0.000       0.000       0.000       0.000       0.000       0.000
       0.000       0.000       0.000       0.000       0.000       0.000       0.000       0.000       0.000       0.000
       0.000       0.000       0.000       0.000       0.000       0.000       0.000       0.000       0.000       0.000
       0.000       0.000       0.000       0.000       0.000       0.000       0.000       0.000       0.000       0.000
       0.000       0.000       0.000       0.000       0.000       0.000       0.000       0.000       0.000       0.000
       0.000       0.000       0.000       0.000       0.000       0.000       0.000       0.000       0.000       0.000
       0.000       0.000       0.000       0.000       0.000       0.000       0.000       0.000       0.000       0.000
       0.000       0.000       0.000       0.000       0.000       0.000       0.000       0.000       0.000       0.000
       0.000       0.000       0.000       0.000       0.000       0.000       0.000       0.000       0.000       0.000
       0.000       0.000       0.000       0.000       0.000       0.000       0.000       0.000       0.000       0.000
       0.000       0.000       0.000       0.000       0.000       0.000       0.000       0.000       0.000       0.000
       0.000       0.000       0.000       0.000       0.000       0.000       0.000       0.000       0.000       0.000
       0.000       0.000       0.000       0.000       0.000       0.000       0.000       0.000       0.000       0.000
       0.000       0.000       0.000       0.000       0.000       0.000       0.000       0.000       0.000       0.000
       0.000       0.000       0.000       0.000       0.000       0.000       0.000       0.000       0.000       0.000
       0.000       0.000       0.000       0.000       0.000       0.000       0.000       0.000       0.000       0.000
       0.000       0.000       0.000       0.000       0.000       0.000       0.000       0.000       0.000       0.000
       0.000       0.000       0.000       0.000       0.000       0.000       0.000       0.000       0.000       0.000
       0.000       0.000       0.000       0.000       0.000       0.000       0.000       0.000       0.000       0.000
       0.000       0.000       0.000       0.000       0.000       0.000       0.000       0.000       0.000       0.000
       0.000       0.000       0.000       0.000       0.000       0.000       0.000       0.000       0.000       0.000
       0.000       0.000       0.000       0.000       0.000       0.000       0.000       0.000       0.000       0.000
       0.000       0.000       0.000       0.000       0.000       0.000       0.000       0.000       0.000       0.000
       0.000       0.000       0.000       0.000       0.000       0.000       0.000       0.000       0.000       0.000
       0.000       0.000       0.000       0.000       0.000       0.000       0.000       0.000       0.000       0.000
       0.000       0.000       0.000       0.000       0.000       0.000       0.000       0.000       0.000       0.000
       0.000       0.000       0.000       0.000       0.000       0.000       0.000       0.000       0.000       0.000
       0.000       0.000       0.000       0.000       0.000       0.000       0.000       0.000       0.000       0.000
       0.000       0.000       0.000       0.000       0.000       0.000       0.000       0.000       0.000       0.000
       0.000       0.000       0.000       0.000       0.000       0.000       0.000       0.000       0.000       0.000
       0.000       0.000       0.000       0.000       0.000       0.000       0.000       0.000       0.000       0.000
       0.000       0.000       0.000       0.000       0.000       0.000       0.000       0.000       0.000       0.000
       0.000       0.000       0.000       0.000       0.000       0.000       0.000       0.000       0.000       0.000
       0.000       0.000       0.000       0.000       0.000       0.000       0.000       0.000       0.000       0.000
       0.000       0.000       0.000       0.000       0.000       0.000       0.000       0.000       0.000       0.000
       0.000       0.000       0.000       0.000       0.000       0.000       0.000       0.000       0.000       0.000
       0.000       0.000       0.000       0.000       0.000       0.000       0.000       0.000       0.000       0.000
       0.000       0.000       0.000       0.000       0.000       0.000       0.000       0.000       0.000       0.000
       0.000       0.000       0.000       0.000       0.000       0.000       0.000       0.000       0.000       0.000
       0.000       0.000       0.000       0.000       0.000       0.000       0.000       0.000       0.000       0.000
       0.000       0.000       0.000       0.000       0.000       0.000       0.000       0.000       0.000       0.000
       0.000       0.000       0.000       0.000       0.000       0.000       0.000       0.000       0.000       0.000
       0.000       0.000       0.000       0.000       0.000       0.000       0.000       0.000       0.000       0.000
       0.000       0.000       0.000       0.000       0.000       0.000       0.000       0.000       0.000       0.000
       0.000       0.000       0.000       0.000       0.000       0.000       0.000       0.000       0.000       0.000
       0.000       0.000       0.000       0.000       0.000       0.000       0.000       0.000       0.000       0.000
       0.000       0.000       0.000       0.000       0.000       0.000       0.000       0.000       0.000       0.000
       0.000       0.000       0.000       0.000       0.000       0.000       0.000       0.000       0.000       0.000
       0.000       0.000       0.000       0.000       0.000       0.000       0.000       0.000       0.000       0.000
       0.000       0.000       0.000       0.000       0.000       0.000       0.000       0.000       0.000       0.000
       0.000       0.000       0.000       0.000       0.000       0.000       0.000       0.000       0.000       0.000
       0.000       0.000       0.000       0.000       0.000       0.000       0.000       0.000       0.000       0.000
       0.000       0.000       0.000       0.000       0.000       0.000       0.000       0.000       0.000       0.000
       0.000       0.000       0.000       0.000       0.000       0.000       0.000       0.000       0.000       0.000
       0.000       0.000       0.000       0.000       0.000       0.000       0.000       0.000       0.000       0.000
       0.000       0.000       0.000       0.000       0.000       0.000       0.000       0.000       0.000       0.000
       0.000       0.000       0.000       0.000       0.000       0.000       0.000       0.000       0.000       0.000
       0.000       0.000       0.000       0.000       0.000       0.000       0.000       0.000       0.000       0.000
       0.000       0.000       0.000       0.000       0.000       0.000       0.000       0.000       0.000       0.000
       0.000       0.000       0.000       0.000       0.000       0.000       0.000       0.000       0.000       0.000
       0.000       0.000       0.000       0.000       0.000       0.000       0.000       0.000       0.000       0.000
       0.000       0.000       0.000       0.000       0.000       0.000       0.000       0.000       0.000       0.000
       0.000       0.000       0.000       0.000       0.000       0.000       0.000       0.000       0.000       0.000
       0.000       0.000       0.000       0.000       0.000       0.000       0.000       0.000       0.000       0.000
       0.000       0.000       0.000       0.000       0.000       0.000       0.000       0.000       0.000       0.000
       0.000       0.000       0.000       0.000       0.000       0.000       0.000       0.000       0.000       0.000
       0.000       0.000       0.000       0.000       0.000       0.000       0.000       0.000       0.000       0.000
       0.000       0.000       0.000       0.000       0.000       0.000       0.000       0.000       0.000       0.000
       0.000       0.000       0.000       0.000       0.000       0.000       0.000       0.000       0.000       0.000
       0.000       0.000       0.000       0.000       0.000       0.000       0.000       0.000       0.000       0.000
       0.000       0.000       0.000       0.000       0.000       0.000       0.000       0.000       0.000       0.000
       0.000       0.000       0.000       0.000       0.000       0.000       0.000       0.000       0.000       0.000
       0.000       0.000       0.000       0.000       0.000       0.000       0.000       0.000       0.000       0.000
       0.000       0.000       0.000       0.000       0.000       0.000       0.000       0.000       0.000       0.000
       0.000       0.000       0.000       0.000       0.000       0.000       0.000       0.000       0.000       0.000
       0.000       0.000       0.000       0.000       0.000       0.000       0.000       0.000       0.000       0.000
       0.000       0.000       0.000       0.000       0.000       0.000       0.000       0.000       0.000       0.000
       0.000       0.000       0.000       0.000       0.000       0.000       0.000       0.000       0.000       0.000
       0.000       0.000       0.000       0.000       0.000       0.000       0.000       0.000       0.000       0.000
       0.000       0.000       0.000       0.000       0.000       0.000       0.000       0.000       0.000       0.000
       0.000       0.000       0.000       0.000       0.000       0.000       0.000       0.000       0.000       0.000
       0.000       0.000       0.000       0.000       0.000       0.000       0.000       0.000       0.000       0.000
       0.000       0.000       0.000       0.000       0.000       0.000       0.000       0.000       0.000       0.000
       0.000       0.000       0.000       0.000       0.000       0.000       0.000       0.000       0.000       0.000
       0.000       0.000       0.000       0.000       0.000       0.000       0.000       0.000       0.000       0.000
       0.000       0.000       0.000       0.000       0.000       0.000       0.000       0.000       0.000       0.000
       0.000       0.000       0.000       0.000       0.000       0.000       0.000       0.000       0.000       0.000
       0.000       0.000       0.000       0.000       0.000       0.000       0.000       0.000       0.000       0.000
       0.000       0.000       0.000       0.000       0.000       0.000       0.000       0.000       0.000       0.000
       0.000       0.000       0.000       0.000       0.000       0.000       0.000       0.000       0.000       0.000
       0.000       0.000       0.000       0.000       0.000       0.000       0.000       0.000       0.000       0.000
       0.000       0.000       0.000       0.000       0.000       0.000       0.000       0.000       0.000       0.000
       0.000       0.000       0.000       0.000       0.000       0.000       0.000       0.000       0.000       0.000
       0.000       0.000       0.000       0.000       0.000       0.000       0.000       0.000       0.000       0.000
       0.000       0.000       0.000       0.000       0.000       0.000       0.000       0.000       0.000       0.000
       0.000       0.000       0.000       0.000       0.000       0.000       0.000       0.000       0.000       0.000
       0.000       0.000       0.000       0.000       0.000       0.000       0.000       0.000       0.000       0.000
       0.000       0.000       0.000       0.000       0.000       0.000       0.000       0.000       0.000       0.000
       0.000       0.000       0.000       0.000       0.000       0.000       0.000       0.000       0.000       0.000
       0.000       0.000       0.000       0.000       0.000       0.000       0.000       0.000       0.000       0.000
       0.000       0.000       0.000       0.000       0.000       0.000       0.000       0.000       0.000       0.000
       0.000       0.000       0.000       0.000       0.000       0.000       0.000       0.000       0.000       0.000
       0.000       0.000       0.000       0.000       0.000       0.000       0.000       0.000       0.000       0.000
       0.000       0.000       0.000       0.000       0.000       0.000       0.000       0.000       0.000       0.000
       0.000       0.000       0.000       0.000       0.000       0.000       0.000       0.000       0.000       0.000
       0.000       0.000       0.000       0.000       0.000       0.000       0.000       0.000       0.000       0.000
       0.000       0.000       0.000       0.000       0.000       0.000       0.000       0.000       0.000       0.000
       0.000       0.000       0.000       0.000       0.000       0.000       0.000       0.000       0.000       0.000
       0.000       0.000       0.000       0.000       0.000       0.000       0.000       0.000       0.000       0.000
       0.000       0.000       0.000       0.000       0.000       0.000       0.000       0.000       0.000       0.000
       0.000       0.000       0.000       0.000       0.000       0.000       0.000       0.000       0.000       0.000
       0.000       0.000       0.000       0.000       0.000       0.000       0.000       0.000       0.000       0.000
       0.000       0.000       0.000       0.000       0.000       0.000       0.000       0.000       0.000       0.000
       0.000       0.000       0.000       0.000       0.000       0.000       0.000       0.000       0.000       0.000
       0.000       0.000       0.000       0.000       0.000       0.000       0.000       0.000       0.000       0.000
       0.000       0.000       0.000       0.000       0.000       0.000       0.000       0.000       0.000       0.000
       0.000       0.000       0.000       0.000       0.000       0.000       0.000       0.000       0.000       0.000
       0.000       0.000       0.000       0.000       0.000       0.000       0.000       0.000       0.000       0.000
       0.000       0.000       0.000       0.000       0.000       0.000       0.000       0.000       0.000       0.000
       0.000       0.000       0.000       0.000       0.000       0.000       0.000       0.000       0.000       0.000
       0.000       0.000       0.000       0.000       0.000       0.000       0.000       0.000       0.000       0.000
       0.000       0.000       0.000       0.000       0.000       0.000       0.000       0.000       0.000       0.000
       0.000       0.000       0.000       0.000       0.000       0.000       0.000       0.000       0.000       0.000
       0.000       0.000       0.000       0.000       0.000       0.000       0.000       0.000       0.000       0.000
       0.000       0.000       0.000       0.000       0.000       0.000       0.000       0.000       0.000       0.000
       0.000       0.000       0.000       0.000       0.000       0.000       0.000       0.000       0.000       0.000
       0.000       0.000       0.000       0.000       0.000       0.000       0.000       0.000       0.000       0.000
       0.000       0.000       0.000       0.000       0.000       0.000       0.000       0.000       0.000       0.000
       0.000       0.000       0.000       0.000       0.000       0.000       0.000       0.000       0.000       0.000
       0.000       0.000       0.000       0.000       0.000       0.000       0.000       0.000       0.000       0.000
       0.000       0.000       0.000       0.000       0.000       0.000       0.000       0.000       0.000       0.000
       0.000       0.000       0.000       0.000       0.000       0.000       0.000       0.000       0.000       0.000
       0.000       0.000       0.000       0.000       0.000       0.000       0.000       0.000       0.000       0.000
       0.000       0.000       0.000       0.000       0.000       0.000       0.000       0.000       0.000       0.000
       0.000       0.000       0.000       0.000       0.000       0.000       0.000       0.000       0.000       0.000
       0.000       0.000       0.000       0.000       0.000       0.000       0.000       0.000       0.000       0.000
       0.000       0.000       0.000       0.000       0.000       0.000       0.000       0.000       0.000       0.000
       0.000       0.000       0.000       0.000       0.000       0.000       0.000       0.000       0.000       0.000
       0.000       0.000       0.000       0.000       0.000       0.000       0.000       0.000       0.000       0.000
       0.000       0.000       0.000       0.000       0.000       0.000       0.000       0.000       0.000       0.000
       0.000       0.000       0.000       0.000       0.000       0.000       0.000       0.000       0.000       0.000
       0.000       0.000       0.000       0.000       0.000       0.000       0.000       0.000       0.000       0.000
       0.000       0.000       0.000       0.000       0.000       0.000       0.000       0.000       0.000       0.000
       0.000       0.000       0.000       0.000       0.000       0.000       0.000       0.000       0.000       0.000
       0.000       0.000       0.000       0.000       0.000       0.000       0.000       0.000       0.000       0.000
       0.000       0.000       0.000       0.000       0.000       0.000       0.000       0.000       0.000       0.000
       0.000       0.000       0.000       0.000       0.000       0.000       0.000       0.000       0.000       0.000
       0.000       0.000       0.000       0.000       0.000       0.000       0.000       0.000       0.000       0.000
       0.000       0.000       0.000       0.000       0.000       0.000       0.000       0.000       0.000       0.000
       0.000       0.000       0.000       0.000       0.000       0.000       0.000       0.000       0.000       0.000
       0.000       0.000       0.000       0.000       0.000       0.000       0.000       0.000       0.000       0.000
       0.000       0.000       0.000       0.000       0.000       0.000       0.000       0.000       0.000       0.000
       0.000       0.000       0.000       0.000       0.000       0.000       0.000       0.000       0.000       0.000
       0.000       0.000       0.000       0.000       0.000       0.000       0.000       0.000       0.000       0.000
       0.000       0.000       0.000       0.000       0.000       0.000       0.000       0.000       0.000       0.000
       0.000       0.000       0.000       0.000       0.000       0.000       0.000       0.000       0.000       0.000
       0.000       0.000       0.000       0.000       0.000       0.000       0.000       0.000       0.000       0.000
       0.000       0.000       0.000       0.000       0.000       0.000       0.000       0.000       0.000       0.000
       0.000       0.000       0.000       0.000       0.000       0.000       0.000       0.000       0.000       0.000
       0.000       0.000       0.000       0.000       0.000       0.000       0.000       0.000       0.000       0.000
       0.000       0.000       0.000       0.000       0.000       0.000       0.000       0.000       0.000       0.000
       0.000       0.000       0.000       0.000       0.000       0.000       0.000       0.000       0.000       0.000
       0.000       0.000       0.000       0.000       0.000       0.000       0.000       0.000       0.000       0.000
       0.000       0.000       0.000       0.000       0.000       0.000       0.000       0.000       0.000       0.000
       0.000       0.000       0.000       0.000       0.000       0.000       0.000       0.000       0.000       0.000
       0.000       0.000       0.000       0.000       0.000       0.000       0.000       0.000       0.000       0.000
       0.000       0.000       0.000       0.000       0.000       0.000       0.000       0.000       0.000       0.000
       0.000       0.000       0.000       0.000       0.000       0.000       0.000       0.000       0.000       0.000
       0.000       0.000       0.000       0.000       0.000       0.000       0.000       0.000       0.000       0.000
       0.000       0.000       0.000       0.000       0.000       0.000       0.000       0.000       0.000       0.000
       0.000       0.000       0.000       0.000       0.000       0.000       0.000       0.000       0.000       0.000
       0.000       0.000       0.000       0.000       0.000       0.000       0.000       0.000       0.000       0.000
       0.000       0.000       0.000       0.000       0.000       0.000       0.000       0.000       0.000       0.000
       0.000       0.000       0.000       0.000       0.000       0.000       0.000       0.000       0.000       0.000
       0.000       0.000       0.000       0.000       0.000       0.000       0.000       0.000       0.000       0.000
       0.000       0.000       0.000       0.000       0.000       0.000       0.000       0.000       0.000       0.000
       0.000       0.000       0.000       0.000       0.000       0.000       0.000       0.000       0.000       0.000
       0.000       0.000       0.000       0.000       0.000       0.000       0.000       0.000       0.000       0.000
       0.000       0.000       0.000       0.000       0.000       0.000       0.000       0.000       0.000       0.000
       0.000       0.000       0.000       0.000       0.000       0.000       0.000       0.000       0.000       0.000
       0.000       0.000       0.000       0.000       0.000       0.000       0.000       0.000       0.000       0.000
       0.000       0.000       0.000       0.000       0.000       0.000       0.000       0.000       0.000       0.000
       0.000       0.000       0.000       0.000       0.000       0.000       0.000       0.000       0.000       0.000
       0.000       0.000       0.000       0.000       0.000       0.000       0.000       0.000       0.000       0.000
       0.000       0.000       0.000       0.000       0.000       0.000       0.000       0.000       0.000       0.000
       0.000       0.000       0.000       0.000       0.000       0.000       0.000       0.000       0.000       0.000
       0.000       0.000       0.000       0.000       0.000       0.000