   0.020           0.9000000E-02
   0.040           0.9000000E-02
   0.060           0.9000000E-02
   0.080           0.9000000E-02
   0.100           0.9000000E-02
   0.120           0.9000000E-02
   0.140           0.1200000E-01
   0.160           0.9000000E-02
   0.180           0.9000000E-02
   0.200           0.1400000E-01
   0.220           0.8000000E-02
   0.240           0.8000000E-02
   0.260           0.0000000E+00
   0.280           0.8000000E-02
   0.300           0.8000000E-02
   0.320          -0.2000000E-02
   0.340           0.8000000E-02
   0.360           0.8000000E-02
   0.380          -0.5000000E-02
   0.400           0.8000000E-02
   0.420           0.8000000E-02
   0.440          -0.2700000E-01
   0.460           0.8000000E-02
   0.480           0.8000000E-02
   0.500          -0.3300000E-01
   0.520           0.4000000E-02
   0.540           0.7000000E-02
   0.560          -0.2900000E-01
   0.580          -0.5500000E-01
   0.600          -0.8000000E-02
   0.620           0.2000000E-02
   0.640           0.8700000E-01
   0.660           0.6000000E-02
   0.680           0.1100000E-01
   0.700           0.7800000E-01
   0.720           0.1500000E-01
   0.740           0.1300000E-01
   0.760           0.8900000E-01
   0.780           0.2300000E-01
   0.800           0.2100000E-01
   0.820           0.1380000E+00
   0.840           0.5000000E-01
   0.860           0.1500000E-01
   0.880          -0.1010000E+00
   0.900          -0.8600000E-01
   0.920          -0.9400000E-01
   0.940          -0.1630000E+00
   0.960           0.6400000E-01
   0.980           0.5200000E-01
   1.000          -0.1860000E+00
   1.020          -0.3700000E-01
   1.040           0.5600000E-01
   1.060           0.9000000E-02
   1.080          -0.1940000E+00
   1.100          -0.8200000E-01
   1.120          -0.4900000E-01
   1.140          -0.2460000E+00
   1.160          -0.9500000E-01
   1.180           0.1600000E-01
   1.200           0.1910000E+00
   1.220           0.1890000E+00
   1.240           0.1220000E+00
   1.260           0.1850000E+00
   1.280           0.1830000E+00
   1.300           0.1590000E+00
   1.320           0.2660000E+00
   1.340           0.2170000E+00
   1.360           0.1180000E+00
   1.380           0.2100000E+00
   1.400           0.1420000E+00
   1.420           0.9100000E-01
   1.440           0.1400000E+00
   1.460           0.1510000E+00
   1.480           0.1560000E+00
   1.500           0.2190000E+00
   1.520           0.3120000E+00
   1.540           0.4490000E+00
   1.560           0.4710000E+00
   1.580           0.4400000E-01
   1.600          -0.4970000E+00
   1.620          -0.3380000E+00
   1.640           0.7000000E-02
   1.660          -0.2780000E+00
   1.680          -0.4790000E+00
   1.700          -0.5640000E+00
   1.720          -0.2000000E+00
   1.740          -0.1050000E+00
   1.760          -0.4340000E+00
   1.780          -0.3930000E+00
   1.800          -0.2400000E+00
   1.820          -0.3540000E+00
   1.840          -0.4090000E+00
   1.860          -0.3940000E+00
   1.880          -0.3390000E+00
   1.900          -0.3140000E+00
   1.920          -0.5020000E+00
   1.940          -0.7280000E+00
   1.960          -0.5210000E+00
   1.980          -0.2760000E+00
   2.000          -0.4690000E+00
   2.020          -0.8020000E+00
   2.040          -0.4030000E+00
   2.060           0.7000000E-02
   2.080          -0.3820000E+00
   2.100          -0.7490000E+00
   2.120          -0.7520000E+00
   2.140          -0.1910000E+00
   2.160           0.4000000E-02
   2.180           0.2910000E+00
   2.200           0.9720000E+00
   2.220           0.9420000E+00
   2.240           0.3290000E+00
   2.260          -0.2490000E+00
   2.280          -0.2850000E+00
   2.300           0.2900000E-01
   2.320           0.8800000E-01
   2.340           0.3730000E+00
   2.360           0.9480000E+00
   2.380           0.1138000E+01
   2.400           0.7880000E+00
   2.420           0.8700000E+00
   2.440           0.1162000E+01
   2.460           0.1215000E+01
   2.480           0.9900000E+00
   2.500           0.9710000E+00
   2.520           0.7730000E+00
   2.540           0.2210000E+00
   2.560          -0.3210000E+00
   2.580          -0.8280000E+00
   2.600          -0.4940000E+00
   2.620          -0.5780000E+00
   2.640          -0.6710000E+00
   2.660          -0.5090000E+00
   2.680          -0.7860000E+00
   2.700          -0.1031000E+01
   2.720          -0.5400000E+00
   2.740           0.2910000E+00
   2.760           0.8700000E+00
   2.780           0.1285000E+01
   2.800           0.1575000E+01
   2.820           0.1382000E+01
   2.840           0.1159000E+01
   2.860           0.1292000E+01
   2.880           0.1049000E+01
   2.900           0.3450000E+00
   2.920           0.2230000E+00
   2.940          -0.3910000E+00
   2.960          -0.5460000E+00
   2.980          -0.1680000E+00
   3.000           0.1300000E-01
   3.020          -0.1350000E+00
   3.040           0.1520000E+00
   3.060          -0.7400000E-01
   3.080          -0.9200000E+00
   3.100          -0.1914000E+01
   3.120          -0.1225000E+01
   3.140          -0.1096000E+01
   3.160          -0.1990000E+01
   3.180          -0.1031000E+01
   3.200           0.2300000E-01
   3.220           0.4000000E-01
   3.240          -0.8470000E+00
   3.260          -0.1143000E+01
   3.280          -0.3540000E+00
   3.300          -0.8090000E+00
   3.320          -0.1980000E+01
   3.340          -0.2226000E+01
   3.360          -0.2027000E+01
   3.380          -0.1238000E+01
   3.400           0.3300000E+00
   3.420           0.8510000E+00
   3.440           0.1130000E+01
   3.460           0.1749000E+01
   3.480           0.2435000E+01
   3.500           0.1424000E+01
   3.520           0.2050000E+00
   3.540          -0.1460000E+00
   3.560          -0.7880000E+00
   3.580          -0.7870000E+00
   3.600          -0.3630000E+00
   3.620           0.7460000E+00
   3.640           0.2665000E+01
   3.660           0.2644000E+01
   3.680           0.1500000E+01
   3.700           0.1163000E+01
   3.720           0.3850000E+00
   3.740           0.3840000E+00
   3.760           0.5900000E-01
   3.780          -0.8310000E+00
   3.800          -0.1032000E+01
   3.820          -0.2373000E+01
   3.840          -0.2949000E+01
   3.860          -0.1561000E+01
   3.880           0.3470000E+00
   3.900           0.2259000E+01
   3.920           0.2020000E+01
   3.940           0.4440000E+00
   3.960          -0.8820000E+00
   3.980          -0.2252000E+01
   4.000          -0.2310000E+01
   4.020          -0.2374000E+01
   4.040          -0.2015000E+01
   4.060          -0.2371000E+01
   4.080          -0.2401000E+01
   4.100          -0.8410000E+00
   4.120          -0.2000000E-01
   4.140           0.5330000E+00
   4.160           0.1648000E+01
   4.180           0.2578000E+01
   4.200           0.1613000E+01
   4.220           0.6010000E+00
   4.240           0.4570000E+00
   4.260           0.8250000E+00
   4.280           0.1609000E+01
   4.300           0.2590000E+01
   4.320           0.3357000E+01
   4.340           0.3792000E+01
   4.360           0.3126000E+01
   4.380           0.2151000E+01
   4.400           0.2781000E+01
   4.420           0.2343000E+01
   4.440           0.8670000E+00
   4.460          -0.2250000E+00
   4.480          -0.7120000E+00
   4.500          -0.1647000E+01
   4.520          -0.1746000E+01
   4.540          -0.1040000E+01
   4.560          -0.1575000E+01
   4.580          -0.6300000E-01
   4.600           0.1644000E+01
   4.620           0.2237000E+01
   4.640           0.6600000E+00
   4.660          -0.2393000E+01
   4.680          -0.3691000E+01
   4.700          -0.4145000E+01
   4.720          -0.3546000E+01
   4.740          -0.1055000E+01
   4.760          -0.5230000E+00
   4.780          -0.7850000E+00
   4.800          -0.1343000E+01
   4.820          -0.1964000E+01
   4.840          -0.1115000E+01
   4.860           0.1998000E+01
   4.880           0.2108000E+01
   4.900           0.1149000E+01
   4.920           0.1629000E+01
   4.940           0.2403000E+01
   4.960           0.9890000E+00
   4.980          -0.6500000E-01
   5.000           0.9250000E+00
   5.020           0.2557000E+01
   5.040           0.2384000E+01
   5.060           0.7020000E+00
   5.080           0.1018000E+01
   5.100           0.9000000E-02
   5.120          -0.8410000E+00
   5.140           0.5100000E+00
   5.160          -0.1190000E+01
   5.180          -0.3496000E+01
   5.200          -0.5088000E+01
   5.220          -0.3247000E+01
   5.240          -0.1391000E+01
   5.260          -0.2744000E+01
   5.280          -0.1845000E+01
   5.300           0.8830000E+00
   5.320           0.3098000E+01
   5.340           0.5746000E+01
   5.360           0.5379000E+01
   5.380           0.2523000E+01
   5.400          -0.1290000E+01
   5.420          -0.4557000E+01
   5.440          -0.4136000E+01
   5.460          -0.5010000E+00
   5.480           0.9300000E+00
   5.500           0.2806000E+01
   5.520           0.4452000E+01
   5.540           0.4004000E+01
   5.560           0.1449000E+01
   5.580          -0.1237000E+01
   5.600          -0.2376000E+01
   5.620          -0.2641000E+01
   5.640          -0.1681000E+01
   5.660          -0.3560000E+00
   5.680           0.7920000E+00
   5.700           0.2444000E+01
   5.720           0.3274000E+01
   5.740           0.1698000E+01
   5.760          -0.2253000E+01
   5.780          -0.4113000E+01
   5.800          -0.5667000E+01
   5.820          -0.6811000E+01
   5.840          -0.5061000E+01
   5.860          -0.1117000E+01
   5.880           0.2386000E+01
   5.900           0.3664000E+01
   5.920           0.2438000E+01
   5.940           0.1829000E+01
   5.960           0.1495000E+01
   5.980           0.3315000E+01
   6.000           0.3126000E+01
   6.020           0.1120000E+00
   6.040          -0.2632000E+01
   6.060          -0.4553000E+01
   6.080          -0.4422000E+01
   6.100          -0.4277000E+01
   6.120          -0.1945000E+01
   6.140           0.3248000E+01
   6.160           0.4467000E+01
   6.180           0.6470000E+00
   6.200          -0.7450000E+00
   6.220          -0.2213000E+01
   6.240          -0.5296000E+01
   6.260          -0.4656000E+01
   6.280          -0.2126000E+01
   6.300          -0.6670000E+00
   6.320          -0.1875000E+01
   6.340           0.9300000E-01
   6.360           0.2849000E+01
   6.380           0.4148000E+01
   6.400           0.6123000E+01
   6.420           0.4477000E+01
   6.440           0.1593000E+01
   6.460          -0.1816000E+01
   6.480          -0.2463000E+01
   6.500          -0.6330000E+00
   6.520           0.3066000E+01
   6.540           0.5904000E+01
   6.560           0.4245000E+01
   6.580           0.1233000E+01
   6.600          -0.2801000E+01
   6.620          -0.3474000E+01
   6.640          -0.1134000E+01
   6.660          -0.9870000E+00
   6.680          -0.2378000E+01
   6.700          -0.5104000E+01
   6.720          -0.7732000E+01
   6.740          -0.9139000E+01
   6.760          -0.8473000E+01
   6.780          -0.3287000E+01
   6.800           0.2028000E+01
   6.820           0.1076000E+01
   6.840          -0.1389000E+01
   6.860           0.1671000E+01
   6.880           0.4563000E+01
   6.900           0.5085000E+01
   6.920           0.5363000E+01
   6.940           0.1184000E+01
   6.960          -0.2355000E+01
   6.980          -0.4272000E+01
   7.000          -0.1799000E+01
   7.020           0.1503000E+01
   7.040           0.2183000E+01
   7.060           0.3061000E+01
   7.080           0.3671000E+01
   7.100           0.4712000E+01
   7.120           0.5029000E+01
   7.140           0.3680000E+01
   7.160           0.7180000E+00
   7.180          -0.3030000E+00
   7.200           0.1240000E+00
   7.220          -0.2301000E+01
   7.240          -0.5069000E+01
   7.260          -0.4512000E+01
   7.280           0.4150000E+00
   7.300           0.2937000E+01
   7.320           0.2233000E+01
   7.340           0.1882000E+01
   7.360           0.8700000E-01
   7.380          -0.3363000E+01
   7.400          -0.4480000E+01
   7.420          -0.3186000E+01
   7.440          -0.1928000E+01
   7.460          -0.5990000E+00
   7.480          -0.1084000E+01
   7.500           0.6090000E+00
   7.520           0.4795000E+01
   7.540           0.7116000E+01
   7.560           0.3606000E+01
   7.580          -0.1760000E+00
   7.600           0.7820000E+00
   7.620           0.1821000E+01
   7.640           0.5532000E+01
   7.660           0.1872000E+01
   7.680          -0.4490000E+01
   7.700          -0.8331000E+01
   7.720          -0.7002000E+01
   7.740           0.3950000E+00
   7.760           0.2801000E+01
   7.780          -0.8970000E+00
   7.800          -0.3031000E+01
   7.820          -0.2576000E+01
   7.840          -0.1752000E+01
   7.860           0.1825000E+01
   7.880           0.3478000E+01
   7.900           0.2759000E+01
   7.920          -0.1038000E+01
   7.940          -0.3755000E+01
   7.960          -0.2100000E-01
   7.980           0.2011000E+01
   8.000           0.4531000E+01
   8.020          -0.3130000E+00
   8.040          -0.8869000E+01
   8.060          -0.1171200E+02
   8.080          -0.8250000E+01
   8.100          -0.3404000E+01
   8.120           0.2289000E+01
   8.140           0.7305000E+01
   8.160           0.4746000E+01
   8.180           0.1316000E+01
   8.200          -0.2244000E+01
   8.220          -0.4034000E+01
   8.240          -0.2537000E+01
   8.260          -0.1166000E+01
   8.280          -0.3184000E+01
   8.300          -0.4828000E+01
   8.320          -0.1996000E+01
   8.340          -0.2420000E+00
   8.360           0.4010000E+00
   8.380           0.2239000E+01
   8.400          -0.8800000E-01
   8.420          -0.3780000E+01
   8.440          -0.2677000E+01
   8.460          -0.1208000E+01
   8.480           0.5870000E+00
   8.500           0.1373000E+01
   8.520           0.3796000E+01
   8.540           0.4075000E+01
   8.560           0.2721000E+01
   8.580           0.2132000E+01
   8.600           0.7220000E+01
   8.620           0.1196100E+02
   8.640           0.9529000E+01
   8.660           0.5266000E+01
   8.680           0.5110000E+01
   8.700           0.1810000E+01
   8.720           0.9670000E+00
   8.740          -0.2970000E+00
   8.760          -0.5776000E+01
   8.780          -0.7128000E+01
   8.800          -0.9028000E+01
   8.820          -0.7725000E+01
   8.840          -0.1959000E+01
   8.860           0.4273000E+01
   8.880           0.8656000E+01
   8.900           0.8575000E+01
   8.920           0.3970000E+01
   8.940          -0.1743000E+01
   8.960          -0.9812000E+01
   8.980          -0.1038700E+02
   9.000          -0.5410000E+00
   9.020           0.6049000E+01
   9.040           0.1123100E+02
   9.060           0.1076200E+02
   9.080           0.4813000E+01
   9.100           0.2662000E+01
   9.120           0.9610000E+00
   9.140           0.2939000E+01
   9.160           0.2597000E+01
   9.180          -0.5799000E+01
   9.200          -0.1065400E+02
   9.220          -0.1315100E+02
   9.240          -0.5794000E+01
   9.260           0.1700000E+00
   9.280           0.4974000E+01
   9.300           0.3694000E+01
   9.320          -0.8587000E+01
   9.340          -0.1372900E+02
   9.360          -0.8506000E+01
   9.380           0.4785000E+01
   9.400           0.5459000E+01
   9.420          -0.1585000E+01
   9.440          -0.6747000E+01
   9.460          -0.1130600E+02
   9.480          -0.1395600E+02
   9.500          -0.1030800E+02
   9.520           0.1624000E+01
   9.540           0.9938000E+01
   9.560           0.1704900E+02
   9.580           0.1853500E+02
   9.600           0.1314900E+02
   9.620           0.8240000E+01
   9.640          -0.2081000E+01
   9.660          -0.1440600E+02
   9.680          -0.1603400E+02
   9.700          -0.1180700E+02
   9.720          -0.5933000E+01
   9.740           0.6102000E+01
   9.760           0.1433600E+02
   9.780           0.1495600E+02
   9.800           0.7499000E+01
   9.820          -0.4427000E+01
   9.840          -0.7455000E+01
   9.860          -0.1537300E+02
   9.880          -0.1732200E+02
   9.900          -0.1290900E+02
   9.920          -0.9276000E+01
   9.940          -0.3111000E+01
   9.960           0.9063000E+01
   9.980           0.1923800E+02
  10.000           0.1529500E+02
  10.020           0.1754000E+01
  10.040          -0.9179000E+01
  10.060          -0.1144000E+02
  10.080          -0.1194800E+02
  10.100          -0.4785000E+01
  10.120           0.2700000E+00
  10.140           0.1271000E+01
  10.160          -0.1470000E+00
  10.180          -0.3291000E+01
  10.200           0.1938000E+01
  10.220           0.7453000E+01
  10.240           0.6143000E+01
  10.260           0.2718000E+01
  10.280           0.1035000E+01
  10.300           0.3496000E+01
  10.320          -0.1307000E+01
  10.340          -0.5082000E+01
  10.360          -0.6347000E+01
  10.380          -0.4791000E+01
  10.400          -0.4857000E+01
  10.420          -0.2811000E+01
  10.440           0.7063000E+01
  10.460           0.1245200E+02
  10.480           0.9457000E+01
  10.500           0.1339500E+02
  10.520           0.1961800E+02
  10.540           0.1842100E+02
  10.560           0.7527000E+01
  10.580           0.2248000E+01
  10.600           0.1659000E+01
  10.620           0.6950000E+00
  10.640          -0.4846000E+01
  10.660          -0.5284000E+01
  10.680          -0.3176000E+01
  10.700          -0.6900000E+00
  10.720          -0.6570000E+00
  10.740          -0.4721000E+01
  10.760          -0.2822000E+01
  10.780          -0.3639000E+01
  10.800          -0.1592000E+01
  10.820           0.3168000E+01
  10.840           0.4880000E+00
  10.860          -0.3211000E+01
  10.880          -0.6677000E+01
  10.900          -0.9633000E+01
  10.920          -0.8494000E+01
  10.940          -0.3400000E+00
  10.960           0.6553000E+01
  10.980          -0.2989000E+01
  11.000          -0.2009000E+02
  11.020          -0.2451900E+02
  11.040          -0.1377700E+02
  11.060          -0.4860000E+00
  11.080           0.1321400E+02
  11.100           0.1609700E+02
  11.120           0.1146000E+02
  11.140           0.1870000E+01
  11.160          -0.5008000E+01
  11.180          -0.5980000E+01
  11.200          -0.1101200E+02
  11.220          -0.1016500E+02
  11.240          -0.7116000E+01
  11.260           0.2066000E+01
  11.280           0.1091200E+02
  11.300           0.1817200E+02
  11.320           0.2022300E+02
  11.340           0.1553400E+02
  11.360           0.5582000E+01
  11.380           0.2133000E+01
  11.400          -0.2527000E+01
  11.420          -0.8880000E+00
  11.440           0.3952000E+01
  11.460           0.1522000E+01
  11.480          -0.2652000E+01
  11.500          -0.2914000E+01
  11.520           0.7314000E+01
  11.540           0.1579700E+02
  11.560           0.5334000E+01
  11.580          -0.1000700E+02
  11.600          -0.1829400E+02
  11.620          -0.1173700E+02
  11.640          -0.4803000E+01
  11.660           0.1106600E+02
  11.680           0.1832100E+02
  11.700           0.9295000E+01
  11.720           0.1519000E+01
  11.740          -0.3184000E+01
  11.760          -0.6378000E+01
  11.780          -0.9400000E+00
  11.800           0.1602400E+02
  11.820           0.9672000E+01
  11.840          -0.9598000E+01
  11.860          -0.2171900E+02
  11.880          -0.1400900E+02
  11.900           0.2626000E+01
  11.920           0.1933000E+01
  11.940           0.5520000E+01
  11.960           0.7363000E+01
  11.980          -0.2190000E+01
  12.000          -0.9915000E+01
  12.020          -0.1286600E+02
  12.040          -0.5232000E+01
  12.060          -0.8413000E+01
  12.080          -0.1107300E+02
  12.100          -0.7811000E+01
  12.120          -0.3058000E+01
  12.140          -0.1146000E+01
  12.160           0.1850000E+01
  12.180           0.6017000E+01
  12.200           0.5901000E+01
  12.220           0.7623000E+01
  12.240           0.8391000E+01
  12.260           0.1116700E+02
  12.280           0.4784000E+01
  12.300          -0.8849000E+01
  12.320          -0.9672000E+01
  12.340          -0.4816000E+01
  12.360          -0.5800000E+00
  12.380          -0.5288000E+01
  12.400          -0.1091300E+02
  12.420          -0.1303700E+02
  12.440          -0.9911000E+01
  12.460          -0.4479000E+01
  12.480           0.1769000E+01
  12.500           0.9476000E+01
  12.520           0.1006800E+02
  12.540           0.7319000E+01
  12.560           0.1190900E+02
  12.580           0.2148000E+02
  12.600           0.1182600E+02
  12.620          -0.5943000E+01
  12.640          -0.1526500E+02
  12.660          -0.8331000E+01
  12.680           0.4594000E+01
  12.700           0.1559400E+02
  12.720           0.1216900E+02
  12.740           0.2721000E+01
  12.760           0.2400000E+00
  12.780           0.3481000E+01
  12.800          -0.8760000E+00
  12.820          -0.2119700E+02
  12.840          -0.2734700E+02
  12.860          -0.1439000E+02
  12.880          -0.2146000E+01
  12.900           0.2446000E+01
  12.920           0.1280000E+01
  12.940          -0.4752000E+01
  12.960           0.7590000E+00
  12.980          -0.5063000E+01
  13.000          -0.1144700E+02
  13.020          -0.2030000E+00
  13.040           0.1100700E+02
  13.060           0.1725200E+02
  13.080           0.2190600E+02
  13.100           0.1776900E+02
  13.120           0.1520400E+02
  13.140           0.2772000E+01
  13.160          -0.6141000E+01
  13.180           0.2309000E+01
  13.200           0.6994000E+01
  13.220           0.4068000E+01
  13.240          -0.1370500E+02
  13.260          -0.1954100E+02
  13.280          -0.1202400E+02
  13.300          -0.1461100E+02
  13.320          -0.1521300E+02
  13.340          -0.3781000E+01
  13.360           0.1999200E+02
  13.380           0.2254800E+02
  13.400           0.1477500E+02
  13.420           0.3349000E+01
  13.440          -0.3429000E+01
  13.460          -0.5235000E+01
  13.480           0.5272000E+01
  13.500           0.9933000E+01
  13.520           0.7553000E+01
  13.540           0.6876000E+01
  13.560          -0.1868000E+01
  13.580          -0.1414700E+02
  13.600          -0.1398500E+02
  13.620          -0.3655000E+01
  13.640           0.4723000E+01
  13.660           0.1162500E+02
  13.680           0.1884000E+01
  13.700          -0.8076000E+01
  13.720          -0.6937000E+01
  13.740           0.5441000E+01
  13.760           0.1790600E+02
  13.780           0.2273600E+02
  13.800           0.2280400E+02
  13.820           0.5679000E+01
  13.840          -0.1371800E+02
  13.860          -0.1834600E+02
  13.880          -0.2152200E+02
  13.900          -0.2595000E+02
  13.920          -0.2608500E+02
  13.940          -0.7360000E+01
  13.960           0.1728300E+02
  13.980           0.3140700E+02
  14.000           0.2711300E+02
  14.020           0.1011600E+02
  14.040          -0.1040000E+00
  14.060          -0.9834000E+01
  14.080          -0.1242600E+02
  14.100          -0.5535000E+01
  14.120           0.1215000E+01
  14.140           0.8660000E+00
  14.160          -0.9470000E+01
  14.180          -0.9016000E+01
  14.200           0.1198000E+02
  14.220           0.1189500E+02
  14.240           0.6777000E+01
  14.260          -0.2208000E+01
  14.280          -0.2384500E+02
  14.300          -0.3078600E+02
  14.320          -0.1694200E+02
  14.340          -0.3277000E+01
  14.360           0.6055000E+01
  14.380           0.5182000E+01
  14.400           0.1135600E+02
  14.420           0.1870900E+02
  14.440           0.1241900E+02
  14.460           0.8237000E+01
  14.480           0.5149000E+01
  14.500          -0.6235000E+01
  14.520          -0.9737000E+01
  14.540          -0.8334000E+01
  14.560          -0.1681900E+02
  14.580          -0.2527800E+02
  14.600          -0.1578600E+02
  14.620           0.9352000E+01
  14.640           0.2184100E+02
  14.660           0.1556100E+02
  14.680           0.1349000E+01
  14.700           0.4893000E+01
  14.720           0.8964000E+01
  14.740           0.5665000E+01
  14.760           0.6040000E+00
  14.780          -0.1305000E+01
  14.800           0.3134000E+01
  14.820           0.1348000E+01
  14.840           0.5159000E+01
  14.860           0.7356000E+01
  14.880           0.3000000E-01
  14.900          -0.7795000E+01
  14.920          -0.1891100E+02
  14.940          -0.2520600E+02
  14.960          -0.1969100E+02
  14.980          -0.7579000E+01
  15.000           0.7260000E+00
  15.020           0.7771000E+01
  15.040           0.1831800E+02
  15.060           0.1926200E+02
  15.080           0.2288100E+02
  15.100           0.1475700E+02
  15.120          -0.1100000E+01
  15.140          -0.3897000E+01
  15.160          -0.3275000E+01
  15.180           0.6187000E+01
  15.200           0.5499000E+01
  15.220           0.7583000E+01
  15.240           0.1493400E+02
  15.260           0.8833000E+01
  15.280          -0.5586000E+01
  15.300          -0.1853700E+02
  15.320          -0.2561300E+02
  15.340          -0.2634600E+02
  15.360          -0.1234000E+02
  15.380           0.5621000E+01
  15.400           0.1513000E+02
  15.420          -0.1339000E+01
  15.440          -0.1508500E+02
  15.460          -0.1502000E+02
  15.480          -0.1450800E+02
  15.500          -0.1161500E+02
  15.520          -0.1299000E+01
  15.540           0.8660000E+01
  15.560           0.1488400E+02
  15.580           0.1424600E+02
  15.600           0.4657000E+01
  15.620          -0.7190000E+00
  15.640          -0.7010000E+01
  15.660          -0.1656800E+02
  15.680          -0.1831300E+02
  15.700          -0.8166000E+01
  15.720           0.6743000E+01
  15.740           0.1383300E+02
  15.760           0.1157600E+02
  15.780           0.1125700E+02
  15.800           0.1334600E+02
  15.820           0.9534000E+01
  15.840           0.3276000E+01
  15.860           0.1164000E+01
  15.880           0.5258000E+01
  15.900           0.8720000E+01
  15.920           0.5127000E+01
  15.940          -0.5278000E+01
  15.960          -0.4290000E+00
  15.980          -0.6101000E+01
  16.000          -0.2815000E+01
  16.020           0.6806000E+01
  16.040           0.4015000E+01
  16.060           0.5903000E+01
  16.080           0.2094000E+01
  16.100           0.7985000E+01
  16.120           0.1288700E+02
  16.140           0.3296000E+01
  16.160          -0.8170000E+00
  16.180          -0.9740000E+00
  16.200          -0.4679000E+01
  16.220          -0.7943000E+01
  16.240          -0.1806500E+02
  16.260          -0.1661900E+02
  16.280          -0.1240100E+02
  16.300          -0.8646000E+01
  16.320          -0.9960000E+00
  16.340           0.7480000E+01
  16.360           0.1005700E+02
  16.380           0.1077400E+02
  16.400           0.1154700E+02
  16.420          -0.1380000E+00
  16.440          -0.1495100E+02
  16.460          -0.1877000E+02
  16.480          -0.8695000E+01
  16.500           0.5091000E+01
  16.520           0.4507000E+01
  16.540          -0.1037000E+01
  16.560          -0.8085000E+01
  16.580          -0.6023000E+01
  16.600           0.9033000E+01
  16.620           0.1692700E+02
  16.640           0.2300300E+02
  16.660           0.2356500E+02
  16.680           0.1630300E+02
  16.700           0.1818800E+02
  16.720           0.2060000E+02
  16.740           0.4675000E+01
  16.760          -0.1633800E+02
  16.780          -0.2855300E+02
  16.800          -0.2745900E+02
  16.820          -0.2094800E+02
  16.840          -0.1127400E+02
  16.860          -0.4558000E+01
  16.880           0.6955000E+01
  16.900           0.6955000E+01
  16.920          -0.5778000E+01
  16.940          -0.5738000E+01
  16.960          -0.9714000E+01
  16.980          -0.1539600E+02
  17.000           0.3414000E+01
  17.020           0.2610600E+02
  17.040           0.3105400E+02
  17.060           0.2915200E+02
  17.080           0.1896900E+02
  17.100           0.1263500E+02
  17.120          -0.1251000E+01
  17.140          -0.1924200E+02
  17.160          -0.1963100E+02
  17.180          -0.7649000E+01
  17.200           0.3728000E+01
  17.220          -0.3999000E+01
  17.240          -0.1129100E+02
  17.260          -0.5260000E+00
  17.280           0.2163000E+01
  17.300          -0.1173000E+01
  17.320           0.5280000E+00
  17.340           0.6806000E+01
  17.360           0.7632000E+01
  17.380           0.2379000E+01
  17.400           0.7244000E+01
  17.420           0.1447800E+02
  17.440          -0.4110000E+00
  17.460          -0.9467000E+01
  17.480          -0.7999000E+01
  17.500          -0.1572600E+02
  17.520          -0.3375000E+01
  17.540           0.1382000E+02
  17.560           0.1781300E+02
  17.580           0.1497900E+02
  17.600           0.8320000E+00
  17.620           0.8882000E+01
  17.640           0.1127600E+02
  17.660          -0.1959000E+01
  17.680          -0.9617000E+01
  17.700          -0.2137500E+02
  17.720          -0.1225800E+02
  17.740          -0.5595000E+01
  17.760          -0.6197000E+01
  17.780           0.2613000E+01
  17.800           0.1812500E+02
  17.820           0.1421800E+02
  17.840           0.7593000E+01
  17.860           0.4666000E+01
  17.880          -0.5084000E+01
  17.900          -0.6873000E+01
  17.920          -0.4745000E+01
  17.940          -0.8498000E+01
  17.960          -0.9840000E+00
  17.980           0.9422000E+01
  18.000           0.1750300E+02
  18.020           0.1472300E+02
  18.040           0.9786000E+01
  18.060          -0.7253000E+01
  18.080          -0.1510200E+02
  18.100          -0.1506700E+02
  18.120          -0.1002600E+02
  18.140          -0.3179000E+01
  18.160          -0.1919300E+02
  18.180          -0.2790900E+02
  18.200          -0.2599300E+02
  18.220           0.3492000E+01
  18.240           0.2997400E+02
  18.260           0.2504100E+02
  18.280           0.1418400E+02
  18.300           0.7501000E+01
  18.320           0.8770000E+01
  18.340           0.2545000E+01
  18.360          -0.7802000E+01
  18.380          -0.1707400E+02
  18.400          -0.1951400E+02
  18.420          -0.2178600E+02
  18.440          -0.1067100E+02
  18.460           0.5999000E+01
  18.480          -0.3810000E+00
  18.500          -0.1267000E+01
  18.520           0.6331000E+01
  18.540           0.1347600E+02
  18.560           0.2203000E+02
  18.580           0.1613100E+02
  18.600           0.1940300E+02
  18.620           0.1132400E+02
  18.640          -0.4044000E+01
  18.660          -0.1442700E+02
  18.680          -0.1705300E+02
  18.700          -0.6636000E+01
  18.720          -0.2850000E+00
  18.740           0.4023000E+01
  18.760           0.1083800E+02
  18.780           0.1315900E+02
  18.800           0.7769000E+01
  18.820           0.1954500E+02
  18.840           0.1315700E+02
  18.860          -0.3931000E+01
  18.880          -0.1397700E+02
  18.900          -0.1534600E+02
  18.920          -0.8887000E+01
  18.940          -0.1216100E+02
  18.960           0.5038000E+01
  18.980           0.1408500E+02
  19.000           0.1038800E+02
  19.020          -0.7892000E+01
  19.040          -0.2575400E+02
  19.060          -0.1585700E+02
  19.080          -0.2430000E+01
  19.100          -0.1594000E+01
  19.120           0.2331000E+01
  19.140           0.1344700E+02
  19.160           0.2289000E+02
  19.180           0.7741000E+01
  19.200          -0.1139000E+02
  19.220          -0.2463600E+02
  19.240          -0.3113800E+02
  19.260          -0.2826100E+02
  19.280          -0.1294400E+02
  19.300           0.1218700E+02
  19.320           0.1695000E+02
  19.340           0.1346200E+02
  19.360           0.2690000E+00
  19.380          -0.6918000E+01
  19.400          -0.5004000E+01
  19.420           0.1675000E+01
  19.440           0.9432000E+01
  19.460          -0.6139000E+01
  19.480          -0.1923000E+02
  19.500          -0.1234000E+02
  19.520           0.1629000E+01
  19.540           0.1864700E+02
  19.560           0.1836400E+02
  19.580           0.5955000E+01
  19.600           0.4600000E+00
  19.620           0.3288000E+01
  19.640           0.3955000E+01
  19.660           0.7062000E+01
  19.680           0.9007000E+01
  19.700           0.2466000E+01
  19.720           0.7313000E+01
  19.740           0.1218700E+02
  19.760           0.1168300E+02
  19.780           0.7199000E+01
  19.800          -0.4517000E+01
  19.820          -0.1813900E+02
  19.840          -0.2556600E+02
  19.860          -0.2447000E+02
  19.880          -0.1791300E+02
  19.900          -0.5127000E+01
  19.920           0.1525500E+02
  19.940           0.2964800E+02
  19.960           0.1404300E+02
  19.980          -0.5400000E+00
  20.000          -0.1117900E+02
  20.020          -0.1589500E+02
  20.040           0.1004000E+01
  20.060           0.2200600E+02
  20.080           0.3500900E+02
  20.100           0.2358000E+02
  20.120           0.4405000E+01
  20.140          -0.1005600E+02
  20.160          -0.8829000E+01
  20.180          -0.1406600E+02
  20.200          -0.2036700E+02
  20.220          -0.1783200E+02
  20.240          -0.5475000E+01
  20.260           0.6079000E+01
  20.280           0.1223000E+01
  20.300          -0.1915000E+01
  20.320          -0.2407000E+01
  20.340          -0.6771000E+01
  20.360          -0.6236000E+01
  20.380          -0.5102000E+01
  20.400          -0.1058000E+01
  20.420          -0.1281000E+01
  20.440          -0.9570000E+01
  20.460          -0.1164900E+02
  20.480          -0.9253000E+01
  20.500           0.5292000E+01
  20.520           0.1781500E+02
  20.540           0.1335600E+02
  20.560           0.1391800E+02
  20.580           0.1432100E+02
  20.600           0.1012100E+02
  20.620           0.3911000E+01
  20.640           0.3919000E+01
  20.660           0.4386000E+01
  20.680          -0.1847000E+01
  20.700          -0.4989000E+01
  20.720          -0.7353000E+01
  20.740          -0.1494000E+02
  20.760          -0.2239600E+02
  20.780          -0.1428300E+02
  20.800          -0.1046500E+02
  20.820          -0.3861000E+01
  20.840           0.8000000E+01
  20.860          -0.2180000E+00
  20.880          -0.2223000E+01
  20.900           0.6106000E+01
  20.920           0.6970000E+01
  20.940           0.9692000E+01
  20.960          -0.4913000E+01
  20.980          -0.2302500E+02
  21.000          -0.2695700E+02
  21.020          -0.2016000E+02
  21.040          -0.6084000E+01
  21.060           0.8263000E+01
  21.080           0.1928400E+02
  21.100           0.2334800E+02
  21.120           0.1046800E+02
  21.140           0.1142000E+02
  21.160           0.1248700E+02
  21.180           0.1284400E+02
  21.200           0.1512900E+02
  21.220           0.7513000E+01
  21.240           0.4516000E+01
  21.260          -0.7350000E+00
  21.280          -0.5070000E+00
  21.300          -0.3229000E+01
  21.320          -0.1164800E+02
  21.340          -0.1327400E+02
  21.360          -0.3449000E+01
  21.380           0.5783000E+01
  21.400          -0.1092000E+01
  21.420          -0.5332000E+01
  21.440           0.4244000E+01
  21.460           0.1161700E+02
  21.480           0.3482000E+01
  21.500          -0.2910000E+01
  21.520          -0.8041000E+01
  21.540          -0.8009000E+01
  21.560          -0.8964000E+01
  21.580          -0.1392600E+02
  21.600          -0.2245300E+02
  21.620          -0.1761500E+02
  21.640           0.7034000E+01
  21.660           0.2460100E+02
  21.680           0.2027200E+02
  21.700           0.2741000E+01
  21.720          -0.1786000E+02
  21.740          -0.2090300E+02
  21.760          -0.6392000E+01
  21.780           0.7725000E+01
  21.800           0.1066900E+02
  21.820           0.1079200E+02
  21.840           0.7512000E+01
  21.860           0.1655500E+02
  21.880           0.2874700E+02
  21.900           0.2203500E+02
  21.920           0.1350000E+01
  21.940          -0.9226000E+01
  21.960          -0.1120000E+02
  21.980          -0.5288000E+01
  22.000          -0.4880000E+00
  22.020          -0.6910000E+00
  22.040           0.4118000E+01
  22.060           0.8114000E+01
  22.080           0.9833000E+01
  22.100           0.5953000E+01
  22.120          -0.1305000E+01
  22.140          -0.8029000E+01
  22.160          -0.1848200E+02
  22.180          -0.1923900E+02
  22.200          -0.6628000E+01
  22.220           0.7311000E+01
  22.240           0.1241900E+02
  22.260          -0.9600000E-01
  22.280          -0.1008600E+02
  22.300          -0.7259000E+01
  22.320          -0.8686000E+01
  22.340          -0.8712000E+01
  22.360          -0.6737000E+01
  22.380          -0.5679000E+01
  22.400           0.8819000E+01
  22.420           0.1083400E+02
  22.440           0.2951000E+01
  22.460          -0.6571000E+01
  22.480          -0.2406200E+02
  22.500          -0.1733100E+02
  22.520          -0.9426000E+01
  22.540           0.1626000E+01
  22.560           0.4412000E+01
  22.580           0.6996000E+01
  22.600           0.1400400E+02
  22.620           0.1137200E+02
  22.640           0.1103900E+02
  22.660           0.4124000E+01
  22.680          -0.5404000E+01
  22.700          -0.1366700E+02
  22.720          -0.1440600E+02
  22.740          -0.8076000E+01
  22.760          -0.6161000E+01
  22.780          -0.2925000E+01
  22.800           0.5430000E+01
  22.820           0.1225200E+02
  22.840           0.1173000E+02
  22.860           0.6401000E+01
  22.880           0.2086000E+01
  22.900           0.5899000E+01
  22.920           0.1660300E+02
  22.940           0.1578400E+02
  22.960           0.1285200E+02
  22.980           0.7800000E+01
  23.000           0.6659000E+01
  23.020          -0.2751000E+01
  23.040          -0.1095200E+02
  23.060          -0.1157200E+02
  23.080          -0.1708700E+02
  23.100          -0.1944800E+02
  23.120          -0.1402600E+02
  23.140          -0.6567000E+01
  23.160           0.7794000E+01
  23.180           0.1659400E+02
  23.200           0.1534200E+02
  23.220           0.1587800E+02
  23.240           0.8781000E+01
  23.260           0.1783000E+01
  23.280          -0.3286000E+01
  23.300          -0.1024600E+02
  23.320          -0.1303600E+02
  23.340          -0.1098600E+02
  23.360           0.2212000E+01
  23.380           0.1361900E+02
  23.400           0.8365000E+01
  23.420           0.3330000E+00
  23.440          -0.8586000E+01
  23.460          -0.8949000E+01
  23.480           0.4022000E+01
  23.500           0.7274000E+01
  23.520           0.4707000E+01
  23.540          -0.1636000E+01
  23.560           0.5861000E+01
  23.580           0.1630400E+02
  23.600           0.1657100E+02
  23.620           0.5769000E+01
  23.640          -0.7013000E+01
  23.660          -0.1057600E+02
  23.680          -0.1255900E+02
  23.700          -0.1321400E+02
  23.720          -0.1145600E+02
  23.740          -0.8543000E+01
  23.760          -0.4196000E+01
  23.780          -0.2014000E+01
  23.800          -0.4256000E+01
  23.820          -0.5883000E+01
  23.840           0.1438000E+01
  23.860           0.5577000E+01
  23.880           0.9084000E+01
  23.900           0.9574000E+01
  23.920           0.1146400E+02
  23.940           0.9653000E+01
  23.960           0.7261000E+01
  23.980           0.7475000E+01
  24.000           0.1302000E+01
  24.020          -0.1348800E+02
  24.040          -0.1981800E+02
  24.060          -0.1637000E+02
  24.080          -0.4896000E+01
  24.100           0.7052000E+01
  24.120           0.1553700E+02
  24.140           0.1930000E+02
  24.160           0.8167000E+01
  24.180          -0.1600000E+01
  24.200          -0.7840000E+00
  24.220          -0.3814000E+01
  24.240          -0.4975000E+01
  24.260          -0.9478000E+01
  24.280          -0.8994000E+01
  24.300           0.1040000E+01
  24.320           0.4421000E+01
  24.340           0.2624000E+01
  24.360           0.7640000E+00
  24.380          -0.4373000E+01
  24.400          -0.1232900E+02
  24.420          -0.1887900E+02
  24.440          -0.2108700E+02
  24.460          -0.1589700E+02
  24.480          -0.9768000E+01
  24.500          -0.4656000E+01
  24.520           0.4380000E+01
  24.540           0.7724000E+01
  24.560           0.4191000E+01
  24.580           0.5900000E-01
  24.600          -0.3437000E+01
  24.620          -0.5015000E+01
  24.640           0.2153000E+01
  24.660           0.1080300E+02
  24.680           0.1601300E+02
  24.700           0.1628800E+02
  24.720           0.1953100E+02
  24.740           0.1456400E+02
  24.760           0.6261000E+01
  24.780          -0.4753000E+01
  24.800          -0.6955000E+01
  24.820          -0.9326000E+01
  24.840          -0.9544000E+01
  24.860           0.1002000E+01
  24.880           0.8719000E+01
  24.900           0.1192800E+02
  24.920           0.1301600E+02
  24.940           0.6294000E+01
  24.960          -0.3393000E+01
  24.980          -0.8514000E+01
  25.000          -0.5668000E+01
  25.020           0.4330000E+00
  25.040           0.2947000E+01
  25.060          -0.2870000E+01
  25.080          -0.5081000E+01
  25.100          -0.6642000E+01
  25.120          -0.7125000E+01
  25.140          -0.1194200E+02
  25.160          -0.7165000E+01
  25.180          -0.1436000E+01
  25.200          -0.3840000E+00
  25.220           0.6980000E+00
  25.240           0.9737000E+01
  25.260           0.1673400E+02
  25.280           0.1469100E+02
  25.300           0.6224000E+01
  25.320          -0.4057000E+01
  25.340          -0.9394000E+01
  25.360          -0.1358100E+02
  25.380          -0.1059800E+02
  25.400           0.4740000E+00
  25.420          -0.1703000E+01
  25.440          -0.6888000E+01
  25.460          -0.4217000E+01
  25.480           0.1800000E+00
  25.500           0.1382000E+01
  25.520          -0.2818000E+01
  25.540           0.3820000E+00
  25.560           0.1343000E+01
  25.580          -0.3237000E+01
  25.600          -0.1770000E+01
  25.620           0.1927000E+01
  25.640           0.2359000E+01
  25.660           0.2731000E+01
  25.680           0.4909000E+01
  25.700           0.4235000E+01
  25.720           0.1851000E+01
  25.740          -0.5830000E+00
  25.760           0.1963000E+01
  25.780           0.3507000E+01
  25.800           0.1733000E+01
  25.820           0.2835000E+01
  25.840           0.2277000E+01
  25.860           0.4353000E+01
  25.880           0.6647000E+01
  25.900           0.5046000E+01
  25.920           0.9700000E+00
  25.940          -0.6455000E+01
  25.960          -0.1195300E+02
  25.980          -0.1086500E+02
  26.000          -0.3802000E+01
  26.020          -0.3280000E+00
  26.040           0.2090000E+01
  26.060           0.5397000E+01
  26.080           0.5051000E+01
  26.100          -0.9750000E+00
  26.120          -0.2514000E+01
  26.140          -0.5500000E-01
  26.160          -0.3920000E+00
  26.180          -0.4377000E+01
  26.200          -0.7272000E+01
  26.220          -0.2723000E+01
  26.240           0.1421000E+01
  26.260           0.4833000E+01
  26.280           0.5627000E+01
  26.300           0.1148000E+01
  26.320          -0.2334000E+01
  26.340          -0.7290000E+01
  26.360          -0.6689000E+01
  26.380          -0.1521000E+01
  26.400           0.3038000E+01
  26.420           0.6901000E+01
  26.440           0.3522000E+01
  26.460          -0.8700000E-01
  26.480          -0.6000000E+01
  26.500          -0.1048900E+02
  26.520          -0.3176000E+01
  26.540           0.1497000E+01
  26.560           0.1434000E+01
  26.580           0.4512000E+01
  26.600           0.4767000E+01
  26.620           0.8412000E+01
  26.640           0.3282000E+01
  26.660           0.9910000E+00
  26.680          -0.3824000E+01
  26.700          -0.8462000E+01
  26.720          -0.7165000E+01
  26.740          -0.3172000E+01
  26.760           0.2770000E+01
  26.780           0.5620000E+00
  26.800          -0.3470000E+00
  26.820           0.4240000E+00
  26.840          -0.2438000E+01
  26.860          -0.3777000E+01
  26.880          -0.3416000E+01
  26.900          -0.2850000E+00
  26.920           0.2377000E+01
  26.940           0.5446000E+01
  26.960           0.7949000E+01
  26.980           0.7353000E+01
  27.000           0.2152000E+01
  27.020          -0.3980000E+00
  27.040          -0.4191000E+01
  27.060          -0.9839000E+01
  27.080          -0.1157700E+02
  27.100          -0.7169000E+01
  27.120           0.2491000E+01
  27.140           0.1056300E+02
  27.160           0.1280400E+02
  27.180           0.1104800E+02
  27.200           0.4272000E+01
  27.220          -0.4522000E+01
  27.240          -0.1201000E+02
  27.260          -0.1224000E+02
  27.280          -0.7135000E+01
  27.300          -0.2521000E+01
  27.320           0.5540000E+00
  27.340           0.2431000E+01
  27.360           0.3189000E+01
  27.380           0.2294000E+01
  27.400           0.3216000E+01
  27.420           0.2747000E+01
  27.440          -0.1701000E+01
  27.460          -0.1432000E+01
  27.480           0.1538000E+01
  27.500           0.3676000E+01
  27.520           0.8121000E+01
  27.540           0.1268700E+02
  27.560           0.1355800E+02
  27.580           0.1018000E+02
  27.600           0.5215000E+01
  27.620           0.1503000E+01
  27.640          -0.5962000E+01
  27.660          -0.9990000E+01
  27.680          -0.1198100E+02
  27.700          -0.1180000E+02
  27.720          -0.7176000E+01
  27.740           0.2940000E+00
  27.760           0.5081000E+01
  27.780           0.7120000E+01
  27.800           0.8232000E+01
  27.820           0.1774000E+01
  27.840          -0.7639000E+01
  27.860          -0.7213000E+01
  27.880           0.9480000E+00
  27.900           0.9013000E+01
  27.920           0.9661000E+01
  27.940           0.6913000E+01
  27.960           0.2846000E+01
  27.980          -0.1886000E+01
  28.000          -0.7883000E+01
  28.020          -0.1022600E+02
  28.040          -0.1048100E+02
  28.060          -0.1116500E+02
  28.080          -0.6891000E+01
  28.100           0.3293000E+01
  28.120           0.1136400E+02
  28.140           0.1428500E+02
  28.160           0.1201100E+02
  28.180           0.7374000E+01
  28.200           0.1341000E+01
  28.220          -0.3662000E+01
  28.240          -0.7398000E+01
  28.260          -0.7049000E+01
  28.280          -0.5860000E+01
  28.300          -0.4075000E+01
  28.320           0.1517000E+01
  28.340           0.4714000E+01
  28.360          -0.2130000E+00
  28.380          -0.6268000E+01
  28.400          -0.5091000E+01
  28.420           0.2120000E+00
  28.440           0.2923000E+01
  28.460           0.1197000E+01
  28.480          -0.9700000E-01
  28.500          -0.1279000E+01
  28.520          -0.2016000E+01
  28.540          -0.7470000E+00
  28.560          -0.2120000E+00
  28.580          -0.1295000E+01
  28.600          -0.2030000E+01
  28.620          -0.6210000E+00
  28.640           0.2964000E+01
  28.660           0.4210000E+01
  28.680           0.2712000E+01
  28.700          -0.4500000E-01
  28.720          -0.2868000E+01
  28.740          -0.2375000E+01
  28.760           0.2460000E+00
  28.780           0.3485000E+01
  28.800           0.4802000E+01
  28.820           0.1612000E+01
  28.840          -0.1348000E+01
  28.860           0.5910000E+00
  28.880           0.3623000E+01
  28.900           0.5346000E+01
  28.920           0.5359000E+01
  28.940           0.9150000E+00
  28.960          -0.2494000E+01
  28.980          -0.4801000E+01
  29.000          -0.9750000E+01
  29.020          -0.1206800E+02
  29.040          -0.9400000E+01
  29.060          -0.3166000E+01
  29.080           0.2827000E+01
  29.100           0.3731000E+01
  29.120           0.2039000E+01
  29.140          -0.1353000E+01
  29.160          -0.8470000E+00
  29.180           0.1209000E+01
  29.200           0.1114000E+01
  29.220          -0.9180000E+00
  29.240          -0.1459000E+01
  29.260          -0.1141000E+01
  29.280          -0.4950000E+00
  29.300          -0.5410000E+00
  29.320          -0.9720000E+00
  29.340          -0.1740000E+01
  29.360          -0.1621000E+01
  29.380          -0.2360000E+00
  29.400           0.1780000E+00
  29.420           0.4100000E-01
  29.440           0.2845000E+01
  29.460           0.4559000E+01
  29.480           0.4052000E+01
  29.500           0.1271000E+01
  29.520           0.1737000E+01
  29.540           0.3387000E+01
  29.560           0.1794000E+01
  29.580          -0.1961000E+01
  29.600          -0.3195000E+01
  29.620          -0.2163000E+01
  29.640           0.2387000E+01
  29.660           0.5345000E+01
  29.680           0.7004000E+01
  29.700           0.5585000E+01
  29.720           0.9770000E+00
  29.740          -0.5595000E+01
  29.760          -0.7981000E+01
  29.780          -0.7971000E+01
  29.800          -0.7072000E+01
  29.820          -0.4360000E+01
  29.840          -0.1066000E+01
  29.860           0.1335000E+01
  29.880           0.4608000E+01
  29.900           0.7645000E+01
  29.920           0.7129000E+01
  29.940           0.1507000E+01
  29.960          -0.2983000E+01
  29.980          -0.4572000E+01
  30.000          -0.5229000E+01
  30.020          -0.3546000E+01
  30.040          -0.2236000E+01
  30.060          -0.1002000E+01
  30.080          -0.2205000E+01
  30.100          -0.4417000E+01
  30.120          -0.2239000E+01
  30.140           0.4850000E+00
  30.160           0.3922000E+01
  30.180           0.5829000E+01
  30.200           0.5650000E+01
  30.220           0.4471000E+01
  30.240           0.9780000E+00
  30.260          -0.2845000E+01
  30.280          -0.2692000E+01
  30.300          -0.2937000E+01
  30.320          -0.4268000E+01
  30.340          -0.4788000E+01
  30.360          -0.3478000E+01
  30.380          -0.1311000E+01
  30.400           0.1384000E+01
  30.420           0.1565000E+01
  30.440           0.1210000E+00
  30.460          -0.1785000E+01
  30.480          -0.1263000E+01
  30.500           0.1717000E+01
  30.520           0.2057000E+01
  30.540           0.1596000E+01
  30.560          -0.1590000E+00
  30.580          -0.2274000E+01
  30.600          -0.9770000E+00
  30.620          -0.1099000E+01
  30.640           0.1335000E+01
  30.660           0.3019000E+01
  30.680           0.1594000E+01
  30.700          -0.5920000E+00
  30.720          -0.2978000E+01
  30.740          -0.2259000E+01
  30.760          -0.7630000E+00
  30.780           0.1933000E+01
  30.800           0.2422000E+01
  30.820           0.8950000E+00
  30.840           0.1434000E+01
  30.860          -0.1800000E-01
  30.880           0.3760000E+00
  30.900           0.2461000E+01
  30.920           0.3312000E+01
  30.940           0.3761000E+01
  30.960           0.4934000E+01
  30.980           0.5651000E+01
  31.000           0.4162000E+01
  31.020           0.2391000E+01
  31.040           0.4300000E-01
  31.060          -0.1995000E+01
  31.080          -0.4345000E+01
  31.100          -0.3418000E+01
  31.120          -0.1872000E+01
  31.140           0.6290000E+00
  31.160           0.2886000E+01
  31.180           0.2274000E+01
  31.200           0.1283000E+01
  31.220          -0.1220000E+01
  31.240          -0.3120000E+01
  31.260          -0.2381000E+01
  31.280          -0.2475000E+01
  31.300          -0.1594000E+01
  31.320          -0.2750000E+01
  31.340          -0.4785000E+01
  31.360          -0.4610000E+01
  31.380          -0.2629000E+01
  31.400           0.6010000E+00
  31.420           0.2816000E+01
  31.440           0.1545000E+01
  31.460          -0.3210000E+00
  31.480          -0.3700000E+00
  31.500           0.8050000E+00
  31.520           0.6040000E+00
  31.540          -0.3600000E-01
  31.560          -0.9860000E+00
  31.580          -0.2064000E+01
  31.600          -0.1256000E+01
  31.620           0.1452000E+01
  31.640           0.3595000E+01
  31.660           0.4655000E+01
  31.680           0.4080000E+01
  31.700           0.4355000E+01
  31.720           0.4756000E+01
  31.740           0.2825000E+01
  31.760           0.1850000E+01
  31.780           0.2366000E+01
  31.800           0.5990000E+00
  31.820          -0.2109000E+01
  31.840          -0.5078000E+01
  31.860          -0.6627000E+01
  31.880          -0.6787000E+01
  31.900          -0.5068000E+01
  31.920          -0.1855000E+01
  31.940          -0.1200000E-01
  31.960           0.8360000E+00
  31.980           0.1803000E+01
  32.000           0.2559000E+01
  32.020           0.2279000E+01
  32.040           0.1797000E+01
  32.060           0.9770000E+00
  32.080          -0.6720000E+00
  32.100          -0.1837000E+01
  32.120          -0.1344000E+01
  32.140           0.8250000E+00
  32.160           0.1574000E+01
  32.180           0.9740000E+00
  32.200           0.1267000E+01
  32.220           0.3338000E+01
  32.240           0.4098000E+01
  32.260           0.2999000E+01
  32.280           0.1637000E+01
  32.300           0.1047000E+01
  32.320           0.1262000E+01
  32.340           0.1645000E+01
  32.360           0.1172000E+01
  32.380           0.1207000E+01
  32.400           0.9620000E+00
  32.420           0.4490000E+00
  32.440          -0.1015000E+01
  32.460          -0.1300000E-01
  32.480           0.1925000E+01
  32.500           0.5670000E+00
  32.520          -0.2568000E+01
  32.540          -0.5170000E+01
  32.560          -0.4940000E+01
  32.580          -0.4268000E+01
  32.600          -0.3876000E+01
  32.620          -0.1581000E+01
  32.640           0.7590000E+00
  32.660           0.1660000E+01
  32.680          -0.4640000E+00
  32.700          -0.1212000E+01
  32.720          -0.4880000E+00
  32.740          -0.4000000E-01
  32.760           0.1014000E+01
  32.780           0.1381000E+01
  32.800          -0.2460000E+00
  32.820          -0.3415000E+01
  32.840          -0.4004000E+01
  32.860          -0.2265000E+01
  32.880          -0.2126000E+01
  32.900          -0.1156000E+01
  32.920          -0.6320000E+00
  32.940           0.1380000E+00
  32.960           0.2880000E+00
  32.980           0.1260000E+00
  33.000           0.1988000E+01
  33.020           0.1868000E+01
  33.040           0.4560000E+00
  33.060           0.4680000E+00
  33.080           0.3350000E+00
  33.100          -0.4500000E-01
  33.120          -0.5400000E+00
  33.140          -0.1312000E+01
  33.160          -0.1032000E+01
  33.180          -0.1360000E+00
  33.200           0.8400000E+00
  33.220           0.2480000E+00
  33.240          -0.4400000E-01
  33.260           0.1330000E+01
  33.280           0.1671000E+01
  33.300           0.1552000E+01
  33.320           0.2056000E+01
  33.340           0.2474000E+01
  33.360           0.1891000E+01
  33.380           0.4420000E+00
  33.400          -0.4410000E+00
  33.420          -0.7030000E+00
  33.440          -0.1238000E+01
  33.460          -0.5880000E+00
  33.480          -0.1081000E+01
  33.500          -0.1102000E+01
  33.520          -0.5000000E-02
  33.540          -0.6630000E+00
  33.560          -0.1935000E+01
  33.580          -0.1526000E+01
  33.600          -0.5360000E+00
  33.620          -0.1980000E+00
  33.640           0.8790000E+00
  33.660           0.1876000E+01
  33.680           0.3270000E+00
  33.700          -0.8110000E+00
  33.720           0.1070000E+00
  33.740           0.7580000E+00
  33.760           0.6350000E+00
  33.780          -0.5590000E+00
  33.800          -0.2673000E+01
  33.820          -0.3047000E+01
  33.840          -0.1932000E+01
  33.860          -0.7190000E+00
  33.880          -0.5900000E+00
  33.900          -0.8100000E-01
  33.920           0.1538000E+01
  33.940           0.1055000E+01
  33.960           0.3530000E+00
  33.980           0.9530000E+00
  34.000           0.1187000E+01
  34.020          -0.3430000E+00
  34.040          -0.1064000E+01
  34.060           0.9800000E-01
  34.080           0.1730000E+00
  34.100          -0.3000000E+00
  34.120          -0.5020000E+00
  34.140           0.3900000E+00
  34.160           0.1552000E+01
  34.180           0.1538000E+01
  34.200           0.1424000E+01
  34.220           0.1966000E+01
  34.240           0.1061000E+01
  34.260          -0.6100000E+00
  34.280          -0.4220000E+00
  34.300           0.6880000E+00
  34.320           0.1197000E+01
  34.340           0.1055000E+01
  34.360           0.5700000E-01
  34.380          -0.1003000E+01
  34.400          -0.2285000E+01
  34.420          -0.2595000E+01
  34.440          -0.1374000E+01
  34.460          -0.7260000E+00
  34.480          -0.3240000E+00
  34.500           0.5580000E+00
  34.520           0.9740000E+00
  34.540          -0.1020000E+00
  34.560          -0.1389000E+01
  34.580          -0.1509000E+01
  34.600          -0.1611000E+01
  34.620          -0.1492000E+01
  34.640          -0.1560000E+00
  34.660           0.1146000E+01
  34.680           0.1736000E+01
  34.700           0.1456000E+01
  34.720           0.2390000E+00
  34.740          -0.1281000E+01
  34.760          -0.1898000E+01
  34.780          -0.2558000E+01
  34.800          -0.2671000E+01
  34.820          -0.2029000E+01
  34.840          -0.9050000E+00
  34.860           0.3080000E+00
  34.880           0.1290000E+01
  34.900           0.2059000E+01
  34.920           0.2220000E+01
  34.940           0.1774000E+01
  34.960           0.1149000E+01
  34.980           0.6140000E+00
  35.000           0.2950000E+00
  35.020           0.4770000E+00
  35.040           0.8130000E+00
  35.060           0.1045000E+01
  35.080           0.1268000E+01
  35.100           0.1061000E+01
  35.120           0.1129000E+01
  35.140           0.9830000E+00
  35.160           0.5760000E+00
  35.180           0.4000000E-02
  35.200          -0.3920000E+00
  35.220          -0.2910000E+00
  35.240          -0.6650000E+00
  35.260          -0.6710000E+00
  35.280          -0.1930000E+00
  35.300          -0.2080000E+00
  35.320          -0.1030000E+00
  35.340           0.1090000E+00
  35.360           0.2840000E+00
  35.380           0.1120000E+00
  35.400          -0.2340000E+00
  35.420          -0.4430000E+00
  35.440          -0.5160000E+00
  35.460          -0.2000000E+00
  35.480           0.2100000E-01
  35.500          -0.2830000E+00
  35.520          -0.3520000E+00
  35.540          -0.3700000E-01
  35.560           0.1450000E+00
  35.580           0.1500000E+00
  35.600          -0.1000000E-02
  35.620           0.1320000E+00
  35.640           0.4280000E+00
  35.660           0.3870000E+00
  35.680           0.3720000E+00
  35.700           0.4350000E+00
  35.720           0.3470000E+00
  35.740           0.4000000E-02
  35.760          -0.1880000E+00
  35.780           0.8700000E-01
  35.800           0.2090000E+00
  35.820          -0.2400000E-01
  35.840          -0.8000000E-02
  35.860           0.2010000E+00
  35.880           0.2700000E+00
  35.900           0.7800000E-01
  35.920          -0.8300000E-01
  35.940          -0.8900000E-01
  35.960          -0.2800000E+00
  35.980          -0.4110000E+00
  36.000          -0.3120000E+00
  36.020          -0.2330000E+00
  36.040          -0.2420000E+00
  36.060          -0.2460000E+00
  36.080          -0.1460000E+00
  36.100          -0.7900000E-01
  36.120          -0.8200000E-01
  36.140          -0.2800000E-01
  36.160           0.5700000E-01
  36.180           0.9400000E-01
  36.200           0.9400000E-01
  36.220           0.8700000E-01
  36.240           0.1100000E+00
  36.260           0.1320000E+00
  36.280           0.1060000E+00
  36.300           0.9700000E-01
  36.320           0.1030000E+00
  36.340           0.8300000E-01
  36.360           0.4800000E-01
  36.380           0.2000000E-01
  36.400           0.0000000E+00
  36.420           0.0000000E+00
  36.440           0.0000000E+00
  36.460           0.0000000E+00
  36.480           0.0000000E+00
  36.500           0.0000000E+00
  36.520           0.0000000E+00
  36.540           0.0000000E+00
  36.560           0.0000000E+00
  36.580           0.0000000E+00
  36.600           0.0000000E+00
  36.620           0.0000000E+00
  36.640           0.0000000E+00
  36.660           0.0000000E+00
  36.680           0.0000000E+00
  36.700           0.0000000E+00
  36.720           0.0000000E+00
  36.740           0.0000000E+00
  36.760           0.0000000E+00
  36.780           0.0000000E+00
  36.800           0.0000000E+00
  36.820           0.0000000E+00
  36.840           0.0000000E+00
  36.860           0.0000000E+00
  36.880           0.0000000E+00
  36.900           0.0000000E+00
  36.920           0.0000000E+00
  36.940           0.0000000E+00
  36.960           0.0000000E+00
  36.980           0.0000000E+00
  37.000           0.0000000E+00
  37.020           0.0000000E+00
  37.040           0.0000000E+00
  37.060           0.0000000E+00
  37.080           0.0000000E+00
  37.100           0.0000000E+00
  37.120           0.0000000E+00
  37.140           0.0000000E+00
  37.160           0.0000000E+00
  37.180           0.0000000E+00
  37.200           0.0000000E+00
  37.220           0.0000000E+00
  37.240           0.0000000E+00
  37.260           0.0000000E+00
  37.280           0.0000000E+00
  37.300           0.0000000E+00
  37.320           0.0000000E+00
  37.340           0.0000000E+00
  37.360           0.0000000E+00
  37.380           0.0000000E+00
  37.400           0.0000000E+00
  37.420           0.0000000E+00
  37.440           0.0000000E+00
  37.460           0.0000000E+00
  37.480           0.0000000E+00
  37.500           0.0000000E+00
  37.520           0.0000000E+00
  37.540           0.0000000E+00
  37.560           0.0000000E+00
  37.580           0.0000000E+00
  37.600           0.0000000E+00
  37.620           0.0000000E+00
  37.640           0.0000000E+00
  37.660           0.0000000E+00
  37.680           0.0000000E+00
  37.700           0.0000000E+00
  37.720           0.0000000E+00
  37.740           0.0000000E+00
  37.760           0.0000000E+00
  37.780           0.0000000E+00
  37.800           0.0000000E+00
  37.820           0.0000000E+00
  37.840           0.0000000E+00
  37.860           0.0000000E+00
  37.880           0.0000000E+00
  37.900           0.0000000E+00
  37.920           0.0000000E+00
  37.940           0.0000000E+00
  37.960           0.0000000E+00
  37.980           0.0000000E+00
  38.000           0.0000000E+00
  38.020           0.0000000E+00
  38.040           0.0000000E+00
  38.060           0.0000000E+00
  38.080           0.0000000E+00
  38.100           0.0000000E+00
  38.120           0.0000000E+00
  38.140           0.0000000E+00
  38.160           0.0000000E+00
  38.180           0.0000000E+00
  38.200           0.0000000E+00
  38.220           0.0000000E+00
  38.240           0.0000000E+00
  38.260           0.0000000E+00
  38.280           0.0000000E+00
  38.300           0.0000000E+00
  38.320           0.0000000E+00
  38.340           0.0000000E+00
  38.360           0.0000000E+00
  38.380           0.0000000E+00
  38.400           0.0000000E+00
  38.420           0.0000000E+00
  38.440           0.0000000E+00
  38.460           0.0000000E+00
  38.480           0.0000000E+00
  38.500           0.0000000E+00
  38.520           0.0000000E+00
  38.540           0.0000000E+00
  38.560           0.0000000E+00
  38.580           0.0000000E+00
  38.600           0.0000000E+00
  38.620           0.0000000E+00
  38.640           0.0000000E+00
  38.660           0.0000000E+00
  38.680           0.0000000E+00
  38.700           0.0000000E+00
  38.720           0.0000000E+00
  38.740           0.0000000E+00
  38.760           0.0000000E+00
  38.780           0.0000000E+00
  38.800           0.0000000E+00
  38.820           0.0000000E+00
  38.840           0.0000000E+00
  38.860           0.0000000E+00
  38.880           0.0000000E+00
  38.900           0.0000000E+00
  38.920           0.0000000E+00
  38.940           0.0000000E+00
  38.960           0.0000000E+00
  38.980           0.0000000E+00
  39.000           0.0000000E+00
  39.020           0.0000000E+00
  39.040           0.0000000E+00
  39.060           0.0000000E+00
  39.080           0.0000000E+00
  39.100           0.0000000E+00
  39.120           0.0000000E+00
  39.140           0.0000000E+00
  39.160           0.0000000E+00
  39.180           0.0000000E+00
  39.200           0.0000000E+00
  39.220           0.0000000E+00
  39.240           0.0000000E+00
  39.260           0.0000000E+00
  39.280           0.0000000E+00
  39.300           0.0000000E+00
  39.320           0.0000000E+00
  39.340           0.0000000E+00
  39.360           0.0000000E+00
  39.380           0.0000000E+00
  39.400           0.0000000E+00
  39.420           0.0000000E+00
  39.440           0.0000000E+00
  39.460           0.0000000E+00
  39.480           0.0000000E+00
  39.500           0.0000000E+00
  39.520           0.0000000E+00
  39.540           0.0000000E+00
  39.560           0.0000000E+00
  39.580           0.0000000E+00
  39.600           0.0000000E+00
  39.620           0.0000000E+00
  39.640           0.0000000E+00
  39.660           0.0000000E+00
  39.680           0.0000000E+00
  39.700           0.0000000E+00
  39.720           0.0000000E+00
  39.740           0.0000000E+00
  39.760           0.0000000E+00
  39.780           0.0000000E+00
  39.800           0.0000000E+00
  39.820           0.0000000E+00
  39.840           0.0000000E+00
  39.860           0.0000000E+00
  39.880           0.0000000E+00
  39.900           0.0000000E+00
  39.920           0.0000000E+00
  39.940           0.0000000E+00
  39.960           0.0000000E+00
  39.980           0.0000000E+00
  40.000           0.0000000E+00
  40.020           0.0000000E+00
  40.040           0.0000000E+00
  40.060           0.0000000E+00
  40.080           0.0000000E+00
  40.100           0.0000000E+00
  40.120           0.0000000E+00
  40.140           0.0000000E+00
  40.160           0.0000000E+00
  40.180           0.0000000E+00
  40.200           0.0000000E+00
  40.220           0.0000000E+00
  40.240           0.0000000E+00
  40.260           0.0000000E+00
  40.280           0.0000000E+00
  40.300           0.0000000E+00
  40.320           0.0000000E+00
  40.340           0.0000000E+00
  40.360           0.0000000E+00
  40.380           0.0000000E+00
  40.400           0.0000000E+00
  40.420           0.0000000E+00
  40.440           0.0000000E+00
  40.460           0.0000000E+00
  40.480           0.0000000E+00
  40.500           0.0000000E+00
  40.520           0.0000000E+00
  40.540           0.0000000E+00
  40.560           0.0000000E+00
  40.580           0.0000000E+00
  40.600           0.0000000E+00
  40.620           0.0000000E+00
  40.640           0.0000000E+00
  40.660           0.0000000E+00
  40.680           0.0000000E+00
  40.700           0.0000000E+00
  40.720           0.0000000E+00
  40.740           0.0000000E+00
  40.760           0.0000000E+00
  40.780           0.0000000E+00
  40.800           0.0000000E+00
  40.820           0.0000000E+00
  40.840           0.0000000E+00
  40.860           0.0000000E+00
  40.880           0.0000000E+00
  40.900           0.0000000E+00
  40.920           0.0000000E+00
  40.940           0.0000000E+00
  40.960           0.0000000E+00
