        2048     0.02000
       0.003       0.003       0.003      -0.009       0.003       0.003       0.050       0.006       0.003      -0.023
      -0.002       0.000      -0.064      -0.016      -0.007      -0.161      -0.331      -0.054      -0.011       0.101
       0.123       0.059       0.202       0.692       0.169       0.090      -0.263      -0.204      -0.088      -0.250
      -0.230      -0.141      -0.526      -1.416      -0.210      -0.040       1.007       0.392       0.368       1.839
       0.436       0.258       1.266       0.413       0.422       2.087       0.764       0.679       3.005       2.920
       2.838       2.539       0.179      -1.639      -3.796      -2.122      -1.663      -2.981      -2.495      -2.740
      -4.687      -4.740      -0.760       0.525       1.975       2.645       2.840       4.689       4.884       0.347
      -2.785      -5.202      -3.123      -3.664      -7.132      -7.102      -5.603      -3.162       1.383       4.044
      -1.299      -4.256      -4.470      -3.299      -5.377      -3.100       0.038       2.970      -0.999      -3.343
      -3.210      -2.393      -6.947      -9.012      -6.727      -9.048     -12.005      -8.392      -4.387      -1.255
      -1.539       0.421       3.235      13.425       8.900       6.899       9.495       8.756       8.266      12.703
      15.768      14.580      13.928       1.277      -5.594      -8.963     -15.978     -17.832     -13.279     -10.558
       1.504       7.520      10.879      16.241      20.036      19.929      20.308      18.366      12.430      11.879
      11.522      20.181      22.704      19.312      23.369      23.369      14.770      11.673       8.392      11.048
       7.807       7.718      -1.873      -8.970     -15.559     -17.272     -17.401     -14.993     -15.596     -17.803
      -7.850       8.784      14.880      17.748       8.725      -5.725     -19.685     -30.847     -23.082     -21.487
      -9.336     -11.973      -6.225     -10.027      -9.139       6.200       5.749      16.296      19.646      17.957
      24.390      22.728       6.531     -12.709     -19.002     -14.891     -11.818     -10.084     -16.610      -6.050
       7.191      19.361      15.362      -7.155     -22.366     -24.818     -35.198     -45.558     -34.946     -33.398
     -25.461      -5.396       1.529      32.770      46.589      37.970      32.615      39.312      22.307       7.767
      -7.966     -12.970      -5.804      -4.889      -4.708      10.424      30.420      26.754       9.381       7.914
       8.858       6.059       7.840      21.390      15.902     -12.902     -31.426     -32.691     -10.657       3.707
       9.748      20.710      24.497      23.999       7.426       7.221      14.818      15.485      13.948      10.643
      27.722      28.532      35.822      39.897      62.783      71.955      52.974      39.643      23.330      22.058
      14.146     -25.555     -50.929     -57.361     -59.928     -74.824     -78.843     -57.042     -44.815     -19.787
      18.556      23.335      -5.636     -45.888     -44.396     -34.493      -7.845      24.709       7.897      21.693
      22.486       8.867     -24.977     -26.967      -4.052       8.565      30.984       9.548      -4.762     -43.422
     -42.968     -26.115     -25.445      -5.358      26.783      42.632      27.831      -9.162     -12.667      12.937
       0.903     -13.154     -30.679     -23.612       2.788      22.768      22.972      -2.903      -6.466      -6.882
     -25.683     -18.133      -1.974      39.864      73.299      31.161      10.624     -10.794     -36.641     -43.615
     -48.382     -23.219     -25.357     -17.092      18.983      51.776      19.539     -26.245     -63.809     -37.546
     -49.272     -71.749     -44.121     -27.277     -23.811     -13.277       2.211     -19.696      13.395      37.743
      62.648      70.815      39.984      19.048      17.461      35.434     -11.050     -30.255     -12.504     -27.202
     -40.555     -15.775      32.687      28.003     -13.816       2.062      -1.474     -13.718     -15.027      -2.717
     -21.619     -12.187      -9.321      -6.384      46.285      86.489      77.839      73.243      53.572       0.995
     -36.210     -32.311     -19.624      -0.234      35.880      35.664      18.876      15.642      51.167      28.102
      22.582      13.333      24.761      29.072      12.650      19.568     -11.045     -26.806     -46.847     -60.271
     -18.249      25.015      24.514      -8.508     -11.146      -3.864     -37.294     -60.374     -76.234     -60.441
     -38.365      -3.545      36.595      19.549      -2.924     -37.562     -60.361      -7.719      25.306      40.750
       8.248       4.577      -2.581     -38.377     -51.322      -7.110       2.206       5.048       7.345       3.413
      13.983      20.225      50.218      93.395     113.003      65.630      21.713       0.317     -18.833     -33.395
     -52.263     -64.057     -23.214      -3.671       0.192       6.282      -7.379     -38.445     -73.226     -82.419
     -83.291     -53.170     -21.828     -14.110       9.247      31.469      47.491      34.556      35.163      33.712
      29.194       1.223      36.294      47.924      11.591      10.355     -31.388     -47.245     -41.440     -34.207
     -38.305       4.960      17.981      -5.337     -19.214     -18.056     -38.507     -29.668      39.149      56.400
      77.112      30.623     -18.393      10.809      44.707      37.762       5.437      -7.368       8.721      28.689
     -16.724     -52.970     -37.620      -5.521      -3.736     -33.699     -42.692     -50.594     -35.010     -33.470
     -13.420      12.524     -10.277     -15.983      21.865      13.015     -35.355     -24.753     -23.818      12.082
      32.373       4.912     -22.338     -21.723      -4.488     -18.243      -5.414      33.625      61.664      91.059
     104.770      86.774      75.874      23.304     -27.808     -55.931     -77.645     -55.928     -37.652       5.331
      34.409      10.024     -22.452     -33.730      10.801      54.043      90.574     108.613      83.577      52.299
      22.552      16.468      23.436     -17.721     -67.111     -74.909     -15.288      33.053      61.885      56.555
      24.804      24.672       4.809      -7.903     -27.509     -39.748     -68.899     -59.338      -1.101      20.653
      55.630      62.182      75.058      47.626       0.877     -40.864     -26.787      -5.462       2.977      22.244
      32.896       2.229      10.102      55.483      64.442      51.347      13.028      -0.104     -51.028     -88.450
     -60.236       0.692      19.227      -6.262     -11.361       9.908      16.167      37.763      42.707      33.564
      33.697     -22.904     -49.634     -35.576     -21.175     -17.171      15.680      34.783     -11.003     -62.920
     -72.265     -33.065      17.078      27.104       4.922      -1.790       5.048      -5.101      12.659       7.077
     -25.881     -37.154      -8.496       2.507       4.075      -1.766     -19.137     -17.740      -8.406      27.817
      35.721       8.948     -23.373     -47.741      -7.599      30.579      50.309      79.061     105.969     113.003
      76.585      25.017     -14.487     -33.409     -15.732     -13.857      -4.359      -8.718     -30.589     -37.427
     -12.561     -30.152     -39.094     -44.276     -39.414     -21.409     -19.736     -15.620      11.384       9.043
     -31.990     -27.221      25.250      14.792     -16.986       4.547       4.336      19.707      17.734     -12.880
      -7.155       6.763      -1.340      17.751      25.045      -3.759     -60.964     -56.819     -32.911      22.945
      18.705     -28.835     -37.416     -52.057     -56.303     -46.371     -34.453     -37.993     -28.723     -30.133
     -19.930       4.367       0.259      -5.954      -6.232       2.449      16.995       4.713       3.399      17.670
      31.053      29.277      16.482      21.731     -15.456     -10.713       4.298      -1.621      -7.133      -4.088
      38.226      74.305      61.079      14.896     -27.890     -18.169     -12.262     -21.761     -21.767     -45.113
     -60.082     -57.295     -29.268     -30.484     -22.399     -22.607     -32.339     -15.535     -34.668     -44.621
     -33.415       0.950      -0.806      -9.276     -26.869     -42.905     -14.903       9.293      -2.840       3.034
      10.119       7.044       8.853      10.299      -6.044       1.587      21.864      11.224       4.228      -9.429
     -21.327     -34.746     -20.355      -3.217      38.885      58.587      51.098      24.450       1.299     -43.876
     -74.889     -58.829     -25.691       2.742      22.154      48.235      45.096      26.777      46.387      70.861
      84.425      61.626      14.028      -3.390       3.093     -20.611     -48.968     -49.453     -25.398      -8.217
       4.066      12.928      12.316       1.295      -8.618     -13.825     -24.242     -35.692     -15.032      17.468
      38.526      36.435      28.352      16.626      10.244      36.279      53.907      42.423      32.480      24.746
      -9.195     -36.529     -33.614     -38.441     -30.231     -23.412     -25.540      -5.094      -5.005     -11.339
     -25.445     -25.710     -24.112     -22.748     -20.881     -19.252     -18.890     -33.113     -17.544       0.832
       9.179      14.989      36.995      48.764      42.715      23.860      12.755      10.028      27.797      32.030
      25.331      25.721       7.742     -12.394     -17.976      16.740      47.516      54.716      37.092      10.889
      -9.228     -18.993     -13.892       2.317      -2.034      -4.839      -6.229      -7.068       0.832       0.028
      -6.486      -7.393      -1.674       0.967      17.036      27.557      12.043       3.680      -8.431     -14.768
     -13.011      -7.559       9.172      10.377       5.006      -5.028       4.974      14.742      15.157      16.039
      20.519      18.796      -1.824       6.949      27.715      43.317      37.572      24.253      20.306      15.313
      10.870      -4.386     -22.713     -40.624     -56.332     -47.222     -36.173     -39.845     -40.757     -31.341
     -22.628     -32.366     -42.739     -21.736       7.604      25.466      21.630      23.524      23.479      12.301
      10.959      13.929       9.919       1.212      -8.795       1.930      14.390       6.559      -4.654      -4.523
       3.283       2.871       2.192      -2.251      -6.191      -8.846     -12.429     -17.615     -16.980      -9.451
       0.487       6.267       8.284       8.366      14.655      13.347      -0.899      -2.889      11.831      26.025
      17.841       7.082      -6.023      -9.231       3.815       9.938      13.013      16.933      14.725       3.218
      -8.112      -4.826      -0.052      -1.294       0.729      -2.797      -5.292     -12.367     -17.415     -10.038
       2.150       5.736      -1.183     -11.428      -7.074      -5.180      -9.649      -5.277     -10.393     -11.029
       2.831      17.284      16.058      13.263       3.603      -8.502     -17.506     -27.212     -31.640     -27.121
     -26.639     -28.046     -24.382     -32.009     -32.310     -28.470     -18.636      -3.851       5.531       0.606
      -3.140       3.509       6.428       7.164       2.860      -5.629     -12.464     -12.851      -9.100       1.557
      14.421      21.033      13.418       2.859      -2.476      -2.834      -5.658      -6.162      -8.857      -8.687
      -6.498       1.164       5.793      10.056      14.865      15.740      21.622      14.233       7.707      -1.630
      -7.380     -13.334     -15.496     -17.383     -15.094      -3.940       6.493      11.965      12.725      11.709
       7.018       7.660      17.460      23.810      23.437      18.877      13.357       8.832       5.208       2.121
       3.067       9.333      14.610      18.317      24.901      25.187      16.961       6.352       4.793      -0.460
     -10.952     -14.303     -17.189     -22.326     -17.004      -8.411      -5.579      -7.587      -5.704      -8.522
      -6.574      -3.330      -1.014       4.870       1.107      -4.241      -9.846      -9.176      -4.215      -5.094
       2.217      15.089      21.741      19.607      17.465      15.984       9.627       7.761      -1.704      -3.843
      -2.442      -7.829      -5.253       6.347      12.419      10.357       8.293       6.068      -2.480     -16.753
     -31.157     -38.289     -31.683     -23.632     -14.329      -2.365       1.591      -1.776      -7.489      -6.905
       0.744       8.657      13.143      17.085      19.213      12.718       5.326       4.152      -0.720      -3.067
       0.574       1.931       8.278      15.566      15.081      14.558      14.696      11.234       5.410      -5.209
     -12.740     -13.671      -9.681      -7.396     -10.153     -10.486     -10.282      -9.399     -10.492      -7.352
       1.210       7.221      11.750      14.470      10.352       2.330      -9.081     -12.559      -9.728      -7.838
      -4.571      -2.888       0.822       8.432      16.311      19.218      17.246      11.519       0.142     -10.314
     -18.129     -17.451     -10.652      -4.079       6.368       9.096       9.638       8.813       6.014       1.498
      -3.294      -6.348      -7.173      -6.084      -9.078     -11.764     -12.172     -11.677      -9.822      -4.479
       1.557       6.727       8.045       6.807       4.467       1.938      -1.740      -4.389      -5.829      -6.121
      -3.547      -2.895      -1.323      -2.948      -4.929      -5.128      -3.482      -1.101       1.845       5.256
       5.160       6.142       4.931       4.889       4.053       1.176      -0.859      -1.743      -1.230      -1.262
      -0.611      -0.854      -0.578      -0.842      -1.635      -2.573      -4.117      -4.653      -4.189      -1.877
       0.896       3.079       3.835       3.464       2.506       1.773       1.314       0.559       0.183      -0.319
      -0.600      -1.554      -2.446      -2.611      -2.152      -1.717      -0.857       0.161       1.363       2.469
       2.840       2.673       2.266       1.629       0.941       0.455       0.161       0.141       0.201       0.162
       0.146       0.080       0.000       0.000       0.000       0.000       0.000       0.000       0.000       0.000
       0.000       0.000       0.000       0.000       0.000       0.000       0.000       0.000       0.000       0.000
       0.000       0.000       0.000       0.000       0.000       0.000       0.000       0.000       0.000       0.000
       0.000       0.000       0.000       0.000       0.000       0.000       0.000       0.000       0.000       0.000
       0.000       0.000       0.000       0.000       0.000       0.000       0.000       0.000       0.000       0.000
       0.000       0.000       0.000       0.000       0.000       0.000       0.000       0.000       0.000       0.000
       0.000       0.000       0.000       0.000       0.000       0.000       0.000       0.000       0.000       0.000
       0.000       0.000       0.000       0.000       0.000       0.000       0.000       0.000       0.000       0.000
       0.000       0.000       0.000       0.000       0.000       0.000       0.000       0.000       0.000       0.000
       0.000       0.000       0.000       0.000       0.000       0.000       0.000       0.000       0.000       0.000
       0.000       0.000       0.000       0.000       0.000       0.000       0.000       0.000       0.000       0.000
       0.000       0.000       0.000       0.000       0.000       0.000       0.000       0.000       0.000       0.000
       0.000       0.000       0.000       0.000       0.000       0.000       0.000       0.000       0.000       0.000
       0.000       0.000       0.000       0.000       0.000       0.000       0.000       0.000       0.000       0.000
       0.000       0.000       0.000       0.000       0.000       0.000       0.000       0.000       0.000       0.000
       0.000       0.000       0.000       0.000       0.000       0.000       0.000       0.000       0.000       0.000
       0.000       0.000       0.000       0.000       0.000       0.000       0.000       0.000       0.000       0.000
       0.000       0.000       0.000       0.000       0.000       0.000       0.000       0.000       0.000       0.000
       0.000       0.000       0.000       0.000       0.000       0.000       0.000       0.000       0.000       0.000
       0.000       0.000       0.000       0.000       0.000       0.000       0.000       0.000       0.000       0.000
       0.000       0.000       0.000       0.000       0.000       0.000       0.000       0.000       0.000       0.000
       0.000       0.000       0.000       0.000       0.000       0.000       0.000       0.000       0.000       0.000
       0.000       0.000       0.000       0.000       0.000       0.000       0.000       0.000       0.000       0.000
       0.000       0.000       0.000       0.000       0.000       0.000       0.000       0.000       0.000       0.000
       0.000       0.000       0.000       0.000       0.000       0.000       0.000       0.000       0.000       0.000
       0.000       0.000       0.000       0.000       0.000       0.000       0.000       0.000       0.000       0.000
       0.000       0.000       0.000       0.000       0.000       0.000       0.000       0.000       0.000       0.000
       0.000       0.000       0.000       0.000       0.000       0.000       0.000       0.000       0.000       0.000
       0.000       0.000       0.000       0.000       0.000       0.000       0.000       0.000       0.000       0.000
       0.000       0.000       0.000       0.000       0.000       0.000       0.000       0.000       0.000       0.000
       0.000       0.000       0.000       0.000       0.000       0.000       0.000       0.000       0.000       0.000
       0.000       0.000       0.000       0.000       0.000       0.000       0.000       0.000       0.000       0.000
       0.000       0.000       0.000       0.000       0.000       0.000       0.000       0.000       0.000       0.000
       0.000       0.000       0.000       0.000       0.000       0.000       0.000       0.000       0.000       0.000
       0.000       0.000       0.000       0.000       0.000       0.000       0.000       0.000       0.000       0.000
       0.000       0.000       0.000       0.000       0.000       0.000       0.000       0.000       0.000       0.000
       0.000       0.000       0.000       0.000       0.000       0.000       0.000       0.000       0.000       0.000
       0.000       0.000       0.000       0.000       0.000       0.000       0.000       0.000       0.000       0.000
       0.000       0.000       0.000       0.000       0.000       0.000       0.000       0.000       0.000       0.000
       0.000       0.000       0.000       0.000       0.000       0.000       0.000       0.000       0.000       0.000
       0.000       0.000       0.000       0.000       0.000       0.000       0.000       0.000       0.000       0.000
       0.000       0.000       0.000       0.000       0.000       0.000       0.000       0.000       0.000       0.000
       0.000       0.000       0.000       0.000       0.000       0.000       0.000       0.000       0.000       0.000
       0.000       0.000       0.000       0.000       0.000       0.000       0.000       0.000       0.000       0.000
       0.000       0.000       0.000       0.000       0.000       0.000       0.000       0.000       0.000       0.000
       0.000       0.000       0.000       0.000       0.000       0.000       0.000       0.000       0.000       0.000
       0.000       0.000       0.000       0.000       0.000       0.000       0.000       0.000       0.000       0.000
       0.000       0.000       0.000       0.000       0.000       0.000       0.000       0.000       0.000       0.000
       0.000       0.000       0.000       0.000       0.000       0.000       0.000       0.000       0.000       0.000
       0.000       0.000       0.000       0.000       0.000       0.000       0.000       0.000       0.000       0.000
       0.000       0.000       0.000       0.000       0.000       0.000       0.000       0.000       0.000       0.000
       0.000       0.000       0.000       0.000       0.000       0.000       0.000       0.000       0.000       0.000
       0.000       0.000       0.000       0.000       0.000       0.000       0.000       0.000       0.000       0.000
       0.000       0.000       0.000       0.000       0.000       0.000       0.000       0.000       0.000       0.000
       0.000       0.000       0.000       0.000       0.000       0.000       0.000       0.000       0.000       0.000
       0.000       0.000       0.000       0.000       0.000       0.000       0.000       0.000       0.000       0.000
       0.000       0.000       0.000       0.000       0.000       0.000       0.000       0.000       0.000       0.000
       0.000       0.000       0.000       0.000       0.000       0.000       0.000       0.000       0.000       0.000
       0.000       0.000       0.000       0.000       0.000       0.000       0.000       0.000       0.000       0.000
       0.000       0.000       0.000       0.000       0.000       0.000       0.000       0.000       0.000       0.000
       0.000       0.000       0.000       0.000       0.000       0.000       0.000       0.000       0.000       0.000
       0.000       0.000       0.000       0.000       0.000       0.000       0.000       0.000       0.000       0.000
       0.000       0.000       0.000       0.000       0.000       0.000       0.000       0.000       0.000       0.000
       0.000       0.000       0.000       0.000       0.000       0.000       0.000       0.000       0.000       0.000
       0.000       0.000       0.000       0.000       0.000       0.000       0.000       0.000       0.000       0.000
       0.000       0.000       0.000       0.000       0.000       0.000       0.000       0.000       0.000       0.000
       0.000       0.000       0.000       0.000       0.000       0.000       0.000       0.000       0.000       0.000
       0.000       0.000       0.000       0.000       0.000       0.000       0.000       0.000       0.000       0.000
       0.000       0.000       0.000       0.000       0.000       0.000       0.000       0.000       0.000       0.000
       0.000       0.000       0.000       0.000       0.000       0.000       0.000       0.000       0.000       0.000
       0.000       0.000       0.000       0.000       0.000       0.000       0.000       0.000       0.000       0.000
       0.000       0.000       0.000       0.000       0.000       0.000       0.000       0.000       0.000       0.000
       0.000       0.000       0.000       0.000       0.000       0.000       0.000       0.000       0.000       0.000
       0.000       0.000       0.000       0.000       0.000       0.000       0.000       0.000       0.000       0.000
       0.000       0.000       0.000       0.000       0.000       0.000       0.000       0.000       0.000       0.000
       0.000       0.000       0.000       0.000       0.000       0.000       0.000       0.000       0.000       0.000
       0.000       0.000       0.000       0.000       0.000       0.000       0.000       0.000       0.000       0.000
       0.000       0.000       0.000       0.000       0.000       0.000       0.000       0.000       0.000       0.000
       0.000       0.000       0.000       0.000       0.000       0.000       0.000       0.000       0.000       0.000
       0.000       0.000       0.000       0.000       0.000       0.000       0.000       0.000       0.000       0.000
       0.000       0.000       0.000       0.000       0.000       0.000       0.000       0.000       0.000       0.000
       0.000       0.000       0.000       0.000       0.000       0.000       0.000       0.000       0.000       0.000
       0.000       0.000       0.000       0.000       0.000       0.000       0.000       0.000       0.000       0.000
       0.000       0.000       0.000       0.000       0.000       0.000       0.000       0.000       0.000       0.000
       0.000       0.000       0.000       0.000       0.000       0.000       0.000       0.000       0.000       0.000
       0.000       0.000       0.000       0.000       0.000       0.000       0.000       0.000