   0.020          -0.1000000E-02
   0.040          -0.1000000E-02
   0.060          -0.1000000E-02
   0.080          -0.1000000E-01
   0.100          -0.1000000E-02
   0.120          -0.1000000E-02
   0.140          -0.3700000E-01
   0.160          -0.2000000E-02
   0.180          -0.2000000E-02
   0.200          -0.8100000E-01
   0.220          -0.2000000E-02
   0.240          -0.3000000E-02
   0.260          -0.1430000E+00
   0.280          -0.2200000E-01
   0.300          -0.4000000E-02
   0.320           0.3900000E-01
   0.340           0.3400000E-01
   0.360           0.2000000E-01
   0.380           0.1420000E+00
   0.400           0.3070000E+00
   0.420           0.2600000E-01
   0.440          -0.6000000E-01
   0.460           0.5500000E-01
   0.480           0.2490000E+00
   0.500           0.8400000E-01
   0.520           0.9500000E-01
   0.540           0.4640000E+00
   0.560           0.1580000E+00
   0.580           0.1390000E+00
   0.600           0.6340000E+00
   0.620           0.8880000E+00
   0.640           0.1250000E+00
   0.660           0.4000000E-02
   0.680          -0.8460000E+00
   0.700          -0.5540000E+00
   0.720          -0.4810000E+00
   0.740          -0.1281000E+01
   0.760          -0.9860000E+00
   0.780          -0.5240000E+00
   0.800           0.1342000E+01
   0.820           0.4830000E+00
   0.840           0.7900000E-01
   0.860          -0.5010000E+00
   0.880          -0.3660000E+00
   0.900          -0.3250000E+00
   0.920          -0.5970000E+00
   0.940          -0.1035000E+01
   0.960          -0.1693000E+01
   0.980          -0.9560000E+00
   1.000          -0.1200000E-01
   1.020           0.1656000E+01
   1.040           0.2307000E+01
   1.060           0.2180000E+00
   1.080          -0.7980000E+00
   1.100          -0.2881000E+01
   1.120          -0.2430000E+01
   1.140          -0.1160000E+01
   1.160           0.8600000E-01
   1.180           0.1393000E+01
   1.200           0.1433000E+01
   1.220           0.2328000E+01
   1.240           0.1816000E+01
   1.260           0.2044000E+01
   1.280           0.3274000E+01
   1.300           0.4044000E+01
   1.320           0.3147000E+01
   1.340           0.3060000E+00
   1.360          -0.2908000E+01
   1.380          -0.4568000E+01
   1.400          -0.4268000E+01
   1.420          -0.2086000E+01
   1.440           0.6370000E+00
   1.460           0.3655000E+01
   1.480           0.5262000E+01
   1.500           0.4274000E+01
   1.520           0.9270000E+00
   1.540          -0.3445000E+01
   1.560          -0.5158000E+01
   1.580          -0.6010000E+01
   1.600          -0.4810000E+01
   1.620          -0.3317000E+01
   1.640           0.3340000E+00
   1.660           0.5248000E+01
   1.680           0.2325000E+01
   1.700          -0.9990000E+00
   1.720          -0.5269000E+01
   1.740          -0.7306000E+01
   1.760          -0.6795000E+01
   1.780          -0.6927000E+01
   1.800          -0.3254000E+01
   1.820           0.1246000E+01
   1.840           0.5826000E+01
   1.860           0.4406000E+01
   1.880           0.2860000E+00
   1.900          -0.4750000E+01
   1.920          -0.6394000E+01
   1.940          -0.2866000E+01
   1.960           0.3330000E+00
   1.980           0.1384000E+01
   2.000           0.2015000E+01
   2.020           0.6869000E+01
   2.040           0.9879000E+01
   2.060           0.8236000E+01
   2.080           0.8705000E+01
   2.100           0.1034900E+02
   2.120           0.1000200E+02
   2.140           0.9939000E+01
   2.160           0.1130600E+02
   2.180           0.6891000E+01
   2.200          -0.1128000E+01
   2.220          -0.4509000E+01
   2.240          -0.4728000E+01
   2.260          -0.1167000E+01
   2.280           0.3981000E+01
   2.300           0.1033600E+02
   2.320           0.1306000E+02
   2.340           0.9371000E+01
   2.360           0.1969000E+01
   2.380          -0.8163000E+01
   2.400          -0.1398700E+02
   2.420          -0.1296100E+02
   2.440          -0.8131000E+01
   2.460          -0.3940000E+01
   2.480           0.3024000E+01
   2.500           0.9810000E+01
   2.520           0.1342000E+02
   2.540           0.8947000E+01
   2.560           0.7760000E+00
   2.580          -0.5431000E+01
   2.600          -0.9084000E+01
   2.620          -0.1603800E+02
   2.640          -0.1695000E+02
   2.660          -0.8496000E+01
   2.680           0.2675000E+01
   2.700           0.1197000E+02
   2.720           0.9280000E+01
   2.740           0.3384000E+01
   2.760           0.9210000E+00
   2.780           0.1040000E+00
   2.800           0.4200000E+00
   2.820          -0.1060000E+00
   2.840           0.1344000E+01
   2.860          -0.1588000E+01
   2.880          -0.1114200E+02
   2.900          -0.2048100E+02
   2.920          -0.1554500E+02
   2.940          -0.4660000E+00
   2.960           0.1342300E+02
   2.980           0.2163200E+02
   3.000           0.1584300E+02
   3.020           0.5655000E+01
   3.040          -0.1381000E+01
   3.060          -0.9080000E+01
   3.080          -0.1360200E+02
   3.100          -0.1428000E+02
   3.120          -0.1290800E+02
   3.140          -0.1037000E+02
   3.160          -0.2069000E+01
   3.180           0.1004900E+02
   3.200           0.1654700E+02
   3.220           0.9242000E+01
   3.240          -0.6388000E+01
   3.260          -0.2059800E+02
   3.280          -0.2624200E+02
   3.300          -0.2137300E+02
   3.320          -0.1250300E+02
   3.340          -0.1008000E+01
   3.360           0.1270900E+02
   3.380           0.2185700E+02
   3.400           0.1571900E+02
   3.420          -0.8600000E+00
   3.440          -0.6759000E+01
   3.460           0.3032000E+01
   3.480           0.1222700E+02
   3.500           0.1596200E+02
   3.520           0.5475000E+01
   3.540          -0.2343000E+01
   3.560          -0.3261000E+01
   3.580          -0.5911000E+01
   3.600          -0.2700000E+01
   3.620           0.8940000E+01
   3.640           0.1837400E+02
   3.660           0.1918100E+02
   3.680           0.4773000E+01
   3.700          -0.1161300E+02
   3.720          -0.1362200E+02
   3.740          -0.5933000E+01
   3.760          -0.4938000E+01
   3.780           0.2370000E+00
   3.800           0.8486000E+01
   3.820           0.1946900E+02
   3.840           0.3240100E+02
   3.860           0.3640700E+02
   3.880           0.3197900E+02
   3.900           0.1545900E+02
   3.920          -0.4378000E+01
   3.940          -0.1959500E+02
   3.960          -0.2783200E+02
   3.980          -0.2465400E+02
   4.000          -0.1362100E+02
   4.020           0.5504000E+01
   4.040           0.1310300E+02
   4.060           0.1316500E+02
   4.080           0.9526000E+01
   4.100          -0.7648000E+01
   4.120          -0.2128400E+02
   4.140          -0.2896800E+02
   4.160          -0.2283000E+02
   4.180           0.4392000E+01
   4.200           0.3105400E+02
   4.220           0.4355400E+02
   4.240           0.4194000E+02
   4.260           0.2437300E+02
   4.280           0.3000000E-02
   4.300          -0.8507000E+01
   4.320          -0.2750000E+01
   4.340          -0.6822000E+01
   4.360          -0.1563400E+02
   4.380          -0.2370600E+02
   4.400          -0.1854300E+02
   4.420          -0.1319100E+02
   4.440          -0.1320200E+02
   4.460          -0.3332000E+01
   4.480           0.2327700E+02
   4.500           0.4074400E+02
   4.520           0.3446400E+02
   4.540           0.2114100E+02
   4.560           0.1795500E+02
   4.580           0.1286800E+02
   4.600           0.5451000E+01
   4.620          -0.5339000E+01
   4.640          -0.5773000E+01
   4.660           0.3685000E+01
   4.680           0.1361500E+02
   4.700           0.1056200E+02
   4.720          -0.3158000E+01
   4.740          -0.3081000E+01
   4.760           0.1685000E+01
   4.780          -0.1288900E+02
   4.800          -0.3072600E+02
   4.820          -0.3423300E+02
   4.840          -0.3356800E+02
   4.860          -0.1916100E+02
   4.880           0.1578600E+02
   4.900           0.2993200E+02
   4.920           0.2361200E+02
   4.940           0.1840200E+02
   4.960           0.4590000E+00
   4.980          -0.1332600E+02
   5.000          -0.5166000E+01
   5.020           0.1421000E+02
   5.040           0.1954000E+02
   5.060           0.3760000E+00
   5.080          -0.2535200E+02
   5.100          -0.2237600E+02
   5.120          -0.1125400E+02
   5.140           0.2803000E+01
   5.160           0.2292100E+02
   5.180           0.3164900E+02
   5.200           0.1514600E+02
   5.220          -0.1332600E+02
   5.240          -0.3161900E+02
   5.260          -0.2585700E+02
   5.280          -0.2116700E+02
   5.300          -0.2319000E+02
   5.320          -0.3384700E+02
   5.340          -0.2600400E+02
   5.360           0.8921000E+01
   5.380           0.3875100E+02
   5.400           0.3713800E+02
   5.420           0.2381900E+02
   5.440           0.2118400E+02
   5.460           0.1824200E+02
   5.480          -0.2795000E+01
   5.500          -0.1171700E+02
   5.520          -0.7323000E+01
   5.540           0.3185000E+01
   5.560           0.1706200E+02
   5.580           0.1554300E+02
   5.600          -0.1093000E+02
   5.620          -0.4988200E+02
   5.640          -0.7518000E+02
   5.660          -0.5330100E+02
   5.680           0.1089700E+02
   5.700           0.5587700E+02
   5.720           0.6446100E+02
   5.740           0.3664300E+02
   5.760          -0.1001400E+02
   5.780          -0.2174100E+02
   5.800          -0.3724000E+01
   5.820           0.3001000E+01
   5.840          -0.1253400E+02
   5.860          -0.3401000E+02
   5.880          -0.3043400E+02
   5.900          -0.7044000E+01
   5.920           0.1003400E+02
   5.940           0.9800000E+00
   5.960           0.5590000E+01
   5.980           0.1971900E+02
   6.000           0.1219400E+02
   6.020           0.3875000E+01
   6.040           0.1487000E+01
   6.060          -0.1407200E+02
   6.080          -0.1552900E+02
   6.100           0.2079000E+02
   6.120           0.5882800E+02
   6.140           0.5307200E+02
   6.160           0.9855000E+01
   6.180          -0.2969400E+02
   6.200          -0.2174000E+02
   6.220           0.1307000E+01
   6.240           0.5343000E+01
   6.260          -0.2443900E+02
   6.280          -0.6408800E+02
   6.300          -0.7205700E+02
   6.320          -0.5837600E+02
   6.340          -0.4379400E+02
   6.360          -0.1981200E+02
   6.380           0.6957000E+01
   6.400           0.1712400E+02
   6.420          -0.1540000E+00
   6.440          -0.5726000E+01
   6.460           0.7903000E+01
   6.480           0.1930800E+02
   6.500           0.1407000E+01
   6.520          -0.2050000E+00
   6.540           0.2127200E+02
   6.560           0.1846300E+02
   6.580          -0.6177000E+01
   6.600          -0.3944000E+02
   6.620          -0.7293400E+02
   6.640          -0.6628600E+02
   6.660          -0.1155700E+02
   6.680           0.3041800E+02
   6.700           0.2001300E+02
   6.720           0.3484000E+01
   6.740          -0.7838000E+01
   6.760          -0.2373500E+02
   6.780          -0.2179900E+02
   6.800           0.1568000E+02
   6.820           0.5864900E+02
   6.840           0.6610700E+02
   6.860           0.5572300E+02
   6.880           0.6374400E+02
   6.900           0.6654900E+02
   6.920           0.4265400E+02
   6.940           0.1417900E+02
   6.960          -0.1783500E+02
   6.980          -0.5007000E+02
   7.000          -0.4665800E+02
   7.020          -0.2190600E+02
   7.040           0.4534000E+01
   7.060           0.1792100E+02
   7.080           0.6354000E+01
   7.100           0.8073000E+01
   7.120           0.1947000E+01
   7.140          -0.2252200E+02
   7.160          -0.4455800E+02
   7.180          -0.4662000E+02
   7.200          -0.7117000E+01
   7.220           0.5790600E+02
   7.240           0.8500500E+02
   7.260           0.6610700E+02
   7.280           0.1918900E+02
   7.300          -0.2779200E+02
   7.320          -0.6817300E+02
   7.340          -0.5334500E+02
   7.360          -0.2060600E+02
   7.380          -0.3248800E+02
   7.400          -0.6957600E+02
   7.420          -0.5399200E+02
   7.440          -0.5257000E+01
   7.460           0.9450000E+01
   7.480          -0.3421000E+02
   7.500          -0.4975200E+02
   7.520          -0.1529400E+02
   7.540          -0.5104000E+01
   7.560          -0.3866000E+02
   7.580          -0.3895900E+02
   7.600           0.2340000E+00
   7.620           0.4654000E+02
   7.640           0.5672400E+02
   7.660           0.4671900E+02
   7.680           0.5535200E+02
   7.700           0.3632800E+02
   7.720           0.1185900E+02
   7.740           0.5006000E+02
   7.760           0.8503800E+02
   7.780           0.3356300E+02
   7.800          -0.3554100E+02
   7.820          -0.5031400E+02
   7.840          -0.1051800E+02
   7.860           0.3946000E+02
   7.880           0.5991000E+02
   7.900           0.5529200E+02
   7.920           0.2375700E+02
   7.940          -0.5068800E+02
   7.960          -0.9116200E+02
   7.980          -0.6298600E+02
   8.000          -0.1074500E+02
   8.020          -0.2552000E+01
   8.040          -0.2266700E+02
   8.060          -0.1526600E+02
   8.080           0.1330600E+02
   8.100           0.1577500E+02
   8.120          -0.7433000E+01
   8.140          -0.2713000E+02
   8.160           0.5817000E+01
   8.180           0.4562800E+02
   8.200           0.4770500E+02
   8.220           0.2640000E+00
   8.240          -0.5182300E+02
   8.260          -0.8973500E+02
   8.280          -0.8379800E+02
   8.300          -0.3114100E+02
   8.320           0.4246400E+02
   8.340           0.6327800E+02
   8.360           0.6303100E+02
   8.380           0.1098670E+03
   8.400           0.1399990E+03
   8.420           0.1145900E+03
   8.440           0.9610000E+02
   8.460           0.2694800E+02
   8.480          -0.2998400E+02
   8.500          -0.7876200E+02
   8.520          -0.1007570E+03
   8.540          -0.6475300E+02
   8.560           0.2718000E+01
   8.580           0.4096800E+02
   8.600           0.1789400E+02
   8.620          -0.2601900E+02
   8.640          -0.5663000E+02
   8.660          -0.6006600E+02
   8.680          -0.4356200E+02
   8.700          -0.2579300E+02
   8.720          -0.3051000E+02
   8.740          -0.4601200E+02
   8.760          -0.3174600E+02
   8.780           0.2033600E+02
   8.800           0.6530600E+02
   8.820           0.5723600E+02
   8.840           0.2321200E+02
   8.860           0.1688500E+02
   8.880           0.3840300E+02
   8.900           0.6824600E+02
   8.920           0.5498100E+02
   8.940           0.2096000E+02
   8.960          -0.3444000E+01
   8.980          -0.9243000E+01
   9.000           0.1138200E+02
   9.020           0.3760900E+02
   9.040           0.4640100E+02
   9.060           0.5757400E+02
   9.080           0.4854200E+02
   9.100           0.2832700E+02
   9.120           0.3004200E+02
   9.140           0.3962700E+02
   9.160           0.1106000E+01
   9.180          -0.5265100E+02
   9.200          -0.7480700E+02
   9.220          -0.3655600E+02
   9.240           0.2973600E+02
   9.260           0.5758600E+02
   9.280           0.2637700E+02
   9.300          -0.7066000E+01
   9.320          -0.1989300E+02
   9.340          -0.2356100E+02
   9.360          -0.3104700E+02
   9.380          -0.2768500E+02
   9.400          -0.5345800E+02
   9.420          -0.7053000E+02
   9.440          -0.2287000E+02
   9.460           0.4255700E+02
   9.480           0.3970600E+02
   9.500          -0.2844000E+01
   9.520          -0.6198000E+01
   9.540           0.7531000E+01
   9.560          -0.6954000E+01
   9.580          -0.5515800E+02
   9.600          -0.8399300E+02
   9.620          -0.7386600E+02
   9.640          -0.3497900E+02
   9.660           0.1609600E+02
   9.680           0.4037900E+02
   9.700           0.2816000E+02
   9.720          -0.2218000E+01
   9.740          -0.2219700E+02
   9.760          -0.3938000E+02
   9.780          -0.6494000E+02
   9.800          -0.4217500E+02
   9.820          -0.7090000E+01
   9.840           0.2243500E+02
   9.860           0.6479400E+02
   9.880           0.9154300E+02
   9.900           0.9206800E+02
   9.920           0.9512600E+02
   9.940           0.7019200E+02
   9.960           0.4141200E+02
   9.980           0.1609900E+02
  10.000          -0.2068200E+02
  10.020          -0.4977700E+02
  10.040          -0.5629800E+02
  10.060          -0.3592900E+02
  10.080           0.1020800E+02
  10.100           0.3893500E+02
  10.120           0.1729500E+02
  10.140          -0.1704600E+02
  10.160          -0.2525400E+02
  10.180          -0.3780400E+02
  10.200          -0.1860900E+02
  10.220           0.4287000E+02
  10.240           0.7910900E+02
  10.260           0.5597000E+02
  10.280           0.3299500E+02
  10.300           0.1418500E+02
  10.320           0.8045000E+01
  10.340           0.1492200E+02
  10.360           0.7980000E+01
  10.380           0.1004800E+02
  10.400          -0.1577600E+02
  10.420          -0.5445500E+02
  10.440          -0.3689700E+02
  10.460           0.1249800E+02
  10.480           0.3375600E+02
  10.500           0.3016000E+02
  10.520           0.2532600E+02
  10.540           0.1467800E+02
  10.560           0.1945000E+01
  10.580          -0.2310500E+02
  10.600          -0.3408000E+02
  10.620          -0.1285200E+02
  10.640           0.5595000E+01
  10.660           0.3040400E+02
  10.680           0.3509100E+02
  10.700          -0.6041000E+01
  10.720          -0.5936100E+02
  10.740          -0.4765300E+02
  10.760           0.2771100E+02
  10.780           0.8336200E+02
  10.800           0.8350100E+02
  10.820           0.5783700E+02
  10.840           0.3271200E+02
  10.860           0.1821500E+02
  10.880          -0.4262000E+01
  10.900          -0.4512800E+02
  10.920          -0.8766600E+02
  10.940          -0.8791800E+02
  10.960          -0.4750700E+02
  10.980           0.1826700E+02
  11.000           0.6175900E+02
  11.020           0.8247500E+02
  11.040           0.1063190E+03
  11.060           0.1256200E+03
  11.080           0.1100120E+03
  11.100           0.6974200E+02
  11.120           0.1506600E+02
  11.140          -0.8226000E+01
  11.160           0.7700000E+01
  11.180           0.3638400E+02
  11.200           0.1950300E+02
  11.220          -0.9652000E+01
  11.240          -0.2324200E+02
  11.260          -0.5529000E+02
  11.280          -0.8795700E+02
  11.300          -0.8213500E+02
  11.320          -0.6391700E+02
  11.340          -0.4385900E+02
  11.360          -0.1504000E+01
  11.380           0.4985200E+02
  11.400           0.6124700E+02
  11.420           0.4672300E+02
  11.440           0.2541700E+02
  11.460           0.1910000E+01
  11.480          -0.1361800E+02
  11.500          -0.5496000E+01
  11.520           0.1199200E+02
  11.540          -0.1704000E+01
  11.560          -0.3194500E+02
  11.580          -0.5703600E+02
  11.600          -0.3459700E+02
  11.620          -0.9900000E+00
  11.640          -0.5476000E+01
  11.660          -0.3374400E+02
  11.680          -0.3207600E+02
  11.700           0.6973000E+01
  11.720           0.3405100E+02
  11.740           0.4635900E+02
  11.760           0.6158700E+02
  11.780           0.5701800E+02
  11.800           0.2882300E+02
  11.820          -0.6050000E+01
  11.840          -0.1712300E+02
  11.860          -0.4337000E+01
  11.880           0.1905200E+02
  11.900           0.1692300E+02
  11.920           0.3010700E+02
  11.940           0.3970800E+02
  11.960           0.3152300E+02
  11.980           0.2147700E+02
  12.000           0.1701400E+02
  12.020           0.6627000E+01
  12.040           0.1340800E+02
  12.060           0.1961000E+02
  12.080           0.6537000E+01
  12.100          -0.1911200E+02
  12.120          -0.2579700E+02
  12.140          -0.2373000E+02
  12.160           0.1325100E+02
  12.180           0.6740000E+02
  12.200           0.8706400E+02
  12.220           0.4205600E+02
  12.240          -0.2653800E+02
  12.260          -0.6929900E+02
  12.280          -0.5069400E+02
  12.300          -0.1064200E+02
  12.320          -0.1122000E+01
  12.340          -0.2824200E+02
  12.360          -0.4604700E+02
  12.380          -0.2264700E+02
  12.400          -0.1092100E+02
  12.420          -0.4527800E+02
  12.440          -0.7720700E+02
  12.460          -0.5629500E+02
  12.480          -0.2365500E+02
  12.500           0.5020000E+01
  12.520           0.5412800E+02
  12.540           0.1149800E+03
  12.560           0.1399990E+03
  12.580           0.1038420E+03
  12.600           0.1689900E+02
  12.620          -0.6159700E+02
  12.640          -0.8128200E+02
  12.660          -0.2867800E+02
  12.680           0.4088200E+02
  12.700           0.7036500E+02
  12.720           0.3713200E+02
  12.740           0.1176700E+02
  12.760           0.8016000E+01
  12.780           0.3000000E-01
  12.800          -0.9508000E+01
  12.820          -0.4180000E+01
  12.840           0.1400400E+02
  12.860           0.3306000E+02
  12.880           0.4542800E+02
  12.900           0.2843700E+02
  12.920          -0.2974800E+02
  12.940          -0.4979500E+02
  12.960          -0.3474900E+02
  12.980          -0.2034300E+02
  13.000          -0.1564900E+02
  13.020          -0.1821800E+02
  13.040          -0.5861500E+02
  13.060          -0.1117830E+03
  13.080          -0.1080760E+03
  13.100          -0.5523300E+02
  13.120          -0.1829600E+02
  13.140           0.6106000E+01
  13.160           0.2127800E+02
  13.180           0.1240700E+02
  13.200          -0.1233400E+02
  13.220           0.8489000E+01
  13.240           0.6550300E+02
  13.260           0.6742800E+02
  13.280          -0.1909000E+02
  13.300          -0.8730600E+02
  13.320          -0.5423800E+02
  13.340          -0.2277400E+02
  13.360          -0.4839200E+02
  13.380          -0.6307900E+02
  13.400          -0.2911200E+02
  13.420          -0.7417000E+01
  13.440          -0.1733800E+02
  13.460          -0.1516300E+02
  13.480           0.1353200E+02
  13.500           0.2040500E+02
  13.520          -0.3852000E+01
  13.540          -0.2585500E+02
  13.560          -0.2903700E+02
  13.580          -0.5686500E+02
  13.600          -0.7292200E+02
  13.620          -0.4203800E+02
  13.640           0.1966000E+02
  13.660           0.4495900E+02
  13.680           0.5452400E+02
  13.700           0.8398700E+02
  13.720           0.9489600E+02
  13.740           0.5030200E+02
  13.760          -0.7854000E+01
  13.780          -0.3547700E+02
  13.800          -0.3658600E+02
  13.820          -0.4030300E+02
  13.840          -0.3533600E+02
  13.860          -0.4435600E+02
  13.880          -0.4787900E+02
  13.900          -0.6306100E+02
  13.920          -0.8126500E+02
  13.940          -0.8564700E+02
  13.960          -0.7075300E+02
  13.980          -0.6375700E+02
  14.000          -0.4667500E+02
  14.020           0.7930000E+00
  14.040           0.4852300E+02
  14.060           0.7789500E+02
  14.080           0.9388800E+02
  14.100           0.9250100E+02
  14.120           0.6431000E+02
  14.140           0.2251000E+01
  14.160          -0.2523600E+02
  14.180           0.1703900E+02
  14.200           0.7112900E+02
  14.220           0.5146100E+02
  14.240          -0.2211000E+02
  14.260          -0.5610300E+02
  14.280          -0.4978100E+02
  14.300          -0.3482000E+02
  14.320          -0.1976400E+02
  14.340          -0.1909100E+02
  14.360          -0.9137000E+01
  14.380           0.3115300E+02
  14.400           0.5228800E+02
  14.420           0.3282000E+02
  14.440          -0.2084700E+02
  14.460          -0.3371100E+02
  14.480           0.1293700E+02
  14.500           0.5538500E+02
  14.520           0.4705300E+02
  14.540           0.1677100E+02
  14.560          -0.1029000E+02
  14.580          -0.2952400E+02
  14.600          -0.4170600E+02
  14.620          -0.1917200E+02
  14.640           0.1460400E+02
  14.660           0.3029900E+02
  14.680           0.2458400E+02
  14.700           0.3784800E+02
  14.720           0.6124100E+02
  14.740           0.8864500E+02
  14.760           0.7516000E+02
  14.780           0.4086200E+02
  14.800          -0.1330800E+02
  14.820          -0.7269200E+02
  14.840          -0.1027390E+03
  14.860          -0.7269100E+02
  14.880          -0.1438000E+02
  14.900          -0.1012300E+02
  14.920          -0.5432400E+02
  14.940          -0.5510400E+02
  14.960          -0.2906300E+02
  14.980          -0.2102700E+02
  15.000          -0.2764600E+02
  15.020          -0.8164000E+01
  15.040           0.2608700E+02
  15.060           0.1406200E+02
  15.080          -0.4154300E+02
  15.100          -0.8660000E+02
  15.120          -0.7692900E+02
  15.140          -0.4324100E+02
  15.160          -0.5818000E+01
  15.180           0.2613700E+02
  15.200           0.2643600E+02
  15.220          -0.1069900E+02
  15.240          -0.2503000E+02
  15.260           0.2795000E+01
  15.280           0.1386800E+02
  15.300           0.1726000E+01
  15.320           0.2579900E+02
  15.340           0.6340200E+02
  15.360           0.7830900E+02
  15.380           0.5902600E+02
  15.400           0.3755200E+02
  15.420           0.2701600E+02
  15.440           0.1732800E+02
  15.460          -0.2721900E+02
  15.480          -0.7153100E+02
  15.500          -0.6435200E+02
  15.520          -0.3262500E+02
  15.540          -0.1697700E+02
  15.560          -0.1851500E+02
  15.580          -0.3230300E+02
  15.600          -0.2276900E+02
  15.620          -0.8777000E+01
  15.640          -0.1794200E+02
  15.660          -0.2671900E+02
  15.680           0.2653400E+02
  15.700           0.9435200E+02
  15.720           0.1035690E+03
  15.740           0.7403900E+02
  15.760           0.1681700E+02
  15.780          -0.3993800E+02
  15.800          -0.4764900E+02
  15.820          -0.5006000E+01
  15.840           0.4833800E+02
  15.860           0.4673800E+02
  15.880           0.2567600E+02
  15.900           0.2418400E+02
  15.920           0.4103100E+02
  15.940           0.2509400E+02
  15.960          -0.2929500E+02
  15.980          -0.7004900E+02
  16.000          -0.7153000E+02
  16.020          -0.2568900E+02
  16.040           0.1439600E+02
  16.060           0.3074100E+02
  16.080           0.3891100E+02
  16.100           0.4344000E+02
  16.120           0.4140800E+02
  16.140           0.9638000E+01
  16.160          -0.2950100E+02
  16.180          -0.4743700E+02
  16.200          -0.4095000E+02
  16.220          -0.4203500E+02
  16.240          -0.5876700E+02
  16.260          -0.7064300E+02
  16.280          -0.6580200E+02
  16.300          -0.4103300E+02
  16.320          -0.3597600E+02
  16.340          -0.4645300E+02
  16.360          -0.5544200E+02
  16.380          -0.2925400E+02
  16.400           0.2850000E+01
  16.420           0.1524200E+02
  16.440           0.2683600E+02
  16.460           0.3429900E+02
  16.480           0.2866600E+02
  16.500           0.1432800E+02
  16.520           0.1978100E+02
  16.540           0.3587500E+02
  16.560           0.1052400E+02
  16.580          -0.3642100E+02
  16.600          -0.6805000E+02
  16.620          -0.5376000E+02
  16.640          -0.2190000E+00
  16.660           0.3553000E+02
  16.680           0.1831700E+02
  16.700           0.7490000E+01
  16.720           0.2100300E+02
  16.740           0.4012100E+02
  16.760           0.5494600E+02
  16.780           0.6741300E+02
  16.800           0.5057100E+02
  16.820           0.3788600E+02
  16.840           0.5778400E+02
  16.860           0.7842100E+02
  16.880           0.6533400E+02
  16.900           0.3319500E+02
  16.920          -0.2771000E+01
  16.940          -0.3235000E+02
  16.960          -0.4148700E+02
  16.980          -0.3962300E+02
  17.000          -0.4806300E+02
  17.020          -0.3628300E+02
  17.040          -0.8584000E+01
  17.060           0.2547900E+02
  17.080           0.5223100E+02
  17.100           0.5963800E+02
  17.120           0.4403500E+02
  17.140           0.1062300E+02
  17.160          -0.2654600E+02
  17.180          -0.4865700E+02
  17.200          -0.1760500E+02
  17.220           0.2511500E+02
  17.240           0.4333300E+02
  17.260           0.2366800E+02
  17.280          -0.1440200E+02
  17.300          -0.5305700E+02
  17.320          -0.5276200E+02
  17.340          -0.1754700E+02
  17.360           0.2399000E+01
  17.380          -0.2192000E+01
  17.400           0.1133800E+02
  17.420           0.1459900E+02
  17.440           0.2312600E+02
  17.460           0.4738500E+02
  17.480           0.6261700E+02
  17.500           0.5004300E+02
  17.520           0.2370000E+02
  17.540          -0.1205400E+02
  17.560          -0.1660500E+02
  17.580           0.2579000E+01
  17.600           0.3807300E+02
  17.620           0.6705000E+02
  17.640           0.7746100E+02
  17.660           0.5272600E+02
  17.680           0.1597200E+02
  17.700          -0.1252300E+02
  17.720          -0.2924300E+02
  17.740          -0.5170000E+02
  17.760          -0.7023400E+02
  17.780          -0.7447800E+02
  17.800          -0.7648600E+02
  17.820          -0.7607800E+02
  17.840          -0.7767600E+02
  17.860          -0.6953300E+02
  17.880          -0.4879900E+02
  17.900          -0.2733400E+02
  17.920           0.8285000E+01
  17.940           0.2850500E+02
  17.960           0.2570700E+02
  17.980           0.1163900E+02
  18.000           0.1032400E+02
  18.020           0.3548200E+02
  18.040           0.4265700E+02
  18.060           0.1330800E+02
  18.080          -0.2723100E+02
  18.100          -0.3146900E+02
  18.120          -0.2887000E+02
  18.140          -0.1440800E+02
  18.160           0.1016600E+02
  18.180           0.5541000E+01
  18.200          -0.2821700E+02
  18.220          -0.5584100E+02
  18.240          -0.5236900E+02
  18.260          -0.2665900E+02
  18.280          -0.2177000E+01
  18.300           0.1317200E+02
  18.320           0.1352300E+02
  18.340           0.3214800E+02
  18.360           0.4593600E+02
  18.380           0.4372500E+02
  18.400           0.1197300E+02
  18.420          -0.2719000E+02
  18.440          -0.5652300E+02
  18.460          -0.5378300E+02
  18.480          -0.3813600E+02
  18.500          -0.3173000E+02
  18.520          -0.2434500E+02
  18.540          -0.1005500E+02
  18.560           0.1277300E+02
  18.580           0.3525400E+02
  18.600           0.1309600E+02
  18.620          -0.1982900E+02
  18.640          -0.2789100E+02
  18.660          -0.2929600E+02
  18.680          -0.3388500E+02
  18.700          -0.2561300E+02
  18.720          -0.8750000E+01
  18.740          -0.1451400E+02
  18.760          -0.1982000E+02
  18.780           0.6253000E+01
  18.800           0.3566500E+02
  18.820           0.4371400E+02
  18.840           0.2844900E+02
  18.860           0.2017000E+01
  18.880          -0.1360400E+02
  18.900          -0.1523700E+02
  18.920          -0.1357300E+02
  18.940          -0.1364800E+02
  18.960          -0.7665000E+01
  18.980          -0.3663000E+01
  19.000           0.4519000E+01
  19.020           0.4902000E+01
  19.040           0.2434000E+01
  19.060          -0.9630000E+01
  19.080          -0.3836800E+02
  19.100          -0.4556000E+02
  19.120          -0.1784200E+02
  19.140           0.1630700E+02
  19.160           0.2282200E+02
  19.180           0.1305200E+02
  19.200           0.1635900E+02
  19.220           0.8397000E+01
  19.240          -0.9510000E+00
  19.260          -0.6660000E+00
  19.280           0.1196000E+01
  19.300          -0.1111400E+02
  19.320          -0.2884400E+02
  19.340          -0.3037000E+02
  19.360          -0.3265100E+02
  19.380          -0.5132700E+02
  19.400          -0.5432600E+02
  19.420          -0.2971100E+02
  19.440          -0.9010000E+00
  19.460           0.1348400E+02
  19.480           0.1689300E+02
  19.500           0.1120200E+02
  19.520           0.2500000E+00
  19.540          -0.1992900E+02
  19.560          -0.1546600E+02
  19.580           0.9882000E+01
  19.600           0.1403400E+02
  19.620          -0.6667000E+01
  19.640          -0.1800200E+02
  19.660           0.2289000E+01
  19.680           0.3468000E+02
  19.700           0.5043300E+02
  19.720           0.3968900E+02
  19.740           0.1354400E+02
  19.760          -0.1153800E+02
  19.780          -0.3090600E+02
  19.800          -0.3675900E+02
  19.820          -0.1812000E+02
  19.840           0.1287000E+01
  19.860           0.2053400E+02
  19.880           0.3270000E+02
  19.900           0.2264900E+02
  19.920           0.6060000E+01
  19.940          -0.1143600E+02
  19.960          -0.2379200E+02
  19.980          -0.3000000E+02
  20.000          -0.2352000E+02
  20.020          -0.7859000E+01
  20.040           0.6101000E+01
  20.060           0.1776800E+02
  20.080           0.2928500E+02
  20.100           0.4762200E+02
  20.120           0.3483600E+02
  20.140           0.1016000E+01
  20.160          -0.1556500E+02
  20.180          -0.2010700E+02
  20.200          -0.3172000E+02
  20.220          -0.4007300E+02
  20.240          -0.2638300E+02
  20.260          -0.9436000E+01
  20.280           0.6453000E+01
  20.300           0.2362300E+02
  20.320           0.3083100E+02
  20.340           0.3353700E+02
  20.360           0.3576200E+02
  20.380           0.3944800E+02
  20.400           0.3157800E+02
  20.420           0.1340700E+02
  20.440          -0.9993000E+01
  20.460          -0.1453100E+02
  20.480           0.4292000E+01
  20.500           0.2329000E+02
  20.520           0.3107900E+02
  20.540           0.2701900E+02
  20.560           0.1092400E+02
  20.580           0.1993000E+01
  20.600           0.5110000E+01
  20.620           0.9974000E+01
  20.640           0.1026000E+01
  20.660          -0.1093500E+02
  20.680          -0.1412400E+02
  20.700          -0.3500000E-01
  20.720           0.3032900E+02
  20.740           0.4457100E+02
  20.760           0.3309200E+02
  20.780           0.2131600E+02
  20.800           0.9826000E+01
  20.820          -0.4429000E+01
  20.840          -0.1694700E+02
  20.860          -0.3485700E+02
  20.880          -0.4966400E+02
  20.900          -0.4541700E+02
  20.920          -0.3359200E+02
  20.940          -0.1485900E+02
  20.960           0.1315400E+02
  20.980           0.3917600E+02
  21.000           0.4992200E+02
  21.020           0.4233100E+02
  21.040           0.3599500E+02
  21.060           0.1359500E+02
  21.080          -0.1776700E+02
  21.100          -0.2645800E+02
  21.120          -0.1182400E+02
  21.140           0.3921000E+01
  21.160           0.1138100E+02
  21.180           0.1423600E+02
  21.200           0.1481900E+02
  21.220           0.8670000E+01
  21.240           0.3622000E+01
  21.260          -0.4468000E+01
  21.280          -0.1414000E+02
  21.300          -0.2785700E+02
  21.320          -0.3653300E+02
  21.340          -0.2282500E+02
  21.360           0.3379000E+01
  21.380           0.1685700E+02
  21.400           0.2312400E+02
  21.420           0.2668500E+02
  21.440           0.2080000E+02
  21.460           0.9586000E+01
  21.480           0.7865000E+01
  21.500           0.3270000E+01
  21.520          -0.7581000E+01
  21.540          -0.1647100E+02
  21.560          -0.6559000E+01
  21.580           0.1415400E+02
  21.600           0.2436900E+02
  21.620           0.1717400E+02
  21.640           0.2810000E+00
  21.660          -0.1248000E+02
  21.680          -0.2566800E+02
  21.700          -0.4052400E+02
  21.720          -0.4213900E+02
  21.740          -0.3654200E+02
  21.760          -0.3138000E+02
  21.780          -0.1832700E+02
  21.800           0.1773000E+01
  21.820           0.1721300E+02
  21.840           0.2041700E+02
  21.860           0.1890000E+02
  21.880           0.1419700E+02
  21.900           0.1803900E+02
  21.920           0.2615700E+02
  21.940           0.1739600E+02
  21.960          -0.1545000E+02
  21.980          -0.4443100E+02
  22.000          -0.4341300E+02
  22.020          -0.1904000E+02
  22.040           0.7710000E+00
  22.060           0.6786000E+01
  22.080          -0.8384000E+01
  22.100          -0.1615600E+02
  22.120          -0.9887000E+01
  22.140           0.4740000E+00
  22.160           0.4109000E+01
  22.180          -0.8590000E+00
  22.200          -0.8185000E+01
  22.220          -0.4400000E+00
  22.240           0.1118500E+02
  22.260           0.1711800E+02
  22.280           0.2502600E+02
  22.300           0.3481200E+02
  22.320           0.3681500E+02
  22.340           0.2388400E+02
  22.360           0.4361000E+01
  22.380          -0.1217400E+02
  22.400          -0.2600000E+02
  22.420          -0.2431300E+02
  22.440          -0.2058200E+02
  22.460          -0.1745000E+02
  22.480          -0.6808000E+01
  22.500          -0.5860000E+00
  22.520           0.7391000E+01
  22.540           0.1015600E+02
  22.560          -0.3270000E+01
  22.580          -0.2518300E+02
  22.600          -0.3894300E+02
  22.620          -0.4540900E+02
  22.640          -0.4716900E+02
  22.660          -0.3914700E+02
  22.680          -0.1300500E+02
  22.700           0.1977700E+02
  22.720           0.3522200E+02
  22.740           0.2483500E+02
  22.760           0.5250000E+00
  22.780          -0.2231400E+02
  22.800          -0.2840800E+02
  22.820          -0.2581400E+02
  22.840          -0.1615000E+02
  22.860          -0.4914000E+01
  22.880           0.2449000E+01
  22.900           0.9464000E+01
  22.920           0.1388500E+02
  22.940           0.1834200E+02
  22.960           0.2063800E+02
  22.980           0.6987000E+01
  23.000          -0.6230000E+01
  23.020          -0.4568000E+01
  23.040           0.4648000E+01
  23.060           0.7800000E+01
  23.080           0.1524600E+02
  23.100           0.2761100E+02
  23.120           0.3093300E+02
  23.140           0.1721000E+02
  23.160           0.3822000E+01
  23.180           0.2466000E+01
  23.200          -0.1403000E+01
  23.220          -0.7084000E+01
  23.240          -0.5600000E+01
  23.260          -0.3613000E+01
  23.280          -0.8734000E+01
  23.300          -0.1970900E+02
  23.320          -0.1915600E+02
  23.340          -0.1354200E+02
  23.360          -0.7327000E+01
  23.380           0.5513000E+01
  23.400           0.8871000E+01
  23.420           0.1769000E+01
  23.440          -0.1100300E+02
  23.460          -0.2184000E+02
  23.480          -0.2204500E+02
  23.500          -0.1453100E+02
  23.520          -0.1326200E+02
  23.540          -0.1088900E+02
  23.560           0.3974000E+01
  23.580           0.1170000E+02
  23.600           0.3310000E+01
  23.620          -0.6692000E+01
  23.640          -0.7301000E+01
  23.660          -0.4062000E+01
  23.680          -0.8374000E+01
  23.700          -0.4720000E+01
  23.720           0.4128000E+01
  23.740           0.8726000E+01
  23.760           0.2887000E+01
  23.780          -0.1281400E+02
  23.800          -0.2051500E+02
  23.820          -0.1546800E+02
  23.840          -0.2799000E+01
  23.860           0.9013000E+01
  23.880           0.8726000E+01
  23.900           0.3122000E+01
  23.920           0.1250000E+01
  23.940           0.4852000E+01
  23.960           0.7764000E+01
  23.980           0.8915000E+01
  24.000           0.3294000E+01
  24.020          -0.4350000E+01
  24.040          -0.1000000E-01
  24.060           0.6716000E+01
  24.080          -0.2700000E-01
  24.100          -0.1313600E+02
  24.120          -0.1606000E+02
  24.140          -0.1678800E+02
  24.160          -0.2492700E+02
  24.180          -0.2189200E+02
  24.200          -0.8992000E+01
  24.220           0.1185600E+02
  24.240           0.3155700E+02
  24.260           0.3471800E+02
  24.280           0.1933400E+02
  24.300          -0.6338000E+01
  24.320          -0.1768300E+02
  24.340          -0.1138700E+02
  24.360           0.2985000E+01
  24.380           0.2053500E+02
  24.400           0.3170300E+02
  24.420           0.3290300E+02
  24.440           0.2181400E+02
  24.460           0.1205200E+02
  24.480           0.8579000E+01
  24.500           0.8830000E+01
  24.520           0.1050400E+02
  24.540           0.1026900E+02
  24.560           0.1388600E+02
  24.580           0.1613000E+02
  24.600           0.2196000E+02
  24.620           0.2318100E+02
  24.640           0.1454700E+02
  24.660           0.5038000E+01
  24.680          -0.1749000E+01
  24.700          -0.6264000E+01
  24.720          -0.8813000E+01
  24.740          -0.5076000E+01
  24.760           0.1403000E+01
  24.780           0.2157000E+01
  24.800           0.1960000E+00
  24.820          -0.6865000E+01
  24.840          -0.1211400E+02
  24.860          -0.1519600E+02
  24.880          -0.1371100E+02
  24.900          -0.7401000E+01
  24.920           0.1189000E+01
  24.940           0.4114000E+01
  24.960          -0.4000000E+01
  24.980          -0.1325900E+02
  25.000          -0.1348300E+02
  25.020          -0.3963000E+01
  25.040           0.5871000E+01
  25.060           0.5958000E+01
  25.080           0.8793000E+01
  25.100           0.1057800E+02
  25.120           0.1041300E+02
  25.140           0.5953000E+01
  25.160          -0.1348000E+01
  25.180          -0.4328000E+01
  25.200          -0.3340000E+01
  25.220           0.4865000E+01
  25.240           0.1152000E+02
  25.260           0.9857000E+01
  25.280           0.4022000E+01
  25.300          -0.1299000E+01
  25.320          -0.4282000E+01
  25.340          -0.9163000E+01
  25.360          -0.7708000E+01
  25.380          -0.8230000E+00
  25.400           0.9421000E+01
  25.420           0.1967700E+02
  25.440           0.2288400E+02
  25.460           0.2123500E+02
  25.480           0.1253400E+02
  25.500           0.5221000E+01
  25.520          -0.1349000E+01
  25.540          -0.5044000E+01
  25.560          -0.3714000E+01
  25.580          -0.1033800E+02
  25.600          -0.2179600E+02
  25.620          -0.2812800E+02
  25.640          -0.2000800E+02
  25.660          -0.3879000E+01
  25.680           0.4569000E+01
  25.700           0.7647000E+01
  25.720           0.7643000E+01
  25.740           0.1405000E+02
  25.760           0.1703400E+02
  25.780           0.5936000E+01
  25.800          -0.1221300E+02
  25.820          -0.1825200E+02
  25.840          -0.1205800E+02
  25.860          -0.6159000E+01
  25.880          -0.3487000E+01
  25.900          -0.2530000E+00
  25.920           0.2113000E+01
  25.940          -0.1267000E+01
  25.960          -0.1350800E+02
  25.980          -0.2017600E+02
  26.000          -0.2452600E+02
  26.020          -0.2508700E+02
  26.040          -0.1959600E+02
  26.060          -0.1126800E+02
  26.080          -0.2965000E+01
  26.100           0.1441000E+01
  26.120           0.7389000E+01
  26.140           0.1317600E+02
  26.160           0.1263700E+02
  26.180           0.8003000E+01
  26.200           0.1410000E+00
  26.220          -0.5542000E+01
  26.240          -0.1325600E+02
  26.260          -0.1714900E+02
  26.280          -0.1495300E+02
  26.300          -0.7420000E+01
  26.320           0.7770000E+00
  26.340          -0.1452000E+01
  26.360          -0.7442000E+01
  26.380          -0.1305000E+02
  26.400          -0.1507200E+02
  26.420          -0.1364300E+02
  26.440          -0.1090900E+02
  26.460          -0.1081300E+02
  26.480          -0.1839700E+02
  26.500          -0.2107100E+02
  26.520          -0.1391700E+02
  26.540          -0.3415000E+01
  26.560           0.6278000E+01
  26.580           0.9508000E+01
  26.600           0.9253000E+01
  26.620           0.1987000E+01
  26.640          -0.5697000E+01
  26.660          -0.8709000E+01
  26.680          -0.3224000E+01
  26.700           0.6257000E+01
  26.720           0.1101800E+02
  26.740           0.1047400E+02
  26.760           0.9818000E+01
  26.780           0.7833000E+01
  26.800           0.2500000E+01
  26.820          -0.3843000E+01
  26.840          -0.2784000E+01
  26.860           0.9610000E+00
  26.880           0.2660000E+01
  26.900          -0.5750000E+00
  26.920          -0.1388000E+01
  26.940           0.2492000E+01
  26.960           0.7415000E+01
  26.980           0.7341000E+01
  27.000           0.1119000E+01
  27.020          -0.4834000E+01
  27.040          -0.7523000E+01
  27.060          -0.7284000E+01
  27.080          -0.7009000E+01
  27.100          -0.9113000E+01
  27.120          -0.1017900E+02
  27.140          -0.1156900E+02
  27.160          -0.9916000E+01
  27.180          -0.2599000E+01
  27.200           0.9262000E+01
  27.220           0.1689100E+02
  27.240           0.1765000E+02
  27.260           0.1522900E+02
  27.280           0.5789000E+01
  27.300          -0.6390000E+01
  27.320          -0.1685400E+02
  27.340          -0.1617400E+02
  27.360          -0.2546000E+01
  27.380           0.1416000E+02
  27.400           0.2626300E+02
  27.420           0.2522800E+02
  27.440           0.1605400E+02
  27.460           0.7313000E+01
  27.480           0.1053000E+01
  27.500          -0.1616000E+01
  27.520          -0.8113000E+01
  27.540          -0.9951000E+01
  27.560          -0.4578000E+01
  27.580           0.5593000E+01
  27.600           0.1158300E+02
  27.620           0.1147200E+02
  27.640           0.1296900E+02
  27.660           0.1350400E+02
  27.680           0.9423000E+01
  27.700           0.8760000E+00
  27.720          -0.4522000E+01
  27.740           0.1478000E+01
  27.760           0.1005100E+02
  27.780           0.1166200E+02
  27.800           0.4403000E+01
  27.820           0.1000000E+01
  27.840           0.3855000E+01
  27.860           0.9350000E+01
  27.880           0.1408500E+02
  27.900           0.1623700E+02
  27.920           0.1527100E+02
  27.940           0.8961000E+01
  27.960           0.5760000E+00
  27.980          -0.7560000E+01
  28.000          -0.1165100E+02
  28.020          -0.9455000E+01
  28.040          -0.4756000E+01
  28.060           0.1480000E+00
  28.080           0.8250000E+00
  28.100           0.8100000E+00
  28.120          -0.1215000E+01
  28.140          -0.8536000E+01
  28.160          -0.1531400E+02
  28.180          -0.1636300E+02
  28.200          -0.9115000E+01
  28.220          -0.2054000E+01
  28.240           0.2736000E+01
  28.260           0.7831000E+01
  28.280           0.1117800E+02
  28.300           0.1150300E+02
  28.320           0.5803000E+01
  28.340          -0.5820000E+00
  28.360          -0.4454000E+01
  28.380          -0.6052000E+01
  28.400          -0.3908000E+01
  28.420          -0.2773000E+01
  28.440          -0.2812000E+01
  28.460          -0.6657000E+01
  28.480          -0.9191000E+01
  28.500          -0.7472000E+01
  28.520          -0.6434000E+01
  28.540          -0.7197000E+01
  28.560          -0.9194000E+01
  28.580          -0.7831000E+01
  28.600          -0.6002000E+01
  28.620          -0.5414000E+01
  28.640          -0.4063000E+01
  28.660          -0.5924000E+01
  28.680          -0.7211000E+01
  28.700          -0.9042000E+01
  28.720          -0.6888000E+01
  28.740           0.9750000E+00
  28.760           0.8044000E+01
  28.780           0.7759000E+01
  28.800          -0.1369000E+01
  28.820          -0.1217100E+02
  28.840          -0.1855700E+02
  28.860          -0.1727200E+02
  28.880          -0.9343000E+01
  28.900           0.9790000E+00
  28.920           0.8518000E+01
  28.940           0.9296000E+01
  28.960           0.5567000E+01
  28.980          -0.2945000E+01
  29.000          -0.1055800E+02
  29.020          -0.1193900E+02
  29.040          -0.6722000E+01
  29.060          -0.1024000E+01
  29.080           0.1174000E+01
  29.100           0.4558000E+01
  29.120           0.9568000E+01
  29.140           0.1204000E+02
  29.160           0.8077000E+01
  29.180           0.4890000E+00
  29.200          -0.4344000E+01
  29.220          -0.5603000E+01
  29.240          -0.4953000E+01
  29.260          -0.3298000E+01
  29.280           0.9220000E+00
  29.300           0.6317000E+01
  29.320           0.8791000E+01
  29.340           0.7256000E+01
  29.360           0.3868000E+01
  29.380           0.4170000E+01
  29.400           0.6460000E+01
  29.420           0.6314000E+01
  29.440           0.3706000E+01
  29.460          -0.4900000E+00
  29.480          -0.1325000E+01
  29.500           0.1610000E+00
  29.520           0.1054000E+01
  29.540           0.2026000E+01
  29.560           0.2408000E+01
  29.580           0.4642000E+01
  29.600           0.4141000E+01
  29.620           0.8950000E+00
  29.640          -0.2369000E+01
  29.660          -0.4052000E+01
  29.680          -0.3969000E+01
  29.700          -0.5354000E+01
  29.720          -0.5371000E+01
  29.740          -0.3375000E+01
  29.760           0.4950000E+00
  29.780           0.3805000E+01
  29.800           0.3811000E+01
  29.820           0.2714000E+01
  29.840           0.3470000E+00
  29.860          -0.1899000E+01
  29.880          -0.4101000E+01
  29.900          -0.4423000E+01
  29.920          -0.2059000E+01
  29.940           0.1383000E+01
  29.960           0.4138000E+01
  29.980           0.4160000E+01
  30.000           0.3426000E+01
  30.020           0.3723000E+01
  30.040           0.4693000E+01
  30.060           0.4816000E+01
  30.080           0.3689000E+01
  30.100           0.3006000E+01
  30.120           0.2434000E+01
  30.140           0.1243000E+01
  30.160          -0.5220000E+00
  30.180          -0.1432000E+01
  30.200          -0.1860000E+00
  30.220           0.1758000E+01
  30.240           0.2768000E+01
  30.260           0.2573000E+01
  30.280           0.1873000E+01
  30.300           0.1217000E+01
  30.320           0.2110000E+00
  30.340          -0.6520000E+00
  30.360          -0.8480000E+00
  30.380           0.1480000E+00
  30.400           0.1950000E+01
  30.420           0.3142000E+01
  30.440           0.3529000E+01
  30.460           0.3045000E+01
  30.480           0.2405000E+01
  30.500           0.1527000E+01
  30.520           0.5770000E+00
  30.540           0.2050000E+00
  30.560           0.4030000E+00
  30.580           0.1021000E+01
  30.600           0.9140000E+00
  30.620           0.2330000E+00
  30.640          -0.3930000E+00
  30.660          -0.5340000E+00
  30.680          -0.1540000E+00
  30.700           0.6700000E-01
  30.720           0.2310000E+00
  30.740           0.3090000E+00
  30.760           0.3320000E+00
  30.780           0.2320000E+00
  30.800           0.4300000E-01
  30.820          -0.3000000E-02
  30.840           0.2800000E-01
  30.860           0.5500000E-01
  30.880           0.3700000E-01
  30.900           0.0000000E+00
  30.920           0.0000000E+00
  30.940           0.0000000E+00
  30.960           0.0000000E+00
  30.980           0.0000000E+00
  31.000           0.0000000E+00
  31.020           0.0000000E+00
  31.040           0.0000000E+00
  31.060           0.0000000E+00
  31.080           0.0000000E+00
  31.100           0.0000000E+00
  31.120           0.0000000E+00
  31.140           0.0000000E+00
  31.160           0.0000000E+00
  31.180           0.0000000E+00
  31.200           0.0000000E+00
  31.220           0.0000000E+00
  31.240           0.0000000E+00
  31.260           0.0000000E+00
  31.280           0.0000000E+00
  31.300           0.0000000E+00
  31.320           0.0000000E+00
  31.340           0.0000000E+00
  31.360           0.0000000E+00
  31.380           0.0000000E+00
  31.400           0.0000000E+00
  31.420           0.0000000E+00
  31.440           0.0000000E+00
  31.460           0.0000000E+00
  31.480           0.0000000E+00
  31.500           0.0000000E+00
  31.520           0.0000000E+00
  31.540           0.0000000E+00
  31.560           0.0000000E+00
  31.580           0.0000000E+00
  31.600           0.0000000E+00
  31.620           0.0000000E+00
  31.640           0.0000000E+00
  31.660           0.0000000E+00
  31.680           0.0000000E+00
  31.700           0.0000000E+00
  31.720           0.0000000E+00
  31.740           0.0000000E+00
  31.760           0.0000000E+00
  31.780           0.0000000E+00
  31.800           0.0000000E+00
  31.820           0.0000000E+00
  31.840           0.0000000E+00
  31.860           0.0000000E+00
  31.880           0.0000000E+00
  31.900           0.0000000E+00
  31.920           0.0000000E+00
  31.940           0.0000000E+00
  31.960           0.0000000E+00
  31.980           0.0000000E+00
  32.000           0.0000000E+00
  32.020           0.0000000E+00
  32.040           0.0000000E+00
  32.060           0.0000000E+00
  32.080           0.0000000E+00
  32.100           0.0000000E+00
  32.120           0.0000000E+00
  32.140           0.0000000E+00
  32.160           0.0000000E+00
  32.180           0.0000000E+00
  32.200           0.0000000E+00
  32.220           0.0000000E+00
  32.240           0.0000000E+00
  32.260           0.0000000E+00
  32.280           0.0000000E+00
  32.300           0.0000000E+00
  32.320           0.0000000E+00
  32.340           0.0000000E+00
  32.360           0.0000000E+00
  32.380           0.0000000E+00
  32.400           0.0000000E+00
  32.420           0.0000000E+00
  32.440           0.0000000E+00
  32.460           0.0000000E+00
  32.480           0.0000000E+00
  32.500           0.0000000E+00
  32.520           0.0000000E+00
  32.540           0.0000000E+00
  32.560           0.0000000E+00
  32.580           0.0000000E+00
  32.600           0.0000000E+00
  32.620           0.0000000E+00
  32.640           0.0000000E+00
  32.660           0.0000000E+00
  32.680           0.0000000E+00
  32.700           0.0000000E+00
  32.720           0.0000000E+00
  32.740           0.0000000E+00
  32.760           0.0000000E+00
  32.780           0.0000000E+00
  32.800           0.0000000E+00
  32.820           0.0000000E+00
  32.840           0.0000000E+00
  32.860           0.0000000E+00
  32.880           0.0000000E+00
  32.900           0.0000000E+00
  32.920           0.0000000E+00
  32.940           0.0000000E+00
  32.960           0.0000000E+00
  32.980           0.0000000E+00
  33.000           0.0000000E+00
  33.020           0.0000000E+00
  33.040           0.0000000E+00
  33.060           0.0000000E+00
  33.080           0.0000000E+00
  33.100           0.0000000E+00
  33.120           0.0000000E+00
  33.140           0.0000000E+00
  33.160           0.0000000E+00
  33.180           0.0000000E+00
  33.200           0.0000000E+00
  33.220           0.0000000E+00
  33.240           0.0000000E+00
  33.260           0.0000000E+00
  33.280           0.0000000E+00
  33.300           0.0000000E+00
  33.320           0.0000000E+00
  33.340           0.0000000E+00
  33.360           0.0000000E+00
  33.380           0.0000000E+00
  33.400           0.0000000E+00
  33.420           0.0000000E+00
  33.440           0.0000000E+00
  33.460           0.0000000E+00
  33.480           0.0000000E+00
  33.500           0.0000000E+00
  33.520           0.0000000E+00
  33.540           0.0000000E+00
  33.560           0.0000000E+00
  33.580           0.0000000E+00
  33.600           0.0000000E+00
  33.620           0.0000000E+00
  33.640           0.0000000E+00
  33.660           0.0000000E+00
  33.680           0.0000000E+00
  33.700           0.0000000E+00
  33.720           0.0000000E+00
  33.740           0.0000000E+00
  33.760           0.0000000E+00
  33.780           0.0000000E+00
  33.800           0.0000000E+00
  33.820           0.0000000E+00
  33.840           0.0000000E+00
  33.860           0.0000000E+00
  33.880           0.0000000E+00
  33.900           0.0000000E+00
  33.920           0.0000000E+00
  33.940           0.0000000E+00
  33.960           0.0000000E+00
  33.980           0.0000000E+00
  34.000           0.0000000E+00
  34.020           0.0000000E+00
  34.040           0.0000000E+00
  34.060           0.0000000E+00
  34.080           0.0000000E+00
  34.100           0.0000000E+00
  34.120           0.0000000E+00
  34.140           0.0000000E+00
  34.160           0.0000000E+00
  34.180           0.0000000E+00
  34.200           0.0000000E+00
  34.220           0.0000000E+00
  34.240           0.0000000E+00
  34.260           0.0000000E+00
  34.280           0.0000000E+00
  34.300           0.0000000E+00
  34.320           0.0000000E+00
  34.340           0.0000000E+00
  34.360           0.0000000E+00
  34.380           0.0000000E+00
  34.400           0.0000000E+00
  34.420           0.0000000E+00
  34.440           0.0000000E+00
  34.460           0.0000000E+00
  34.480           0.0000000E+00
  34.500           0.0000000E+00
  34.520           0.0000000E+00
  34.540           0.0000000E+00
  34.560           0.0000000E+00
  34.580           0.0000000E+00
  34.600           0.0000000E+00
  34.620           0.0000000E+00
  34.640           0.0000000E+00
  34.660           0.0000000E+00
  34.680           0.0000000E+00
  34.700           0.0000000E+00
  34.720           0.0000000E+00
  34.740           0.0000000E+00
  34.760           0.0000000E+00
  34.780           0.0000000E+00
  34.800           0.0000000E+00
  34.820           0.0000000E+00
  34.840           0.0000000E+00
  34.860           0.0000000E+00
  34.880           0.0000000E+00
  34.900           0.0000000E+00
  34.920           0.0000000E+00
  34.940           0.0000000E+00
  34.960           0.0000000E+00
  34.980           0.0000000E+00
  35.000           0.0000000E+00
  35.020           0.0000000E+00
  35.040           0.0000000E+00
  35.060           0.0000000E+00
  35.080           0.0000000E+00
  35.100           0.0000000E+00
  35.120           0.0000000E+00
  35.140           0.0000000E+00
  35.160           0.0000000E+00
  35.180           0.0000000E+00
  35.200           0.0000000E+00
  35.220           0.0000000E+00
  35.240           0.0000000E+00
  35.260           0.0000000E+00
  35.280           0.0000000E+00
  35.300           0.0000000E+00
  35.320           0.0000000E+00
  35.340           0.0000000E+00
  35.360           0.0000000E+00
  35.380           0.0000000E+00
  35.400           0.0000000E+00
  35.420           0.0000000E+00
  35.440           0.0000000E+00
  35.460           0.0000000E+00
  35.480           0.0000000E+00
  35.500           0.0000000E+00
  35.520           0.0000000E+00
  35.540           0.0000000E+00
  35.560           0.0000000E+00
  35.580           0.0000000E+00
  35.600           0.0000000E+00
  35.620           0.0000000E+00
  35.640           0.0000000E+00
  35.660           0.0000000E+00
  35.680           0.0000000E+00
  35.700           0.0000000E+00
  35.720           0.0000000E+00
  35.740           0.0000000E+00
  35.760           0.0000000E+00
  35.780           0.0000000E+00
  35.800           0.0000000E+00
  35.820           0.0000000E+00
  35.840           0.0000000E+00
  35.860           0.0000000E+00
  35.880           0.0000000E+00
  35.900           0.0000000E+00
  35.920           0.0000000E+00
  35.940           0.0000000E+00
  35.960           0.0000000E+00
  35.980           0.0000000E+00
  36.000           0.0000000E+00
  36.020           0.0000000E+00
  36.040           0.0000000E+00
  36.060           0.0000000E+00
  36.080           0.0000000E+00
  36.100           0.0000000E+00
  36.120           0.0000000E+00
  36.140           0.0000000E+00
  36.160           0.0000000E+00
  36.180           0.0000000E+00
  36.200           0.0000000E+00
  36.220           0.0000000E+00
  36.240           0.0000000E+00
  36.260           0.0000000E+00
  36.280           0.0000000E+00
  36.300           0.0000000E+00
  36.320           0.0000000E+00
  36.340           0.0000000E+00
  36.360           0.0000000E+00
  36.380           0.0000000E+00
  36.400           0.0000000E+00
  36.420           0.0000000E+00
  36.440           0.0000000E+00
  36.460           0.0000000E+00
  36.480           0.0000000E+00
  36.500           0.0000000E+00
  36.520           0.0000000E+00
  36.540           0.0000000E+00
  36.560           0.0000000E+00
  36.580           0.0000000E+00
  36.600           0.0000000E+00
  36.620           0.0000000E+00
  36.640           0.0000000E+00
  36.660           0.0000000E+00
  36.680           0.0000000E+00
  36.700           0.0000000E+00
  36.720           0.0000000E+00
  36.740           0.0000000E+00
  36.760           0.0000000E+00
  36.780           0.0000000E+00
  36.800           0.0000000E+00
  36.820           0.0000000E+00
  36.840           0.0000000E+00
  36.860           0.0000000E+00
  36.880           0.0000000E+00
  36.900           0.0000000E+00
  36.920           0.0000000E+00
  36.940           0.0000000E+00
  36.960           0.0000000E+00
  36.980           0.0000000E+00
  37.000           0.0000000E+00
  37.020           0.0000000E+00
  37.040           0.0000000E+00
  37.060           0.0000000E+00
  37.080           0.0000000E+00
  37.100           0.0000000E+00
  37.120           0.0000000E+00
  37.140           0.0000000E+00
  37.160           0.0000000E+00
  37.180           0.0000000E+00
  37.200           0.0000000E+00
  37.220           0.0000000E+00
  37.240           0.0000000E+00
  37.260           0.0000000E+00
  37.280           0.0000000E+00
  37.300           0.0000000E+00
  37.320           0.0000000E+00
  37.340           0.0000000E+00
  37.360           0.0000000E+00
  37.380           0.0000000E+00
  37.400           0.0000000E+00
  37.420           0.0000000E+00
  37.440           0.0000000E+00
  37.460           0.0000000E+00
  37.480           0.0000000E+00
  37.500           0.0000000E+00
  37.520           0.0000000E+00
  37.540           0.0000000E+00
  37.560           0.0000000E+00
  37.580           0.0000000E+00
  37.600           0.0000000E+00
  37.620           0.0000000E+00
  37.640           0.0000000E+00
  37.660           0.0000000E+00
  37.680           0.0000000E+00
  37.700           0.0000000E+00
  37.720           0.0000000E+00
  37.740           0.0000000E+00
  37.760           0.0000000E+00
  37.780           0.0000000E+00
  37.800           0.0000000E+00
  37.820           0.0000000E+00
  37.840           0.0000000E+00
  37.860           0.0000000E+00
  37.880           0.0000000E+00
  37.900           0.0000000E+00
  37.920           0.0000000E+00
  37.940           0.0000000E+00
  37.960           0.0000000E+00
  37.980           0.0000000E+00
  38.000           0.0000000E+00
  38.020           0.0000000E+00
  38.040           0.0000000E+00
  38.060           0.0000000E+00
  38.080           0.0000000E+00
  38.100           0.0000000E+00
  38.120           0.0000000E+00
  38.140           0.0000000E+00
  38.160           0.0000000E+00
  38.180           0.0000000E+00
  38.200           0.0000000E+00
  38.220           0.0000000E+00
  38.240           0.0000000E+00
  38.260           0.0000000E+00
  38.280           0.0000000E+00
  38.300           0.0000000E+00
  38.320           0.0000000E+00
  38.340           0.0000000E+00
  38.360           0.0000000E+00
  38.380           0.0000000E+00
  38.400           0.0000000E+00
  38.420           0.0000000E+00
  38.440           0.0000000E+00
  38.460           0.0000000E+00
  38.480           0.0000000E+00
  38.500           0.0000000E+00
  38.520           0.0000000E+00
  38.540           0.0000000E+00
  38.560           0.0000000E+00
  38.580           0.0000000E+00
  38.600           0.0000000E+00
  38.620           0.0000000E+00
  38.640           0.0000000E+00
  38.660           0.0000000E+00
  38.680           0.0000000E+00
  38.700           0.0000000E+00
  38.720           0.0000000E+00
  38.740           0.0000000E+00
  38.760           0.0000000E+00
  38.780           0.0000000E+00
  38.800           0.0000000E+00
  38.820           0.0000000E+00
  38.840           0.0000000E+00
  38.860           0.0000000E+00
  38.880           0.0000000E+00
  38.900           0.0000000E+00
  38.920           0.0000000E+00
  38.940           0.0000000E+00
  38.960           0.0000000E+00
  38.980           0.0000000E+00
  39.000           0.0000000E+00
  39.020           0.0000000E+00
  39.040           0.0000000E+00
  39.060           0.0000000E+00
  39.080           0.0000000E+00
  39.100           0.0000000E+00
  39.120           0.0000000E+00
  39.140           0.0000000E+00
  39.160           0.0000000E+00
  39.180           0.0000000E+00
  39.200           0.0000000E+00
  39.220           0.0000000E+00
  39.240           0.0000000E+00
  39.260           0.0000000E+00
  39.280           0.0000000E+00
  39.300           0.0000000E+00
  39.320           0.0000000E+00
  39.340           0.0000000E+00
  39.360           0.0000000E+00
  39.380           0.0000000E+00
  39.400           0.0000000E+00
  39.420           0.0000000E+00
  39.440           0.0000000E+00
  39.460           0.0000000E+00
  39.480           0.0000000E+00
  39.500           0.0000000E+00
  39.520           0.0000000E+00
  39.540           0.0000000E+00
  39.560           0.0000000E+00
  39.580           0.0000000E+00
  39.600           0.0000000E+00
  39.620           0.0000000E+00
  39.640           0.0000000E+00
  39.660           0.0000000E+00
  39.680           0.0000000E+00
  39.700           0.0000000E+00
  39.720           0.0000000E+00
  39.740           0.0000000E+00
  39.760           0.0000000E+00
  39.780           0.0000000E+00
  39.800           0.0000000E+00
  39.820           0.0000000E+00
  39.840           0.0000000E+00
  39.860           0.0000000E+00
  39.880           0.0000000E+00
  39.900           0.0000000E+00
  39.920           0.0000000E+00
  39.940           0.0000000E+00
  39.960           0.0000000E+00
  39.980           0.0000000E+00
  40.000           0.0000000E+00
  40.020           0.0000000E+00
  40.040           0.0000000E+00
  40.060           0.0000000E+00
  40.080           0.0000000E+00
  40.100           0.0000000E+00
  40.120           0.0000000E+00
  40.140           0.0000000E+00
  40.160           0.0000000E+00
  40.180           0.0000000E+00
  40.200           0.0000000E+00
  40.220           0.0000000E+00
  40.240           0.0000000E+00
  40.260           0.0000000E+00
  40.280           0.0000000E+00
  40.300           0.0000000E+00
  40.320           0.0000000E+00
  40.340           0.0000000E+00
  40.360           0.0000000E+00
  40.380           0.0000000E+00
  40.400           0.0000000E+00
  40.420           0.0000000E+00
  40.440           0.0000000E+00
  40.460           0.0000000E+00
  40.480           0.0000000E+00
  40.500           0.0000000E+00
  40.520           0.0000000E+00
  40.540           0.0000000E+00
  40.560           0.0000000E+00
  40.580           0.0000000E+00
  40.600           0.0000000E+00
  40.620           0.0000000E+00
  40.640           0.0000000E+00
  40.660           0.0000000E+00
  40.680           0.0000000E+00
  40.700           0.0000000E+00
  40.720           0.0000000E+00
  40.740           0.0000000E+00
  40.760           0.0000000E+00
  40.780           0.0000000E+00
  40.800           0.0000000E+00
  40.820           0.0000000E+00
  40.840           0.0000000E+00
  40.860           0.0000000E+00
  40.880           0.0000000E+00
  40.900           0.0000000E+00
  40.920           0.0000000E+00
  40.940           0.0000000E+00
  40.960           0.0000000E+00
