        4096     0.02000
       0.010       0.010       0.010       0.010       0.010       0.010       0.007       0.010       0.010       0.006
       0.010       0.010       0.023       0.011       0.010       0.006       0.011       0.012       0.016       0.011
       0.012       0.018       0.012       0.015       0.030       0.012       0.015       0.047       0.013       0.014
       0.031       0.013       0.017       0.064       0.018       0.024       0.122       0.015       0.004      -0.116
      -0.024      -0.014      -0.143       0.022       0.003      -0.017      -0.057      -0.025      -0.074      -0.096
      -0.119      -0.215      -0.074       0.081       0.120       0.244       0.010      -0.052      -0.147      -0.035
      -0.051      -0.282      -0.112      -0.116      -0.344      -0.096      -0.082      -0.149       0.013      -0.075
      -0.220      -0.133      -0.113      -0.337      -0.263      -0.107      -0.275      -0.503      -0.305      -0.018
       0.039      -0.282      -0.349      -0.195      -0.323      -0.292      -0.260      -0.551      -0.660      -0.295
      -0.166      -0.487      -0.613      -0.516      -0.365      -0.500      -0.751      -0.804      -0.279       0.549
       0.776       0.217       0.331       0.756       0.606       0.618       0.688       0.350       0.450       0.812
       0.588       0.479       0.753       0.850       0.926       1.155       0.689      -0.246       0.045       0.292
       0.081      -0.607      -0.364       0.420       0.002      -1.043      -1.364      -1.042      -0.309      -0.069
       0.722       0.879       1.264       0.642      -0.287      -1.308      -1.591      -1.264      -1.151      -0.928
      -0.668      -0.073       0.124      -0.525      -1.468      -1.810      -0.903      -0.107      -0.341      -1.366
      -1.794      -1.964      -1.201      -1.329      -2.043      -2.034      -1.058      -0.485      -0.767      -2.179
      -1.944      -0.589       0.156       0.822       0.924       0.754       1.746       1.535       0.427      -1.093
      -0.877       0.583       1.752       1.381       0.194      -0.018       1.840       2.217       2.254       2.784
       1.843       0.420       0.589       1.232       1.434       1.125       1.479       2.114       3.035       3.103
       2.538       1.551       2.037       3.235       3.005       2.129       1.657       1.753       0.885      -0.166
      -1.423      -1.814       0.039       1.675       0.621      -0.843      -3.160      -3.700      -3.131      -1.657
      -1.386      -2.520      -1.956      -1.028      -0.870      -1.515      -1.671      -0.819      -1.583      -1.215
      -2.359      -1.692      -1.435      -0.102       1.215       2.407       3.301       2.489       1.106      -1.529
      -3.690      -3.674      -2.781      -3.110      -2.374      -0.437       1.072       0.226      -2.384      -2.997
      -1.722      -1.000      -2.995      -3.435      -1.645       1.400       1.734       1.068       1.471      -0.171
       0.170       2.627       2.871       2.903       2.663       1.032       1.693       2.630       5.429       5.818
       3.922       2.419       1.429       1.605       2.806       3.264       0.404      -0.098       1.552       3.472
       3.096       1.153      -2.271      -6.284      -6.455      -2.708      -0.320       0.190       0.415      -2.442
      -3.664      -2.783       0.799       2.070      -0.764      -4.183      -2.617      -0.813       0.675      -2.237
      -3.828      -2.517       1.157       1.237      -0.385       0.526       1.543       2.917       5.074       3.127
      -0.133      -2.854      -0.122       1.208       0.150      -5.832      -6.856      -6.942      -4.012      -1.119
       1.944       0.480      -1.811      -0.591       2.909       2.636       5.593       4.820       0.344      -3.661
      -5.910      -2.346       1.842       1.262       3.176       2.362      -0.975      -3.921      -4.508      -5.401
      -6.985      -1.494       6.234       8.343       5.104       3.029      -1.016      -5.708      -6.501      -6.374
      -4.795      -6.120      -4.499      -4.422      -3.901      -1.297       2.167       1.227       1.103       2.955
       5.695       4.999      -0.422      -3.375      -6.502      -0.819       5.077       6.711       3.490      -3.896
      -6.569      -3.146       2.841       6.122       5.650       3.289       6.721       7.873      10.821       8.233
       4.599       5.778       3.251       0.617      -3.803      -5.238      -8.868     -10.711      -7.715       0.258
       5.967       6.500       0.885      -7.765      -8.941      -6.718      -2.874      -5.067      -7.846      -7.569
      -4.242       3.794       6.372       5.941       2.355      -2.741      -3.833       1.360       0.952      -0.402
       5.071       8.708       5.087       4.902       5.539       5.095       9.688       5.013      -0.219      -1.464
      -6.505     -10.384      -8.457      -6.680      -8.035      -3.515      -5.324      -3.913       0.123      -2.206
      -0.148       6.345       4.531       0.251       4.803       9.717       5.844       1.545      -4.661      -3.049
      -4.371      -1.700      -2.270      -2.874       5.300       9.053       4.486       0.389      -6.679      -6.749
       0.096       0.648       1.223      -5.952      -5.404      -7.065      -7.213      -3.841      -7.575      -0.928
       7.873      10.930      11.729       3.535      -2.581       1.546      11.786      14.091       7.642      -0.110
       0.215       1.597      -4.649      -3.117       4.461       5.285      -0.921      -3.870       1.133      -4.143
      -6.387      -4.250       3.442      10.036       7.454       8.669       2.582     -10.880     -17.548     -17.589
     -11.577      -5.453       1.691       2.030       5.801       2.850       2.437       5.490       1.245       6.915
       6.801       6.885       3.295       0.129      -7.359      -9.305      -4.699     -11.865     -11.795     -11.447
      -8.933     -12.495      -9.014      -4.915       0.970      -0.424       5.715      15.126      20.559      10.772
      -3.288     -13.401     -20.297     -19.362     -12.822       2.529      11.995      11.215      14.577      18.012
       9.710       8.200      12.782      13.324       6.934       7.352       7.125      -3.694     -12.448      -8.049
       5.244      10.611       4.021      -6.620      -2.507      -3.472     -11.059      -5.760       8.601      19.777
      23.216      19.644       9.269      -4.099       1.497       6.793       1.046      -6.449     -10.486      -6.090
       4.898       5.139      -2.918      -9.265     -13.725     -14.483     -18.019     -13.216      -4.953       4.397
      -3.098      -2.497       0.146      -3.510       0.359      -5.339      -6.023      -4.673     -12.716      -6.768
      -0.476      -7.298      -7.963      -1.190      11.466      20.165       9.973       4.035      11.554       9.637
      -6.270     -15.461     -15.074       3.100      10.586      17.380      20.399      14.392       5.136       1.510
      -8.528     -18.750     -21.341      -5.779       9.330      14.064      20.500       7.954     -10.290     -20.637
     -16.590      -6.990       3.445       0.612       0.341       9.794       6.803      16.488      18.192       9.817
      -2.761     -11.633      -6.216       5.669       3.164       5.917       4.961      -4.040     -11.460     -16.489
     -25.296     -23.313     -11.236       2.651       4.991       1.025      11.160      13.733       9.514      16.803
      17.773       1.414     -20.779     -33.327     -25.516     -12.688       3.666       1.595       8.200      12.397
       1.430      -1.950      -0.957       9.404       1.069      -0.978       8.478      -1.311     -16.748     -19.687
     -11.721       3.960      17.891      27.932      29.773      24.335      17.497      -2.701      -7.404       4.055
       3.127      -8.102      -6.390      -3.081      -8.933     -13.146     -28.982     -36.564     -37.990     -20.978
      -1.759      10.235       8.952      -0.783       9.199      21.156      13.899      10.415       0.258      -3.063
     -15.409     -20.695      -9.542      -3.135      16.296      31.290      24.002      10.053      -3.370       3.363
       1.442     -11.940     -27.477     -19.358      -6.816      -4.446       6.865       8.555      11.446      -3.809
      -7.590       4.299      10.083       8.677       5.713     -10.681      -5.404      -8.078      -0.417       1.010
       1.312       1.135     -16.873     -13.725       2.473      17.691      28.327      27.031      15.450      12.525
       2.806     -17.086     -17.295      -2.173       9.433       5.866      -8.170     -21.932     -15.302     -10.668
     -14.337       3.407      17.031      18.312      18.006      -5.593     -21.868     -26.034     -15.644      -7.552
     -14.981      -6.457       5.579       8.506      11.945      -1.086      -2.967      -1.884       3.325      23.856
      19.224      16.706       1.576      -1.626       5.834       8.071      14.965       3.306     -13.524     -14.629
      -7.085      -9.824      -5.136      -1.741       8.683      16.352      29.497      28.558       7.525     -12.587
     -29.357     -32.977     -27.838      -8.776       5.656       3.841       8.970       4.617      -8.648     -12.441
     -13.177       4.768      12.431       8.539      15.699      32.332      29.222      21.536       5.615      -6.757
     -19.826     -19.339     -25.820     -13.150       2.859      12.303      19.735       7.196       0.430       2.167
      -7.193       3.262      -1.405      -5.471     -11.191     -13.397      -3.226       3.472      14.252      19.816
      19.796      12.158       9.867      -6.995      -2.792      -6.136     -11.579      -1.975      -3.964      10.961
      25.168      16.787      -1.018      -8.258     -15.494      -7.985      -1.924     -11.329     -11.027       2.617
      -2.185      -0.180      10.799       1.191       3.050       8.949      10.313      -3.793      -2.544     -12.767
     -18.055     -17.471     -14.234      -8.907      -1.107       8.926      -5.415     -11.515      -1.418      11.555
       5.926      14.925      19.567      15.625       5.472     -12.674      -7.906       2.641       9.195      -6.292
     -23.590     -26.261     -14.434       3.137      22.410      35.519      38.010      30.401      19.933      -5.271
     -21.745     -28.258     -20.464      -1.298       7.879       1.550       8.633       4.637       7.906      12.427
       3.455       9.820       9.449      -7.386     -16.928     -12.452       2.966       4.651     -13.512     -20.038
     -12.737      -5.742       6.899      22.318      20.856      17.631       8.370      -6.078     -24.832     -22.217
      -5.385       8.783      18.444      20.951      29.749      28.340      16.653       8.619      -3.426      -1.851
      12.853       8.280      -6.083     -11.229       6.765      13.745      11.663      11.572       5.405      -1.389
      -3.799      -5.125      -9.225     -10.780     -15.566     -10.924     -19.844     -23.413     -10.621     -10.435
     -12.872      -5.526       6.303      -1.181      -9.402      -5.211       5.999      11.150       6.987      22.227
      23.793      19.293      11.763      -2.734       2.627      -1.256     -17.669     -28.585     -34.799     -32.266
     -23.914      -7.031      12.147      26.802      30.305      10.410      -7.904     -15.919     -26.286     -20.476
      -6.228      -6.712      -5.101       5.539      -9.052     -13.088      -1.571       8.596      23.637      23.853
      12.207      12.684       7.363      16.899       7.773      -3.414     -20.152     -14.563       1.735       9.888
       4.839      -2.687      -0.389     -12.141      -8.261      -8.024     -12.091       1.305      17.529      15.513
       2.960       6.451      -5.707     -15.649     -20.317      -0.075      12.254      21.221      22.529       9.053
      -9.418     -11.801     -20.523     -10.131       4.978      11.490       8.655      -6.052     -16.539     -10.817
     -16.290      -6.297       2.149       3.780      -1.976     -13.569      -8.302     -12.816      -4.260      -6.038
       3.304      16.804       8.353      14.853      19.761      16.475       5.757       9.753       7.418       7.742
       6.649       2.998      -8.391      -9.410      -5.413      -5.040       5.161       5.396      13.027       8.106
      14.302       1.330      -6.676      -6.189      -9.782       5.350       8.849      -4.827     -18.143     -11.072
      -3.877      -4.698       8.507      16.871      20.246      15.487       3.631      -6.861      -0.191      -7.967
       5.965      19.164      20.820       1.845      -8.740     -11.829       0.308       6.375      -7.513     -19.512
     -17.480     -12.641      -2.587      -3.372      -3.418      12.714      15.781      18.310      22.507       9.098
      -5.650      -2.120       2.605     -10.812     -24.447     -32.058     -22.457     -14.325       0.117       0.347
     -15.215     -21.991     -21.838      -2.878      12.774      23.106      19.196      15.493       9.632      12.152
      14.743      11.869       7.254       3.996       9.743      -2.845      -1.902       5.567      -2.508     -14.188
      -8.681     -10.575       2.272      18.171      22.704      12.613      -2.201      -5.893     -13.891     -31.062
     -31.457     -18.741       1.357       4.278      12.815       6.441      11.290      24.559      24.432       8.101
       5.816      15.231       9.984      -9.623     -11.711     -13.023      -6.919      -1.693      -7.871      -7.867
       1.839      11.059       6.233       2.415     -12.629     -11.467       1.106      -5.501     -10.749     -14.907
     -20.373      -3.565      16.498      23.274      12.207      -3.448      -6.135       5.915      -0.191     -16.587
     -24.940     -16.311      -0.967      -3.572      -0.056      11.777      23.421      15.040       8.082      17.016
      11.035      -4.442     -13.381      -0.788      15.133       9.351       0.346      -4.835      -6.932       2.144
      -3.922      -5.232       5.862       2.526       1.225       7.058      -8.000     -22.491     -33.936     -28.336
     -13.601       4.243      -2.214       0.495       7.131      -3.409     -11.312       1.388       2.581      -0.234
       4.697      -4.570      -1.336      -2.389       0.933       2.616     -12.150      -6.574       9.053      21.128
      17.783       3.265     -13.307     -12.209       1.739      -2.478      -3.603       0.967      -9.957      -3.840
       8.893      16.518      19.491       8.494      -8.003      -7.522      -1.172      -3.549       8.918      18.350
      13.395       2.031       7.876      19.842      16.488      11.158      -3.058     -18.500     -17.264     -18.383
     -14.957     -18.606     -26.196     -23.805     -15.092      -2.690      10.193      19.562      24.842      17.961
       1.716      -9.870      -6.034       1.592      -5.606      -5.495       5.782       9.141      17.660      15.398
       4.830       5.554       3.610      -8.223      -6.003      -9.096     -10.268      -3.239     -10.454     -17.438
      -9.634      -4.519       2.594       1.727       5.024      -8.416     -17.967     -18.515     -11.542      -4.244
       7.488      18.494      18.515      11.328      16.641      13.300       0.756      -6.089      -0.017       0.081
       2.914       6.603      -2.280      -0.209       9.132      13.501       8.820      -1.742      -0.674      -8.122
     -12.350      -7.218       4.238       5.465       0.125       7.465       8.429      -2.636      -3.519      -7.409
     -12.996      -6.500       2.046       3.195      11.620      16.042       6.726       4.251      -3.341      -0.041
       7.099       3.681      -7.191     -16.537     -12.488     -11.613     -10.735       1.984       9.081      12.694
      18.171      14.413       3.132      -6.435      -2.274       2.390       0.296      10.229      12.613      11.167
       3.368       2.006       2.391      -4.011      -8.114      -3.715      -5.353      -1.217      -3.160      -3.794
      -6.460     -17.251     -16.401     -12.110      -4.686      -4.166      -7.572       2.021       4.130       3.748
       0.434       2.594      14.230      14.832       5.968      -5.398     -12.912     -10.266      -1.104      11.038
      15.311      13.191       7.203      -3.350      -4.916      -4.684     -11.166     -13.390      -8.691      -8.585
     -12.041      -7.965      -0.197       0.325       2.465      11.416      10.137       1.733      -5.557     -10.690
     -13.901      -9.784      -3.611      -1.889       0.483       4.835      11.332      18.799      13.684       4.941
      -3.663      -1.807       2.408      -1.273      -7.260      -3.035      -0.503      -5.030      -6.614       1.652
       7.926      10.785       7.013      -0.659      -6.871      -0.415       5.235       2.011      -5.134      -3.172
      -0.029      -1.956       0.295      -1.736       2.391       0.708      -4.320      -8.293     -10.470      -8.983
      -5.096      -3.504     -10.946     -12.181      -7.931       5.445       7.837      10.226       6.676       5.199
       2.355       4.407       1.932      -0.179      -2.978      -4.646      -0.601      -3.538      -0.708      -1.088
      -3.026       2.324       7.426      10.788      12.169      11.132       5.522       0.722      -1.233      -4.535
       0.038       4.080       5.656       5.366      11.139      13.738      11.701       8.879       6.599       4.429
       2.474       1.490       0.223       3.234       2.034      -4.241      -4.240       0.160      -1.564      -4.364
      -1.311      -4.965      -5.400       0.969       2.181       0.885       1.125      -0.121       5.660       2.559
       1.553       1.726      -0.650      -1.774      -5.916      -9.832      -7.663      -7.697      -5.870      -6.087
      -5.174      -2.874      -6.866      -7.049      -1.550       5.170       6.712       4.115       0.209      -3.686
      -7.532      -7.418      -9.037     -10.025     -13.262     -12.467      -6.374       1.479       5.361       5.705
       7.267       6.179      10.231       7.972       0.764      -5.118      -8.688      -4.659       1.966       4.444
       7.990       5.559       2.202       3.142      -0.008      -4.973      -5.921      -0.893       5.479       3.964
       0.588      -0.352      -0.935       2.883       0.801       1.125      -1.466      -6.061      -4.522      -2.186
       3.052       4.263       0.979       3.041       2.268      -1.897      -1.189      -2.619      -5.966      -4.715
      -4.641       0.363      -1.048      -5.285      -5.043      -1.237       1.621      -0.501      -0.678      -0.795
       0.250       6.512       7.872       4.423       0.282      -2.008      -5.273      -2.845       1.698       5.445
       4.234       0.720      -2.423       0.177      -0.100       2.064       0.469      -0.895      -3.276      -3.573
      -4.587      -2.404      -3.036       0.341       0.702       3.421       2.724      -1.918      -3.863      -0.897
      -1.679       0.353       0.768       0.226       4.576       7.338       5.956       6.428       5.025       2.196
      -2.122      -4.135      -1.544       1.964       3.375       0.215      -1.624       1.097       1.267       0.373
      -1.736      -1.015      -3.384      -4.794      -1.869       1.794       1.560       2.995       3.640       4.102
       4.310       2.814       1.334      -2.407      -4.485      -2.408      -0.799       1.810       4.228       3.337
       1.114      -2.632      -1.530       0.819       2.823      -0.212      -2.586       0.135       0.987       0.951
       0.480      -2.194      -1.233      -1.533       1.390       0.549      -2.226      -0.125       4.747       4.657
       2.419       0.463      -1.812      -3.454      -6.360      -7.928      -6.086      -5.333      -2.158      -2.089
      -2.872      -3.101      -1.792       1.982       3.873       1.268      -2.610      -2.408       0.953       3.506
       3.714       1.162       3.220       3.432       4.801       4.793       1.626      -2.232      -5.828      -6.069
      -3.664       0.115       1.325      -0.669      -0.075       2.667       2.546       1.072       0.180      -2.196
      -0.340       1.889       3.103       3.259       1.579       1.664       2.239       0.800      -0.850      -1.217
       0.625      -0.380      -2.119      -2.959      -4.163      -3.096      -0.648      -1.534      -1.088       0.108
       2.039       2.406      -0.708      -2.561      -3.106      -3.547      -0.327       2.609       2.834       2.930
       4.797       5.749       4.174       1.307       0.189       0.721      -0.083       1.170       0.715      -2.263
      -3.986      -1.944      -0.644      -0.608      -0.461      -0.675       1.059       0.065      -0.957       0.425
       0.849      -0.754      -0.238      -0.914      -0.911      -1.178      -2.157      -1.715      -0.904      -0.849
      -2.521      -0.925       0.206      -0.172      -0.574      -2.454      -2.863      -0.989       0.227       2.146
       3.048       2.223       0.129      -0.399       0.493       0.227      -0.415      -0.167      -0.722      -2.194
      -2.857      -2.039      -3.338      -3.336      -0.487       0.670       1.816       0.908      -0.717      -2.633
      -2.130      -1.167      -2.945      -3.828      -1.706      -0.180      -0.341      -1.881      -0.570      -0.335
       1.192       1.945       3.082       4.578       4.536       2.719       2.478       1.773       3.663       4.503
       2.800       2.223       3.751       5.488       4.796       2.126      -0.464       0.410       1.588       1.157
       0.690       0.038      -1.029      -0.850      -1.277      -2.278      -4.618      -5.522      -3.919      -2.501
      -1.156       1.087       3.113       3.476       1.905      -0.455      -1.416      -1.082      -1.317      -1.463
      -1.851      -2.052      -1.984      -0.731      -0.961       0.211       0.369      -0.174      -1.040      -1.226
      -2.369      -2.324      -1.775      -1.372      -1.058      -1.908      -1.276      -1.143       0.583      -1.078
      -1.566      -1.600      -1.964      -1.686      -1.112       0.131       1.915       2.498       1.752      -0.026
      -0.025      -0.322       0.758       0.209      -0.592      -0.857      -0.034       1.158       2.356       1.655
       1.967       3.623       3.180       2.062       2.452       0.997       0.353       1.154       2.552       2.287
       0.948       1.010       2.764       3.127       1.838       0.028       0.735       2.086       1.518       0.928
      -0.307      -0.595      -0.377      -0.762      -2.191      -2.977      -2.961      -1.121      -0.225      -2.031
      -2.670      -1.521      -1.184      -0.160       0.067       0.033       0.131       0.225       1.334       1.010
       0.070      -0.968      -0.601      -1.027      -2.707      -2.782      -0.852       0.385      -0.113      -2.061
      -2.911      -2.463      -1.490      -1.758      -1.440      -0.838      -1.876      -1.554      -2.140      -2.560
      -0.962      -0.040       0.095      -1.321      -2.593      -2.724      -1.855      -0.298       1.020       1.609
       1.718       0.391       0.319       0.523       1.823       2.190       1.084       0.752       0.442       0.234
       1.107       0.531       0.061       0.146       1.296       2.338       2.376       1.016       0.930       1.967
       2.746       3.360       3.168       1.881       0.952       0.825       0.654      -0.059      -0.643       0.341
       1.457       1.219       0.506       0.027       0.916       0.790       0.779       0.171       0.509       0.636
       0.672       0.292       0.251      -0.038       0.073       0.433       0.226      -0.284      -0.073      -0.246
      -0.372      -0.667      -1.151      -1.152      -0.903      -0.979      -1.058      -1.390      -1.321      -1.205
      -1.023      -0.966      -1.040      -0.467      -0.328      -0.501      -0.815      -0.997      -0.807      -0.757
      -0.648      -0.365       0.032       0.424       0.157      -0.214      -0.312      -0.366      -0.627      -0.792
      -0.867      -0.748      -0.605      -0.401      -0.285      -0.081       0.184       0.512       0.586       0.513
       0.391       0.338       0.378       0.403       0.269       0.257       0.428       0.614       0.627       0.403
       0.203       0.189       0.226       0.191       0.139       0.084       0.127       0.181       0.170       0.104
       0.028       0.008       0.018       0.004      -0.036      -0.056      -0.029      -0.005       0.000       0.000
       0.000       0.000       0.000       0.000       0.000       0.000       0.000       0.000       0.000       0.000
       0.000       0.000       0.000       0.000       0.000       0.000       0.000       0.000       0.000       0.000
       0.000       0.000       0.000       0.000       0.000       0.000       0.000       0.000       0.000       0.000
       0.000       0.000       0.000       0.000       0.000       0.000       0.000       0.000       0.000       0.000
       0.000       0.000       0.000       0.000       0.000       0.000       0.000       0.000       0.000       0.000
       0.000       0.000       0.000       0.000       0.000       0.000       0.000       0.000       0.000       0.000
       0.000       0.000       0.000       0.000       0.000       0.000       0.000       0.000       0.000       0.000
       0.000       0.000       0.000       0.000       0.000       0.000       0.000       0.000       0.000       0.000
       0.000       0.000       0.000       0.000       0.000       0.000       0.000       0.000       0.000       0.000
       0.000       0.000       0.000       0.000       0.000       0.000       0.000       0.000       0.000       0.000
       0.000       0.000       0.000       0.000       0.000       0.000       0.000       0.000       0.000       0.000
       0.000       0.000       0.000       0.000       0.000       0.000       0.000       0.000       0.000       0.000
       0.000       0.000       0.000       0.000       0.000       0.000       0.000       0.000       0.000       0.000
       0.000       0.000       0.000       0.000       0.000       0.000       0.000       0.000       0.000       0.000
       0.000       0.000       0.000       0.000       0.000       0.000       0.000       0.000       0.000       0.000
       0.000       0.000       0.000       0.000       0.000       0.000       0.000       0.000       0.000       0.000
       0.000       0.000       0.000       0.000       0.000       0.000       0.000       0.000       0.000       0.000
       0.000       0.000       0.000       0.000       0.000       0.000       0.000       0.000       0.000       0.000
       0.000       0.000       0.000       0.000       0.000       0.000       0.000       0.000       0.000       0.000
       0.000       0.000       0.000       0.000       0.000       0.000       0.000       0.000       0.000       0.000
       0.000       0.000       0.000       0.000       0.000       0.000       0.000       0.000       0.000       0.000
       0.000       0.000       0.000       0.000       0.000       0.000       0.000       0.000       0.000       0.000
       0.000       0.000       0.000       0.000       0.000       0.000       0.000       0.000       0.000       0.000
       0.000       0.000       0.000       0.000       0.000       0.000       0.000       0.000       0.000       0.000
       0.000       0.000       0.000       0.000       0.000       0.000       0.000       0.000       0.000       0.000
       0.000       0.000       0.000       0.000       0.000       0.000       0.000       0.000       0.000       0.000
       0.000       0.000       0.000       0.000       0.000       0.000       0.000       0.000       0.000       0.000
       0.000       0.000       0.000       0.000       0.000       0.000       0.000       0.000       0.000       0.000
       0.000       0.000       0.000       0.000       0.000       0.000       0.000       0.000       0.000       0.000
       0.000       0.000       0.000       0.000       0.000       0.000       0.000       0.000       0.000       0.000
       0.000       0.000       0.000       0.000       0.000       0.000       0.000       0.000       0.000       0.000
       0.000       0.000       0.000       0.000       0.000       0.000       0.000       0.000       0.000       0.000
       0.000       0.000       0.000       0.000       0.000       0.000       0.000       0.000       0.000       0.000
       0.000       0.000       0.000       0.000       0.000       0.000       0.000       0.000       0.000       0.000
       0.000       0.000       0.000       0.000       0.000       0.000       0.000       0.000       0.000       0.000
       0.000       0.000       0.000       0.000       0.000       0.000       0.000       0.000       0.000       0.000
       0.000       0.000       0.000       0.000       0.000       0.000       0.000       0.000       0.000       0.000
       0.000       0.000       0.000       0.000       0.000       0.000       0.000       0.000       0.000       0.000
       0.000       0.000       0.000       0.000       0.000       0.000       0.000       0.000       0.000       0.000
       0.000       0.000       0.000       0.000       0.000       0.000       0.000       0.000       0.000       0.000
       0.000       0.000       0.000       0.000       0.000       0.000       0.000       0.000       0.000       0.000
       0.000       0.000       0.000       0.000       0.000       0.000       0.000       0.000       0.000       0.000
       0.000       0.000       0.000       0.000       0.000       0.000       0.000       0.000       0.000       0.000
       0.000       0.000       0.000       0.000       0.000       0.000       0.000       0.000       0.000       0.000
       0.000       0.000       0.000       0.000       0.000       0.000       0.000       0.000       0.000       0.000
       0.000       0.000       0.000       0.000       0.000       0.000       0.000       0.000       0.000       0.000
       0.000       0.000       0.000       0.000       0.000       0.000       0.000       0.000       0.000       0.000
       0.000       0.000       0.000       0.000       0.000       0.000       0.000       0.000       0.000       0.000
       0.000       0.000       0.000       0.000       0.000       0.000       0.000       0.000       0.000       0.000
       0.000       0.000       0.000       0.000       0.000       0.000       0.000       0.000       0.000       0.000
       0.000       0.000       0.000       0.000       0.000       0.000       0.000       0.000       0.000       0.000
       0.000       0.000       0.000       0.000       0.000       0.000       0.000       0.000       0.000       0.000
       0.000       0.000       0.000       0.000       0.000       0.000       0.000       0.000       0.000       0.000
       0.000       0.000       0.000       0.000       0.000       0.000       0.000       0.000       0.000       0.000
       0.000       0.000       0.000       0.000       0.000       0.000       0.000       0.000       0.000       0.000
       0.000       0.000       0.000       0.000       0.000       0.000       0.000       0.000       0.000       0.000
       0.000       0.000       0.000       0.000       0.000       0.000       0.000       0.000       0.000       0.000
       0.000       0.000       0.000       0.000       0.000       0.000       0.000       0.000       0.000       0.000
       0.000       0.000       0.000       0.000       0.000       0.000       0.000       0.000       0.000       0.000
       0.000       0.000       0.000       0.000       0.000       0.000       0.000       0.000       0.000       0.000
       0.000       0.000       0.000       0.000       0.000       0.000       0.000       0.000       0.000       0.000
       0.000       0.000       0.000       0.000       0.000       0.000       0.000       0.000       0.000       0.000
       0.000       0.000       0.000       0.000       0.000       0.000       0.000       0.000       0.000       0.000
       0.000       0.000       0.000       0.000       0.000       0.000       0.000       0.000       0.000       0.000
       0.000       0.000       0.000       0.000       0.000       0.000       0.000       0.000       0.000       0.000
       0.000       0.000       0.000       0.000       0.000       0.000       0.000       0.000       0.000       0.000
       0.000       0.000       0.000       0.000       0.000       0.000       0.000       0.000       0.000       0.000
       0.000       0.000       0.000       0.000       0.000       0.000       0.000       0.000       0.000       0.000
       0.000       0.000       0.000       0.000       0.000       0.000       0.000       0.000       0.000       0.000
       0.000       0.000       0.000       0.000       0.000       0.000       0.000       0.000       0.000       0.000
       0.000       0.000       0.000       0.000       0.000       0.000       0.000       0.000       0.000       0.000
       0.000       0.000       0.000       0.000       0.000       0.000       0.000       0.000       0.000       0.000
       0.000       0.000       0.000       0.000       0.000       0.000       0.000       0.000       0.000       0.000
       0.000       0.000       0.000       0.000       0.000       0.000       0.000       0.000       0.000       0.000
       0.000       0.000       0.000       0.000       0.000       0.000       0.000       0.000       0.000       0.000
       0.000       0.000       0.000       0.000       0.000       0.000       0.000       0.000       0.000       0.000
       0.000       0.000       0.000       0.000       0.000       0.000       0.000       0.000       0.000       0.000
       0.000       0.000       0.000       0.000       0.000       0.000       0.000       0.000       0.000       0.000
       0.000       0.000       0.000       0.000       0.000       0.000       0.000       0.000       0.000       0.000
       0.000       0.000       0.000       0.000       0.000       0.000       0.000       0.000       0.000       0.000
       0.000       0.000       0.000       0.000       0.000       0.000       0.000       0.000       0.000       0.000
       0.000       0.000       0.000       0.000       0.000       0.000       0.000       0.000       0.000       0.000
       0.000       0.000       0.000       0.000       0.000       0.000       0.000       0.000       0.000       0.000
       0.000       0.000       0.000       0.000       0.000       0.000       0.000       0.000       0.000       0.000
       0.000       0.000       0.000       0.000       0.000       0.000       0.000       0.000       0.000       0.000
       0.000       0.000       0.000       0.000       0.000       0.000       0.000       0.000       0.000       0.000
       0.000       0.000       0.000       0.000       0.000       0.000       0.000       0.000       0.000       0.000
       0.000       0.000       0.000       0.000       0.000       0.000       0.000       0.000       0.000       0.000
       0.000       0.000       0.000       0.000       0.000       0.000       0.000       0.000       0.000       0.000
       0.000       0.000       0.000       0.000       0.000       0.000       0.000       0.000       0.000       0.000
       0.000       0.000       0.000       0.000       0.000       0.000       0.000       0.000       0.000       0.000
       0.000       0.000       0.000       0.000       0.000       0.000       0.000       0.000       0.000       0.000
       0.000       0.000       0.000       0.000       0.000       0.000       0.000       0.000       0.000       0.000
       0.000       0.000       0.000       0.000       0.000       0.000       0.000       0.000       0.000       0.000
       0.000       0.000       0.000       0.000       0.000       0.000       0.000       0.000       0.000       0.000
       0.000       0.000       0.000       0.000       0.000       0.000       0.000       0.000       0.000       0.000
       0.000       0.000       0.000       0.000       0.000       0.000       0.000       0.000       0.000       0.000
       0.000       0.000       0.000       0.000       0.000       0.000       0.000       0.000       0.000       0.000
       0.000       0.000       0.000       0.000       0.000       0.000       0.000       0.000       0.000       0.000
       0.000       0.000       0.000       0.000       0.000       0.000       0.000       0.000       0.000       0.000
       0.000       0.000       0.000       0.000       0.000       0.000       0.000       0.000       0.000       0.000
       0.000       0.000       0.000       0.000       0.000       0.000       0.000       0.000       0.000       0.000
       0.000       0.000       0.000       0.000       0.000       0.000       0.000       0.000       0.000       0.000
       0.000       0.000       0.000       0.000       0.000       0.000       0.000       0.000       0.000       0.000
       0.000       0.000       0.000       0.000       0.000       0.000       0.000       0.000       0.000       0.000
       0.000       0.000       0.000       0.000       0.000       0.000       0.000       0.000       0.000       0.000
       0.000       0.000       0.000       0.000       0.000       0.000       0.000       0.000       0.000       0.000
       0.000       0.000       0.000       0.000       0.000       0.000       0.000       0.000       0.000       0.000
       0.000       0.000       0.000       0.000       0.000       0.000       0.000       0.000       0.000       0.000
       0.000       0.000       0.000       0.000       0.000       0.000       0.000       0.000       0.000       0.000
       0.000       0.000       0.000       0.000       0.000       0.000       0.000       0.000       0.000       0.000
       0.000       0.000       0.000       0.000       0.000       0.000       0.000       0.000       0.000       0.000
       0.000       0.000       0.000       0.000       0.000       0.000       0.000       0.000       0.000       0.000
       0.000       0.000       0.000       0.000       0.000       0.000       0.000       0.000       0.000       0.000
       0.000       0.000       0.000       0.000       0.000       0.000       0.000       0.000       0.000       0.000
       0.000       0.000       0.000       0.000       0.000       0.000       0.000       0.000       0.000       0.000
       0.000       0.000       0.000       0.000       0.000       0.000       0.000       0.000       0.000       0.000
       0.000       0.000       0.000       0.000       0.000       0.000       0.000       0.000       0.000       0.000
       0.000       0.000       0.000       0.000       0.000       0.000       0.000       0.000       0.000       0.000
       0.000       0.000       0.000       0.000       0.000       0.000       0.000       0.000       0.000       0.000
       0.000       0.000       0.000       0.000       0.000       0.000       0.000       0.000       0.000       0.000
       0.000       0.000       0.000       0.000       0.000       0.000       0.000       0.000       0.000       0.000
       0.000       0.000       0.000       0.000       0.000       0.000       0.000       0.000       0.000       0.000
       0.000       0.000       0.000       0.000       0.000       0.000       0.000       0.000       0.000       0.000
       0.000       0.000       0.000       0.000       0.000       0.000       0.000       0.000       0.000       0.000
       0.000       0.000       0.000       0.000       0.000       0.000       0.000       0.000       0.000       0.000
       0.000       0.000       0.000       0.000       0.000       0.000       0.000       0.000       0.000       0.000
       0.000       0.000       0.000       0.000       0.000       0.000       0.000       0.000       0.000       0.000
       0.000       0.000       0.000       0.000       0.000       0.000       0.000       0.000       0.000       0.000
       0.000       0.000       0.000       0.000       0.000       0.000       0.000       0.000       0.000       0.000
       0.000       0.000       0.000       0.000       0.000       0.000       0.000       0.000       0.000       0.000
       0.000       0.000       0.000       0.000       0.000       0.000       0.000       0.000       0.000       0.000
       0.000       0.000       0.000       0.000       0.000       0.000       0.000       0.000       0.000       0.000
       0.000       0.000       0.000       0.000       0.000       0.000       0.000       0.000       0.000       0.000
       0.000       0.000       0.000       0.000       0.000       0.000       0.000       0.000       0.000       0.000
       0.000       0.000       0.000       0.000       0.000       0.000       0.000       0.000       0.000       0.000
       0.000       0.000       0.000       0.000       0.000       0.000       0.000       0.000       0.000       0.000
       0.000       0.000       0.000       0.000       0.000       0.000       0.000       0.000       0.000       0.000
       0.000       0.000       0.000       0.000       0.000       0.000       0.000       0.000       0.000       0.000
       0.000       0.000       0.000       0.000       0.000       0.000       0.000       0.000       0.000       0.000
       0.000       0.000       0.000       0.000       0.000       0.000       0.000       0.000       0.000       0.000
       0.000       0.000       0.000       0.000       0.000       0.000       0.000       0.000       0.000       0.000
       0.000       0.000       0.000       0.000       0.000       0.000       0.000       0.000       0.000       0.000
       0.000       0.000       0.000       0.000       0.000       0.000       0.000       0.000       0.000       0.000
       0.000       0.000       0.000       0.000       0.000       0.000       0.000       0.000       0.000       0.000
       0.000       0.000       0.000       0.000       0.000       0.000       0.000       0.000       0.000       0.000
       0.000       0.000       0.000       0.000       0.000       0.000       0.000       0.000       0.000       0.000
       0.000       0.000       0.000       0.000       0.000       0.000       0.000       0.000       0.000       0.000
       0.000       0.000       0.000       0.000       0.000       0.000       0.000       0.000       0.000       0.000
       0.000       0.000       0.000       0.000       0.000       0.000       0.000       0.000       0.000       0.000
       0.000       0.000       0.000       0.000       0.000       0.000       0.000       0.000       0.000       0.000
       0.000       0.000       0.000       0.000       0.000       0.000       0.000       0.000       0.000       0.000
       0.000       0.000       0.000       0.000       0.000       0.000       0.000       0.000       0.000       0.000
       0.000       0.000       0.000       0.000       0.000       0.000       0.000       0.000       0.000       0.000
       0.000       0.000       0.000       0.000       0.000       0.000       0.000       0.000       0.000       0.000
       0.000       0.000       0.000       0.000       0.000       0.000       0.000       0.000       0.000       0.000
       0.000       0.000       0.000       0.000       0.000       0.000       0.000       0.000       0.000       0.000
       0.000       0.000       0.000       0.000       0.000       0.000       0.000       0.000       0.000       0.000
       0.000       0.000       0.000       0.000       0.000       0.000       0.000       0.000       0.000       0.000
       0.000       0.000       0.000       0.000       0.000       0.000       0.000       0.000       0.000       0.000
       0.000       0.000       0.000       0.000       0.000       0.000       0.000       0.000       0.000       0.000
       0.000       0.000       0.000       0.000       0.000       0.000       0.000       0.000       0.000       0.000
       0.000       0.000       0.000       0.000       0.000       0.000       0.000       0.000       0.000       0.000
       0.000       0.000       0.000       0.000       0.000       0.000       0.000       0.000       0.000       0.000
       0.000       0.000       0.000       0.000       0.000       0.000       0.000       0.000       0.000       0.000
       0.000       0.000       0.000       0.000       0.000       0.000       0.000       0.000       0.000       0.000
       0.000       0.000       0.000       0.000       0.000       0.000       0.000       0.000       0.000       0.000
       0.000       0.000       0.000       0.000       0.000       0.000       0.000       0.000       0.000       0.000
       0.000       0.000       0.000       0.000       0.000       0.000       0.000       0.000       0.000       0.000
       0.000       0.000       0.000       0.000       0.000       0.000       0.000       0.000       0.000       0.000
       0.000       0.000       0.000       0.000       0.000       0.000       0.000       0.000       0.000       0.000
       0.000       0.000       0.000       0.000       0.000       0.000       0.000       0.000       0.000       0.000
       0.000       0.000       0.000       0.000       0.000       0.000       0.000       0.000       0.000       0.000
       0.000       0.000       0.000       0.000       0.000       0.000       0.000       0.000       0.000       0.000
       0.000       0.000       0.000       0.000       0.000       0.000       0.000       0.000       0.000       0.000
       0.000       0.000       0.000       0.000       0.000       0.000       0.000       0.000       0.000       0.000
       0.000       0.000       0.000       0.000       0.000       0.000       0.000       0.000       0.000       0.000
       0.000       0.000       0.000       0.000       0.000       0.000       0.000       0.000       0.000       0.000
       0.000       0.000       0.000       0.000       0.000       0.000       0.000       0.000       0.000       0.000
       0.000       0.000       0.000       0.000       0.000       0.000       0.000       0.000       0.000       0.000
       0.000       0.000       0.000       0.000       0.000       0.000       0.000       0.000       0.000       0.000
       0.000       0.000       0.000       0.000       0.000       0.000       0.000       0.000       0.000       0.000
       0.000       0.000       0.000       0.000       0.000       0.000       0.000       0.000       0.000       0.000
       0.000       0.000       0.000       0.000       0.000       0.000       0.000       0.000       0.000       0.000
       0.000       0.000       0.000       0.000       0.000       0.000       0.000       0.000       0.000       0.000
       0.000       0.000       0.000       0.000       0.000       0.000       0.000       0.000       0.000       0.000
       0.000       0.000       0.000       0.000       0.000       0.000       0.000       0.000       0.000       0.000
       0.000       0.000       0.000       0.000       0.000       0.000       0.000       0.000       0.000       0.000
       0.000       0.000       0.000       0.000       0.000       0.000       0.000       0.000       0.000       0.000
       0.000       0.000       0.000       0.000       0.000       0.000       0.000       0.000       0.000       0.000
       0.000       0.000       0.000       0.000       0.000       0.000       0.000       0.000       0.000       0.000
       0.000       0.000       0.000       0.000       0.000       0.000       0.000       0.000       0.000       0.000
       0.000       0.000       0.000       0.000       0.000       0.000       0.000       0.000       0.000       0.000
       0.000       0.000       0.000       0.000       0.000       0.000       0.000       0.000       0.000       0.000
       0.000       0.000       0.000       0.000       0.000       0.000       0.000       0.000       0.000       0.000
       0.000       0.000       0.000       0.000       0.000       0.000       0.000       0.000       0.000       0.000
       0.000       0.000       0.000       0.000       0.000       0.000       0.000       0.000       0.000       0.000
       0.000       0.000       0.000       0.000       0.000       0.000       0.000       0.000       0.000       0.000
       0.000       0.000       0.000       0.000       0.000       0.000       0.000       0.000       0.000       0.000
       0.000       0.000       0.000       0.000       0.000       0.000       0.000       0.000       0.000       0.000
       0.000       0.000       0.000       0.000       0.000       0.000       0.000       0.000       0.000       0.000
       0.000       0.000       0.000       0.000       0.000       0.000       0.000       0.000       0.000       0.000
       0.000       0.000       0.000       0.000       0.000       0.000