        2048     0.02000
       0.267       0.267       0.267       0.210       0.267       0.267       0.458       0.271       0.271       0.650
       0.277       0.276       1.019       0.288       0.288       1.628       0.308       0.305       2.297       0.342
       0.339       3.030       0.459       0.421       3.876       2.195       0.757       1.652      -1.584      -1.007
      -1.587      -2.924      -1.718      -2.977      -5.529      -2.379      -3.928      -8.312      -6.976      -8.042
      -5.926       0.887      -6.736      -6.942      -6.423      -5.867       5.323       5.251       8.877      13.754
      11.066      14.205      17.211       3.593      -2.502     -13.852     -15.885      -8.479     -13.318     -16.512
     -19.626     -23.050     -20.669     -13.763     -13.670     -10.041      -4.620      12.229      26.187      24.790
      14.336       1.185      -9.372      -4.334      12.412      22.249      26.081      26.367      16.245       8.699
       5.955       1.247      10.381      16.562      20.032      23.094      20.536      23.947      16.268     -12.090
     -33.577     -38.939     -18.845      18.208      38.629      42.857      29.969       6.896      -8.394      -9.199
      -3.700       2.136      -1.583      -7.584       8.057      36.001      54.315      71.909      73.356      51.790
      46.473      28.245       6.872     -11.049     -38.100     -44.308     -29.888     -24.452      -5.753       5.798
      29.667      67.042      71.129      61.469      29.006      -7.752      14.597      52.008      77.765      97.728
      72.803      40.831      23.995      23.652      55.174     101.019      97.552      73.105      51.282      51.975
      76.530      81.925      57.399      22.127      -9.597      19.099      89.522     135.673     118.366      38.622
     -42.057     -58.511     -49.583     -45.274      -8.926      14.905      45.221      79.140      51.688      24.668
      -0.455     -63.652     -74.272     -48.091      11.062     101.915     136.540     114.242      62.400      41.388
      38.562      43.344      75.519      95.025      91.019      78.318      44.158      30.479      24.540       1.491
      25.846      75.305     125.324     130.293      94.260      22.195     -44.413     -55.533     -36.281     -43.942
     -55.627    -105.140    -137.136    -106.475     -98.260    -107.998    -128.550    -139.610     -96.740       0.376
      89.043     107.591      97.699      87.884      51.962      21.858     -22.821      -5.532      26.019     -39.967
     -92.917    -122.101    -107.122     -42.971     -33.071     -31.372     -67.593     -89.691     -21.961      22.135
      41.732      66.239      41.418      45.995      53.184      13.070       0.542      31.531      62.435     104.747
     164.300     162.927     127.460      62.052     -20.256     -39.882     -75.496    -121.877     -89.802     -72.600
     -28.957      15.893      30.131      54.130      21.190      27.552      63.537      46.427       2.867     -60.406
    -131.025    -145.368    -123.013     -50.538      26.492      65.348      66.546      84.112      92.695      40.022
      -8.891     -38.810     -35.113      25.155      44.248      74.417     121.863     131.974     135.813      78.775
      11.972     -36.371     -60.605      -7.715      20.064      -1.100     -13.094     -52.676     -69.350     -76.352
     -71.828     -27.193      -4.333      36.704      72.749      81.564      84.107      87.677     111.714      82.086
      -9.472     -70.916    -155.641    -164.610    -104.171     -50.395      14.588      17.766      -4.606     -11.374
     -17.477      -3.388     -42.182     -71.958     -62.802     -78.222     -33.925       5.644      16.995     -16.964
    -105.175    -141.205    -120.524     -36.523      54.480      73.103      89.583      73.358      84.727     143.240
     118.355     115.223      51.867     -48.090     -49.419     -34.189     -19.510     -27.852    -101.531    -122.571
     -96.229     -15.095      45.724      51.855      64.368      53.954      72.251      68.435       4.573     -29.141
     -57.295     -40.633       2.428     -18.544      -4.175       8.261      54.318      98.981      99.194     107.995
      64.434       9.263       9.580     -30.081     -28.627     -34.608     -46.698      -7.185     -26.908     -32.868
     -24.252     -29.710     -36.025     -73.877     -90.571     -63.847      -0.753      59.466      62.174      27.284
     -61.263    -131.050    -142.161    -137.784     -62.191     -23.247      -4.202      27.441     -13.145     -18.763
      18.504      27.590      48.774      37.458      23.245      25.400      10.690      31.657      51.332      41.550
      61.702      99.240     114.045      95.161      60.187       7.490     -54.005     -84.406     -44.823      31.864
      36.813      24.602      12.262     -17.799      -3.027      19.498     -15.257     -23.308     -49.895     -87.687
     -48.742     -14.291      17.166      -1.447     -40.777       3.354      76.420      95.751      82.384      58.562
      87.379     136.113     180.274     132.227      30.960     -40.289     -51.786     -24.065     -19.047     -35.571
     -63.256     -76.441     -45.243     -22.812     -39.001     -58.667     -75.136     -61.473     -62.169     -62.683
      -2.460      45.685      59.369      81.862      79.919      56.998      42.611      46.148      55.316      46.994
      29.505      -1.765     -25.654     -37.730     -44.366      -6.586      52.296      84.662     100.331      61.011
      33.079      14.687     -19.036      31.421     124.720     176.104     193.267     140.538     106.759      40.588
     -23.310     -34.101     -89.629    -144.775    -139.260    -104.513     -56.107      -9.168      19.304      21.487
      22.650       5.248     -21.765      -1.415     -11.645     -25.021      -4.244      -9.599      28.328      35.415
     -16.695     -40.169     -75.422     -41.347      59.685      98.464      92.698      37.751     -17.968      -4.152
      18.051      41.116      40.199      -0.373     -43.859     -81.322     -81.785     -83.887     -95.390     -93.506
     -71.843      -0.674      42.688      61.982      50.978      32.665      46.042      50.454      38.650      29.243
     -12.264      -7.095      -1.943     -33.388     -70.525    -114.401    -105.980     -69.023     -49.914     -22.662
       5.045      13.993      14.333      11.058      15.706      20.821      51.124      83.895     110.119     103.210
      49.676       8.662       4.235      15.048      35.670      29.292      16.956      40.558      65.158      69.701
      53.816      27.176      22.522      59.201      86.704      76.377      25.195     -27.678     -58.115     -50.997
     -15.839      -0.084     -30.320     -71.607     -88.020     -73.274     -37.456     -24.625     -36.186     -50.048
     -60.813     -56.626     -49.229     -60.640     -49.097     -32.138     -30.541     -14.170       6.115      16.131
      36.408      56.228      69.856      76.803      56.050      36.871      19.155       2.582       6.251       3.417
     -11.445     -15.117      -9.831       3.391      -4.294     -23.029     -29.200     -29.050     -20.023     -20.868
     -27.602     -20.541     -11.956      -3.226      -6.786     -28.951     -52.271     -61.434     -53.963     -45.415
     -24.878       2.324      34.866      60.197      43.016      13.905     -10.004     -25.761     -13.033      -5.759
      -2.141       2.515       2.361      17.976      32.629      41.869      43.577      32.733      15.243      -3.558
      -4.733      -0.029      -8.004      -3.014       4.288       4.298       9.986       5.740       7.226      11.922
      17.981      36.157      41.833      30.968      25.380      27.026      44.525      60.756      60.087      41.560
      10.840     -24.532     -42.998     -38.990     -26.924     -10.312     -13.673     -27.741     -10.460      -0.027
       0.450      -2.087     -24.058     -22.291       2.505      23.078      39.444      19.854     -10.381     -12.482
     -14.716      -4.993      12.514      10.148      16.657      33.918      47.443      75.351      82.616      71.622
      67.600      37.357       7.414      -5.857     -19.740     -16.435     -20.822     -41.588     -43.929     -39.170
     -29.540     -13.992     -16.054     -26.690     -32.958     -44.648     -42.056     -28.600     -31.455     -27.971
     -26.673     -36.986     -24.529      -2.094      22.381      43.607      38.353      27.176      20.190      12.662
      13.827      17.151      18.982      26.007      36.724      44.242      41.997      36.650      25.564      18.046
      12.797       5.218      -0.086     -10.070     -25.284     -33.345     -41.810     -43.272     -38.640     -40.096
     -31.106     -20.748     -14.971     -10.571     -21.174     -35.819     -35.073     -27.795     -22.591     -24.527
     -40.506     -46.095     -34.440     -34.723     -36.994     -38.787     -48.656     -35.871     -22.566     -20.732
      -7.020      -6.714     -14.701     -18.417     -32.089     -34.421     -30.246     -34.453     -30.432     -25.117
     -22.629     -20.130     -23.693     -25.903     -21.134     -24.517     -29.209     -24.921     -22.396     -17.180
     -15.164     -21.812     -19.518     -22.941     -30.797     -27.969     -29.645     -29.635     -22.116     -20.538
     -18.299     -10.960      -7.758       0.424       6.026       4.352       6.528       7.852       7.674      15.182
      23.309      36.227      50.725      55.992      58.998      62.200      57.242      51.271      44.115      32.503
      29.221      27.665      19.318      14.241       4.866      -2.318       2.913       1.276      -3.823      -3.501
      -9.999      -9.324      -4.497      -6.155      -8.433     -19.386     -33.207     -34.396     -36.768     -39.681
     -38.224     -32.102     -19.941     -10.803      -5.843       1.751       3.011      -3.060      -8.590     -12.647
     -13.795     -16.053     -23.326     -23.434     -17.486     -13.200      -3.710       4.011       3.211       2.704
      -2.959     -11.246     -14.455     -20.811     -25.863     -29.676     -31.178     -25.488     -20.788     -16.381
     -15.290     -15.363     -11.687     -12.672     -17.015     -18.911     -18.724     -13.761      -7.795      -2.556
       2.494       1.729      -2.862      -3.076       1.011       5.829       8.757       9.230       8.612       6.399
       4.933       4.429       1.245      -2.539      -2.479      -0.981      -1.244      -4.514      -6.881      -5.485
      -4.021      -3.938      -4.159      -2.664       0.432       0.645      -0.463      -0.777      -2.529      -4.364
      -6.242      -8.208      -8.893      -8.926      -7.969      -5.996      -5.251      -5.321      -4.385      -3.179
      -1.967      -1.439      -2.585      -3.132      -3.245      -2.413      -0.580      -1.378      -1.292       0.261
       0.152       0.942       1.138       0.685       1.314       0.518       0.434       1.567       1.325       0.569
      -0.565      -1.528      -1.216      -1.032      -1.307      -1.353      -1.572      -1.678      -1.410      -1.180
      -0.804      -0.390       0.000       0.000       0.000       0.000       0.000       0.000       0.000       0.000
       0.000       0.000       0.000       0.000       0.000       0.000       0.000       0.000       0.000       0.000
       0.000       0.000       0.000       0.000       0.000       0.000       0.000       0.000       0.000       0.000
       0.000       0.000       0.000       0.000       0.000       0.000       0.000       0.000       0.000       0.000
       0.000       0.000       0.000       0.000       0.000       0.000       0.000       0.000       0.000       0.000
       0.000       0.000       0.000       0.000       0.000       0.000       0.000       0.000       0.000       0.000
       0.000       0.000       0.000       0.000       0.000       0.000       0.000       0.000       0.000       0.000
       0.000       0.000       0.000       0.000       0.000       0.000       0.000       0.000       0.000       0.000
       0.000       0.000       0.000       0.000       0.000       0.000       0.000       0.000       0.000       0.000
       0.000       0.000       0.000       0.000       0.000       0.000       0.000       0.000       0.000       0.000
       0.000       0.000       0.000       0.000       0.000       0.000       0.000       0.000       0.000       0.000
       0.000       0.000       0.000       0.000       0.000       0.000       0.000       0.000       0.000       0.000
       0.000       0.000       0.000       0.000       0.000       0.000       0.000       0.000       0.000       0.000
       0.000       0.000       0.000       0.000       0.000       0.000       0.000       0.000       0.000       0.000
       0.000       0.000       0.000       0.000       0.000       0.000       0.000       0.000       0.000       0.000
       0.000       0.000       0.000       0.000       0.000       0.000       0.000       0.000       0.000       0.000
       0.000       0.000       0.000       0.000       0.000       0.000       0.000       0.000       0.000       0.000
       0.000       0.000       0.000       0.000       0.000       0.000       0.000       0.000       0.000       0.000
       0.000       0.000       0.000       0.000       0.000       0.000       0.000       0.000       0.000       0.000
       0.000       0.000       0.000       0.000       0.000       0.000       0.000       0.000       0.000       0.000
       0.000       0.000       0.000       0.000       0.000       0.000       0.000       0.000       0.000       0.000
       0.000       0.000       0.000       0.000       0.000       0.000       0.000       0.000       0.000       0.000
       0.000       0.000       0.000       0.000       0.000       0.000       0.000       0.000       0.000       0.000
       0.000       0.000       0.000       0.000       0.000       0.000       0.000       0.000       0.000       0.000
       0.000       0.000       0.000       0.000       0.000       0.000       0.000       0.000       0.000       0.000
       0.000       0.000       0.000       0.000       0.000       0.000       0.000       0.000       0.000       0.000
       0.000       0.000       0.000       0.000       0.000       0.000       0.000       0.000       0.000       0.000
       0.000       0.000       0.000       0.000       0.000       0.000       0.000       0.000       0.000       0.000
       0.000       0.000       0.000       0.000       0.000       0.000       0.000       0.000       0.000       0.000
       0.000       0.000       0.000       0.000       0.000       0.000       0.000       0.000       0.000       0.000
       0.000       0.000       0.000       0.000       0.000       0.000       0.000       0.000       0.000       0.000
       0.000       0.000       0.000       0.000       0.000       0.000       0.000       0.000       0.000       0.000
       0.000       0.000       0.000       0.000       0.000       0.000       0.000       0.000       0.000       0.000
       0.000       0.000       0.000       0.000       0.000       0.000       0.000       0.000       0.000       0.000
       0.000       0.000       0.000       0.000       0.000       0.000       0.000       0.000       0.000       0.000
       0.000       0.000       0.000       0.000       0.000       0.000       0.000       0.000       0.000       0.000
       0.000       0.000       0.000       0.000       0.000       0.000       0.000       0.000       0.000       0.000
       0.000       0.000       0.000       0.000       0.000       0.000       0.000       0.000       0.000       0.000
       0.000       0.000       0.000       0.000       0.000       0.000       0.000       0.000       0.000       0.000
       0.000       0.000       0.000       0.000       0.000       0.000       0.000       0.000       0.000       0.000
       0.000       0.000       0.000       0.000       0.000       0.000       0.000       0.000       0.000       0.000
       0.000       0.000       0.000       0.000       0.000       0.000       0.000       0.000       0.000       0.000
       0.000       0.000       0.000       0.000       0.000       0.000       0.000       0.000       0.000       0.000
       0.000       0.000       0.000       0.000       0.000       0.000       0.000       0.000       0.000       0.000
       0.000       0.000       0.000       0.000       0.000       0.000       0.000       0.000       0.000       0.000
       0.000       0.000       0.000       0.000       0.000       0.000       0.000       0.000       0.000       0.000
       0.000       0.000       0.000       0.000       0.000       0.000       0.000       0.000       0.000       0.000
       0.000       0.000       0.000       0.000       0.000       0.000       0.000       0.000       0.000       0.000
       0.000       0.000       0.000       0.000       0.000       0.000       0.000       0.000       0.000       0.000
       0.000       0.000       0.000       0.000       0.000       0.000       0.000       0.000       0.000       0.000
       0.000       0.000       0.000       0.000       0.000       0.000       0.000       0.000       0.000       0.000
       0.000       0.000       0.000       0.000       0.000       0.000       0.000       0.000       0.000       0.000
       0.000       0.000       0.000       0.000       0.000       0.000       0.000       0.000       0.000       0.000
       0.000       0.000       0.000       0.000       0.000       0.000       0.000       0.000       0.000       0.000
       0.000       0.000       0.000       0.000       0.000       0.000       0.000       0.000       0.000       0.000
       0.000       0.000       0.000       0.000       0.000       0.000       0.000       0.000       0.000       0.000
       0.000       0.000       0.000       0.000       0.000       0.000       0.000       0.000       0.000       0.000
       0.000       0.000       0.000       0.000       0.000       0.000       0.000       0.000       0.000       0.000
       0.000       0.000       0.000       0.000       0.000       0.000       0.000       0.000       0.000       0.000
       0.000       0.000       0.000       0.000       0.000       0.000       0.000       0.000       0.000       0.000
       0.000       0.000       0.000       0.000       0.000       0.000       0.000       0.000       0.000       0.000
       0.000       0.000       0.000       0.000       0.000       0.000       0.000       0.000       0.000       0.000
       0.000       0.000       0.000       0.000       0.000       0.000       0.000       0.000       0.000       0.000
       0.000       0.000       0.000       0.000       0.000       0.000       0.000       0.000       0.000       0.000
       0.000       0.000       0.000       0.000       0.000       0.000       0.000       0.000       0.000       0.000
       0.000       0.000       0.000       0.000       0.000       0.000       0.000       0.000       0.000       0.000
       0.000       0.000       0.000       0.000       0.000       0.000       0.000       0.000       0.000       0.000
       0.000       0.000       0.000       0.000       0.000       0.000       0.000       0.000       0.000       0.000
       0.000       0.000       0.000       0.000       0.000       0.000       0.000       0.000       0.000       0.000
       0.000       0.000       0.000       0.000       0.000       0.000       0.000       0.000       0.000       0.000
       0.000       0.000       0.000       0.000       0.000       0.000       0.000       0.000       0.000       0.000
       0.000       0.000       0.000       0.000       0.000       0.000       0.000       0.000       0.000       0.000
       0.000       0.000       0.000       0.000       0.000       0.000       0.000       0.000       0.000       0.000
       0.000       0.000       0.000       0.000       0.000       0.000       0.000       0.000       0.000       0.000
       0.000       0.000       0.000       0.000       0.000       0.000       0.000       0.000       0.000       0.000
       0.000       0.000       0.000       0.000       0.000       0.000       0.000       0.000       0.000       0.000
       0.000       0.000       0.000       0.000       0.000       0.000       0.000       0.000       0.000       0.000
       0.000       0.000       0.000       0.000       0.000       0.000       0.000       0.000       0.000       0.000
       0.000       0.000       0.000       0.000       0.000       0.000       0.000       0.000       0.000       0.000
       0.000       0.000       0.000       0.000       0.000       0.000       0.000       0.000       0.000       0.000
       0.000       0.000       0.000       0.000       0.000       0.000       0.000       0.000       0.000       0.000
       0.000       0.000       0.000       0.000       0.000       0.000       0.000       0.000       0.000       0.000
       0.000       0.000       0.000       0.000       0.000       0.000       0.000       0.000       0.000       0.000
       0.000       0.000       0.000       0.000       0.000       0.000       0.000       0.000       0.000       0.000
       0.000       0.000       0.000       0.000       0.000       0.000       0.000       0.000       0.000       0.000
       0.000       0.000       0.000       0.000       0.000       0.000       0.000       0.000       0.000       0.000
       0.000       0.000       0.000       0.000       0.000       0.000       0.000       0.000       0.000       0.000
       0.000       0.000       0.000       0.000       0.000       0.000       0.000       0.000       0.000       0.000
       0.000       0.000       0.000       0.000       0.000       0.000       0.000       0.000       0.000       0.000
       0.000       0.000       0.000       0.000       0.000       0.000       0.000       0.000       0.000       0.000
       0.000       0.000       0.000       0.000       0.000       0.000       0.000       0.000       0.000       0.000
       0.000       0.000       0.000       0.000       0.000       0.000       0.000       0.000       0.000       0.000
       0.000       0.000       0.000       0.000       0.000       0.000       0.000       0.000       0.000       0.000
       0.000       0.000       0.000       0.000       0.000       0.000       0.000       0.000       0.000       0.000
       0.000       0.000       0.000       0.000       0.000       0.000       0.000       0.000       0.000       0.000
       0.000       0.000       0.000       0.000       0.000       0.000       0.000       0.000       0.000       0.000
       0.000       0.000       0.000       0.000       0.000       0.000       0.000       0.000       0.000       0.000
       0.000       0.000       0.000       0.000       0.000       0.000       0.000       0.000       0.000       0.000
       0.000       0.000       0.000       0.000       0.000       0.000       0.000       0.000       0.000       0.000
       0.000       0.000       0.000       0.000       0.000       0.000       0.000       0.000       0.000       0.000
       0.000       0.000       0.000       0.000       0.000       0.000       0.000       0.000       0.000       0.000
       0.000       0.000       0.000       0.000       0.000       0.000       0.000       0.000       0.000       0.000
       0.000       0.000       0.000       0.000       0.000       0.000       0.000       0.000       0.000       0.000
       0.000       0.000       0.000       0.000       0.000       0.000       0.000       0.000       0.000       0.000
       0.000       0.000       0.000       0.000       0.000       0.000       0.000       0.000       0.000       0.000
       0.000       0.000       0.000       0.000       0.000       0.000       0.000       0.000       0.000       0.000
       0.000       0.000       0.000       0.000       0.000       0.000       0.000       0.000       0.000       0.000
       0.000       0.000       0.000       0.000       0.000       0.000       0.000       0.000       0.000       0.000
       0.000       0.000       0.000       0.000       0.000       0.000       0.000       0.000       0.000       0.000
       0.000       0.000       0.000       0.000       0.000       0.000       0.000       0.000       0.000       0.000
       0.000       0.000       0.000       0.000       0.000       0.000       0.000       0.000       0.000       0.000
       0.000       0.000       0.000       0.000       0.000       0.000       0.000       0.000