        2048     0.02000
       0.089       0.089       0.089       0.033       0.087       0.088      -0.069       0.074       0.065      -0.371
       0.016      -0.001      -0.813      -0.078       0.195       1.499       0.291      -0.679      -1.941      -1.908
      -0.301       0.805       2.125       1.168       1.025       2.545       1.291       1.210       3.741       2.694
       2.811       6.111       4.039      -0.115      -3.514      -3.779      -5.463      -7.159      -8.119      -9.442
      -7.285      -0.305       4.267       7.522       6.956       7.165      11.403      13.931      12.436      10.615
       2.673      -1.097       2.457       6.843       6.980       3.143      -2.124      -5.153      -1.926       5.356
       7.975       0.723     -10.429     -13.503      -3.377      11.276      15.520       4.659      -9.627     -16.300
     -17.389     -15.315      -9.389       0.499      11.924      18.519      17.563      12.034       3.385      -9.099
     -23.168     -32.251     -27.868     -11.064       9.535      26.587      37.305      38.616      36.311      40.412
      48.545      51.979      44.027      23.741       3.051       1.567      11.090      14.467       3.089     -22.761
     -51.269     -63.832     -50.915     -15.642      21.553      40.458      46.140      50.977      62.678      70.810
      57.750      24.427     -16.044     -53.292     -69.857     -58.860     -38.352     -25.005     -22.155     -17.845
      -4.641      12.711      31.374      49.101      60.469      70.480      70.093      54.461      35.197      15.177
     -11.019     -42.995     -55.090     -37.315     -14.103      -7.928     -20.479     -41.111     -59.139     -70.481
     -85.821    -106.575    -116.286     -94.146     -42.838      12.299      48.781      42.522       1.868     -25.124
     -24.332     -19.719     -22.081     -30.506     -28.255     -12.908      -4.972      -5.522      -8.850      -4.493
       8.738       2.155     -16.172     -16.183      -1.643      11.954      23.043      38.671      65.023     108.335
     153.418     159.101     101.809      13.834     -60.569     -85.099     -54.095      -4.737      39.911      61.637
      57.044      26.237     -26.908     -55.741     -25.555      32.845      83.158     109.887     115.409     121.606
     122.112     100.993      73.584      54.505      45.744      27.062      -9.121     -33.475     -38.389     -20.967
      18.798      48.704      41.094       2.848     -28.796     -18.043      18.461      36.402      13.964     -27.253
     -39.701     -21.496     -11.818     -31.340     -65.528     -85.964     -85.589     -65.642     -27.858       4.380
      12.905      10.582       5.482      22.585      62.008      82.099      65.285      24.428     -22.850     -50.158
     -56.012     -56.654     -61.648     -73.725     -72.463     -43.430       2.413      52.754     101.284     147.640
     164.816     124.942      46.546     -17.118     -23.574       5.617      17.045      13.174      24.788      66.867
     121.388     131.664      80.977       0.266     -74.952    -114.672    -115.999     -84.279     -44.052     -42.932
     -76.184    -104.468    -124.109    -133.366    -134.668    -128.750     -95.996     -38.574      30.241      93.467
     121.473     117.181      93.130      61.682      57.083      57.504      20.588     -50.907    -110.431    -111.811
     -58.390      12.655      60.929      63.118      43.958      29.330      12.429      -4.799     -17.406     -21.636
      -6.556      16.918      19.483     -22.603     -80.815     -88.549     -47.494     -18.880     -15.858     -26.119
     -25.888       3.155      20.669      -5.925     -64.991    -115.247    -126.604    -120.289    -108.314     -85.761
     -68.455     -51.108     -21.113      -6.359     -26.528     -57.100     -54.847      -8.073      46.149      77.395
      67.394      22.015     -27.339     -65.032     -76.797     -51.828     -18.310     -25.710     -72.023     -89.034
     -35.189      41.983      69.355      22.784     -62.328    -109.042     -96.398     -63.360     -45.122     -44.847
     -39.338     -22.168      -6.634       2.908      -1.760     -17.272     -21.249      -9.612       9.333      22.852
      35.526      53.532      67.523      58.037       4.601     -71.940    -109.728     -83.281     -23.197      20.669
      24.363       9.702      -1.206      -2.184       7.584       5.463     -22.768     -60.812     -98.554    -119.621
    -108.625     -76.663     -38.630     -16.059     -19.503     -39.918     -61.424     -79.119     -98.844    -130.750
    -146.371    -112.823     -43.856      16.492      44.874      66.436     144.621     193.089     177.334     109.306
      47.918       8.820      11.828     -10.089     -74.305    -137.588    -146.043    -115.254     -84.607     -68.339
     -68.202     -52.552       7.798      82.961     124.471     105.184      49.314       2.002     -23.661     -24.941
     -11.435       1.857      12.339      13.068      -4.149     -14.543       3.453      43.707      78.507      91.478
      96.640      89.046      68.539      48.606      23.474       0.419      -5.024      -3.703       0.566       6.257
      17.938      34.026      37.130      34.196      19.555     -23.969     -55.634     -42.467     -30.429     -63.869
    -129.474    -159.718    -107.796     -17.032      38.787      24.202     -14.991      -5.514      46.986      94.761
     114.349      88.552      30.846     -23.075     -42.134     -31.487     -11.055      15.505      36.641      19.796
     -39.161    -102.866    -123.400     -72.237      14.421      78.009      93.429      81.511      66.678      41.852
      -3.376     -55.030     -96.880    -109.962     -79.187     -16.531      54.442     108.664     129.195     104.488
      48.757       6.029       1.769      27.288      51.123      38.128      -5.840     -36.095     -22.819      11.875
      20.611      -3.571     -32.518     -51.436     -67.575     -95.281    -131.273    -140.125    -112.266     -74.914
     -42.357     -19.416       1.549      25.069      40.291      49.579      58.537      61.052      58.361      50.339
      30.744      -3.677     -47.267     -72.542     -63.395     -28.775       6.238      22.515      18.438      -1.727
     -29.591     -45.747     -48.272     -48.378     -53.533     -68.348     -67.284     -32.053      14.609      42.142
      39.891      24.949      32.540      65.206     100.041     111.747      86.589      55.282      43.495      37.943
      15.563     -25.244     -56.003     -44.585      -2.221      35.438      40.772      33.827      62.353     119.738
     161.475     158.849     116.601      67.108      32.795       7.900     -22.005     -54.751     -71.807     -71.174
     -66.882     -57.767     -46.019     -41.607     -38.886     -24.887       6.352      46.558      80.848     104.430
     108.516      89.091      57.451      22.253      -5.124     -14.542     -15.063     -10.066      15.148      53.010
      75.283      62.428      29.765       1.749     -22.955     -55.078     -92.419    -121.468    -123.041     -87.339
     -33.540      11.630      35.900      43.985      43.408      41.188      36.158      20.067       5.583      11.864
      28.844      30.303       8.317     -19.201     -32.416     -32.650     -33.242     -36.128     -33.931     -20.061
       0.016       9.377       7.265       2.385      -1.579       2.070      12.518      16.270       1.675     -21.335
     -30.538     -18.823      -0.056       6.278      -5.316     -25.180     -40.410     -43.034     -31.138      -7.532
      18.453      34.100      39.739      44.289      49.505      44.353      22.069      -8.078     -30.607     -33.417
     -15.937       6.129      14.405       6.002      -8.032     -17.709     -20.560     -18.915     -15.096      -6.056
      10.619      26.622      30.575      20.547       4.318      -8.918     -17.845     -30.180     -42.960     -46.334
     -37.049     -21.893     -12.860     -12.322     -13.684     -17.545     -28.864     -45.094     -59.608     -63.730
     -51.293     -24.739       6.392      29.169      32.756      17.946      -1.472     -14.193     -19.699     -18.980
     -10.094       6.191      25.882      41.674      50.567      53.101      42.999      18.805      -8.162     -21.642
     -12.570       9.831      29.750      43.593      52.124      54.830      55.409      55.841      52.997      44.934
      35.769      31.403      28.284      19.368       4.274     -11.426     -20.087     -22.193     -23.679     -24.911
     -18.800      -1.821      19.368      38.189      54.017      63.079      60.970      49.685      35.427      24.364
      18.007      15.187      12.963       9.131       2.367      -9.895     -29.841     -49.921     -59.970     -57.736
     -42.149     -16.298       8.152      19.259      13.363      -1.519     -14.910     -23.425     -27.442     -28.093
     -24.120     -12.444       2.386      10.887      11.538      10.212      11.375      15.483      19.491      18.957
      12.761       6.540       4.858       5.136       2.543      -3.819      -9.495     -10.785     -11.119     -17.375
     -28.047     -33.881     -26.099      -9.872       3.417       9.402       5.915      -6.388     -22.508     -37.479
     -47.260     -48.112     -40.592     -25.295      -5.899      12.227      23.439      23.864      18.106      14.907
      17.089      21.974      25.723      25.354      21.182      14.087       5.748      -3.079     -11.655     -17.706
     -21.811     -24.199     -23.468     -20.071     -14.041      -3.831       9.575      21.795      26.615      23.344
      17.699      14.148      13.710      14.344      13.202      10.613       7.349       4.428       4.500       6.956
       9.097       9.863      11.337      14.084      13.221       3.724     -10.179     -19.823     -21.688     -16.700
      -8.605       0.191       8.451      13.308      13.463      11.285       9.578       8.994       9.170      10.805
      13.805      14.921      11.689       5.347       0.381      -1.098       0.661       3.262       4.053       1.964
      -0.591      -0.498       3.787      11.333      18.047      22.508      25.880      28.329      28.394      24.942
      19.330      14.844      13.166      13.156      12.462      10.055       7.639       6.783       7.151       7.196
       5.915       3.439       1.495       2.135       6.005      11.076      14.378      14.335      11.115       6.128
       0.669      -4.276      -7.592      -8.248      -6.853      -5.232      -4.453      -4.026      -3.674      -3.839
      -4.549      -5.612      -7.120      -9.136     -11.394     -13.061     -13.155     -11.843     -10.233      -9.107
      -8.228      -7.334      -6.635      -6.022      -5.228      -4.732      -5.196      -6.371      -7.579      -8.489
      -9.097      -9.374      -9.336      -8.909      -8.098      -7.137      -6.068      -4.680      -3.012      -1.553
      -0.707      -0.505      -0.737      -1.056      -1.036      -0.548       0.104       0.538       0.595       0.421
       0.320       0.479       0.883       1.442       1.993       2.272       2.096       1.558       0.934       0.444
       0.169       0.057       0.000       0.000       0.000       0.000       0.000       0.000       0.000       0.000
       0.000       0.000       0.000       0.000       0.000       0.000       0.000       0.000       0.000       0.000
       0.000       0.000       0.000       0.000       0.000       0.000       0.000       0.000       0.000       0.000
       0.000       0.000       0.000       0.000       0.000       0.000       0.000       0.000       0.000       0.000
       0.000       0.000       0.000       0.000       0.000       0.000       0.000       0.000       0.000       0.000
       0.000       0.000       0.000       0.000       0.000       0.000       0.000       0.000       0.000       0.000
       0.000       0.000       0.000       0.000       0.000       0.000       0.000       0.000       0.000       0.000
       0.000       0.000       0.000       0.000       0.000       0.000       0.000       0.000       0.000       0.000
       0.000       0.000       0.000       0.000       0.000       0.000       0.000       0.000       0.000       0.000
       0.000       0.000       0.000       0.000       0.000       0.000       0.000       0.000       0.000       0.000
       0.000       0.000       0.000       0.000       0.000       0.000       0.000       0.000       0.000       0.000
       0.000       0.000       0.000       0.000       0.000       0.000       0.000       0.000       0.000       0.000
       0.000       0.000       0.000       0.000       0.000       0.000       0.000       0.000       0.000       0.000
       0.000       0.000       0.000       0.000       0.000       0.000       0.000       0.000       0.000       0.000
       0.000       0.000       0.000       0.000       0.000       0.000       0.000       0.000       0.000       0.000
       0.000       0.000       0.000       0.000       0.000       0.000       0.000       0.000       0.000       0.000
       0.000       0.000       0.000       0.000       0.000       0.000       0.000       0.000       0.000       0.000
       0.000       0.000       0.000       0.000       0.000       0.000       0.000       0.000       0.000       0.000
       0.000       0.000       0.000       0.000       0.000       0.000       0.000       0.000       0.000       0.000
       0.000       0.000       0.000       0.000       0.000       0.000       0.000       0.000       0.000       0.000
       0.000       0.000       0.000       0.000       0.000       0.000       0.000       0.000       0.000       0.000
       0.000       0.000       0.000       0.000       0.000       0.000       0.000       0.000       0.000       0.000
       0.000       0.000       0.000       0.000       0.000       0.000       0.000       0.000       0.000       0.000
       0.000       0.000       0.000       0.000       0.000       0.000       0.000       0.000       0.000       0.000
       0.000       0.000       0.000       0.000       0.000       0.000       0.000       0.000       0.000       0.000
       0.000       0.000       0.000       0.000       0.000       0.000       0.000       0.000       0.000       0.000
       0.000       0.000       0.000       0.000       0.000       0.000       0.000       0.000       0.000       0.000
       0.000       0.000       0.000       0.000       0.000       0.000       0.000       0.000       0.000       0.000
       0.000       0.000       0.000       0.000       0.000       0.000       0.000       0.000       0.000       0.000
       0.000       0.000       0.000       0.000       0.000       0.000       0.000       0.000       0.000       0.000
       0.000       0.000       0.000       0.000       0.000       0.000       0.000       0.000       0.000       0.000
       0.000       0.000       0.000       0.000       0.000       0.000       0.000       0.000       0.000       0.000
       0.000       0.000       0.000       0.000       0.000       0.000       0.000       0.000       0.000       0.000
       0.000       0.000       0.000       0.000       0.000       0.000       0.000       0.000       0.000       0.000
       0.000       0.000       0.000       0.000       0.000       0.000       0.000       0.000       0.000       0.000
       0.000       0.000       0.000       0.000       0.000       0.000       0.000       0.000       0.000       0.000
       0.000       0.000       0.000       0.000       0.000       0.000       0.000       0.000       0.000       0.000
       0.000       0.000       0.000       0.000       0.000       0.000       0.000       0.000       0.000       0.000
       0.000       0.000       0.000       0.000       0.000       0.000       0.000       0.000       0.000       0.000
       0.000       0.000       0.000       0.000       0.000       0.000       0.000       0.000       0.000       0.000
       0.000       0.000       0.000       0.000       0.000       0.000       0.000       0.000       0.000       0.000
       0.000       0.000       0.000       0.000       0.000       0.000       0.000       0.000       0.000       0.000
       0.000       0.000       0.000       0.000       0.000       0.000       0.000       0.000       0.000       0.000
       0.000       0.000       0.000       0.000       0.000       0.000       0.000       0.000       0.000       0.000
       0.000       0.000       0.000       0.000       0.000       0.000       0.000       0.000       0.000       0.000
       0.000       0.000       0.000       0.000       0.000       0.000       0.000       0.000       0.000       0.000
       0.000       0.000       0.000       0.000       0.000       0.000       0.000       0.000       0.000       0.000
       0.000       0.000       0.000       0.000       0.000       0.000       0.000       0.000       0.000       0.000
       0.000       0.000       0.000       0.000       0.000       0.000       0.000       0.000       0.000       0.000
       0.000       0.000       0.000       0.000       0.000       0.000       0.000       0.000       0.000       0.000
       0.000       0.000       0.000       0.000       0.000       0.000       0.000       0.000       0.000       0.000
       0.000       0.000       0.000       0.000       0.000       0.000       0.000       0.000       0.000       0.000
       0.000       0.000       0.000       0.000       0.000       0.000       0.000       0.000       0.000       0.000
       0.000       0.000       0.000       0.000       0.000       0.000       0.000       0.000       0.000       0.000
       0.000       0.000       0.000       0.000       0.000       0.000       0.000       0.000       0.000       0.000
       0.000       0.000       0.000       0.000       0.000       0.000       0.000       0.000       0.000       0.000
       0.000       0.000       0.000       0.000       0.000       0.000       0.000       0.000       0.000       0.000
       0.000       0.000       0.000       0.000       0.000       0.000       0.000       0.000       0.000       0.000
       0.000       0.000       0.000       0.000       0.000       0.000       0.000       0.000       0.000       0.000
       0.000       0.000       0.000       0.000       0.000       0.000       0.000       0.000       0.000       0.000
       0.000       0.000       0.000       0.000       0.000       0.000       0.000       0.000       0.000       0.000
       0.000       0.000       0.000       0.000       0.000       0.000       0.000       0.000       0.000       0.000
       0.000       0.000       0.000       0.000       0.000       0.000       0.000       0.000       0.000       0.000
       0.000       0.000       0.000       0.000       0.000       0.000       0.000       0.000       0.000       0.000
       0.000       0.000       0.000       0.000       0.000       0.000       0.000       0.000       0.000       0.000
       0.000       0.000       0.000       0.000       0.000       0.000       0.000       0.000       0.000       0.000
       0.000       0.000       0.000       0.000       0.000       0.000       0.000       0.000       0.000       0.000
       0.000       0.000       0.000       0.000       0.000       0.000       0.000       0.000       0.000       0.000
       0.000       0.000       0.000       0.000       0.000       0.000       0.000       0.000       0.000       0.000
       0.000       0.000       0.000       0.000       0.000       0.000       0.000       0.000       0.000       0.000
       0.000       0.000       0.000       0.000       0.000       0.000       0.000       0.000       0.000       0.000
       0.000       0.000       0.000       0.000       0.000       0.000       0.000       0.000       0.000       0.000
       0.000       0.000       0.000       0.000       0.000       0.000       0.000       0.000       0.000       0.000
       0.000       0.000       0.000       0.000       0.000       0.000       0.000       0.000       0.000       0.000
       0.000       0.000       0.000       0.000       0.000       0.000       0.000       0.000       0.000       0.000
       0.000       0.000       0.000       0.000       0.000       0.000       0.000       0.000       0.000       0.000
       0.000       0.000       0.000       0.000       0.000       0.000       0.000       0.000       0.000       0.000
       0.000       0.000       0.000       0.000       0.000       0.000       0.000       0.000       0.000       0.000
       0.000       0.000       0.000       0.000       0.000       0.000       0.000       0.000       0.000       0.000
       0.000       0.000       0.000       0.000       0.000       0.000       0.000       0.000       0.000       0.000
       0.000       0.000       0.000       0.000       0.000       0.000       0.000       0.000       0.000       0.000
       0.000       0.000       0.000       0.000       0.000       0.000       0.000       0.000       0.000       0.000
       0.000       0.000       0.000       0.000       0.000       0.000       0.000       0.000       0.000       0.000
       0.000       0.000       0.000       0.000       0.000       0.000       0.000       0.000       0.000       0.000
       0.000       0.000       0.000       0.000       0.000       0.000       0.000       0.000       0.000       0.000
       0.000       0.000       0.000       0.000       0.000       0.000       0.000       0.000       0.000       0.000
       0.000       0.000       0.000       0.000       0.000       0.000       0.000       0.000       0.000       0.000
       0.000       0.000       0.000       0.000       0.000       0.000       0.000       0.000       0.000       0.000
       0.000       0.000       0.000       0.000       0.000       0.000       0.000       0.000       0.000       0.000
       0.000       0.000       0.000       0.000       0.000       0.000       0.000       0.000       0.000       0.000
       0.000       0.000       0.000       0.000       0.000       0.000       0.000       0.000       0.000       0.000
       0.000       0.000       0.000       0.000       0.000       0.000       0.000       0.000       0.000       0.000
       0.000       0.000       0.000       0.000       0.000       0.000       0.000       0.000       0.000       0.000
       0.000       0.000       0.000       0.000       0.000       0.000       0.000       0.000       0.000       0.000
       0.000       0.000       0.000       0.000       0.000       0.000       0.000       0.000       0.000       0.000
       0.000       0.000       0.000       0.000       0.000       0.000       0.000       0.000       0.000       0.000
       0.000       0.000       0.000       0.000       0.000       0.000       0.000       0.000       0.000       0.000
       0.000       0.000       0.000       0.000       0.000       0.000       0.000       0.000       0.000       0.000
       0.000       0.000       0.000       0.000       0.000       0.000       0.000       0.000       0.000       0.000
       0.000       0.000       0.000       0.000       0.000       0.000       0.000       0.000       0.000       0.000
       0.000       0.000       0.000       0.000       0.000       0.000       0.000       0.000       0.000       0.000
       0.000       0.000       0.000       0.000       0.000       0.000       0.000       0.000       0.000       0.000
       0.000       0.000       0.000       0.000       0.000       0.000       0.000       0.000       0.000       0.000
       0.000       0.000       0.000       0.000       0.000       0.000       0.000       0.000       0.000       0.000
       0.000       0.000       0.000       0.000       0.000       0.000       0.000       0.000       0.000       0.000
       0.000       0.000       0.000       0.000       0.000       0.000       0.000       0.000       0.000       0.000
       0.000       0.000       0.000       0.000       0.000       0.000       0.000       0.000       0.000       0.000
       0.000       0.000       0.000       0.000       0.000       0.000       0.000       0.000       0.000       0.000
       0.000       0.000       0.000       0.000       0.000       0.000       0.000       0.000       0.000       0.000
       0.000       0.000       0.000       0.000       0.000       0.000       0.000       0.000       0.000       0.000
       0.000       0.000       0.000       0.000       0.000       0.000       0.000       0.000       0.000       0.000
       0.000       0.000       0.000       0.000       0.000       0.000       0.000       0.000