        2048     0.02000
       0.043       0.043       0.043       0.032       0.043       0.043       0.084       0.044       0.044       0.138
       0.046       0.045       0.228       0.050       0.047       0.292       0.053       0.054       0.458       0.070
       0.058       0.608       0.089       0.051       0.781       0.115       0.106       0.977       0.156       0.133
       1.196       0.160       0.100       1.285       0.342       0.523       1.450       0.265       0.486       1.360
       0.361       0.586       2.296       0.522       0.830       2.637       0.543       0.882       2.533       0.912
       1.418       3.375       2.461       3.211       3.404       0.694       0.696      -2.442      -0.276       2.128
       1.841       4.365       3.023      -1.702      -1.850      -3.215      -5.537      -2.684      -2.245      -6.056
      -3.466      -2.988      -6.064      -5.615      -6.972      -4.389      -3.381      -7.134      -7.751      -3.285
      -0.311       4.688       7.858       3.783       4.085       5.679       4.909       7.771       6.630       5.051
       8.076       8.406       5.565       8.500       9.180       9.190      11.849      10.712       3.543       1.144
      -4.079      -6.361       0.885       3.823       1.787      -1.475      -3.312      -2.208      -2.692      -6.009
      -6.529      -3.174      -4.303      -7.617      -9.222      -8.628      -8.035     -11.692     -13.244      -7.595
      -7.033      -9.242      -7.690      -7.272      -4.530       3.238       4.533       1.560       3.661       5.674
       8.329       8.114       4.756       2.912       4.142       3.585       9.895      22.770      24.002      19.892
      13.870       4.743      -1.435      -6.891      -4.188      12.614      16.753      13.735      15.786      13.117
      15.125      15.537      13.888      16.326      11.390     -10.815     -25.247     -29.202     -31.376     -21.281
      -8.722      -4.704      -4.811      -6.039     -17.385     -22.346     -13.640      -8.071      -1.690       8.959
       9.467      10.287       8.417       2.104       0.374      -6.471     -15.377     -26.376     -27.184      -3.770
      19.015      32.536      42.477      37.009       9.282     -22.606     -42.184     -44.754     -28.498     -14.007
      -9.503      -4.603      -1.403      -4.576      -3.498       9.661      32.331      31.027       1.351     -21.162
     -22.361     -15.739       6.531      30.689      35.241      31.665      24.357       7.960     -10.975     -21.890
     -31.464     -33.652     -21.268     -11.438      -0.638      20.713      32.894      32.564      13.641     -18.198
     -32.892     -25.153     -22.334     -10.466       6.705      15.653      28.677      17.392      -9.189     -20.273
     -25.730     -28.292     -19.454       2.654      33.716      47.388      39.134      27.870      10.323     -27.354
     -56.036     -70.170     -60.518     -21.067       1.683      12.720      27.822      31.016      16.675      -7.303
     -14.748      -4.822      18.836      50.716      61.586      42.607       3.173     -25.590     -14.001      -0.397
      15.883      20.468       2.167     -15.349     -24.665     -44.683     -59.329     -39.921     -22.747       2.428
      23.840      25.062      18.265     -29.938     -72.844     -64.793     -44.724     -30.443     -15.524      -4.082
       9.238       6.058     -27.265     -63.135     -58.696     -52.058     -30.287      -2.266      -9.147     -13.329
     -19.227     -19.282     -29.359     -50.707     -37.885     -18.195     -29.109     -32.578      -6.121      31.535
      37.129      28.326      19.158       2.051     -12.546     -31.173     -36.507      -4.866      44.545      68.504
      67.877      52.150       7.547     -16.757     -28.461     -28.310     -35.609     -84.701    -109.226    -112.957
    -106.168     -66.211     -29.685     -36.688     -15.650      10.725      32.083      41.756      27.044      -8.271
     -17.444     -27.718     -18.807      13.905       9.875       3.342      -5.556     -37.282     -71.149     -90.031
     -87.893     -67.862     -44.783      -1.242      59.106      71.255      22.654     -11.951      -8.865       8.738
      34.505      42.145      52.709      62.696      31.192       2.734       5.112      -7.402     -22.514      -4.161
      -2.599      -2.163      11.578     -12.180     -21.215     -11.775     -16.441     -13.317     -28.364     -35.767
     -29.071     -29.194     -11.880      -5.308      -0.473       9.085       7.438      -5.305      11.806      40.964
      38.618      35.995       9.716     -32.234     -42.109     -45.479     -42.688     -22.243      -0.754      12.968
      40.429      50.697      44.725      19.982       3.711      20.100      25.570      17.384     -22.497     -42.709
     -32.482     -27.208     -40.050     -57.376     -47.964      -9.952      22.393      47.405      76.397      61.626
      48.253      43.296     -20.160     -66.005     -71.954     -68.080     -32.984      -0.793      35.337      65.811
      71.281      29.914     -22.090     -37.506     -32.526     -24.422      -4.424       1.992      -2.838      32.694
      65.460      75.617      66.799      63.535      46.740       2.769      -3.554      24.374      47.489      27.528
     -18.549     -24.730      18.146      33.413       1.642      -2.606      31.769      43.967      21.604     -16.072
     -23.507     -22.435     -28.284     -12.913      19.189      47.987      25.434     -11.510     -56.930     -53.554
      -8.748      -8.072     -24.636     -27.645     -20.456       9.588      15.802     -20.129     -53.276     -72.320
     -98.025     -69.569     -10.596      15.484      43.026      53.431      51.768      49.853      36.323      27.509
      21.805      -2.596     -42.403     -54.431     -14.406       5.109      -6.850       9.454      -2.600     -53.672
     -86.530     -47.085      21.854      55.105      52.128      24.815      25.818      33.447      26.293      18.983
      52.356      76.446      41.520       3.139     -32.751     -38.021      -7.862       4.220      25.799      45.641
      39.456       8.998     -41.470     -48.008     -28.624     -14.828       4.127      32.494      66.631      61.793
      53.486      51.944      43.402      35.244      15.762      -6.086      -9.389     -21.935     -42.625     -20.716
      12.533      -9.511     -32.120     -31.830       4.267      65.751      85.223      63.035      24.898     -18.939
     -44.596     -45.742     -18.552      -7.939     -18.148     -23.802     -42.088     -20.158      15.021      43.871
      46.246      34.834      57.540      55.501      21.283       1.079      19.292      47.272      35.690       5.207
      10.675      24.218       9.726      12.032      39.012      43.867      23.361     -11.302     -66.684     -77.343
     -46.408      -9.075      16.808      15.077     -25.396     -49.032     -33.230     -33.571     -39.400     -25.321
     -10.808      24.576      56.457      61.775      41.477      30.028      39.724      49.233      23.683       7.042
      34.176      62.585      87.502     104.916      88.836      34.222     -36.237     -73.403     -55.835     -19.706
     -16.774     -37.190     -16.996      29.248      53.361      51.527      23.800       8.588       2.269     -21.184
      -4.292     -13.179     -33.919     -35.635     -41.572     -21.873      -0.475       8.280       9.383      30.048
      44.188      52.287      35.829      -7.630     -26.503     -22.563     -18.769     -13.449     -15.155      -9.174
     -17.661     -40.542     -55.349      -8.702      36.546      46.090      53.731      72.210      74.539      63.149
      48.429      27.273       8.806      -5.286     -12.962     -12.486       2.590      21.011      46.670      69.613
      73.255      43.126      -0.404     -29.268     -60.976     -57.525     -11.830       4.261      -4.999      -9.355
     -17.439      -0.724      31.409      37.208      11.543       3.311      17.160      34.265      54.191      40.665
      21.619       9.005     -16.509     -41.945     -58.273     -50.489     -29.114     -32.285     -44.742     -18.721
      23.676      42.149      38.799      30.511      24.908      11.092       2.170      -1.511     -12.840     -26.411
     -34.859     -20.452       6.642      20.685      36.562      27.249       7.929      -0.262      -8.065     -10.169
     -25.529     -49.895     -39.908     -27.384     -24.975      -4.560      12.983       8.491     -17.909     -57.100
     -57.024     -39.059     -45.984     -36.597     -11.023      -9.929     -18.859     -16.434     -13.559       3.891
      28.176      36.385      44.660      63.097      64.287      58.773      42.830      15.415      -5.895     -11.812
       0.096      14.375      23.269      30.317      23.397       2.421      -8.807       6.491      12.080      -1.675
     -19.586     -23.649     -25.704     -32.108     -34.314     -17.404     -13.869     -16.627       6.463      44.916
      62.799      57.410      37.361       4.178     -17.764     -28.872     -22.725      -5.073     -14.602     -39.743
     -44.660     -30.824     -19.474     -19.022      -7.255       8.353       7.312       5.413      14.272      11.314
       5.663      23.224      29.598      15.976      15.676      26.485      29.181      17.978      14.011      11.893
      13.398      14.192       1.383      -2.909      -5.698     -19.717     -17.041      -1.290      -3.432      -9.248
      -1.151       7.905      -0.458      -9.200      -1.969      -5.511     -27.452     -38.585     -29.420     -17.607
      -8.210      -9.755     -11.947     -16.722     -33.200     -34.823     -15.205       6.580      12.860       5.761
      -8.658     -26.973     -25.518      -9.775      -3.104      -4.450      -5.799      -5.065       3.022      -3.249
      -9.932      -6.223      -6.306     -12.372     -16.789     -15.476     -22.950     -39.194     -48.860     -41.445
     -22.293      -3.681       9.482      21.888      28.203      29.750      20.893       6.593       3.700      -4.738
     -13.118      -5.460       2.160      18.432      45.899      53.846      40.848      26.479       9.706      -8.875
     -13.156       3.214      22.862      25.141      13.125       7.354       2.791       0.737       0.292      -1.696
      -2.068      -4.907     -10.069      -7.525      -0.393      -9.425     -27.324     -33.155     -41.094     -56.520
     -58.427     -57.273     -54.613     -40.532     -19.808      -2.418       9.588       9.186      -2.972     -12.317
     -10.435       5.217      18.975       8.286      -9.306     -22.889     -27.423     -21.239     -11.696      -4.696
      -0.796       5.556      12.490      18.229      27.341      33.047      29.428      11.892      -2.919      -4.381
      -2.270      -0.590       5.299       8.687       5.434      -3.838      -8.527       0.403      14.644      20.029
      17.595       7.415      -0.620       6.251       9.338       2.377      -0.105       3.782       9.454      12.878
       6.848      -1.942      -4.196      -7.638      -8.477       3.232      10.456       3.477      -6.347     -11.933
      -4.710       7.432      11.206       5.896      -4.997     -11.356      -8.961      -5.904      -4.459       1.215
       9.112       9.526       4.739       2.286       6.245      13.889      17.436      10.516      -1.708      -7.352
      -6.762      -4.658      -3.209      -0.823       1.126       0.108      -0.066       2.581       4.798       7.993
       7.671       0.154      -3.370       3.091       5.724      -0.272      -9.988     -12.394      -5.144      -0.601
       1.018       3.637      -2.089     -12.443     -18.406     -13.747      -4.329       4.121       7.929      11.962
      19.308      19.342      14.108       8.045      -3.558      -7.614      -3.020       1.328       8.783      11.058
      11.117      10.892       6.356       1.517       2.260       4.670       6.291       8.671       6.420       0.996
       1.308       4.831       8.012       6.846       5.162      10.692      15.090      12.914       9.721      10.596
       8.476       6.309       4.826       3.140       2.103      -2.762      -2.006       3.052       0.882       0.528
       3.606       4.950       4.847       6.244       4.204       4.584       9.174       6.040       2.973       3.232
      -1.545      -0.895       1.318       2.051       6.542       6.697       2.064      -3.082      -7.117      -7.358
      -4.914      -1.051       6.473      15.801      15.687       8.224       5.244       0.902      -4.343      -6.471
     -11.217      -7.998       0.084      -1.142      -2.088       0.130      -0.161      -0.973      -2.076      -2.240
       2.714       5.208       0.808      -0.400      -0.474      -3.610      -2.903      -0.128      -3.657      -4.858
      -3.153      -3.192      -2.901      -7.806     -12.779     -14.854     -21.534     -24.220     -20.745     -18.763
     -14.986     -10.105      -7.465      -7.297     -10.288     -13.482     -14.585     -15.459     -15.520     -15.441
     -17.859     -20.539     -19.001     -17.947     -20.299     -19.843     -15.812     -12.299     -13.692     -17.839
     -17.900     -12.044      -7.973      -8.286      -6.680      -6.422      -6.053      -2.378      -0.723       0.839
       3.321       1.102      -2.257      -3.423      -3.043       0.678       4.941       5.662       4.135       0.685
      -5.680      -7.116      -2.144       1.136       3.568       3.906       1.333       2.180       6.308       7.180
       6.260       6.380       6.541       8.167       8.303       7.639       9.416       8.706       6.455       6.871
       7.001       5.653       6.505       8.039       9.124      10.929      11.051       9.589       7.971       5.543
       4.977       5.923       5.863       6.429       6.195       3.699       1.652       1.066       1.782       4.039
       5.113       5.026       5.742       5.553       4.946       5.227       5.111       4.426       3.809       3.530
       3.579       3.507       3.234       2.868       2.294       1.445       0.953       1.298       1.532       1.572
       1.579       1.253       1.111       1.049       1.022       1.207       1.080       0.874       0.925       0.919
       0.920       0.924       0.663       0.428       0.448       0.463       0.450       0.407       0.253       0.098
       0.015       0.000       0.000       0.000       0.000       0.000       0.000       0.000       0.000       0.000
       0.000       0.000       0.000       0.000       0.000       0.000       0.000       0.000       0.000       0.000
       0.000       0.000       0.000       0.000       0.000       0.000       0.000       0.000       0.000       0.000
       0.000       0.000       0.000       0.000       0.000       0.000       0.000       0.000       0.000       0.000
       0.000       0.000       0.000       0.000       0.000       0.000       0.000       0.000       0.000       0.000
       0.000       0.000       0.000       0.000       0.000       0.000       0.000       0.000       0.000       0.000
       0.000       0.000       0.000       0.000       0.000       0.000       0.000       0.000       0.000       0.000
       0.000       0.000       0.000       0.000       0.000       0.000       0.000       0.000       0.000       0.000
       0.000       0.000       0.000       0.000       0.000       0.000       0.000       0.000       0.000       0.000
       0.000       0.000       0.000       0.000       0.000       0.000       0.000       0.000       0.000       0.000
       0.000       0.000       0.000       0.000       0.000       0.000       0.000       0.000       0.000       0.000
       0.000       0.000       0.000       0.000       0.000       0.000       0.000       0.000       0.000       0.000
       0.000       0.000       0.000       0.000       0.000       0.000       0.000       0.000       0.000       0.000
       0.000       0.000       0.000       0.000       0.000       0.000       0.000       0.000       0.000       0.000
       0.000       0.000       0.000       0.000       0.000       0.000       0.000       0.000       0.000       0.000
       0.000       0.000       0.000       0.000       0.000       0.000       0.000       0.000       0.000       0.000
       0.000       0.000       0.000       0.000       0.000       0.000       0.000       0.000       0.000       0.000
       0.000       0.000       0.000       0.000       0.000       0.000       0.000       0.000       0.000       0.000
       0.000       0.000       0.000       0.000       0.000       0.000       0.000       0.000       0.000       0.000
       0.000       0.000       0.000       0.000       0.000       0.000       0.000       0.000       0.000       0.000
       0.000       0.000       0.000       0.000       0.000       0.000       0.000       0.000       0.000       0.000
       0.000       0.000       0.000       0.000       0.000       0.000       0.000       0.000       0.000       0.000
       0.000       0.000       0.000       0.000       0.000       0.000       0.000       0.000       0.000       0.000
       0.000       0.000       0.000       0.000       0.000       0.000       0.000       0.000       0.000       0.000
       0.000       0.000       0.000       0.000       0.000       0.000       0.000       0.000       0.000       0.000
       0.000       0.000       0.000       0.000       0.000       0.000       0.000       0.000       0.000       0.000
       0.000       0.000       0.000       0.000       0.000       0.000       0.000       0.000       0.000       0.000
       0.000       0.000       0.000       0.000       0.000       0.000       0.000       0.000       0.000       0.000
       0.000       0.000       0.000       0.000       0.000       0.000       0.000       0.000       0.000       0.000
       0.000       0.000       0.000       0.000       0.000       0.000       0.000       0.000       0.000       0.000
       0.000       0.000       0.000       0.000       0.000       0.000       0.000       0.000       0.000       0.000
       0.000       0.000       0.000       0.000       0.000       0.000       0.000       0.000       0.000       0.000
       0.000       0.000       0.000       0.000       0.000       0.000       0.000       0.000       0.000       0.000
       0.000       0.000       0.000       0.000       0.000       0.000       0.000       0.000       0.000       0.000
       0.000       0.000       0.000       0.000       0.000       0.000       0.000       0.000       0.000       0.000
       0.000       0.000       0.000       0.000       0.000       0.000       0.000       0.000       0.000       0.000
       0.000       0.000       0.000       0.000       0.000       0.000       0.000       0.000       0.000       0.000
       0.000       0.000       0.000       0.000       0.000       0.000       0.000       0.000       0.000       0.000
       0.000       0.000       0.000       0.000       0.000       0.000       0.000       0.000       0.000       0.000
       0.000       0.000       0.000       0.000       0.000       0.000       0.000       0.000       0.000       0.000
       0.000       0.000       0.000       0.000       0.000       0.000       0.000       0.000       0.000       0.000
       0.000       0.000       0.000       0.000       0.000       0.000       0.000       0.000       0.000       0.000
       0.000       0.000       0.000       0.000       0.000       0.000       0.000       0.000       0.000       0.000
       0.000       0.000       0.000       0.000       0.000       0.000       0.000       0.000       0.000       0.000
       0.000       0.000       0.000       0.000       0.000       0.000       0.000       0.000       0.000       0.000
       0.000       0.000       0.000       0.000       0.000       0.000       0.000       0.000       0.000       0.000
       0.000       0.000       0.000       0.000       0.000       0.000       0.000       0.000       0.000       0.000
       0.000       0.000       0.000       0.000       0.000       0.000       0.000       0.000       0.000       0.000
       0.000       0.000       0.000       0.000       0.000       0.000       0.000       0.000       0.000       0.000
       0.000       0.000       0.000       0.000       0.000       0.000       0.000       0.000       0.000       0.000
       0.000       0.000       0.000       0.000       0.000       0.000       0.000       0.000       0.000       0.000
       0.000       0.000       0.000       0.000       0.000       0.000       0.000       0.000       0.000       0.000
       0.000       0.000       0.000       0.000       0.000       0.000       0.000       0.000       0.000       0.000
       0.000       0.000       0.000       0.000       0.000       0.000       0.000       0.000       0.000       0.000
       0.000       0.000       0.000       0.000       0.000       0.000       0.000       0.000       0.000       0.000
       0.000       0.000       0.000       0.000       0.000       0.000       0.000       0.000       0.000       0.000
       0.000       0.000       0.000       0.000       0.000       0.000       0.000       0.000       0.000       0.000
       0.000       0.000       0.000       0.000       0.000       0.000       0.000       0.000       0.000       0.000
       0.000       0.000       0.000       0.000       0.000       0.000       0.000       0.000       0.000       0.000
       0.000       0.000       0.000       0.000       0.000       0.000       0.000       0.000       0.000       0.000
       0.000       0.000       0.000       0.000       0.000       0.000       0.000       0.000       0.000       0.000
       0.000       0.000       0.000       0.000       0.000       0.000       0.000       0.000       0.000       0.000
       0.000       0.000       0.000       0.000       0.000       0.000       0.000       0.000       0.000       0.000
       0.000       0.000       0.000       0.000       0.000       0.000       0.000       0.000       0.000       0.000
       0.000       0.000       0.000       0.000       0.000       0.000       0.000       0.000       0.000       0.000
       0.000       0.000       0.000       0.000       0.000       0.000       0.000       0.000       0.000       0.000
       0.000       0.000       0.000       0.000       0.000       0.000       0.000       0.000       0.000       0.000
       0.000       0.000       0.000       0.000       0.000       0.000       0.000       0.000       0.000       0.000
       0.000       0.000       0.000       0.000       0.000       0.000       0.000       0.000       0.000       0.000
       0.000       0.000       0.000       0.000       0.000       0.000       0.000       0.000       0.000       0.000
       0.000       0.000       0.000       0.000       0.000       0.000       0.000       0.000       0.000       0.000
       0.000       0.000       0.000       0.000       0.000       0.000       0.000       0.000       0.000       0.000
       0.000       0.000       0.000       0.000       0.000       0.000       0.000       0.000       0.000       0.000
       0.000       0.000       0.000       0.000       0.000       0.000       0.000       0.000       0.000       0.000
       0.000       0.000       0.000       0.000       0.000       0.000       0.000       0.000       0.000       0.000
       0.000       0.000       0.000       0.000       0.000       0.000       0.000       0.000       0.000       0.000
       0.000       0.000       0.000       0.000       0.000       0.000       0.000       0.000       0.000       0.000
       0.000       0.000       0.000       0.000       0.000       0.000       0.000       0.000       0.000       0.000
       0.000       0.000       0.000       0.000       0.000       0.000       0.000       0.000       0.000       0.000
       0.000       0.000       0.000       0.000       0.000       0.000       0.000       0.000       0.000       0.000
       0.000       0.000       0.000       0.000       0.000       0.000       0.000       0.000       0.000       0.000
       0.000       0.000       0.000       0.000       0.000       0.000       0.000       0.000       0.000       0.000
       0.000       0.000       0.000       0.000       0.000       0.000       0.000       0.000       0.000       0.000
       0.000       0.000       0.000       0.000       0.000       0.000       0.000       0.000       0.000       0.000
       0.000       0.000       0.000       0.000       0.000       0.000       0.000       0.000