   0.020           0.3500000E-01
   0.040           0.3500000E-01
   0.060           0.3500000E-01
   0.080           0.2600000E-01
   0.100           0.3500000E-01
   0.120           0.3500000E-01
   0.140           0.7100000E-01
   0.160           0.3800000E-01
   0.180           0.3700000E-01
   0.200           0.1010000E+00
   0.220           0.6300000E-01
   0.240           0.3900000E-01
   0.260           0.1000000E-02
   0.280          -0.6000000E-02
   0.300          -0.9500000E-01
   0.320          -0.4700000E-01
   0.340           0.3000000E-01
   0.360          -0.1230000E+00
   0.380          -0.5800000E-01
   0.400           0.2600000E-01
   0.420           0.1010000E+00
   0.440           0.1320000E+00
   0.460           0.6400000E-01
   0.480           0.1010000E+00
   0.500           0.1350000E+00
   0.520           0.6800000E-01
   0.540           0.1040000E+00
   0.560           0.1540000E+00
   0.580           0.7900000E-01
   0.600           0.1320000E+00
   0.620           0.2420000E+00
   0.640           0.1200000E+00
   0.660           0.2420000E+00
   0.680           0.5820000E+00
   0.700           0.2750000E+00
   0.720           0.4700000E+00
   0.740           0.1336000E+01
   0.760           0.2010000E+00
   0.780          -0.2640000E+00
   0.800          -0.1426000E+01
   0.820          -0.1570000E+01
   0.840          -0.6230000E+00
   0.860          -0.1650000E+00
   0.880           0.7710000E+00
   0.900           0.5400000E+00
   0.920           0.5870000E+00
   0.940           0.1378000E+01
   0.960           0.2025000E+01
   0.980           0.1822000E+01
   1.000           0.8010000E+00
   1.020          -0.6130000E+00
   1.040          -0.6990000E+00
   1.060          -0.7220000E+00
   1.080          -0.7890000E+00
   1.100          -0.8580000E+00
   1.120          -0.7900000E+00
   1.140          -0.8460000E+00
   1.160          -0.9710000E+00
   1.180          -0.1102000E+01
   1.200          -0.1362000E+01
   1.220          -0.1606000E+01
   1.240          -0.2531000E+01
   1.260          -0.3618000E+01
   1.280          -0.3638000E+01
   1.300          -0.3972000E+01
   1.320          -0.4204000E+01
   1.340          -0.2378000E+01
   1.360          -0.3806000E+01
   1.380          -0.4604000E+01
   1.400          -0.4034000E+01
   1.420          -0.2719000E+01
   1.440          -0.2666000E+01
   1.460          -0.4843000E+01
   1.480          -0.4660000E+01
   1.500          -0.2154000E+01
   1.520          -0.3577000E+01
   1.540          -0.4957000E+01
   1.560          -0.5515000E+01
   1.580          -0.6069000E+01
   1.600          -0.4601000E+01
   1.620          -0.2063000E+01
   1.640          -0.6030000E+00
   1.660           0.1959000E+01
   1.680           0.3185000E+01
   1.700           0.3636000E+01
   1.720           0.3697000E+01
   1.740           0.3968000E+01
   1.760           0.4595000E+01
   1.780           0.5787000E+01
   1.800           0.7435000E+01
   1.820           0.8163000E+01
   1.840           0.5050000E+01
   1.860          -0.2700000E+00
   1.880          -0.2436000E+01
   1.900           0.5780000E+00
   1.920           0.3331000E+01
   1.940          -0.4810000E+00
   1.960          -0.3395000E+01
   1.980          -0.2106000E+01
   2.000          -0.3184000E+01
   2.020           0.2190000E+00
   2.040           0.3710000E+01
   2.060           0.2780000E+00
   2.080          -0.1031000E+01
   2.100          -0.6168000E+01
   2.120          -0.1102700E+02
   2.140          -0.5492000E+01
   2.160          -0.4304000E+01
   2.180          -0.9661000E+01
   2.200          -0.9689000E+01
   2.220          -0.8112000E+01
   2.240          -0.9187000E+01
   2.260          -0.7577000E+01
   2.280          -0.9089000E+01
   2.300          -0.1300400E+02
   2.320          -0.1073700E+02
   2.340          -0.7480000E+01
   2.360          -0.6719000E+01
   2.380          -0.4290000E+00
   2.400           0.8390000E+00
   2.420           0.3977000E+01
   2.440           0.1189100E+02
   2.460           0.1497000E+02
   2.480           0.1102700E+02
   2.500           0.5794000E+01
   2.520           0.7018000E+01
   2.540           0.1249200E+02
   2.560           0.1338900E+02
   2.580           0.1383200E+02
   2.600           0.1673300E+02
   2.620           0.1664000E+02
   2.640           0.1339800E+02
   2.660           0.1189100E+02
   2.680           0.5976000E+01
   2.700           0.1831000E+01
   2.720           0.7000000E-01
   2.740           0.2482000E+01
   2.760           0.9463000E+01
   2.780           0.1270700E+02
   2.800           0.1625300E+02
   2.820           0.1970200E+02
   2.840           0.1810400E+02
   2.860           0.1629700E+02
   2.880           0.1924100E+02
   2.900           0.1686600E+02
   2.920           0.4904000E+01
   2.940          -0.8626000E+01
   2.960          -0.9568000E+01
   2.980          -0.2909000E+01
   3.000          -0.9730000E+00
   3.020          -0.2709000E+01
   3.040          -0.7569000E+01
   3.060          -0.8162000E+01
   3.080          -0.2750000E+00
   3.100           0.2287000E+01
   3.120           0.2630000E+01
   3.140           0.4372000E+01
   3.160          -0.6544000E+01
   3.180          -0.1430700E+02
   3.200          -0.9972000E+01
   3.220          -0.1121400E+02
   3.240          -0.1121600E+02
   3.260          -0.7752000E+01
   3.280          -0.9334000E+01
   3.300          -0.6316000E+01
   3.320          -0.1032400E+02
   3.340          -0.1834900E+02
   3.360          -0.1779700E+02
   3.380          -0.1340300E+02
   3.400          -0.1123800E+02
   3.420          -0.1740600E+02
   3.440          -0.2806100E+02
   3.460          -0.2964800E+02
   3.480          -0.2083000E+02
   3.500          -0.1887500E+02
   3.520          -0.1202300E+02
   3.540           0.6403000E+01
   3.560           0.1968000E+02
   3.580           0.1909200E+02
   3.600           0.2446900E+02
   3.620           0.2911700E+02
   3.640           0.1979100E+02
   3.660           0.4942000E+01
   3.680          -0.6333000E+01
   3.700          -0.6146000E+01
   3.720          -0.9660000E+00
   3.740           0.2900000E+00
   3.760           0.4275000E+01
   3.780           0.1360300E+02
   3.800           0.2216000E+02
   3.820           0.1531800E+02
   3.840           0.3991000E+01
   3.860          -0.1487000E+01
   3.880          -0.1729700E+02
   3.900          -0.2916600E+02
   3.920          -0.2606000E+02
   3.940          -0.2191000E+02
   3.960          -0.2079300E+02
   3.980          -0.1794400E+02
   4.000           0.1998000E+01
   4.020           0.2230500E+02
   4.040           0.3230200E+02
   4.060           0.3483300E+02
   4.080           0.3727500E+02
   4.100           0.4179200E+02
   4.120           0.4174700E+02
   4.140           0.2396000E+02
   4.160           0.5848000E+01
   4.180          -0.3109000E+01
   4.200          -0.8873000E+01
   4.220          -0.2257100E+02
   4.240          -0.3124400E+02
   4.260          -0.3278400E+02
   4.280          -0.2182600E+02
   4.300           0.3817000E+01
   4.320           0.1406500E+02
   4.340           0.9736000E+01
   4.360           0.9263000E+01
   4.380           0.3037000E+01
   4.400           0.3415000E+01
   4.420           0.6030000E+01
   4.440           0.3488000E+01
   4.460           0.9412000E+01
   4.480           0.1599200E+02
   4.500           0.1527200E+02
   4.520           0.1195800E+02
   4.540           0.9477000E+01
   4.560           0.2271200E+02
   4.580           0.3766000E+02
   4.600           0.2780600E+02
   4.620          -0.4370000E+01
   4.640          -0.2202500E+02
   4.660          -0.1167300E+02
   4.680           0.7460000E+00
   4.700           0.7939000E+01
   4.720           0.2140700E+02
   4.740           0.3174400E+02
   4.760           0.3867400E+02
   4.780           0.3912300E+02
   4.800           0.2055100E+02
   4.820          -0.2198000E+01
   4.840          -0.1646300E+02
   4.860          -0.1517300E+02
   4.880           0.4010000E+00
   4.900          -0.3383000E+01
   4.920          -0.1702700E+02
   4.940          -0.3481000E+01
   4.960           0.3358000E+01
   4.980          -0.6517000E+01
   5.000          -0.9868000E+01
   5.020          -0.1998800E+02
   5.040          -0.3518500E+02
   5.060          -0.4605200E+02
   5.080          -0.5369900E+02
   5.100          -0.4757700E+02
   5.120          -0.3082900E+02
   5.140          -0.1960000E+02
   5.160          -0.1855600E+02
   5.180          -0.5745000E+01
   5.200          -0.2760000E+00
   5.220          -0.1671000E+02
   5.240          -0.1690600E+02
   5.260          -0.2045900E+02
   5.280          -0.3240600E+02
   5.300          -0.4906500E+02
   5.320          -0.6160200E+02
   5.340          -0.4430100E+02
   5.360          -0.2439600E+02
   5.380           0.1673000E+01
   5.400           0.3385500E+02
   5.420           0.3351200E+02
   5.440           0.1060300E+02
   5.460          -0.1902000E+01
   5.480           0.9547000E+01
   5.500           0.2939000E+02
   5.520           0.1439600E+02
   5.540          -0.2275000E+02
   5.560          -0.3957100E+02
   5.580          -0.9763000E+01
   5.600           0.2050500E+02
   5.620           0.3416900E+02
   5.640           0.4186300E+02
   5.660           0.3236300E+02
   5.680           0.1843100E+02
   5.700           0.1957700E+02
   5.720           0.2630900E+02
   5.740           0.2545900E+02
   5.760           0.1534700E+02
   5.780          -0.1137300E+02
   5.800          -0.2798300E+02
   5.820          -0.3553000E+01
   5.840           0.8081000E+01
   5.860           0.6936000E+01
   5.880           0.4426300E+02
   5.900           0.7063900E+02
   5.920           0.5847100E+02
   5.940           0.2415100E+02
   5.960          -0.1687800E+02
   5.980          -0.1836700E+02
   6.000          -0.1699400E+02
   6.020          -0.4147400E+02
   6.040          -0.4701600E+02
   6.060          -0.2310400E+02
   6.080          -0.2558000E+01
   6.100           0.1654000E+02
   6.120           0.2113300E+02
   6.140          -0.9490000E+00
   6.160          -0.8309000E+01
   6.180          -0.5060000E+01
   6.200           0.7395000E+01
   6.220           0.3278100E+02
   6.240           0.3594100E+02
   6.260           0.6326000E+01
   6.280          -0.2229800E+02
   6.300          -0.4880500E+02
   6.320          -0.5880100E+02
   6.340          -0.3333800E+02
   6.360           0.8439000E+01
   6.380           0.1405300E+02
   6.400          -0.6190000E+00
   6.420           0.4261000E+01
   6.440           0.2159800E+02
   6.460           0.4397300E+02
   6.480           0.4313300E+02
   6.500           0.9475000E+01
   6.520          -0.1126000E+02
   6.540          -0.2681800E+02
   6.560          -0.5049300E+02
   6.580          -0.3255800E+02
   6.600          -0.1055600E+02
   6.620          -0.1785500E+02
   6.640          -0.3760000E+00
   6.660           0.1183300E+02
   6.680           0.3570000E+01
   6.700          -0.4144000E+01
   6.720          -0.2140000E+00
   6.740           0.9033000E+01
   6.760           0.1290000E+02
   6.780          -0.1920400E+02
   6.800          -0.3954300E+02
   6.820          -0.4091300E+02
   6.840          -0.4137700E+02
   6.860          -0.2907800E+02
   6.880           0.1518000E+01
   6.900           0.4270200E+02
   6.920           0.6352000E+02
   6.940           0.7081200E+02
   6.960           0.8156700E+02
   6.980           0.8396200E+02
   7.000           0.5522000E+02
   7.020           0.2213500E+02
   7.040           0.1625500E+02
   7.060           0.4347000E+02
   7.080           0.6101100E+02
   7.100           0.6395000E+02
   7.120           0.3566100E+02
   7.140           0.1020800E+02
   7.160           0.1377100E+02
   7.180           0.4220000E+00
   7.200          -0.3251400E+02
   7.220          -0.4113700E+02
   7.240          -0.3944800E+02
   7.260          -0.5236400E+02
   7.280          -0.5552200E+02
   7.300          -0.7088800E+02
   7.320          -0.9135600E+02
   7.340          -0.8279900E+02
   7.360          -0.6755700E+02
   7.380          -0.5424400E+02
   7.400          -0.2398100E+02
   7.420          -0.1502800E+02
   7.440          -0.2679500E+02
   7.460          -0.4010000E+01
   7.480           0.2989200E+02
   7.500           0.5937800E+02
   7.520           0.7886000E+02
   7.540           0.7659300E+02
   7.560           0.4196700E+02
   7.580           0.9452000E+01
   7.600          -0.2598000E+02
   7.620          -0.6142400E+02
   7.640          -0.6853800E+02
   7.660          -0.7382900E+02
   7.680          -0.5114300E+02
   7.700          -0.2154500E+02
   7.720          -0.6601600E+02
   7.740          -0.8230700E+02
   7.760          -0.2361800E+02
   7.780           0.3331700E+02
   7.800           0.5625000E+02
   7.820           0.3355800E+02
   7.840           0.1166800E+02
   7.860           0.1105500E+02
   7.880          -0.8900000E+01
   7.900          -0.1160800E+02
   7.920           0.1690000E+00
   7.940           0.1111700E+02
   7.960           0.2539900E+02
   7.980           0.2502200E+02
   8.000           0.2128300E+02
   8.020           0.3678000E+01
   8.040           0.3020000E+01
   8.060           0.1039700E+02
   8.080          -0.2728400E+02
   8.100          -0.4624100E+02
   8.120          -0.4381800E+02
   8.140          -0.6556100E+02
   8.160          -0.6224700E+02
   8.180          -0.5092000E+02
   8.200          -0.3807500E+02
   8.220           0.1944600E+02
   8.240           0.1005130E+03
   8.260           0.1261500E+03
   8.280           0.8603300E+02
   8.300           0.1017500E+02
   8.320          -0.5794600E+02
   8.340          -0.9016400E+02
   8.360          -0.9030800E+02
   8.380          -0.8192400E+02
   8.400          -0.6969100E+02
   8.420          -0.5256500E+02
   8.440          -0.3071900E+02
   8.460          -0.9177000E+01
   8.480           0.1898300E+02
   8.500           0.5123400E+02
   8.520           0.6240900E+02
   8.540           0.4609300E+02
   8.560           0.2776200E+02
   8.580          -0.1978000E+01
   8.600          -0.3994100E+02
   8.620          -0.3634100E+02
   8.640           0.2480500E+02
   8.660           0.7529000E+02
   8.680           0.7337500E+02
   8.700           0.1583000E+02
   8.720          -0.1136900E+02
   8.740           0.5666000E+01
   8.760          -0.2471000E+01
   8.780          -0.2153200E+02
   8.800           0.2243000E+01
   8.820           0.4628300E+02
   8.840           0.8512900E+02
   8.860           0.1021620E+03
   8.880           0.6367400E+02
   8.900           0.1009000E+01
   8.920          -0.1018200E+02
   8.940           0.1050000E+01
   8.960          -0.2058000E+02
   8.980          -0.3073300E+02
   9.000          -0.2457700E+02
   9.020          -0.2487100E+02
   9.040          -0.3537500E+02
   9.060          -0.5431500E+02
   9.080          -0.1688100E+02
   9.100           0.6540800E+02
   9.120           0.8873000E+02
   9.140           0.5526400E+02
   9.160           0.2144600E+02
   9.180           0.1952300E+02
   9.200           0.1975600E+02
   9.220           0.1591700E+02
   9.240           0.9040000E+01
   9.260          -0.2612600E+02
   9.280          -0.4984700E+02
   9.300          -0.5057600E+02
   9.320          -0.4811600E+02
   9.340          -0.2048700E+02
   9.360          -0.1756000E+01
   9.380           0.2111500E+02
   9.400           0.4955700E+02
   9.420           0.4099100E+02
   9.440           0.2073400E+02
   9.460           0.5706000E+01
   9.480          -0.7504000E+01
   9.500           0.1097100E+02
   9.520           0.2992800E+02
   9.540           0.1889600E+02
   9.560           0.2798000E+01
   9.580          -0.9994000E+01
   9.600          -0.6108300E+02
   9.620          -0.1053460E+03
   9.640          -0.1040750E+03
   9.660          -0.6816100E+02
   9.680          -0.4784700E+02
   9.700          -0.1128400E+02
   9.720           0.4432100E+02
   9.740           0.6328000E+02
   9.760           0.5681600E+02
   9.780           0.1579300E+02
   9.800          -0.3430300E+02
   9.820          -0.3049400E+02
   9.840          -0.1125300E+02
   9.860          -0.2783000E+01
   9.880          -0.3889000E+01
   9.900          -0.1578400E+02
   9.920          -0.1274100E+02
   9.940           0.5938000E+01
   9.960           0.4501100E+02
   9.980           0.4452800E+02
  10.000          -0.3405000E+01
  10.020          -0.1698400E+02
  10.040          -0.2441600E+02
  10.060          -0.4030500E+02
  10.080          -0.5115300E+02
  10.100          -0.5304500E+02
  10.120          -0.8822000E+01
  10.140           0.7681400E+02
  10.160           0.9770700E+02
  10.180           0.4188900E+02
  10.200          -0.1978000E+02
  10.220          -0.4609300E+02
  10.240          -0.2331800E+02
  10.260           0.2554700E+02
  10.280           0.3792700E+02
  10.300           0.2379100E+02
  10.320           0.3799800E+02
  10.340           0.2501800E+02
  10.360          -0.9320000E+01
  10.380          -0.1256500E+02
  10.400           0.2571000E+02
  10.420           0.6601000E+02
  10.440           0.7322000E+02
  10.460           0.1599100E+02
  10.480          -0.4054200E+02
  10.500          -0.2701800E+02
  10.520           0.2682900E+02
  10.540           0.2263300E+02
  10.560          -0.1228300E+02
  10.580          -0.5136500E+02
  10.600          -0.6334600E+02
  10.620          -0.3051000E+02
  10.640          -0.3224000E+01
  10.660           0.1061900E+02
  10.680           0.1387200E+02
  10.700           0.2258500E+02
  10.720           0.1798000E+01
  10.740          -0.5719600E+02
  10.760          -0.9720000E+02
  10.780          -0.1109940E+03
  10.800          -0.7314000E+02
  10.820          -0.2451200E+02
  10.840           0.9291000E+01
  10.860           0.5451800E+02
  10.880           0.8898800E+02
  10.900           0.1239160E+03
  10.920           0.1390350E+03
  10.940           0.8077400E+02
  10.960           0.2693500E+02
  10.980          -0.3333000E+01
  11.000           0.9370000E+01
  11.020           0.4181400E+02
  11.040           0.1808300E+02
  11.060          -0.2246400E+02
  11.080          -0.5783900E+02
  11.100          -0.1041630E+03
  11.120          -0.1154190E+03
  11.140          -0.8909600E+02
  11.160          -0.6238400E+02
  11.180          -0.2651900E+02
  11.200           0.1169900E+02
  11.220           0.1856500E+02
  11.240           0.1435100E+02
  11.260           0.2679800E+02
  11.280           0.1564200E+02
  11.300          -0.1026800E+02
  11.320          -0.2418900E+02
  11.340          -0.3440600E+02
  11.360          -0.2027100E+02
  11.380          -0.6301000E+01
  11.400           0.2850000E+00
  11.420           0.4542000E+02
  11.440           0.6453100E+02
  11.460           0.3119100E+02
  11.480           0.2932500E+02
  11.500           0.3804500E+02
  11.520           0.2019300E+02
  11.540           0.3640000E+00
  11.560          -0.2319800E+02
  11.580          -0.2814400E+02
  11.600          -0.1252300E+02
  11.620           0.1748600E+02
  11.640           0.1726000E+02
  11.660          -0.7355000E+01
  11.680          -0.1450400E+02
  11.700          -0.1885000E+01
  11.720           0.2769300E+02
  11.740           0.7101900E+02
  11.760           0.6747100E+02
  11.780           0.3073600E+02
  11.800          -0.2677000E+01
  11.820          -0.5311000E+02
  11.840          -0.4216600E+02
  11.860           0.7260000E+01
  11.880           0.1394600E+02
  11.900           0.5428800E+02
  11.920           0.7606700E+02
  11.940           0.4947200E+02
  11.960           0.1874800E+02
  11.980           0.7940000E+00
  12.000          -0.1093000E+02
  12.020          -0.9824000E+01
  12.040          -0.1717400E+02
  12.060          -0.2665200E+02
  12.080           0.4559000E+01
  12.100           0.5421400E+02
  12.120           0.5383700E+02
  12.140           0.3417300E+02
  12.160           0.8799000E+01
  12.180           0.1522000E+01
  12.200           0.6118000E+01
  12.220          -0.1591500E+02
  12.240          -0.3516300E+02
  12.260          -0.6220400E+02
  12.280          -0.8463500E+02
  12.300          -0.5675700E+02
  12.320          -0.8614000E+01
  12.340           0.2243600E+02
  12.360           0.3226400E+02
  12.380           0.2749300E+02
  12.400           0.3159700E+02
  12.420          -0.1691300E+02
  12.440          -0.1084170E+03
  12.460          -0.1170320E+03
  12.480          -0.5180700E+02
  12.500           0.4085000E+01
  12.520           0.1214000E+02
  12.540          -0.4836000E+01
  12.560          -0.5130000E+01
  12.580           0.1659800E+02
  12.600           0.5977400E+02
  12.620           0.7949000E+02
  12.640           0.3221000E+02
  12.660          -0.4449000E+01
  12.680          -0.7461000E+01
  12.700           0.1103800E+02
  12.720           0.6874400E+02
  12.740           0.1054600E+03
  12.760           0.9277800E+02
  12.780           0.6349000E+02
  12.800           0.4302000E+02
  12.820           0.1677700E+02
  12.840           0.7913000E+01
  12.860          -0.3327100E+02
  12.880          -0.6644800E+02
  12.900          -0.2604100E+02
  12.920           0.2772900E+02
  12.940           0.7530000E+02
  12.960           0.8147600E+02
  12.980           0.1839000E+02
  13.000          -0.2794500E+02
  13.020          -0.4184100E+02
  13.040          -0.6819500E+02
  13.060          -0.7267300E+02
  13.080          -0.4379300E+02
  13.100          -0.3443000E+02
  13.120          -0.6370400E+02
  13.140          -0.9749400E+02
  13.160          -0.1052860E+03
  13.180          -0.3769200E+02
  13.200           0.5024300E+02
  13.220           0.8575500E+02
  13.240           0.8090400E+02
  13.260           0.2928400E+02
  13.280          -0.2230900E+02
  13.300          -0.3447600E+02
  13.320          -0.2072700E+02
  13.340          -0.2316900E+02
  13.360          -0.4015900E+02
  13.380          -0.4702300E+02
  13.400          -0.5081400E+02
  13.420          -0.5257700E+02
  13.440          -0.2951100E+02
  13.460          -0.3748000E+01
  13.480           0.1436700E+02
  13.500           0.1383900E+02
  13.520          -0.2963800E+02
  13.540          -0.4956600E+02
  13.560          -0.4839000E+01
  13.580           0.2554600E+02
  13.600           0.3057900E+02
  13.620           0.2190700E+02
  13.640           0.1981000E+02
  13.660           0.3809800E+02
  13.680           0.2046900E+02
  13.700          -0.5570000E+00
  13.720          -0.1674200E+02
  13.740          -0.4066800E+02
  13.760          -0.4853600E+02
  13.780          -0.2812900E+02
  13.800           0.7657000E+01
  13.820           0.1295700E+02
  13.840          -0.2401200E+02
  13.860          -0.2981100E+02
  13.880           0.1620700E+02
  13.900           0.2900000E+02
  13.920           0.7335000E+01
  13.940           0.3073900E+02
  13.960           0.4837100E+02
  13.980           0.1430600E+02
  14.000          -0.5489000E+01
  14.020          -0.3654700E+02
  14.040          -0.4588200E+02
  14.060          -0.1384500E+02
  14.080          -0.1981800E+02
  14.100          -0.4867600E+02
  14.120          -0.7112100E+02
  14.140          -0.1048460E+03
  14.160          -0.9313500E+02
  14.180          -0.4090100E+02
  14.200          -0.6140000E+01
  14.220           0.3087000E+02
  14.240           0.4308400E+02
  14.260           0.4927400E+02
  14.280           0.4766000E+02
  14.300           0.3425800E+02
  14.320           0.4283700E+02
  14.340           0.3557400E+02
  14.360           0.2166900E+02
  14.380           0.3433800E+02
  14.400           0.6449700E+02
  14.420           0.1041310E+03
  14.440           0.7296900E+02
  14.460          -0.6546000E+01
  14.480          -0.5182800E+02
  14.500          -0.6520600E+02
  14.520          -0.4839900E+02
  14.540          -0.2068000E+02
  14.560          -0.2247500E+02
  14.580          -0.4016200E+02
  14.600          -0.2751700E+02
  14.620          -0.5088300E+02
  14.640          -0.6919500E+02
  14.660          -0.3440400E+02
  14.680           0.2646000E+01
  14.700           0.4863200E+02
  14.720           0.6558300E+02
  14.740           0.4437500E+02
  14.760           0.2518000E+02
  14.780           0.1764800E+02
  14.800           0.1858600E+02
  14.820           0.1850000E+00
  14.840          -0.5317000E+02
  14.860          -0.8633400E+02
  14.880          -0.7233700E+02
  14.900          -0.4007300E+02
  14.920          -0.2185800E+02
  14.940           0.4414000E+01
  14.960           0.3199900E+02
  14.980           0.3689800E+02
  15.000          -0.8643000E+01
  15.020          -0.7575800E+02
  15.040          -0.9024600E+02
  15.060          -0.8698600E+02
  15.080          -0.8575400E+02
  15.100          -0.4283400E+02
  15.120          -0.1462100E+02
  15.140          -0.1529500E+02
  15.160           0.3023000E+01
  15.180           0.2244300E+02
  15.200           0.4951900E+02
  15.220           0.6901400E+02
  15.240           0.4442200E+02
  15.260           0.1994600E+02
  15.280           0.3891100E+02
  15.300           0.3401700E+02
  15.320          -0.1490900E+02
  15.340          -0.3658600E+02
  15.360          -0.1990300E+02
  15.380          -0.2765100E+02
  15.400          -0.3144500E+02
  15.420           0.4798000E+01
  15.440           0.1651700E+02
  15.460          -0.8945000E+01
  15.480          -0.5427400E+02
  15.500          -0.7153700E+02
  15.520          -0.4263000E+01
  15.540           0.7538400E+02
  15.560           0.1138450E+03
  15.580           0.1390350E+03
  15.600           0.9651100E+02
  15.620           0.1827000E+01
  15.640          -0.3330900E+02
  15.660          -0.4330900E+02
  15.680          -0.7689200E+02
  15.700          -0.4486100E+02
  15.720           0.2827000E+01
  15.740           0.2292100E+02
  15.760           0.4663100E+02
  15.780           0.3749400E+02
  15.800           0.3307100E+02
  15.820           0.5829300E+02
  15.840           0.6011500E+02
  15.860           0.2754200E+02
  15.880           0.3771000E+01
  15.900          -0.2023100E+02
  15.920          -0.2633300E+02
  15.940          -0.3018800E+02
  15.960          -0.4697500E+02
  15.980          -0.2473900E+02
  16.000           0.1698000E+02
  16.020           0.2594300E+02
  16.040           0.2874500E+02
  16.060           0.5799700E+02
  16.080           0.8697100E+02
  16.100           0.9063400E+02
  16.120           0.5709900E+02
  16.140           0.1337000E+01
  16.160          -0.5307200E+02
  16.180          -0.6059000E+02
  16.200          -0.2301400E+02
  16.220          -0.2474000E+01
  16.240          -0.6631000E+01
  16.260           0.4480000E+00
  16.280           0.1525300E+02
  16.300           0.1827900E+02
  16.320          -0.4479000E+01
  16.340          -0.4154300E+02
  16.360          -0.5111000E+02
  16.380          -0.5400600E+02
  16.400          -0.1797400E+02
  16.420           0.2434100E+02
  16.440           0.3590300E+02
  16.460           0.4074000E+02
  16.480           0.1167500E+02
  16.500          -0.2927500E+02
  16.520          -0.2407400E+02
  16.540          -0.4667000E+01
  16.560           0.3427600E+02
  16.580           0.7919900E+02
  16.600           0.8724300E+02
  16.620           0.5939500E+02
  16.640           0.9910000E+01
  16.660          -0.2816500E+02
  16.680          -0.2341000E+02
  16.700           0.1429800E+02
  16.720           0.2708500E+02
  16.740           0.5177700E+02
  16.760           0.1040740E+03
  16.780           0.9687800E+02
  16.800           0.5630800E+02
  16.820           0.2513500E+02
  16.840          -0.1829800E+02
  16.860          -0.3543900E+02
  16.880          -0.1624100E+02
  16.900          -0.2824000E+01
  16.920           0.1473000E+01
  16.940          -0.1869100E+02
  16.960          -0.3453300E+02
  16.980          -0.2029300E+02
  17.000           0.2953000E+01
  17.020           0.1733800E+02
  17.040           0.3912100E+02
  17.060           0.6455800E+02
  17.080           0.4630500E+02
  17.100          -0.4561000E+01
  17.120          -0.1286600E+02
  17.140           0.3570000E+00
  17.160          -0.2323000E+02
  17.180          -0.4622700E+02
  17.200          -0.7200500E+02
  17.220          -0.5335300E+02
  17.240          -0.1342100E+02
  17.260          -0.1037300E+02
  17.280           0.3403000E+01
  17.300           0.4946600E+02
  17.320           0.5607300E+02
  17.340           0.2746400E+02
  17.360          -0.1502100E+02
  17.380          -0.5039700E+02
  17.400          -0.4010600E+02
  17.420          -0.1660800E+02
  17.440          -0.2305200E+02
  17.460          -0.3816400E+02
  17.480          -0.5892000E+02
  17.500          -0.8216800E+02
  17.520          -0.7064700E+02
  17.540          -0.3774900E+02
  17.560          -0.4391000E+01
  17.580           0.4491200E+02
  17.600           0.7682500E+02
  17.620           0.7000900E+02
  17.640           0.4390400E+02
  17.660          -0.4161000E+01
  17.680          -0.2657900E+02
  17.700          -0.1991000E+02
  17.720          -0.7203000E+01
  17.740           0.2365300E+02
  17.760           0.4756200E+02
  17.780           0.5531200E+02
  17.800           0.4176600E+02
  17.820           0.9153000E+01
  17.840          -0.5329000E+01
  17.860           0.8770000E+01
  17.880           0.1368700E+02
  17.900           0.3997000E+01
  17.920          -0.2571300E+02
  17.940          -0.5183100E+02
  17.960          -0.6092300E+02
  17.980          -0.6287100E+02
  18.000          -0.5816000E+02
  18.020          -0.5418400E+02
  18.040          -0.4032200E+02
  18.060           0.1830000E+00
  18.080           0.2278400E+02
  18.100           0.2812900E+02
  18.120           0.3488600E+02
  18.140           0.2608000E+02
  18.160           0.3350700E+02
  18.180           0.3577100E+02
  18.200           0.1891600E+02
  18.220           0.1001800E+02
  18.240           0.7815000E+01
  18.260           0.1901500E+02
  18.280           0.3805600E+02
  18.300           0.4061600E+02
  18.320           0.2288200E+02
  18.340           0.7100000E+01
  18.360          -0.1585400E+02
  18.380          -0.4899500E+02
  18.400          -0.5459200E+02
  18.420          -0.6610900E+02
  18.440          -0.7436000E+02
  18.460          -0.3599600E+02
  18.480          -0.1742200E+02
  18.500          -0.3266500E+02
  18.520          -0.4085800E+02
  18.540          -0.2653900E+02
  18.560           0.7994000E+01
  18.580           0.2567100E+02
  18.600           0.2776300E+02
  18.620           0.4387200E+02
  18.640           0.4309400E+02
  18.660           0.1488800E+02
  18.680          -0.1337000E+01
  18.700          -0.1929000E+02
  18.720          -0.2290800E+02
  18.740          -0.1031500E+02
  18.760           0.1416900E+02
  18.780           0.3428700E+02
  18.800           0.2631100E+02
  18.820           0.1113800E+02
  18.840          -0.2010000E+00
  18.860          -0.9706000E+01
  18.880           0.1302600E+02
  18.900           0.2047700E+02
  18.920           0.2018000E+01
  18.940          -0.8561000E+01
  18.960          -0.2574000E+02
  18.980          -0.3939900E+02
  19.000          -0.1876300E+02
  19.020           0.6711000E+01
  19.040           0.2218100E+02
  19.060           0.3218800E+02
  19.080           0.3219500E+02
  19.100           0.4346500E+02
  19.120           0.4379000E+02
  19.140           0.7444000E+01
  19.160          -0.2402000E+02
  19.180          -0.3518800E+02
  19.200          -0.4260500E+02
  19.220          -0.2950400E+02
  19.240          -0.9321000E+01
  19.260          -0.1101800E+02
  19.280          -0.1779300E+02
  19.300          -0.1042300E+02
  19.320           0.5726000E+01
  19.340           0.2929400E+02
  19.360           0.4402300E+02
  19.380           0.4028600E+02
  19.400           0.3722900E+02
  19.420           0.1793300E+02
  19.440          -0.4300000E-01
  19.460          -0.2583000E+01
  19.480          -0.1502700E+02
  19.500          -0.2118200E+02
  19.520          -0.4482600E+02
  19.540          -0.6293400E+02
  19.560          -0.4011000E+02
  19.580          -0.3882000E+01
  19.600           0.1752700E+02
  19.620           0.1214900E+02
  19.640          -0.1204000E+01
  19.660           0.1191000E+01
  19.680          -0.1932600E+02
  19.700          -0.4708800E+02
  19.720          -0.6024500E+02
  19.740          -0.5648300E+02
  19.760          -0.2932900E+02
  19.780           0.1284300E+02
  19.800           0.5193300E+02
  19.820           0.6873700E+02
  19.840           0.5053800E+02
  19.860           0.2931500E+02
  19.880           0.2096500E+02
  19.900           0.6912000E+01
  19.920          -0.2178000E+01
  19.940           0.5500000E+00
  19.960          -0.7322000E+01
  19.980          -0.2383100E+02
  20.000          -0.2616000E+02
  20.020          -0.2072000E+02
  20.040           0.3719000E+01
  20.060           0.3370300E+02
  20.080           0.4215400E+02
  20.100           0.5088400E+02
  20.120           0.3859800E+02
  20.140           0.6698000E+01
  20.160          -0.5110000E+00
  20.180           0.1235000E+01
  20.200          -0.2635000E+01
  20.220          -0.1280500E+02
  20.240          -0.3065500E+02
  20.260          -0.3359800E+02
  20.280          -0.2937800E+02
  20.300          -0.2924900E+02
  20.320          -0.2522100E+02
  20.340          -0.7361000E+01
  20.360           0.8362000E+01
  20.380           0.6729000E+01
  20.400           0.3858000E+01
  20.420          -0.1032000E+01
  20.440          -0.4977000E+01
  20.460          -0.5974000E+01
  20.480           0.9530000E+00
  20.500           0.1259600E+02
  20.520           0.1819100E+02
  20.540           0.2823300E+02
  20.560           0.3410600E+02
  20.580           0.2890700E+02
  20.600           0.1858000E+02
  20.620           0.2023000E+01
  20.640           0.1173400E+02
  20.660           0.2131300E+02
  20.680           0.2500000E+01
  20.700          -0.1067500E+02
  20.720          -0.1357800E+02
  20.740          -0.1769600E+02
  20.760          -0.2685300E+02
  20.780          -0.3262900E+02
  20.800          -0.1887600E+02
  20.820          -0.7140000E+01
  20.840          -0.1217900E+02
  20.860          -0.2766600E+02
  20.880          -0.3128900E+02
  20.900          -0.2029200E+02
  20.920          -0.1641500E+02
  20.940          -0.9818000E+01
  20.960           0.3900000E-01
  20.980           0.5401000E+01
  21.000           0.8619000E+01
  21.020           0.2419000E+01
  21.040           0.4191000E+01
  21.060           0.1174800E+02
  21.080           0.9945000E+01
  21.100           0.8358000E+01
  21.120           0.1011800E+02
  21.140           0.7990000E+01
  21.160          -0.6175000E+01
  21.180          -0.2807000E+02
  21.200          -0.2642000E+02
  21.220          -0.7061000E+01
  21.240           0.1234800E+02
  21.260           0.1965900E+02
  21.280           0.9710000E+01
  21.300          -0.5402000E+01
  21.320          -0.2342500E+02
  21.340          -0.3334200E+02
  21.360          -0.3356700E+02
  21.380          -0.3655000E+02
  21.400          -0.3780800E+02
  21.420          -0.2959400E+02
  21.440          -0.1717300E+02
  21.460          -0.1158900E+02
  21.480          -0.6616000E+01
  21.500           0.5320000E+00
  21.520           0.1337300E+02
  21.540           0.2792100E+02
  21.560           0.3494600E+02
  21.580           0.4242800E+02
  21.600           0.3532000E+02
  21.620           0.2059500E+02
  21.640           0.2503300E+02
  21.660           0.3439800E+02
  21.680           0.4719600E+02
  21.700           0.5238900E+02
  21.720           0.4165500E+02
  21.740           0.2626100E+02
  21.760           0.1490600E+02
  21.780           0.1662100E+02
  21.800           0.2711700E+02
  21.820           0.3433400E+02
  21.840           0.2599500E+02
  21.860           0.6076000E+01
  21.880          -0.5432000E+01
  21.900          -0.1340900E+02
  21.920          -0.1852000E+02
  21.940          -0.8901000E+01
  21.960           0.2274000E+01
  21.980           0.1691100E+02
  22.000           0.2106800E+02
  22.020           0.1901500E+02
  22.040           0.1505100E+02
  22.060           0.3788000E+01
  22.080          -0.1075700E+02
  22.100          -0.1312400E+02
  22.120           0.4510000E+01
  22.140           0.2251100E+02
  22.160           0.1755800E+02
  22.180           0.1666800E+02
  22.200           0.1971300E+02
  22.220           0.1261300E+02
  22.240           0.1064000E+02
  22.260           0.6709000E+01
  22.280           0.6280000E+01
  22.300           0.1317000E+01
  22.320          -0.1403300E+02
  22.340          -0.1642700E+02
  22.360          -0.7240000E+01
  22.380          -0.1700000E+01
  22.400          -0.2070000E+01
  22.420          -0.3553000E+01
  22.440          -0.2800000E+00
  22.460           0.4257000E+01
  22.480           0.2238000E+01
  22.500          -0.8980000E+01
  22.520          -0.1129000E+02
  22.540           0.3210000E+00
  22.560           0.5476000E+01
  22.580           0.2138000E+01
  22.600          -0.1061600E+02
  22.620          -0.2347700E+02
  22.640          -0.2959800E+02
  22.660          -0.2850300E+02
  22.680          -0.2089100E+02
  22.700          -0.2831000E+01
  22.720           0.1558700E+02
  22.740           0.2587000E+02
  22.760           0.2824100E+02
  22.780           0.1782900E+02
  22.800           0.1367400E+02
  22.820           0.2465000E+02
  22.840           0.3151600E+02
  22.860           0.2233000E+02
  22.880          -0.7120000E+00
  22.900          -0.1928900E+02
  22.920          -0.2493800E+02
  22.940          -0.2671600E+02
  22.960          -0.2070400E+02
  22.980          -0.1837300E+02
  23.000          -0.1462300E+02
  23.020          -0.9563000E+01
  23.040          -0.1103600E+02
  23.060          -0.1132000E+02
  23.080          -0.1866000E+02
  23.100          -0.2948700E+02
  23.120          -0.3081300E+02
  23.140          -0.3094700E+02
  23.160          -0.2518600E+02
  23.180          -0.1618700E+02
  23.200          -0.1633000E+02
  23.220          -0.1810300E+02
  23.240          -0.1436100E+02
  23.260          -0.5920000E+01
  23.280           0.2724000E+01
  23.300           0.8718000E+01
  23.320           0.1032700E+02
  23.340           0.8792000E+01
  23.360           0.2805000E+01
  23.380          -0.8596000E+01
  23.400          -0.1134200E+02
  23.420          -0.1222000E+01
  23.440           0.1005300E+02
  23.460           0.1550900E+02
  23.480           0.1105100E+02
  23.500           0.5584000E+01
  23.520           0.1304400E+02
  23.540           0.1263300E+02
  23.560           0.2265000E+01
  23.580          -0.4412000E+01
  23.600          -0.7894000E+01
  23.620          -0.8537000E+01
  23.640          -0.1169900E+02
  23.660          -0.1552900E+02
  23.680          -0.1540600E+02
  23.700          -0.1045400E+02
  23.720          -0.6638000E+01
  23.740          -0.2622000E+01
  23.760           0.2995000E+01
  23.780           0.1539000E+01
  23.800          -0.3991000E+01
  23.820          -0.7468000E+01
  23.840          -0.4628000E+01
  23.860           0.5832000E+01
  23.880           0.1838600E+02
  23.900           0.2514300E+02
  23.920           0.1718200E+02
  23.940           0.6436000E+01
  23.960           0.4100000E+01
  23.980           0.4333000E+01
  24.000           0.1568500E+02
  24.020           0.2750700E+02
  24.040           0.3547700E+02
  24.060           0.3266600E+02
  24.080           0.1123000E+02
  24.100          -0.9841000E+01
  24.120          -0.2317200E+02
  24.140          -0.2912700E+02
  24.160          -0.2746800E+02
  24.180          -0.3051300E+02
  24.200          -0.3450500E+02
  24.220          -0.3198100E+02
  24.240          -0.2041100E+02
  24.260          -0.7554000E+01
  24.280          -0.2446000E+01
  24.300           0.2140000E+01
  24.320           0.3187000E+01
  24.340           0.4568000E+01
  24.360           0.6700000E+00
  24.380          -0.7245000E+01
  24.400          -0.9599000E+01
  24.420          -0.8269000E+01
  24.440          -0.5929000E+01
  24.460          -0.2632000E+01
  24.480          -0.7720000E+00
  24.500           0.1111000E+01
  24.520          -0.3391000E+01
  24.540          -0.8289000E+01
  24.560          -0.1473000E+01
  24.580           0.9119000E+01
  24.600           0.1691300E+02
  24.620           0.1710900E+02
  24.640           0.1391300E+02
  24.660           0.1219800E+02
  24.680           0.9005000E+01
  24.700           0.5673000E+01
  24.720           0.6396000E+01
  24.740           0.6944000E+01
  24.760           0.3830000E+01
  24.780           0.4370000E+00
  24.800           0.4699000E+01
  24.820           0.7998000E+01
  24.840           0.1289000E+01
  24.860          -0.4748000E+01
  24.880          -0.8859000E+01
  24.900          -0.8685000E+01
  24.920          -0.1094000E+01
  24.940           0.4388000E+01
  24.960          -0.4970000E+00
  24.980          -0.7004000E+01
  25.000          -0.9941000E+01
  25.020          -0.2970000E+01
  25.040           0.1071800E+02
  25.060           0.1863700E+02
  25.080           0.1787300E+02
  25.100           0.1614000E+02
  25.120           0.1188400E+02
  25.140           0.7669000E+01
  25.160           0.4044000E+01
  25.180           0.1749000E+01
  25.200           0.2431000E+01
  25.220           0.1943000E+01
  25.240          -0.5710000E+00
  25.260          -0.9338000E+01
  25.280          -0.1452400E+02
  25.300          -0.1676900E+02
  25.320          -0.1329400E+02
  25.340          -0.2262000E+01
  25.360           0.5592000E+01
  25.380           0.5691000E+01
  25.400           0.1489000E+01
  25.420           0.5100000E-01
  25.440           0.4624000E+01
  25.460           0.5049000E+01
  25.480           0.8187000E+01
  25.500           0.1601400E+02
  25.520           0.2160000E+02
  25.540           0.2193600E+02
  25.560           0.1656700E+02
  25.580           0.1399500E+02
  25.600           0.1726600E+02
  25.620           0.2534100E+02
  25.640           0.2522100E+02
  25.660           0.1291000E+02
  25.680           0.1350000E+01
  25.700          -0.3286000E+01
  25.720          -0.1187000E+01
  25.740           0.5253000E+01
  25.760           0.7493000E+01
  25.780           0.9751000E+01
  25.800           0.1647500E+02
  25.820           0.2300100E+02
  25.840           0.2158200E+02
  25.860           0.1752900E+02
  25.880           0.1636300E+02
  25.900           0.1399800E+02
  25.920           0.9409000E+01
  25.940           0.7580000E+00
  25.960          -0.8544000E+01
  25.980          -0.1166300E+02
  26.000          -0.1664800E+02
  26.020          -0.2054100E+02
  26.040          -0.1819600E+02
  26.060          -0.1412300E+02
  26.080          -0.1032400E+02
  26.100          -0.7868000E+01
  26.120          -0.9680000E+01
  26.140          -0.1538600E+02
  26.160          -0.2547500E+02
  26.180          -0.2826700E+02
  26.200          -0.2329600E+02
  26.220          -0.2093100E+02
  26.240          -0.1856500E+02
  26.260          -0.1440600E+02
  26.280          -0.1119000E+02
  26.300          -0.9330000E+01
  26.320          -0.6227000E+01
  26.340          -0.2579000E+01
  26.360           0.6190000E+00
  26.380          -0.2453000E+01
  26.400          -0.8825000E+01
  26.420          -0.1594900E+02
  26.440          -0.2329100E+02
  26.460          -0.2832300E+02
  26.480          -0.3045500E+02
  26.500          -0.2747000E+02
  26.520          -0.2295100E+02
  26.540          -0.2470600E+02
  26.560          -0.2274400E+02
  26.580          -0.1798300E+02
  26.600          -0.1324800E+02
  26.620          -0.8215000E+01
  26.640          -0.6835000E+01
  26.660          -0.2357000E+01
  26.680           0.4745000E+01
  26.700           0.6985000E+01
  26.720           0.6611000E+01
  26.740           0.4753000E+01
  26.760          -0.6920000E+00
  26.780          -0.4347000E+01
  26.800          -0.1172000E+01
  26.820           0.5240000E+01
  26.840           0.9850000E+01
  26.860           0.8755000E+01
  26.880           0.4315000E+01
  26.900           0.4607000E+01
  26.920           0.8511000E+01
  26.940           0.1303700E+02
  26.960           0.2046200E+02
  26.980           0.2057900E+02
  27.000           0.1590300E+02
  27.020           0.1228100E+02
  27.040           0.8598000E+01
  27.060           0.5134000E+01
  27.080           0.2512000E+01
  27.100           0.3460000E+00
  27.120          -0.1575000E+01
  27.140          -0.2565000E+01
  27.160          -0.3723000E+01
  27.180          -0.5350000E+01
  27.200          -0.2202000E+01
  27.220           0.2731000E+01
  27.240           0.6670000E+00
  27.260          -0.1897000E+01
  27.280          -0.1475000E+01
  27.300          -0.1481000E+01
  27.320          -0.2063000E+01
  27.340          -0.8960000E+00
  27.360           0.4167000E+01
  27.380           0.1296400E+02
  27.400           0.1944100E+02
  27.420           0.2005700E+02
  27.440           0.1135000E+02
  27.460          -0.8910000E+00
  27.480          -0.8666000E+01
  27.500          -0.8726000E+01
  27.520          -0.5231000E+01
  27.540          -0.3985000E+01
  27.560          -0.6419000E+01
  27.580          -0.7364000E+01
  27.600          -0.1758000E+01
  27.620           0.6690000E+00
  27.640          -0.1636000E+01
  27.660           0.3440000E+00
  27.680           0.6685000E+01
  27.700           0.1011000E+02
  27.720           0.1076100E+02
  27.740           0.6785000E+01
  27.760          -0.3184000E+01
  27.780          -0.5248000E+01
  27.800           0.1058000E+01
  27.820           0.6164000E+01
  27.840           0.1240600E+02
  27.860           0.1114800E+02
  27.880           0.6305000E+01
  27.900           0.7162000E+01
  27.920           0.1578000E+01
  27.940          -0.1857000E+01
  27.960          -0.1034000E+01
  27.980          -0.3192000E+01
  28.000          -0.7824000E+01
  28.020          -0.1102800E+02
  28.040          -0.7593000E+01
  28.060          -0.2557000E+01
  28.080          -0.2220000E+00
  28.100           0.1380000E+01
  28.120          -0.7200000E-01
  28.140           0.5593000E+01
  28.160           0.1264300E+02
  28.180           0.1148700E+02
  28.200           0.8543000E+01
  28.220           0.4493000E+01
  28.240           0.9600000E-01
  28.260          -0.4922000E+01
  28.280          -0.1012900E+02
  28.300          -0.1418000E+02
  28.320          -0.1855400E+02
  28.340          -0.2095700E+02
  28.360          -0.2065500E+02
  28.380          -0.1559300E+02
  28.400          -0.6424000E+01
  28.420           0.1254000E+01
  28.440           0.5748000E+01
  28.460           0.9990000E+00
  28.480          -0.5729000E+01
  28.500          -0.4419000E+01
  28.520          -0.1382000E+01
  28.540           0.4050000E+01
  28.560           0.6903000E+01
  28.580           0.4557000E+01
  28.600           0.4014000E+01
  28.620          -0.2000000E+00
  28.640          -0.3283000E+01
  28.660          -0.4900000E+00
  28.680           0.1892000E+01
  28.700           0.2792000E+01
  28.720           0.1387000E+01
  28.740          -0.4210000E+00
  28.760           0.1040000E+00
  28.780           0.6210000E+00
  28.800          -0.1910000E+00
  28.820          -0.1547000E+01
  28.840           0.2908000E+01
  28.860           0.8722000E+01
  28.880           0.1294200E+02
  28.900           0.1620100E+02
  28.920           0.1623700E+02
  28.940           0.1610100E+02
  28.960           0.1534200E+02
  28.980           0.1338100E+02
  29.000           0.1274000E+02
  29.020           0.1238000E+02
  29.040           0.1055000E+02
  29.060           0.5984000E+01
  29.080           0.1815000E+01
  29.100          -0.1147000E+01
  29.120          -0.1659000E+01
  29.140           0.5450000E+00
  29.160           0.1890000E+00
  29.180           0.9490000E+00
  29.200           0.3667000E+01
  29.220           0.4610000E+01
  29.240           0.4568000E+01
  29.260           0.2649000E+01
  29.280           0.2019000E+01
  29.300           0.4233000E+01
  29.320           0.6319000E+01
  29.340           0.5287000E+01
  29.360           0.4268000E+01
  29.380           0.5913000E+01
  29.400           0.7200000E+01
  29.420           0.6270000E+01
  29.440           0.3827000E+01
  29.460          -0.3180000E+00
  29.480          -0.3277000E+01
  29.500          -0.5275000E+01
  29.520          -0.6946000E+01
  29.540          -0.6372000E+01
  29.560          -0.5173000E+01
  29.580          -0.3340000E+01
  29.600          -0.7150000E+00
  29.620           0.9800000E+00
  29.640           0.1913000E+01
  29.660           0.1615000E+01
  29.680           0.2030000E+00
  29.700           0.1121000E+01
  29.720           0.2531000E+01
  29.740           0.2575000E+01
  29.760           0.1550000E+01
  29.780          -0.1770000E+00
  29.800          -0.1423000E+01
  29.820          -0.1253000E+01
  29.840          -0.8670000E+00
  29.860          -0.1121000E+01
  29.880          -0.1347000E+01
  29.900          -0.1209000E+01
  29.920          -0.1479000E+01
  29.940          -0.1834000E+01
  29.960          -0.2233000E+01
  29.980          -0.2298000E+01
  30.000          -0.1064000E+01
  30.020          -0.3250000E+00
  30.040          -0.4150000E+00
  30.060          -0.4150000E+00
  30.080          -0.8840000E+00
  30.100          -0.1629000E+01
  30.120          -0.1943000E+01
  30.140          -0.2199000E+01
  30.160          -0.2424000E+01
  30.180          -0.2197000E+01
  30.200          -0.2033000E+01
  30.220          -0.2087000E+01
  30.240          -0.2049000E+01
  30.260          -0.2168000E+01
  30.280          -0.2521000E+01
  30.300          -0.2692000E+01
  30.320          -0.3080000E+01
  30.340          -0.3135000E+01
  30.360          -0.2645000E+01
  30.380          -0.2057000E+01
  30.400          -0.1165000E+01
  30.420          -0.3850000E+00
  30.440          -0.2030000E+00
  30.460          -0.1530000E+00
  30.480          -0.1160000E+00
  30.500          -0.1880000E+00
  30.520          -0.2200000E+00
  30.540          -0.3360000E+00
  30.560          -0.5120000E+00
  30.580          -0.5360000E+00
  30.600          -0.4690000E+00
  30.620          -0.4140000E+00
  30.640          -0.2910000E+00
  30.660          -0.1250000E+00
  30.680           0.0000000E+00
  30.700           0.0000000E+00
  30.720           0.0000000E+00
  30.740           0.0000000E+00
  30.760           0.0000000E+00
  30.780           0.0000000E+00
  30.800           0.0000000E+00
  30.820           0.0000000E+00
  30.840           0.0000000E+00
  30.860           0.0000000E+00
  30.880           0.0000000E+00
  30.900           0.0000000E+00
  30.920           0.0000000E+00
  30.940           0.0000000E+00
  30.960           0.0000000E+00
  30.980           0.0000000E+00
  31.000           0.0000000E+00
  31.020           0.0000000E+00
  31.040           0.0000000E+00
  31.060           0.0000000E+00
  31.080           0.0000000E+00
  31.100           0.0000000E+00
  31.120           0.0000000E+00
  31.140           0.0000000E+00
  31.160           0.0000000E+00
  31.180           0.0000000E+00
  31.200           0.0000000E+00
  31.220           0.0000000E+00
  31.240           0.0000000E+00
  31.260           0.0000000E+00
  31.280           0.0000000E+00
  31.300           0.0000000E+00
  31.320           0.0000000E+00
  31.340           0.0000000E+00
  31.360           0.0000000E+00
  31.380           0.0000000E+00
  31.400           0.0000000E+00
  31.420           0.0000000E+00
  31.440           0.0000000E+00
  31.460           0.0000000E+00
  31.480           0.0000000E+00
  31.500           0.0000000E+00
  31.520           0.0000000E+00
  31.540           0.0000000E+00
  31.560           0.0000000E+00
  31.580           0.0000000E+00
  31.600           0.0000000E+00
  31.620           0.0000000E+00
  31.640           0.0000000E+00
  31.660           0.0000000E+00
  31.680           0.0000000E+00
  31.700           0.0000000E+00
  31.720           0.0000000E+00
  31.740           0.0000000E+00
  31.760           0.0000000E+00
  31.780           0.0000000E+00
  31.800           0.0000000E+00
  31.820           0.0000000E+00
  31.840           0.0000000E+00
  31.860           0.0000000E+00
  31.880           0.0000000E+00
  31.900           0.0000000E+00
  31.920           0.0000000E+00
  31.940           0.0000000E+00
  31.960           0.0000000E+00
  31.980           0.0000000E+00
  32.000           0.0000000E+00
  32.020           0.0000000E+00
  32.040           0.0000000E+00
  32.060           0.0000000E+00
  32.080           0.0000000E+00
  32.100           0.0000000E+00
  32.120           0.0000000E+00
  32.140           0.0000000E+00
  32.160           0.0000000E+00
  32.180           0.0000000E+00
  32.200           0.0000000E+00
  32.220           0.0000000E+00
  32.240           0.0000000E+00
  32.260           0.0000000E+00
  32.280           0.0000000E+00
  32.300           0.0000000E+00
  32.320           0.0000000E+00
  32.340           0.0000000E+00
  32.360           0.0000000E+00
  32.380           0.0000000E+00
  32.400           0.0000000E+00
  32.420           0.0000000E+00
  32.440           0.0000000E+00
  32.460           0.0000000E+00
  32.480           0.0000000E+00
  32.500           0.0000000E+00
  32.520           0.0000000E+00
  32.540           0.0000000E+00
  32.560           0.0000000E+00
  32.580           0.0000000E+00
  32.600           0.0000000E+00
  32.620           0.0000000E+00
  32.640           0.0000000E+00
  32.660           0.0000000E+00
  32.680           0.0000000E+00
  32.700           0.0000000E+00
  32.720           0.0000000E+00
  32.740           0.0000000E+00
  32.760           0.0000000E+00
  32.780           0.0000000E+00
  32.800           0.0000000E+00
  32.820           0.0000000E+00
  32.840           0.0000000E+00
  32.860           0.0000000E+00
  32.880           0.0000000E+00
  32.900           0.0000000E+00
  32.920           0.0000000E+00
  32.940           0.0000000E+00
  32.960           0.0000000E+00
  32.980           0.0000000E+00
  33.000           0.0000000E+00
  33.020           0.0000000E+00
  33.040           0.0000000E+00
  33.060           0.0000000E+00
  33.080           0.0000000E+00
  33.100           0.0000000E+00
  33.120           0.0000000E+00
  33.140           0.0000000E+00
  33.160           0.0000000E+00
  33.180           0.0000000E+00
  33.200           0.0000000E+00
  33.220           0.0000000E+00
  33.240           0.0000000E+00
  33.260           0.0000000E+00
  33.280           0.0000000E+00
  33.300           0.0000000E+00
  33.320           0.0000000E+00
  33.340           0.0000000E+00
  33.360           0.0000000E+00
  33.380           0.0000000E+00
  33.400           0.0000000E+00
  33.420           0.0000000E+00
  33.440           0.0000000E+00
  33.460           0.0000000E+00
  33.480           0.0000000E+00
  33.500           0.0000000E+00
  33.520           0.0000000E+00
  33.540           0.0000000E+00
  33.560           0.0000000E+00
  33.580           0.0000000E+00
  33.600           0.0000000E+00
  33.620           0.0000000E+00
  33.640           0.0000000E+00
  33.660           0.0000000E+00
  33.680           0.0000000E+00
  33.700           0.0000000E+00
  33.720           0.0000000E+00
  33.740           0.0000000E+00
  33.760           0.0000000E+00
  33.780           0.0000000E+00
  33.800           0.0000000E+00
  33.820           0.0000000E+00
  33.840           0.0000000E+00
  33.860           0.0000000E+00
  33.880           0.0000000E+00
  33.900           0.0000000E+00
  33.920           0.0000000E+00
  33.940           0.0000000E+00
  33.960           0.0000000E+00
  33.980           0.0000000E+00
  34.000           0.0000000E+00
  34.020           0.0000000E+00
  34.040           0.0000000E+00
  34.060           0.0000000E+00
  34.080           0.0000000E+00
  34.100           0.0000000E+00
  34.120           0.0000000E+00
  34.140           0.0000000E+00
  34.160           0.0000000E+00
  34.180           0.0000000E+00
  34.200           0.0000000E+00
  34.220           0.0000000E+00
  34.240           0.0000000E+00
  34.260           0.0000000E+00
  34.280           0.0000000E+00
  34.300           0.0000000E+00
  34.320           0.0000000E+00
  34.340           0.0000000E+00
  34.360           0.0000000E+00
  34.380           0.0000000E+00
  34.400           0.0000000E+00
  34.420           0.0000000E+00
  34.440           0.0000000E+00
  34.460           0.0000000E+00
  34.480           0.0000000E+00
  34.500           0.0000000E+00
  34.520           0.0000000E+00
  34.540           0.0000000E+00
  34.560           0.0000000E+00
  34.580           0.0000000E+00
  34.600           0.0000000E+00
  34.620           0.0000000E+00
  34.640           0.0000000E+00
  34.660           0.0000000E+00
  34.680           0.0000000E+00
  34.700           0.0000000E+00
  34.720           0.0000000E+00
  34.740           0.0000000E+00
  34.760           0.0000000E+00
  34.780           0.0000000E+00
  34.800           0.0000000E+00
  34.820           0.0000000E+00
  34.840           0.0000000E+00
  34.860           0.0000000E+00
  34.880           0.0000000E+00
  34.900           0.0000000E+00
  34.920           0.0000000E+00
  34.940           0.0000000E+00
  34.960           0.0000000E+00
  34.980           0.0000000E+00
  35.000           0.0000000E+00
  35.020           0.0000000E+00
  35.040           0.0000000E+00
  35.060           0.0000000E+00
  35.080           0.0000000E+00
  35.100           0.0000000E+00
  35.120           0.0000000E+00
  35.140           0.0000000E+00
  35.160           0.0000000E+00
  35.180           0.0000000E+00
  35.200           0.0000000E+00
  35.220           0.0000000E+00
  35.240           0.0000000E+00
  35.260           0.0000000E+00
  35.280           0.0000000E+00
  35.300           0.0000000E+00
  35.320           0.0000000E+00
  35.340           0.0000000E+00
  35.360           0.0000000E+00
  35.380           0.0000000E+00
  35.400           0.0000000E+00
  35.420           0.0000000E+00
  35.440           0.0000000E+00
  35.460           0.0000000E+00
  35.480           0.0000000E+00
  35.500           0.0000000E+00
  35.520           0.0000000E+00
  35.540           0.0000000E+00
  35.560           0.0000000E+00
  35.580           0.0000000E+00
  35.600           0.0000000E+00
  35.620           0.0000000E+00
  35.640           0.0000000E+00
  35.660           0.0000000E+00
  35.680           0.0000000E+00
  35.700           0.0000000E+00
  35.720           0.0000000E+00
  35.740           0.0000000E+00
  35.760           0.0000000E+00
  35.780           0.0000000E+00
  35.800           0.0000000E+00
  35.820           0.0000000E+00
  35.840           0.0000000E+00
  35.860           0.0000000E+00
  35.880           0.0000000E+00
  35.900           0.0000000E+00
  35.920           0.0000000E+00
  35.940           0.0000000E+00
  35.960           0.0000000E+00
  35.980           0.0000000E+00
  36.000           0.0000000E+00
  36.020           0.0000000E+00
  36.040           0.0000000E+00
  36.060           0.0000000E+00
  36.080           0.0000000E+00
  36.100           0.0000000E+00
  36.120           0.0000000E+00
  36.140           0.0000000E+00
  36.160           0.0000000E+00
  36.180           0.0000000E+00
  36.200           0.0000000E+00
  36.220           0.0000000E+00
  36.240           0.0000000E+00
  36.260           0.0000000E+00
  36.280           0.0000000E+00
  36.300           0.0000000E+00
  36.320           0.0000000E+00
  36.340           0.0000000E+00
  36.360           0.0000000E+00
  36.380           0.0000000E+00
  36.400           0.0000000E+00
  36.420           0.0000000E+00
  36.440           0.0000000E+00
  36.460           0.0000000E+00
  36.480           0.0000000E+00
  36.500           0.0000000E+00
  36.520           0.0000000E+00
  36.540           0.0000000E+00
  36.560           0.0000000E+00
  36.580           0.0000000E+00
  36.600           0.0000000E+00
  36.620           0.0000000E+00
  36.640           0.0000000E+00
  36.660           0.0000000E+00
  36.680           0.0000000E+00
  36.700           0.0000000E+00
  36.720           0.0000000E+00
  36.740           0.0000000E+00
  36.760           0.0000000E+00
  36.780           0.0000000E+00
  36.800           0.0000000E+00
  36.820           0.0000000E+00
  36.840           0.0000000E+00
  36.860           0.0000000E+00
  36.880           0.0000000E+00
  36.900           0.0000000E+00
  36.920           0.0000000E+00
  36.940           0.0000000E+00
  36.960           0.0000000E+00
  36.980           0.0000000E+00
  37.000           0.0000000E+00
  37.020           0.0000000E+00
  37.040           0.0000000E+00
  37.060           0.0000000E+00
  37.080           0.0000000E+00
  37.100           0.0000000E+00
  37.120           0.0000000E+00
  37.140           0.0000000E+00
  37.160           0.0000000E+00
  37.180           0.0000000E+00
  37.200           0.0000000E+00
  37.220           0.0000000E+00
  37.240           0.0000000E+00
  37.260           0.0000000E+00
  37.280           0.0000000E+00
  37.300           0.0000000E+00
  37.320           0.0000000E+00
  37.340           0.0000000E+00
  37.360           0.0000000E+00
  37.380           0.0000000E+00
  37.400           0.0000000E+00
  37.420           0.0000000E+00
  37.440           0.0000000E+00
  37.460           0.0000000E+00
  37.480           0.0000000E+00
  37.500           0.0000000E+00
  37.520           0.0000000E+00
  37.540           0.0000000E+00
  37.560           0.0000000E+00
  37.580           0.0000000E+00
  37.600           0.0000000E+00
  37.620           0.0000000E+00
  37.640           0.0000000E+00
  37.660           0.0000000E+00
  37.680           0.0000000E+00
  37.700           0.0000000E+00
  37.720           0.0000000E+00
  37.740           0.0000000E+00
  37.760           0.0000000E+00
  37.780           0.0000000E+00
  37.800           0.0000000E+00
  37.820           0.0000000E+00
  37.840           0.0000000E+00
  37.860           0.0000000E+00
  37.880           0.0000000E+00
  37.900           0.0000000E+00
  37.920           0.0000000E+00
  37.940           0.0000000E+00
  37.960           0.0000000E+00
  37.980           0.0000000E+00
  38.000           0.0000000E+00
  38.020           0.0000000E+00
  38.040           0.0000000E+00
  38.060           0.0000000E+00
  38.080           0.0000000E+00
  38.100           0.0000000E+00
  38.120           0.0000000E+00
  38.140           0.0000000E+00
  38.160           0.0000000E+00
  38.180           0.0000000E+00
  38.200           0.0000000E+00
  38.220           0.0000000E+00
  38.240           0.0000000E+00
  38.260           0.0000000E+00
  38.280           0.0000000E+00
  38.300           0.0000000E+00
  38.320           0.0000000E+00
  38.340           0.0000000E+00
  38.360           0.0000000E+00
  38.380           0.0000000E+00
  38.400           0.0000000E+00
  38.420           0.0000000E+00
  38.440           0.0000000E+00
  38.460           0.0000000E+00
  38.480           0.0000000E+00
  38.500           0.0000000E+00
  38.520           0.0000000E+00
  38.540           0.0000000E+00
  38.560           0.0000000E+00
  38.580           0.0000000E+00
  38.600           0.0000000E+00
  38.620           0.0000000E+00
  38.640           0.0000000E+00
  38.660           0.0000000E+00
  38.680           0.0000000E+00
  38.700           0.0000000E+00
  38.720           0.0000000E+00
  38.740           0.0000000E+00
  38.760           0.0000000E+00
  38.780           0.0000000E+00
  38.800           0.0000000E+00
  38.820           0.0000000E+00
  38.840           0.0000000E+00
  38.860           0.0000000E+00
  38.880           0.0000000E+00
  38.900           0.0000000E+00
  38.920           0.0000000E+00
  38.940           0.0000000E+00
  38.960           0.0000000E+00
  38.980           0.0000000E+00
  39.000           0.0000000E+00
  39.020           0.0000000E+00
  39.040           0.0000000E+00
  39.060           0.0000000E+00
  39.080           0.0000000E+00
  39.100           0.0000000E+00
  39.120           0.0000000E+00
  39.140           0.0000000E+00
  39.160           0.0000000E+00
  39.180           0.0000000E+00
  39.200           0.0000000E+00
  39.220           0.0000000E+00
  39.240           0.0000000E+00
  39.260           0.0000000E+00
  39.280           0.0000000E+00
  39.300           0.0000000E+00
  39.320           0.0000000E+00
  39.340           0.0000000E+00
  39.360           0.0000000E+00
  39.380           0.0000000E+00
  39.400           0.0000000E+00
  39.420           0.0000000E+00
  39.440           0.0000000E+00
  39.460           0.0000000E+00
  39.480           0.0000000E+00
  39.500           0.0000000E+00
  39.520           0.0000000E+00
  39.540           0.0000000E+00
  39.560           0.0000000E+00
  39.580           0.0000000E+00
  39.600           0.0000000E+00
  39.620           0.0000000E+00
  39.640           0.0000000E+00
  39.660           0.0000000E+00
  39.680           0.0000000E+00
  39.700           0.0000000E+00
  39.720           0.0000000E+00
  39.740           0.0000000E+00
  39.760           0.0000000E+00
  39.780           0.0000000E+00
  39.800           0.0000000E+00
  39.820           0.0000000E+00
  39.840           0.0000000E+00
  39.860           0.0000000E+00
  39.880           0.0000000E+00
  39.900           0.0000000E+00
  39.920           0.0000000E+00
  39.940           0.0000000E+00
  39.960           0.0000000E+00
  39.980           0.0000000E+00
  40.000           0.0000000E+00
  40.020           0.0000000E+00
  40.040           0.0000000E+00
  40.060           0.0000000E+00
  40.080           0.0000000E+00
  40.100           0.0000000E+00
  40.120           0.0000000E+00
  40.140           0.0000000E+00
  40.160           0.0000000E+00
  40.180           0.0000000E+00
  40.200           0.0000000E+00
  40.220           0.0000000E+00
  40.240           0.0000000E+00
  40.260           0.0000000E+00
  40.280           0.0000000E+00
  40.300           0.0000000E+00
  40.320           0.0000000E+00
  40.340           0.0000000E+00
  40.360           0.0000000E+00
  40.380           0.0000000E+00
  40.400           0.0000000E+00
  40.420           0.0000000E+00
  40.440           0.0000000E+00
  40.460           0.0000000E+00
  40.480           0.0000000E+00
  40.500           0.0000000E+00
  40.520           0.0000000E+00
  40.540           0.0000000E+00
  40.560           0.0000000E+00
  40.580           0.0000000E+00
  40.600           0.0000000E+00
  40.620           0.0000000E+00
  40.640           0.0000000E+00
  40.660           0.0000000E+00
  40.680           0.0000000E+00
  40.700           0.0000000E+00
  40.720           0.0000000E+00
  40.740           0.0000000E+00
  40.760           0.0000000E+00
  40.780           0.0000000E+00
  40.800           0.0000000E+00
  40.820           0.0000000E+00
  40.840           0.0000000E+00
  40.860           0.0000000E+00
  40.880           0.0000000E+00
  40.900           0.0000000E+00
  40.920           0.0000000E+00
  40.940           0.0000000E+00
  40.960           0.0000000E+00
