   0.020           0.3000000E-01
   0.040           0.3000000E-01
   0.060           0.3000000E-01
   0.080           0.2900000E-01
   0.100           0.2900000E-01
   0.120           0.3000000E-01
   0.140           0.3300000E-01
   0.160           0.3500000E-01
   0.180           0.3100000E-01
   0.200           0.3300000E-01
   0.220           0.3800000E-01
   0.240           0.3100000E-01
   0.260           0.3800000E-01
   0.280           0.5200000E-01
   0.300           0.3400000E-01
   0.320           0.4900000E-01
   0.340           0.1660000E+00
   0.360           0.9300000E-01
   0.380           0.4500000E-01
   0.400           0.5100000E-01
   0.420           0.1920000E+00
   0.440           0.8200000E-01
   0.460           0.5400000E-01
   0.480           0.1090000E+00
   0.500           0.7500000E-01
   0.520           0.1110000E+00
   0.540           0.3740000E+00
   0.560           0.5900000E-01
   0.580          -0.2800000E-01
   0.600          -0.4180000E+00
   0.620          -0.2390000E+00
   0.640          -0.1700000E-01
   0.660          -0.1300000E-01
   0.680          -0.3070000E+00
   0.700          -0.1910000E+00
   0.720          -0.9700000E-01
   0.740          -0.2800000E+00
   0.760          -0.1460000E+00
   0.780          -0.1050000E+00
   0.800          -0.3540000E+00
   0.820          -0.2100000E+00
   0.840          -0.2130000E+00
   0.860          -0.6990000E+00
   0.880          -0.9550000E+00
   0.900          -0.4060000E+00
   0.920           0.3700000E-01
   0.940           0.2620000E+00
   0.960          -0.2000000E-01
   0.980          -0.6050000E+00
   1.000          -0.7300000E+00
   1.020          -0.7430000E+00
   1.040          -0.1355000E+01
   1.060          -0.1011000E+01
   1.080          -0.2590000E+00
   1.100           0.3590000E+00
   1.120           0.3590000E+00
   1.140           0.1145000E+01
   1.160           0.1761000E+01
   1.180           0.1219000E+01
   1.200           0.2470000E+00
   1.220          -0.1814000E+01
   1.240          -0.1952000E+01
   1.260          -0.8400000E+00
   1.280          -0.1219000E+01
   1.300           0.4000000E-02
   1.320           0.7720000E+00
   1.340           0.1554000E+01
   1.360           0.2004000E+01
   1.380           0.1229000E+01
   1.400          -0.1280000E+00
   1.420          -0.1344000E+01
   1.440          -0.1853000E+01
   1.460          -0.1737000E+01
   1.480          -0.2808000E+01
   1.500          -0.2254000E+01
   1.520          -0.2200000E+00
   1.540          -0.3950000E+00
   1.560          -0.1505000E+01
   1.580          -0.1500000E+01
   1.600          -0.1517000E+01
   1.620          -0.2419000E+01
   1.640          -0.3465000E+01
   1.660          -0.2321000E+01
   1.680          -0.1289000E+01
   1.700          -0.1676000E+01
   1.720          -0.1320000E+01
   1.740          -0.2700000E-01
   1.760          -0.2217000E+01
   1.780          -0.3090000E+01
   1.800          -0.2110000E+01
   1.820          -0.3064000E+01
   1.840          -0.4381000E+01
   1.860          -0.2910000E+01
   1.880          -0.2104000E+01
   1.900           0.8200000E-01
   1.920           0.1522000E+01
   1.940           0.3762000E+01
   1.960           0.5013000E+01
   1.980           0.4881000E+01
   2.000           0.5251000E+01
   2.020           0.4149000E+01
   2.040          -0.1546000E+01
   2.060          -0.4415000E+01
   2.080          -0.2895000E+01
   2.100           0.2518000E+01
   2.120           0.5169000E+01
   2.140           0.2130000E+01
   2.160          -0.1676000E+01
   2.180          -0.4684000E+01
   2.200          -0.6298000E+01
   2.220          -0.2883000E+01
   2.240          -0.3082000E+01
   2.260          -0.6651000E+01
   2.280          -0.4804000E+01
   2.300           0.4800000E+00
   2.320           0.2130000E+01
   2.340          -0.8540000E+00
   2.360          -0.2203000E+01
   2.380          -0.3662000E+01
   2.400          -0.3021000E+01
   2.420           0.9240000E+00
   2.440           0.3131000E+01
   2.460           0.5420000E+00
   2.480          -0.4493000E+01
   2.500          -0.4556000E+01
   2.520           0.2045000E+01
   2.540           0.6468000E+01
   2.560           0.7027000E+01
   2.580           0.5093000E+01
   2.600           0.4661000E+01
   2.620           0.3286000E+01
   2.640           0.6017000E+01
   2.660           0.9311000E+01
   2.680           0.8719000E+01
   2.700           0.7575000E+01
   2.720           0.7764000E+01
   2.740           0.6951000E+01
   2.760           0.1002700E+02
   2.780           0.7630000E+01
   2.800           0.6000000E-02
   2.820           0.8680000E+00
   2.840           0.6160000E+01
   2.860           0.8396000E+01
   2.880           0.8095000E+01
   2.900           0.7323000E+01
   2.920           0.6924000E+01
   2.940           0.3844000E+01
   2.960           0.5160000E+00
   2.980          -0.1977000E+01
   3.000          -0.1901000E+01
   3.020           0.6840000E+00
   3.040           0.3443000E+01
   3.060           0.4210000E+01
   3.080          -0.1384000E+01
   3.100          -0.8152000E+01
   3.120          -0.1271400E+02
   3.140          -0.1293200E+02
   3.160          -0.6482000E+01
   3.180          -0.2212000E+01
   3.200          -0.7474000E+01
   3.220          -0.8946000E+01
   3.240          -0.2145000E+01
   3.260           0.1860000E+00
   3.280          -0.2591000E+01
   3.300          -0.9058000E+01
   3.320          -0.7811000E+01
   3.340          -0.5803000E+01
   3.360          -0.5558000E+01
   3.380          -0.4398000E+01
   3.400          -0.9668000E+01
   3.420          -0.1524900E+02
   3.440          -0.9608000E+01
   3.460           0.1140000E+01
   3.480           0.2472000E+01
   3.500          -0.2421000E+01
   3.520           0.3830000E+00
   3.540           0.1793000E+01
   3.560           0.2190000E+00
   3.580          -0.8740000E+00
   3.600           0.3117000E+01
   3.620          -0.7370000E+00
   3.640          -0.8288000E+01
   3.660          -0.9489000E+01
   3.680          -0.8303000E+01
   3.700          -0.7577000E+01
   3.720          -0.2406000E+01
   3.740          -0.1068000E+01
   3.760           0.7160000E+00
   3.780           0.4536000E+01
   3.800           0.1373400E+02
   3.820           0.1635900E+02
   3.840           0.1136700E+02
   3.860           0.9653000E+01
   3.880           0.1804700E+02
   3.900           0.1350100E+02
   3.920           0.4084000E+01
   3.940          -0.3430000E+01
   3.960          -0.1009500E+02
   3.980          -0.1804800E+02
   4.000          -0.1632500E+02
   4.020          -0.8999000E+01
   4.040          -0.2614000E+01
   4.060          -0.4875000E+01
   4.080          -0.6454000E+01
   4.100          -0.5461000E+01
   4.120          -0.1043000E+01
   4.140           0.4804000E+01
   4.160           0.5398000E+01
   4.180          -0.1749000E+01
   4.200          -0.1106400E+02
   4.220          -0.4354000E+01
   4.240           0.8463000E+01
   4.260           0.1028800E+02
   4.280           0.7083000E+01
   4.300           0.1160000E+00
   4.320          -0.8270000E+01
   4.340          -0.6025000E+01
   4.360          -0.2040000E+00
   4.380          -0.4780000E+00
   4.400          -0.1202000E+01
   4.420           0.2170000E+00
   4.440           0.1206100E+02
   4.460           0.1656800E+02
   4.480           0.1055900E+02
   4.500           0.6519000E+01
   4.520           0.6627000E+01
   4.540           0.1180500E+02
   4.560           0.1890500E+02
   4.580           0.1430500E+02
   4.600          -0.1900000E+01
   4.620          -0.1744600E+02
   4.640          -0.6972000E+01
   4.660           0.1081400E+02
   4.680           0.1703700E+02
   4.700           0.1427100E+02
   4.720           0.1218200E+02
   4.740           0.2649000E+01
   4.760           0.5084000E+01
   4.780           0.1293700E+02
   4.800           0.1732600E+02
   4.820           0.1004700E+02
   4.840          -0.6185000E+01
   4.860          -0.1283900E+02
   4.880          -0.9159000E+01
   4.900          -0.9099000E+01
   4.920          -0.1148600E+02
   4.940          -0.8574000E+01
   4.960          -0.1211000E+01
   4.980           0.1247000E+01
   5.000           0.7811000E+01
   5.020           0.1041600E+02
   5.040           0.9945000E+01
   5.060           0.1684300E+02
   5.080           0.2145000E+02
   5.100           0.1638200E+02
   5.120           0.7621000E+01
   5.140           0.2361000E+01
   5.160          -0.3000000E-01
   5.180          -0.7241000E+01
   5.200          -0.8667000E+01
   5.220          -0.2086000E+01
   5.240          -0.6323000E+01
   5.260          -0.2019000E+01
   5.280          -0.1406000E+01
   5.300           0.1287900E+02
   5.320           0.2995300E+02
   5.340           0.2877100E+02
   5.360           0.2864600E+02
   5.380           0.1972900E+02
   5.400          -0.6091000E+01
   5.420          -0.1062900E+02
   5.440           0.3251000E+01
   5.460           0.5194000E+01
   5.480           0.1040100E+02
   5.500           0.9405000E+01
   5.520           0.3670000E+00
   5.540          -0.2700000E+00
   5.560           0.1627800E+02
   5.580           0.1230300E+02
   5.600          -0.2953000E+01
   5.620          -0.5953000E+01
   5.640          -0.4060000E+01
   5.660          -0.1367100E+02
   5.680          -0.1582400E+02
   5.700          -0.1044100E+02
   5.720          -0.6434000E+01
   5.740          -0.3353000E+01
   5.760          -0.3289000E+01
   5.780          -0.2300300E+02
   5.800          -0.4066800E+02
   5.820          -0.2530800E+02
   5.840          -0.7067000E+01
   5.860          -0.1864200E+02
   5.880          -0.1730200E+02
   5.900           0.7449000E+01
   5.920           0.2763200E+02
   5.940           0.2513400E+02
   5.960           0.4920000E+01
   5.980          -0.3460000E+00
   6.000           0.3328000E+01
   6.020          -0.1208400E+02
   6.040          -0.2089200E+02
   6.060          -0.3315700E+02
   6.080          -0.4649700E+02
   6.100          -0.4163600E+02
   6.120          -0.4829000E+01
   6.140           0.1756500E+02
   6.160           0.2438000E+02
   6.180           0.2037900E+02
   6.200          -0.1863000E+01
   6.220          -0.3248300E+02
   6.240          -0.3204500E+02
   6.260          -0.1517900E+02
   6.280           0.5919000E+01
   6.300           0.1656900E+02
   6.320           0.1677300E+02
   6.340           0.1430400E+02
   6.360           0.6206000E+01
   6.380          -0.3814000E+01
   6.400           0.5476000E+01
   6.420          -0.2143000E+01
   6.440          -0.1720800E+02
   6.460          -0.1184100E+02
   6.480          -0.3062000E+01
   6.500          -0.3656000E+01
   6.520           0.4070000E+00
   6.540          -0.3600000E+00
   6.560           0.1077300E+02
   6.580           0.2650700E+02
   6.600           0.7621000E+01
   6.620          -0.1039900E+02
   6.640          -0.3660000E+01
   6.660           0.1050000E+00
   6.680           0.8624000E+01
   6.700          -0.1297800E+02
   6.720          -0.3369500E+02
   6.740          -0.2413000E+02
   6.760          -0.8882000E+01
   6.780          -0.1784200E+02
   6.800          -0.1261700E+02
   6.820          -0.1941900E+02
   6.840          -0.1871500E+02
   6.860          -0.1689900E+02
   6.880          -0.1886300E+02
   6.900           0.3896000E+01
   6.920           0.2463500E+02
   6.940           0.2511700E+02
   6.960           0.2092600E+02
   6.980           0.1809500E+02
   7.000           0.1396400E+02
   7.020           0.2890200E+02
   7.040           0.2624000E+02
   7.060           0.1741000E+01
   7.080          -0.1857800E+02
   7.100           0.6910000E+00
   7.120           0.2747800E+02
   7.140           0.2659200E+02
   7.160           0.1708900E+02
   7.180           0.1576700E+02
   7.200           0.2817200E+02
   7.220           0.1830500E+02
   7.240           0.3579000E+01
   7.260           0.7800000E+01
   7.280          -0.1265000E+01
   7.300           0.1086200E+02
   7.320           0.2383300E+02
   7.340           0.2236800E+02
   7.360           0.1572500E+02
   7.380           0.2368600E+02
   7.400           0.1099500E+02
   7.420          -0.5161000E+01
   7.440          -0.1054300E+02
   7.460          -0.1133600E+02
   7.480          -0.1182400E+02
   7.500          -0.2707500E+02
   7.520          -0.3589500E+02
   7.540          -0.3851100E+02
   7.560          -0.3749700E+02
   7.580          -0.3521700E+02
   7.600          -0.4640600E+02
   7.620          -0.4004600E+02
   7.640          -0.1741000E+02
   7.660          -0.4129000E+01
   7.680           0.7611000E+01
   7.700          -0.2930000E+01
   7.720          -0.3107100E+02
   7.740          -0.6044000E+01
   7.760           0.3290200E+02
   7.780           0.6309300E+02
   7.800           0.4639700E+02
   7.820           0.2234800E+02
   7.840           0.1870700E+02
   7.860           0.1561000E+02
   7.880           0.1303000E+01
   7.900          -0.4265000E+01
   7.920          -0.1554800E+02
   7.940          -0.2428300E+02
   7.960          -0.1150900E+02
   7.980          -0.3435000E+01
   8.000           0.8178000E+01
   8.020           0.6236000E+01
   8.040          -0.2257000E+01
   8.060           0.2276500E+02
   8.080           0.3323000E+01
   8.100          -0.3702000E+02
   8.120          -0.2589600E+02
   8.140          -0.1222700E+02
   8.160          -0.3451700E+02
   8.180          -0.4089600E+02
   8.200          -0.3595700E+02
   8.220          -0.4240500E+02
   8.240          -0.3715400E+02
   8.260          -0.1687200E+02
   8.280           0.5680000E+01
   8.300           0.6047000E+01
   8.320          -0.1798000E+01
   8.340           0.1992400E+02
   8.360           0.2546000E+02
   8.380           0.2440600E+02
   8.400           0.2831500E+02
   8.420           0.1781700E+02
   8.440           0.1284800E+02
   8.460           0.1972300E+02
   8.480           0.4256000E+01
   8.500          -0.2189000E+02
   8.520          -0.5040500E+02
   8.540          -0.5144700E+02
   8.560          -0.4302600E+02
   8.580          -0.2760900E+02
   8.600          -0.2256900E+02
   8.620           0.9870000E+01
   8.640           0.2499500E+02
   8.660          -0.5500000E+01
   8.680          -0.2902100E+02
   8.700          -0.2373700E+02
   8.720           0.6247000E+01
   8.740           0.4509000E+01
   8.760          -0.1427300E+02
   8.780          -0.1997000E+02
   8.800          -0.9476000E+01
   8.820           0.5113000E+01
   8.840           0.2988600E+02
   8.860           0.4824400E+02
   8.880           0.1512300E+02
   8.900           0.2488000E+01
   8.920           0.1687900E+02
   8.940          -0.1271500E+02
   8.960          -0.3387400E+02
   8.980          -0.1990200E+02
   9.000          -0.2351100E+02
   9.020          -0.6697000E+01
   9.040           0.6785000E+01
   9.060          -0.1634400E+02
   9.080          -0.3343700E+02
   9.100           0.7939000E+01
   9.120           0.6949500E+02
   9.140           0.7883600E+02
   9.160           0.3088600E+02
   9.180           0.8150000E+01
   9.200           0.2311200E+02
   9.220           0.2798700E+02
   9.240           0.3909300E+02
   9.260           0.4616500E+02
   9.280           0.3258000E+01
   9.300          -0.4867300E+02
   9.320          -0.4964500E+02
   9.340          -0.4881600E+02
   9.360          -0.9757000E+01
   9.380           0.6701000E+01
   9.400          -0.1009500E+02
   9.420          -0.1669600E+02
   9.440          -0.2489200E+02
   9.460          -0.4017000E+01
   9.480           0.3956900E+02
   9.500           0.2624700E+02
   9.520          -0.3610800E+02
   9.540          -0.5328900E+02
   9.560          -0.9901000E+01
   9.580          -0.3869000E+01
   9.600           0.2004400E+02
   9.620           0.5307200E+02
   9.640           0.3597000E+02
   9.660          -0.2014000E+01
   9.680           0.2762300E+02
   9.700           0.5266000E+02
   9.720           0.1720700E+02
   9.740          -0.8546000E+01
   9.760          -0.1482000E+02
   9.780          -0.4639700E+02
   9.800          -0.1980800E+02
   9.820           0.2685000E+02
   9.840           0.1296000E+02
   9.860          -0.3251600E+02
   9.880          -0.4072300E+02
   9.900          -0.4534700E+02
   9.920          -0.4350500E+02
   9.940          -0.2367600E+02
   9.960           0.2168600E+02
   9.980           0.2195600E+02
  10.000          -0.1601500E+02
  10.020          -0.2972200E+02
  10.040          -0.5624800E+02
  10.060          -0.6533000E+02
  10.080          -0.4857500E+02
  10.100          -0.3360500E+02
  10.120          -0.2704200E+02
  10.140           0.1718400E+02
  10.160           0.5338500E+02
  10.180           0.6167900E+02
  10.200           0.2088100E+02
  10.220          -0.4248200E+02
  10.240          -0.5905000E+02
  10.260          -0.2460800E+02
  10.280          -0.6723000E+01
  10.300          -0.1145000E+01
  10.320           0.3374800E+02
  10.340           0.6653900E+02
  10.360           0.7833400E+02
  10.380           0.6716900E+02
  10.400           0.3294800E+02
  10.420          -0.5890000E+00
  10.440          -0.1050700E+02
  10.460           0.2445200E+02
  10.480           0.2215400E+02
  10.500          -0.1379000E+01
  10.520          -0.3841100E+02
  10.540          -0.1607800E+02
  10.560           0.1390300E+02
  10.580           0.5497200E+02
  10.600           0.7675700E+02
  10.620           0.7119000E+02
  10.640           0.4684100E+02
  10.660          -0.6628000E+01
  10.680          -0.5220200E+02
  10.700          -0.8409400E+02
  10.720          -0.6649700E+02
  10.740          -0.3110500E+02
  10.760           0.6729000E+01
  10.780           0.4219500E+02
  10.800           0.4114800E+02
  10.820           0.2903400E+02
  10.840           0.2841900E+02
  10.860           0.5637000E+01
  10.880           0.4209000E+01
  10.900           0.2809100E+02
  10.920           0.4458800E+02
  10.940           0.2331900E+02
  10.960           0.1991100E+02
  10.980          -0.1059100E+02
  11.000           0.1092000E+01
  11.020           0.3118700E+02
  11.040          -0.1241000E+01
  11.060          -0.5220000E+01
  11.080           0.5967000E+01
  11.100          -0.2199100E+02
  11.120          -0.5551000E+02
  11.140          -0.5793900E+02
  11.160          -0.6058200E+02
  11.180          -0.3720200E+02
  11.200          -0.8167000E+01
  11.220           0.1155000E+02
  11.240          -0.5313000E+01
  11.260           0.1569600E+02
  11.280           0.5728400E+02
  11.300           0.6330600E+02
  11.320           0.8756000E+01
  11.340           0.4881000E+01
  11.360           0.1695000E+02
  11.380           0.1547000E+01
  11.400          -0.3662000E+02
  11.420          -0.4988000E+02
  11.440          -0.1929400E+02
  11.460           0.2010400E+02
  11.480          -0.1248800E+02
  11.500          -0.2950300E+02
  11.520          -0.1607800E+02
  11.540           0.1878600E+02
  11.560           0.4945000E+02
  11.580           0.2338100E+02
  11.600           0.3960100E+02
  11.620           0.4724200E+02
  11.640           0.3824200E+02
  11.660           0.4432900E+02
  11.680           0.6059800E+02
  11.700           0.2902800E+02
  11.720           0.1246900E+02
  11.740          -0.7343000E+01
  11.760          -0.2754400E+02
  11.780          -0.1931900E+02
  11.800           0.1529600E+02
  11.820           0.7812000E+01
  11.840           0.3727200E+02
  11.860           0.1368400E+02
  11.880          -0.1723000E+01
  11.900           0.2310700E+02
  11.920           0.3064300E+02
  11.940           0.2491400E+02
  11.960           0.8940000E+01
  11.980          -0.2217800E+02
  12.000          -0.5197500E+02
  12.020          -0.4565600E+02
  12.040          -0.3222800E+02
  12.060          -0.1161800E+02
  12.080           0.2941800E+02
  12.100           0.7708100E+02
  12.120           0.7314800E+02
  12.140           0.4212200E+02
  12.160          -0.1621000E+01
  12.180          -0.1678300E+02
  12.200          -0.1664600E+02
  12.220          -0.1691800E+02
  12.240          -0.5486000E+01
  12.260           0.1592300E+02
  12.280           0.8252000E+01
  12.300          -0.2319300E+02
  12.320          -0.3028800E+02
  12.340          -0.3208100E+02
  12.360          -0.2599600E+02
  12.380          -0.1426900E+02
  12.400           0.1898300E+02
  12.420           0.8423400E+02
  12.440           0.1110300E+03
  12.460           0.7367100E+02
  12.480           0.3110600E+02
  12.500           0.8899000E+01
  12.520          -0.2000000E+00
  12.540           0.6696000E+01
  12.560          -0.8458000E+01
  12.580          -0.2518500E+02
  12.600          -0.6513700E+02
  12.620          -0.9105600E+02
  12.640          -0.3707900E+02
  12.660          -0.8818000E+01
  12.680           0.1388500E+02
  12.700           0.3357400E+02
  12.720           0.3347000E+01
  12.740          -0.2994600E+02
  12.760          -0.3654000E+02
  12.780          -0.1039900E+02
  12.800          -0.1602500E+02
  12.820          -0.4343300E+02
  12.840          -0.3774300E+02
  12.860          -0.4915600E+02
  12.880           0.9771000E+01
  12.900           0.6168900E+02
  12.920           0.5738000E+02
  12.940           0.3090700E+02
  12.960          -0.1031700E+02
  12.980          -0.4358600E+02
  13.000          -0.3730000E+02
  13.020          -0.1732400E+02
  13.040          -0.2534300E+02
  13.060          -0.3278900E+02
  13.080          -0.1935000E+01
  13.100           0.1338800E+02
  13.120          -0.1502500E+02
  13.140          -0.1954300E+02
  13.160          -0.9534000E+01
  13.180          -0.2000900E+02
  13.200          -0.7801000E+01
  13.220          -0.1356100E+02
  13.240           0.6735000E+01
  13.260           0.4646000E+01
  13.280           0.1089700E+02
  13.300           0.1653800E+02
  13.320           0.4011100E+02
  13.340           0.4819500E+02
  13.360           0.3047700E+02
  13.380           0.4274300E+02
  13.400           0.2537700E+02
  13.420          -0.1921500E+02
  13.440          -0.4349400E+02
  13.460          -0.4739700E+02
  13.480          -0.3311900E+02
  13.500           0.1132800E+02
  13.520           0.1987300E+02
  13.540          -0.1797200E+02
  13.560          -0.5710000E+02
  13.580          -0.6065900E+02
  13.600          -0.6888200E+02
  13.620          -0.4076700E+02
  13.640          -0.1128900E+02
  13.660          -0.2499900E+02
  13.680          -0.2339700E+02
  13.700          -0.1690800E+02
  13.720           0.1147600E+02
  13.740           0.4100300E+02
  13.760           0.2270900E+02
  13.780           0.2013600E+02
  13.800           0.2678800E+02
  13.820           0.9993000E+01
  13.840           0.3649200E+02
  13.860           0.8193600E+02
  13.880           0.4564700E+02
  13.900          -0.8495000E+01
  13.920          -0.1490100E+02
  13.940          -0.1680000E+01
  13.960          -0.1780800E+02
  13.980           0.2132000E+02
  14.000           0.3872500E+02
  14.020          -0.8318000E+01
  14.040          -0.2014800E+02
  14.060          -0.9092000E+01
  14.080          -0.1584200E+02
  14.100          -0.5344400E+02
  14.120          -0.5761000E+02
  14.140          -0.4819800E+02
  14.160          -0.1767500E+02
  14.180          -0.1366200E+02
  14.200          -0.1780000E+02
  14.220          -0.3926000E+01
  14.240          -0.1715900E+02
  14.260          -0.1575900E+02
  14.280           0.1105700E+02
  14.300          -0.3339000E+01
  14.320          -0.4568000E+01
  14.340           0.2463100E+02
  14.360           0.1962000E+01
  14.380          -0.2221100E+02
  14.400          -0.1911400E+02
  14.420           0.3246800E+02
  14.440           0.3617500E+02
  14.460           0.1942500E+02
  14.480           0.1815700E+02
  14.500          -0.2588000E+01
  14.520          -0.3707400E+02
  14.540          -0.3425800E+02
  14.560          -0.1983800E+02
  14.580           0.3194000E+01
  14.600          -0.3580000E+00
  14.620           0.3786600E+02
  14.640           0.1536400E+02
  14.660          -0.3013400E+02
  14.680          -0.3292800E+02
  14.700          -0.1916100E+02
  14.720          -0.4495000E+01
  14.740          -0.8918000E+01
  14.760          -0.6600000E-01
  14.780           0.1969500E+02
  14.800          -0.2580000E+00
  14.820          -0.5459000E+01
  14.840           0.4784000E+01
  14.860           0.1613100E+02
  14.880           0.2418000E+02
  14.900           0.2566600E+02
  14.920           0.1017400E+02
  14.940           0.3187700E+02
  14.960           0.6313500E+02
  14.980           0.3694900E+02
  15.000          -0.5275000E+01
  15.020          -0.2361000E+01
  15.040           0.1656700E+02
  15.060           0.7632000E+01
  15.080           0.7221000E+01
  15.100           0.3147800E+02
  15.120           0.1615400E+02
  15.140           0.1864000E+01
  15.160           0.1758100E+02
  15.180           0.3420500E+02
  15.200           0.4951400E+02
  15.220           0.3860000E+02
  15.240           0.8084000E+01
  15.260          -0.5000300E+02
  15.280          -0.4528000E+02
  15.300          -0.2694400E+02
  15.320          -0.2114800E+02
  15.340          -0.1648000E+02
  15.360           0.2044100E+02
  15.380          -0.4040000E+01
  15.400          -0.2536100E+02
  15.420          -0.1850000E+02
  15.440          -0.7811000E+01
  15.460           0.2857200E+02
  15.480           0.2265100E+02
  15.500          -0.3945200E+02
  15.520          -0.7763400E+02
  15.540          -0.6587900E+02
  15.560          -0.5800700E+02
  15.580          -0.2467300E+02
  15.600           0.3987800E+02
  15.620           0.6979500E+02
  15.640           0.8085000E+02
  15.660           0.9971400E+02
  15.680           0.8448900E+02
  15.700           0.2832400E+02
  15.720           0.1289500E+02
  15.740           0.1474700E+02
  15.760          -0.2259400E+02
  15.780          -0.4711200E+02
  15.800          -0.6832100E+02
  15.820          -0.4877800E+02
  15.840          -0.3494000E+02
  15.860          -0.3125200E+02
  15.880          -0.4687100E+02
  15.900          -0.4659400E+02
  15.920          -0.1238100E+02
  15.940           0.2155700E+02
  15.960           0.4362200E+02
  15.980           0.5531200E+02
  16.000           0.5101600E+02
  16.020           0.2780200E+02
  16.040           0.3787100E+02
  16.060           0.4963400E+02
  16.080           0.4943400E+02
  16.100           0.1324100E+02
  16.120          -0.1228900E+02
  16.140          -0.4078200E+02
  16.160          -0.4869300E+02
  16.180          -0.1131300E+02
  16.200           0.4309700E+02
  16.220           0.7443300E+02
  16.240           0.4349500E+02
  16.260           0.1950600E+02
  16.280           0.1352900E+02
  16.300          -0.1714600E+02
  16.320          -0.4155800E+02
  16.340          -0.4354800E+02
  16.360          -0.5934200E+02
  16.380          -0.7136200E+02
  16.400          -0.3923200E+02
  16.420           0.4035000E+01
  16.440          -0.4977000E+01
  16.460          -0.4910000E+00
  16.480           0.1898500E+02
  16.500           0.6123000E+01
  16.520          -0.1985800E+02
  16.540          -0.1598500E+02
  16.560          -0.1703000E+01
  16.580           0.1569200E+02
  16.600          -0.1471700E+02
  16.620          -0.2402000E+01
  16.640           0.3129200E+02
  16.660           0.2336900E+02
  16.680           0.8785000E+01
  16.700           0.3746000E+01
  16.720          -0.2291800E+02
  16.740          -0.4033500E+02
  16.760          -0.8433800E+02
  16.780          -0.6176300E+02
  16.800          -0.2803800E+02
  16.820           0.4062000E+01
  16.840           0.4748500E+02
  16.860           0.7767400E+02
  16.880           0.3533000E+02
  16.900          -0.1898000E+02
  16.920          -0.4136900E+02
  16.940          -0.4392800E+02
  16.960          -0.4023700E+02
  16.980          -0.3106200E+02
  17.000          -0.1869000E+02
  17.020          -0.1196000E+01
  17.040           0.5340100E+02
  17.060           0.5718400E+02
  17.080           0.1629000E+01
  17.100          -0.3285800E+02
  17.120          -0.1044800E+02
  17.140          -0.8079000E+01
  17.160          -0.1610400E+02
  17.180           0.9597000E+01
  17.200           0.1432600E+02
  17.220           0.4051300E+02
  17.240           0.2262400E+02
  17.260           0.1342900E+02
  17.280           0.1458400E+02
  17.300           0.3479800E+02
  17.320           0.3847600E+02
  17.340           0.3065600E+02
  17.360           0.1174400E+02
  17.380          -0.1046200E+02
  17.400          -0.1599100E+02
  17.420           0.1580500E+02
  17.440           0.5965700E+02
  17.460           0.6683800E+02
  17.480           0.4726500E+02
  17.500           0.3772000E+01
  17.520          -0.4223300E+02
  17.540          -0.3471400E+02
  17.560          -0.2469200E+02
  17.580          -0.4489500E+02
  17.600          -0.4170600E+02
  17.620          -0.1759800E+02
  17.640           0.1104300E+02
  17.660           0.2656000E+02
  17.680           0.2584800E+02
  17.700           0.2119100E+02
  17.720          -0.5837000E+01
  17.740          -0.9849000E+01
  17.760           0.9329000E+01
  17.780           0.2623700E+02
  17.800           0.1259700E+02
  17.820          -0.1446100E+02
  17.840          -0.1360500E+02
  17.860          -0.4230400E+02
  17.880          -0.4009000E+02
  17.900          -0.2477000E+01
  17.920           0.2099000E+02
  17.940           0.3653700E+02
  17.960           0.3131300E+02
  17.980           0.6950000E+00
  18.000          -0.1773000E+02
  18.020           0.2652000E+01
  18.040           0.3484500E+02
  18.060           0.3504100E+02
  18.080           0.2741400E+02
  18.100           0.4333400E+02
  18.120           0.4682100E+02
  18.140           0.3639100E+02
  18.160           0.4051000E+01
  18.180          -0.2110600E+02
  18.200           0.2322000E+01
  18.220           0.6940000E+01
  18.240           0.3460600E+02
  18.260           0.8283300E+02
  18.280           0.7285000E+02
  18.300           0.3147700E+02
  18.320          -0.1598100E+02
  18.340          -0.2638400E+02
  18.360          -0.5071200E+02
  18.380          -0.8198000E+02
  18.400          -0.7218200E+02
  18.420          -0.4253800E+02
  18.440          -0.6154400E+02
  18.460          -0.4874100E+02
  18.480          -0.1135400E+02
  18.500           0.4047000E+01
  18.520          -0.2939000E+02
  18.540          -0.5376500E+02
  18.560          -0.2419200E+02
  18.580          -0.1439700E+02
  18.600          -0.1288800E+02
  18.620           0.6562000E+01
  18.640           0.3477400E+02
  18.660          -0.7641000E+01
  18.680          -0.2021600E+02
  18.700           0.6252000E+01
  18.720           0.1449300E+02
  18.740           0.5651000E+01
  18.760           0.1740000E+01
  18.780          -0.1934000E+02
  18.800          -0.3168500E+02
  18.820          -0.5766000E+01
  18.840           0.4169000E+02
  18.860           0.5823700E+02
  18.880           0.1364200E+02
  18.900          -0.9364000E+01
  18.920          -0.4894000E+01
  18.940           0.7368000E+01
  18.960           0.8966000E+01
  18.980           0.2249700E+02
  19.000          -0.1246000E+01
  19.020          -0.6397000E+01
  19.040           0.2465300E+02
  19.060           0.1867300E+02
  19.080           0.2163900E+02
  19.100          -0.3198000E+01
  19.120          -0.2273400E+02
  19.140          -0.5748200E+02
  19.160          -0.5193800E+02
  19.180          -0.4117400E+02
  19.200          -0.3227900E+02
  19.220           0.1684700E+02
  19.240           0.3359500E+02
  19.260           0.1423900E+02
  19.280           0.1499100E+02
  19.300           0.2209900E+02
  19.320           0.1118800E+02
  19.340           0.1577200E+02
  19.360           0.2470400E+02
  19.380           0.1562800E+02
  19.400           0.2085100E+02
  19.420           0.1338200E+02
  19.440          -0.5305000E+01
  19.460           0.4212000E+01
  19.480          -0.4014000E+01
  19.500          -0.1092000E+02
  19.520          -0.3329300E+02
  19.540          -0.6768800E+02
  19.560          -0.6067300E+02
  19.580          -0.2904200E+02
  19.600           0.1526000E+02
  19.620           0.3812700E+02
  19.640           0.1224300E+02
  19.660          -0.1083400E+02
  19.680          -0.6437000E+01
  19.700          -0.1680000E+01
  19.720          -0.5606000E+01
  19.740          -0.1570000E+02
  19.760          -0.2954300E+02
  19.780          -0.5754900E+02
  19.800          -0.7821000E+02
  19.820          -0.4685600E+02
  19.840          -0.8620000E+01
  19.860          -0.9050000E+01
  19.880          -0.9948000E+01
  19.900           0.2276700E+02
  19.920           0.4727600E+02
  19.940           0.4922400E+02
  19.960           0.7502600E+02
  19.980           0.8218300E+02
  20.000           0.5646600E+02
  20.020           0.3336600E+02
  20.040           0.7134000E+01
  20.060          -0.1857700E+02
  20.080          -0.6535000E+01
  20.100          -0.1356600E+02
  20.120          -0.4014500E+02
  20.140          -0.2966400E+02
  20.160          -0.2704700E+02
  20.180          -0.3105700E+02
  20.200          -0.4579700E+02
  20.220          -0.4002200E+02
  20.240          -0.2329600E+02
  20.260           0.3975000E+01
  20.280           0.1609900E+02
  20.300           0.3882000E+01
  20.320           0.1242600E+02
  20.340           0.1726700E+02
  20.360           0.5445000E+01
  20.380          -0.4943000E+01
  20.400          -0.1387400E+02
  20.420          -0.2242800E+02
  20.440          -0.1583800E+02
  20.460          -0.6384000E+01
  20.480          -0.1005600E+02
  20.500           0.1350000E+01
  20.520           0.1198500E+02
  20.540           0.1790200E+02
  20.560           0.2325100E+02
  20.580           0.2238700E+02
  20.600           0.2166500E+02
  20.620           0.1465700E+02
  20.640           0.1930600E+02
  20.660           0.2320800E+02
  20.680           0.1788400E+02
  20.700          -0.4824000E+01
  20.720           0.2451000E+01
  20.740           0.2799100E+02
  20.760           0.3385600E+02
  20.780           0.5675000E+01
  20.800          -0.2501100E+02
  20.820          -0.1454100E+02
  20.840           0.1200300E+02
  20.860           0.3036900E+02
  20.880           0.2551800E+02
  20.900           0.8847000E+01
  20.920           0.3707000E+01
  20.940           0.1959000E+01
  20.960           0.1838300E+02
  20.980           0.1684600E+02
  21.000          -0.1342200E+02
  21.020          -0.2682700E+02
  21.040          -0.3408500E+02
  21.060          -0.4913800E+02
  21.080          -0.3166300E+02
  21.100          -0.2538000E+01
  21.120          -0.2108000E+01
  21.140          -0.1916000E+02
  21.160          -0.2161900E+02
  21.180           0.4932000E+01
  21.200           0.3219600E+02
  21.220           0.2483600E+02
  21.240          -0.1522600E+02
  21.260          -0.5000500E+02
  21.280          -0.6038900E+02
  21.300          -0.5011600E+02
  21.320          -0.4367800E+02
  21.340          -0.2542500E+02
  21.360          -0.1941100E+02
  21.380          -0.1756300E+02
  21.400          -0.1842900E+02
  21.420          -0.2415200E+02
  21.440           0.9920000E+00
  21.460           0.1665400E+02
  21.480           0.3303600E+02
  21.500           0.3055300E+02
  21.520           0.2538600E+02
  21.540           0.2550800E+02
  21.560           0.2674400E+02
  21.580           0.1953000E+02
  21.600           0.1836000E+01
  21.620          -0.5961000E+01
  21.640          -0.1525000E+01
  21.660          -0.1967200E+02
  21.680          -0.1347200E+02
  21.700           0.6886000E+01
  21.720           0.2118100E+02
  21.740           0.2322600E+02
  21.760          -0.2364000E+01
  21.780          -0.2733300E+02
  21.800          -0.1788200E+02
  21.820           0.9842000E+01
  21.840           0.2861200E+02
  21.860           0.1810300E+02
  21.880           0.5400000E-01
  21.900           0.9446000E+01
  21.920           0.1004300E+02
  21.940           0.4874000E+01
  21.960           0.3964000E+01
  21.980          -0.4434000E+01
  22.000          -0.2262500E+02
  22.020          -0.4583100E+02
  22.040          -0.3028700E+02
  22.060           0.1028800E+02
  22.080           0.4572600E+02
  22.100           0.5216700E+02
  22.120           0.2649600E+02
  22.140          -0.1018100E+02
  22.160          -0.9558000E+01
  22.180           0.2441000E+01
  22.200          -0.1357500E+02
  22.220          -0.1583100E+02
  22.240          -0.1267700E+02
  22.260          -0.6098000E+01
  22.280          -0.5428000E+01
  22.300          -0.9542000E+01
  22.320           0.1155800E+02
  22.340           0.2194100E+02
  22.360           0.2286900E+02
  22.380           0.1126200E+02
  22.400           0.2458000E+01
  22.420           0.4789000E+01
  22.440           0.5456000E+01
  22.460           0.5006000E+01
  22.480           0.5503000E+01
  22.500          -0.6795000E+01
  22.520          -0.1239000E+01
  22.540           0.1915200E+02
  22.560           0.1986200E+02
  22.580           0.1192600E+02
  22.600           0.3006000E+01
  22.620          -0.2592000E+01
  22.640          -0.4774000E+01
  22.660          -0.3167000E+01
  22.680           0.6094000E+01
  22.700           0.6034000E+01
  22.720           0.2260000E+01
  22.740           0.2575000E+01
  22.760           0.3580000E+00
  22.780          -0.1651500E+02
  22.800          -0.3418500E+02
  22.820          -0.2862100E+02
  22.840          -0.2959000E+01
  22.860           0.2013600E+02
  22.880           0.3230200E+02
  22.900           0.1717900E+02
  22.920           0.6496000E+01
  22.940          -0.8548000E+01
  22.960          -0.1757500E+02
  22.980          -0.5646000E+01
  23.000           0.9216000E+01
  23.020           0.9322000E+01
  23.040          -0.1648400E+02
  23.060          -0.4172900E+02
  23.080          -0.3741500E+02
  23.100          -0.1210300E+02
  23.120           0.9822000E+01
  23.140           0.2462300E+02
  23.160           0.3263500E+02
  23.180           0.1817300E+02
  23.200           0.7417000E+01
  23.220           0.1494300E+02
  23.240           0.1337100E+02
  23.260           0.3670000E+00
  23.280          -0.6100000E-01
  23.300           0.5962000E+01
  23.320           0.3252000E+01
  23.340          -0.1480000E+01
  23.360          -0.1713000E+01
  23.380          -0.1129100E+02
  23.400          -0.4576000E+01
  23.420           0.1259200E+02
  23.440           0.1425200E+02
  23.460           0.7895000E+01
  23.480          -0.5226000E+01
  23.500          -0.5479000E+01
  23.520           0.1156300E+02
  23.540           0.3054000E+01
  23.560          -0.9489000E+01
  23.580          -0.2676400E+02
  23.600          -0.2938200E+02
  23.620          -0.1199300E+02
  23.640          -0.3263000E+01
  23.660           0.1051000E+01
  23.680           0.2638000E+01
  23.700           0.6454000E+01
  23.720           0.5692000E+01
  23.740          -0.2126000E+01
  23.760           0.1120700E+02
  23.780           0.1337800E+02
  23.800           0.8790000E+00
  23.820          -0.1964600E+02
  23.840          -0.2643700E+02
  23.860          -0.2292700E+02
  23.880          -0.2182500E+02
  23.900          -0.3800000E-01
  23.920           0.1464300E+02
  23.940           0.1486200E+02
  23.960           0.5846000E+01
  23.980          -0.6685000E+01
  24.000          -0.1792700E+02
  24.020          -0.2232500E+02
  24.040          -0.2833500E+02
  24.060          -0.1008400E+02
  24.080           0.8495000E+01
  24.100           0.1206300E+02
  24.120           0.5829000E+01
  24.140           0.9140000E+01
  24.160           0.1167900E+02
  24.180           0.2492400E+02
  24.200           0.3814200E+02
  24.220           0.3557000E+02
  24.240           0.1714700E+02
  24.260          -0.5151000E+01
  24.280          -0.5557000E+01
  24.300          -0.3997000E+01
  24.320          -0.5520000E+00
  24.340          -0.1663000E+01
  24.360           0.7500000E+00
  24.380           0.6086000E+01
  24.400           0.1590000E+02
  24.420           0.1924200E+02
  24.440          -0.3830000E+00
  24.460          -0.1080500E+02
  24.480          -0.1785600E+02
  24.500          -0.2289100E+02
  24.520          -0.2994800E+02
  24.540          -0.2048200E+02
  24.560          -0.1847000E+01
  24.580           0.8811000E+01
  24.600           0.8167000E+01
  24.620          -0.5057000E+01
  24.640          -0.1555300E+02
  24.660          -0.4681000E+01
  24.680           0.7476000E+01
  24.700           0.1567800E+02
  24.720           0.1962000E+02
  24.740           0.2297000E+02
  24.760           0.6728000E+01
  24.780          -0.7946000E+01
  24.800           0.1625000E+01
  24.820           0.2032000E+02
  24.840           0.2235800E+02
  24.860           0.1000900E+02
  24.880          -0.5578000E+01
  24.900          -0.1576300E+02
  24.920          -0.9621000E+01
  24.940           0.1247900E+02
  24.960           0.2145300E+02
  24.980           0.1855200E+02
  25.000           0.8507000E+01
  25.020          -0.6463000E+01
  25.040          -0.5478000E+01
  25.060          -0.8851000E+01
  25.080          -0.9854000E+01
  25.100          -0.9310000E+01
  25.120          -0.5757000E+01
  25.140          -0.3970000E+01
  25.160           0.9292000E+01
  25.180           0.1882300E+02
  25.200           0.1366900E+02
  25.220           0.5435000E+01
  25.240           0.3144000E+01
  25.260           0.7640000E+01
  25.280          -0.5210000E+00
  25.300          -0.3696000E+01
  25.320           0.1250000E+01
  25.340          -0.6800000E+01
  25.360          -0.2122300E+02
  25.380          -0.2204600E+02
  25.400          -0.2008700E+02
  25.420          -0.1770000E+02
  25.440          -0.1618400E+02
  25.460          -0.2362100E+02
  25.480          -0.1884000E+02
  25.500          -0.1583900E+02
  25.520          -0.7998000E+01
  25.540          -0.3741000E+01
  25.560           0.7161000E+01
  25.580           0.1676600E+02
  25.600           0.2390600E+02
  25.620           0.1561100E+02
  25.640          -0.2755000E+01
  25.660          -0.1969500E+02
  25.680          -0.2063400E+02
  25.700          -0.2328300E+02
  25.720          -0.2173600E+02
  25.740          -0.1097400E+02
  25.760           0.3070000E+01
  25.780           0.1521900E+02
  25.800           0.1729600E+02
  25.820           0.2060400E+02
  25.840           0.1718700E+02
  25.860           0.1584400E+02
  25.880           0.1689100E+02
  25.900           0.1837000E+02
  25.920           0.1760400E+02
  25.940           0.1512700E+02
  25.960           0.3806000E+01
  25.980          -0.5176000E+01
  26.000          -0.6317000E+01
  26.020          -0.2413000E+01
  26.040           0.2301000E+01
  26.060           0.1607000E+01
  26.080           0.3160000E+01
  26.100          -0.2418000E+01
  26.120          -0.6370000E+00
  26.140          -0.9040000E+00
  26.160           0.6011000E+01
  26.180           0.1625000E+01
  26.200           0.5987000E+01
  26.220           0.8803000E+01
  26.240          -0.5464000E+01
  26.260          -0.1587700E+02
  26.280          -0.1548400E+02
  26.300          -0.1430100E+02
  26.320          -0.1014300E+02
  26.340          -0.1031500E+02
  26.360          -0.1443900E+02
  26.380          -0.1052100E+02
  26.400           0.2690000E+00
  26.420          -0.2810000E+00
  26.440          -0.6038000E+01
  26.460          -0.1024700E+02
  26.480          -0.1686800E+02
  26.500          -0.1663000E+02
  26.520          -0.1371500E+02
  26.540          -0.1373700E+02
  26.560          -0.9108000E+01
  26.580          -0.5669000E+01
  26.600           0.3960000E+00
  26.620          -0.1201000E+01
  26.640           0.5950000E+00
  26.660           0.2904000E+01
  26.680           0.7288000E+01
  26.700           0.6636000E+01
  26.720           0.8324000E+01
  26.740           0.5988000E+01
  26.760           0.2689000E+01
  26.780          -0.3062000E+01
  26.800          -0.4373000E+01
  26.820           0.6862000E+01
  26.840           0.1299600E+02
  26.860           0.7645000E+01
  26.880           0.4755000E+01
  26.900           0.5057000E+01
  26.920          -0.4298000E+01
  26.940          -0.1251400E+02
  26.960          -0.7850000E+00
  26.980           0.1166300E+02
  27.000           0.1344700E+02
  27.020           0.9979000E+01
  27.040           0.6818000E+01
  27.060           0.2716000E+01
  27.080          -0.1752000E+01
  27.100           0.2510000E+01
  27.120          -0.6330000E+00
  27.140          -0.1187300E+02
  27.160          -0.1043600E+02
  27.180          -0.5580000E+01
  27.200          -0.1342600E+02
  27.220          -0.1913900E+02
  27.240          -0.8956000E+01
  27.260          -0.9020000E+00
  27.280           0.2133000E+01
  27.300           0.7387000E+01
  27.320           0.8029000E+01
  27.340           0.6843000E+01
  27.360           0.1000800E+02
  27.380           0.7210000E+01
  27.400          -0.1967000E+01
  27.420          -0.1151300E+02
  27.440          -0.8971000E+01
  27.460           0.1602000E+01
  27.480           0.8824000E+01
  27.500           0.6585000E+01
  27.520          -0.1912000E+01
  27.540          -0.9366000E+01
  27.560          -0.7129000E+01
  27.580           0.2871000E+01
  27.600           0.5610000E+01
  27.620           0.1726000E+01
  27.640           0.1177000E+01
  27.660           0.3389000E+01
  27.680          -0.2140000E+01
  27.700          -0.4009000E+01
  27.720          -0.1311000E+01
  27.740          -0.5468000E+01
  27.760          -0.1358000E+02
  27.780          -0.1187600E+02
  27.800          -0.7852000E+01
  27.820          -0.6022000E+01
  27.840          -0.4232000E+01
  27.860          -0.7608000E+01
  27.880          -0.1371100E+02
  27.900          -0.4177000E+01
  27.920          -0.3356000E+01
  27.940          -0.3086000E+01
  27.960           0.3070000E+00
  27.980          -0.2611000E+01
  28.000          -0.1240100E+02
  28.020          -0.1061700E+02
  28.040           0.1276000E+01
  28.060           0.1108400E+02
  28.080           0.9501000E+01
  28.100           0.1016700E+02
  28.120           0.6904000E+01
  28.140          -0.5207000E+01
  28.160          -0.1024100E+02
  28.180          -0.6256000E+01
  28.200          -0.3950000E+01
  28.220          -0.4161000E+01
  28.240          -0.7160000E+00
  28.260          -0.6800000E+00
  28.280          -0.5823000E+01
  28.300          -0.7778000E+01
  28.320           0.3520000E+00
  28.340           0.4858000E+01
  28.360           0.7964000E+01
  28.380           0.8636000E+01
  28.400          -0.1281000E+01
  28.420          -0.6587000E+01
  28.440          -0.1192000E+02
  28.460          -0.6966000E+01
  28.480           0.4772000E+01
  28.500           0.1205700E+02
  28.520           0.1144600E+02
  28.540           0.7565000E+01
  28.560           0.1511000E+01
  28.580          -0.1030000E+01
  28.600          -0.1596000E+01
  28.620           0.1114000E+01
  28.640           0.3414000E+01
  28.660           0.9323000E+01
  28.680           0.1841800E+02
  28.700           0.1503300E+02
  28.720           0.5575000E+01
  28.740           0.4480000E+01
  28.760           0.8240000E+01
  28.780           0.8610000E+01
  28.800           0.1282800E+02
  28.820           0.1170100E+02
  28.840           0.1393400E+02
  28.860           0.1493500E+02
  28.880           0.9806000E+01
  28.900           0.5650000E+01
  28.920          -0.6400000E+00
  28.940          -0.4109000E+01
  28.960           0.1815000E+01
  28.980           0.4274000E+01
  29.000           0.1907000E+01
  29.020          -0.5244000E+01
  29.040          -0.1181000E+01
  29.060          -0.7000000E+00
  29.080          -0.2799000E+01
  29.100           0.1201000E+01
  29.120           0.2540000E+01
  29.140           0.7190000E+00
  29.160          -0.2000000E-02
  29.180          -0.6788000E+01
  29.200          -0.6464000E+01
  29.220          -0.6420000E+00
  29.240           0.1054300E+02
  29.260           0.1627600E+02
  29.280           0.1167600E+02
  29.300           0.1128000E+01
  29.320          -0.5444000E+01
  29.340          -0.4715000E+01
  29.360          -0.2734000E+01
  29.380          -0.2862000E+01
  29.400          -0.5341000E+01
  29.420          -0.9064000E+01
  29.440          -0.9546000E+01
  29.460          -0.9336000E+01
  29.480          -0.8202000E+01
  29.500          -0.6988000E+01
  29.520          -0.4187000E+01
  29.540           0.1298000E+01
  29.560           0.1842000E+01
  29.580           0.5153000E+01
  29.600           0.3250000E+01
  29.620          -0.3379000E+01
  29.640          -0.9962000E+01
  29.660          -0.1645900E+02
  29.680          -0.1483200E+02
  29.700          -0.1433000E+01
  29.720           0.7086000E+01
  29.740           0.4709000E+01
  29.760           0.7300000E+00
  29.780          -0.3493000E+01
  29.800          -0.8694000E+01
  29.820          -0.4587000E+01
  29.840           0.3459000E+01
  29.860           0.6493000E+01
  29.880           0.2370000E+01
  29.900           0.2393000E+01
  29.920           0.2464000E+01
  29.940          -0.3456000E+01
  29.960          -0.2486000E+01
  29.980           0.1937000E+01
  30.000           0.4967000E+01
  30.020           0.6907000E+01
  30.040           0.8897000E+01
  30.060           0.7023000E+01
  30.080           0.3428000E+01
  30.100           0.1751000E+01
  30.120           0.1277000E+01
  30.140           0.4460000E+01
  30.160           0.5064000E+01
  30.180           0.2634000E+01
  30.200           0.3100000E+00
  30.220          -0.1160000E+00
  30.240          -0.4277000E+01
  30.260          -0.5065000E+01
  30.280          -0.2072000E+01
  30.300           0.4998000E+01
  30.320           0.1125400E+02
  30.340           0.1155100E+02
  30.360           0.7044000E+01
  30.380           0.2071000E+01
  30.400          -0.4830000E+00
  30.420           0.2551000E+01
  30.440           0.4935000E+01
  30.460           0.4469000E+01
  30.480          -0.2164000E+01
  30.500          -0.8468000E+01
  30.520          -0.6593000E+01
  30.540          -0.2188000E+01
  30.560          -0.8340000E+00
  30.580           0.5156000E+01
  30.600           0.8142000E+01
  30.620           0.6939000E+01
  30.640           0.3633000E+01
  30.660          -0.1031000E+01
  30.680          -0.6328000E+01
  30.700          -0.9524000E+01
  30.720          -0.9994000E+01
  30.740          -0.5432000E+01
  30.760           0.2391000E+01
  30.780           0.6166000E+01
  30.800           0.5507000E+01
  30.820           0.3417000E+01
  30.840          -0.1504000E+01
  30.860          -0.2122000E+01
  30.880           0.2160000E+00
  30.900           0.8040000E+00
  30.920           0.1579000E+01
  30.940           0.3537000E+01
  30.960           0.3769000E+01
  30.980           0.1373000E+01
  31.000          -0.5760000E+00
  31.020           0.1939000E+01
  31.040          -0.3040000E+00
  31.060           0.4640000E+00
  31.080           0.3068000E+01
  31.100           0.2567000E+01
  31.120          -0.3863000E+01
  31.140          -0.4171000E+01
  31.160          -0.3409000E+01
  31.180          -0.5930000E+00
  31.200           0.5066000E+01
  31.220           0.1079100E+02
  31.240           0.1020700E+02
  31.260           0.4860000E+01
  31.280           0.3450000E+00
  31.300          -0.9030000E+00
  31.320          -0.1238000E+01
  31.340          -0.2701000E+01
  31.360          -0.5108000E+01
  31.380          -0.2655000E+01
  31.400          -0.4550000E+01
  31.420          -0.1121000E+01
  31.440           0.1980000E+01
  31.460           0.1529000E+01
  31.480          -0.2179000E+01
  31.500          -0.3310000E+01
  31.520          -0.2114000E+01
  31.540           0.2060000E+01
  31.560           0.1729000E+01
  31.580          -0.1639000E+01
  31.600          -0.6013000E+01
  31.620          -0.8400000E+01
  31.640          -0.4724000E+01
  31.660          -0.1120000E+00
  31.680          -0.1058000E+01
  31.700          -0.7891000E+01
  31.720          -0.1100100E+02
  31.740          -0.8768000E+01
  31.760          -0.5581000E+01
  31.780          -0.3123000E+01
  31.800          -0.2499000E+01
  31.820          -0.2726000E+01
  31.840          -0.7391000E+01
  31.860          -0.1238100E+02
  31.880          -0.1213600E+02
  31.900          -0.8399000E+01
  31.920          -0.7139000E+01
  31.940          -0.5422000E+01
  31.960          -0.3024000E+01
  31.980          -0.3149000E+01
  32.000          -0.5252000E+01
  32.020          -0.7222000E+01
  32.040          -0.6465000E+01
  32.060          -0.6928000E+01
  32.080          -0.6388000E+01
  32.100          -0.1267000E+01
  32.120           0.7210000E+00
  32.140          -0.1735000E+01
  32.160          -0.4759000E+01
  32.180          -0.4030000E+01
  32.200          -0.2938000E+01
  32.220          -0.5610000E+01
  32.240          -0.5087000E+01
  32.260          -0.6440000E+01
  32.280          -0.7091000E+01
  32.300          -0.6652000E+01
  32.320          -0.4815000E+01
  32.340          -0.4548000E+01
  32.360          -0.4896000E+01
  32.380          -0.3347000E+01
  32.400          -0.5590000E+00
  32.420           0.1720000E+00
  32.440           0.6380000E+00
  32.460           0.3050000E+00
  32.480          -0.1552000E+01
  32.500          -0.4256000E+01
  32.520          -0.2431000E+01
  32.540          -0.3580000E+00
  32.560           0.3350000E+00
  32.580           0.2187000E+01
  32.600           0.4261000E+01
  32.620           0.3545000E+01
  32.640           0.2989000E+01
  32.660           0.4340000E+01
  32.680           0.3702000E+01
  32.700           0.3584000E+01
  32.720           0.4816000E+01
  32.740           0.5080000E+01
  32.760           0.5318000E+01
  32.780           0.4772000E+01
  32.800           0.4306000E+01
  32.820           0.4149000E+01
  32.840           0.1874000E+01
  32.860           0.2600000E+00
  32.880          -0.4250000E+00
  32.900          -0.1160000E+00
  32.920           0.3440000E+00
  32.940           0.1057000E+01
  32.960           0.1385000E+01
  32.980           0.1462000E+01
  33.000           0.1736000E+01
  33.020           0.1876000E+01
  33.040           0.1652000E+01
  33.060           0.1020000E+00
  33.080          -0.5370000E+00
  33.100          -0.7000000E-01
  33.120           0.1180000E+01
  33.140           0.1591000E+01
  33.160           0.5860000E+00
  33.180           0.7780000E+00
  33.200           0.1913000E+01
  33.220           0.3448000E+01
  33.240           0.4087000E+01
  33.260           0.2763000E+01
  33.280           0.9500000E+00
  33.300          -0.1130000E+00
  33.320           0.9060000E+00
  33.340           0.2525000E+01
  33.360           0.3181000E+01
  33.380           0.2676000E+01
  33.400           0.1496000E+01
  33.420           0.8770000E+00
  33.440           0.5280000E+00
  33.460           0.6710000E+00
  33.480           0.7810000E+00
  33.500           0.8840000E+00
  33.520           0.1050000E+01
  33.540           0.1160000E+01
  33.560           0.1103000E+01
  33.580           0.9220000E+00
  33.600           0.8620000E+00
  33.620           0.1094000E+01
  33.640           0.1251000E+01
  33.660           0.1065000E+01
  33.680           0.6370000E+00
  33.700           0.2130000E+00
  33.720           0.1600000E-01
  33.740          -0.5400000E-01
  33.760           0.1090000E+00
  33.780          -0.1500000E-01
  33.800          -0.3520000E+00
  33.820          -0.2850000E+00
  33.840          -0.2330000E+00
  33.860          -0.3230000E+00
  33.880          -0.6150000E+00
  33.900          -0.7940000E+00
  33.920          -0.8590000E+00
  33.940          -0.8200000E+00
  33.960          -0.5020000E+00
  33.980          -0.3170000E+00
  34.000          -0.5190000E+00
  34.020          -0.7980000E+00
  34.040          -0.8570000E+00
  34.060          -0.8520000E+00
  34.080          -0.8010000E+00
  34.100          -0.5690000E+00
  34.120          -0.3440000E+00
  34.140          -0.2280000E+00
  34.160          -0.1230000E+00
  34.180          -0.4600000E-01
  34.200           0.0000000E+00
  34.220           0.0000000E+00
  34.240           0.0000000E+00
  34.260           0.0000000E+00
  34.280           0.0000000E+00
  34.300           0.0000000E+00
  34.320           0.0000000E+00
  34.340           0.0000000E+00
  34.360           0.0000000E+00
  34.380           0.0000000E+00
  34.400           0.0000000E+00
  34.420           0.0000000E+00
  34.440           0.0000000E+00
  34.460           0.0000000E+00
  34.480           0.0000000E+00
  34.500           0.0000000E+00
  34.520           0.0000000E+00
  34.540           0.0000000E+00
  34.560           0.0000000E+00
  34.580           0.0000000E+00
  34.600           0.0000000E+00
  34.620           0.0000000E+00
  34.640           0.0000000E+00
  34.660           0.0000000E+00
  34.680           0.0000000E+00
  34.700           0.0000000E+00
  34.720           0.0000000E+00
  34.740           0.0000000E+00
  34.760           0.0000000E+00
  34.780           0.0000000E+00
  34.800           0.0000000E+00
  34.820           0.0000000E+00
  34.840           0.0000000E+00
  34.860           0.0000000E+00
  34.880           0.0000000E+00
  34.900           0.0000000E+00
  34.920           0.0000000E+00
  34.940           0.0000000E+00
  34.960           0.0000000E+00
  34.980           0.0000000E+00
  35.000           0.0000000E+00
  35.020           0.0000000E+00
  35.040           0.0000000E+00
  35.060           0.0000000E+00
  35.080           0.0000000E+00
  35.100           0.0000000E+00
  35.120           0.0000000E+00
  35.140           0.0000000E+00
  35.160           0.0000000E+00
  35.180           0.0000000E+00
  35.200           0.0000000E+00
  35.220           0.0000000E+00
  35.240           0.0000000E+00
  35.260           0.0000000E+00
  35.280           0.0000000E+00
  35.300           0.0000000E+00
  35.320           0.0000000E+00
  35.340           0.0000000E+00
  35.360           0.0000000E+00
  35.380           0.0000000E+00
  35.400           0.0000000E+00
  35.420           0.0000000E+00
  35.440           0.0000000E+00
  35.460           0.0000000E+00
  35.480           0.0000000E+00
  35.500           0.0000000E+00
  35.520           0.0000000E+00
  35.540           0.0000000E+00
  35.560           0.0000000E+00
  35.580           0.0000000E+00
  35.600           0.0000000E+00
  35.620           0.0000000E+00
  35.640           0.0000000E+00
  35.660           0.0000000E+00
  35.680           0.0000000E+00
  35.700           0.0000000E+00
  35.720           0.0000000E+00
  35.740           0.0000000E+00
  35.760           0.0000000E+00
  35.780           0.0000000E+00
  35.800           0.0000000E+00
  35.820           0.0000000E+00
  35.840           0.0000000E+00
  35.860           0.0000000E+00
  35.880           0.0000000E+00
  35.900           0.0000000E+00
  35.920           0.0000000E+00
  35.940           0.0000000E+00
  35.960           0.0000000E+00
  35.980           0.0000000E+00
  36.000           0.0000000E+00
  36.020           0.0000000E+00
  36.040           0.0000000E+00
  36.060           0.0000000E+00
  36.080           0.0000000E+00
  36.100           0.0000000E+00
  36.120           0.0000000E+00
  36.140           0.0000000E+00
  36.160           0.0000000E+00
  36.180           0.0000000E+00
  36.200           0.0000000E+00
  36.220           0.0000000E+00
  36.240           0.0000000E+00
  36.260           0.0000000E+00
  36.280           0.0000000E+00
  36.300           0.0000000E+00
  36.320           0.0000000E+00
  36.340           0.0000000E+00
  36.360           0.0000000E+00
  36.380           0.0000000E+00
  36.400           0.0000000E+00
  36.420           0.0000000E+00
  36.440           0.0000000E+00
  36.460           0.0000000E+00
  36.480           0.0000000E+00
  36.500           0.0000000E+00
  36.520           0.0000000E+00
  36.540           0.0000000E+00
  36.560           0.0000000E+00
  36.580           0.0000000E+00
  36.600           0.0000000E+00
  36.620           0.0000000E+00
  36.640           0.0000000E+00
  36.660           0.0000000E+00
  36.680           0.0000000E+00
  36.700           0.0000000E+00
  36.720           0.0000000E+00
  36.740           0.0000000E+00
  36.760           0.0000000E+00
  36.780           0.0000000E+00
  36.800           0.0000000E+00
  36.820           0.0000000E+00
  36.840           0.0000000E+00
  36.860           0.0000000E+00
  36.880           0.0000000E+00
  36.900           0.0000000E+00
  36.920           0.0000000E+00
  36.940           0.0000000E+00
  36.960           0.0000000E+00
  36.980           0.0000000E+00
  37.000           0.0000000E+00
  37.020           0.0000000E+00
  37.040           0.0000000E+00
  37.060           0.0000000E+00
  37.080           0.0000000E+00
  37.100           0.0000000E+00
  37.120           0.0000000E+00
  37.140           0.0000000E+00
  37.160           0.0000000E+00
  37.180           0.0000000E+00
  37.200           0.0000000E+00
  37.220           0.0000000E+00
  37.240           0.0000000E+00
  37.260           0.0000000E+00
  37.280           0.0000000E+00
  37.300           0.0000000E+00
  37.320           0.0000000E+00
  37.340           0.0000000E+00
  37.360           0.0000000E+00
  37.380           0.0000000E+00
  37.400           0.0000000E+00
  37.420           0.0000000E+00
  37.440           0.0000000E+00
  37.460           0.0000000E+00
  37.480           0.0000000E+00
  37.500           0.0000000E+00
  37.520           0.0000000E+00
  37.540           0.0000000E+00
  37.560           0.0000000E+00
  37.580           0.0000000E+00
  37.600           0.0000000E+00
  37.620           0.0000000E+00
  37.640           0.0000000E+00
  37.660           0.0000000E+00
  37.680           0.0000000E+00
  37.700           0.0000000E+00
  37.720           0.0000000E+00
  37.740           0.0000000E+00
  37.760           0.0000000E+00
  37.780           0.0000000E+00
  37.800           0.0000000E+00
  37.820           0.0000000E+00
  37.840           0.0000000E+00
  37.860           0.0000000E+00
  37.880           0.0000000E+00
  37.900           0.0000000E+00
  37.920           0.0000000E+00
  37.940           0.0000000E+00
  37.960           0.0000000E+00
  37.980           0.0000000E+00
  38.000           0.0000000E+00
  38.020           0.0000000E+00
  38.040           0.0000000E+00
  38.060           0.0000000E+00
  38.080           0.0000000E+00
  38.100           0.0000000E+00
  38.120           0.0000000E+00
  38.140           0.0000000E+00
  38.160           0.0000000E+00
  38.180           0.0000000E+00
  38.200           0.0000000E+00
  38.220           0.0000000E+00
  38.240           0.0000000E+00
  38.260           0.0000000E+00
  38.280           0.0000000E+00
  38.300           0.0000000E+00
  38.320           0.0000000E+00
  38.340           0.0000000E+00
  38.360           0.0000000E+00
  38.380           0.0000000E+00
  38.400           0.0000000E+00
  38.420           0.0000000E+00
  38.440           0.0000000E+00
  38.460           0.0000000E+00
  38.480           0.0000000E+00
  38.500           0.0000000E+00
  38.520           0.0000000E+00
  38.540           0.0000000E+00
  38.560           0.0000000E+00
  38.580           0.0000000E+00
  38.600           0.0000000E+00
  38.620           0.0000000E+00
  38.640           0.0000000E+00
  38.660           0.0000000E+00
  38.680           0.0000000E+00
  38.700           0.0000000E+00
  38.720           0.0000000E+00
  38.740           0.0000000E+00
  38.760           0.0000000E+00
  38.780           0.0000000E+00
  38.800           0.0000000E+00
  38.820           0.0000000E+00
  38.840           0.0000000E+00
  38.860           0.0000000E+00
  38.880           0.0000000E+00
  38.900           0.0000000E+00
  38.920           0.0000000E+00
  38.940           0.0000000E+00
  38.960           0.0000000E+00
  38.980           0.0000000E+00
  39.000           0.0000000E+00
  39.020           0.0000000E+00
  39.040           0.0000000E+00
  39.060           0.0000000E+00
  39.080           0.0000000E+00
  39.100           0.0000000E+00
  39.120           0.0000000E+00
  39.140           0.0000000E+00
  39.160           0.0000000E+00
  39.180           0.0000000E+00
  39.200           0.0000000E+00
  39.220           0.0000000E+00
  39.240           0.0000000E+00
  39.260           0.0000000E+00
  39.280           0.0000000E+00
  39.300           0.0000000E+00
  39.320           0.0000000E+00
  39.340           0.0000000E+00
  39.360           0.0000000E+00
  39.380           0.0000000E+00
  39.400           0.0000000E+00
  39.420           0.0000000E+00
  39.440           0.0000000E+00
  39.460           0.0000000E+00
  39.480           0.0000000E+00
  39.500           0.0000000E+00
  39.520           0.0000000E+00
  39.540           0.0000000E+00
  39.560           0.0000000E+00
  39.580           0.0000000E+00
  39.600           0.0000000E+00
  39.620           0.0000000E+00
  39.640           0.0000000E+00
  39.660           0.0000000E+00
  39.680           0.0000000E+00
  39.700           0.0000000E+00
  39.720           0.0000000E+00
  39.740           0.0000000E+00
  39.760           0.0000000E+00
  39.780           0.0000000E+00
  39.800           0.0000000E+00
  39.820           0.0000000E+00
  39.840           0.0000000E+00
  39.860           0.0000000E+00
  39.880           0.0000000E+00
  39.900           0.0000000E+00
  39.920           0.0000000E+00
  39.940           0.0000000E+00
  39.960           0.0000000E+00
  39.980           0.0000000E+00
  40.000           0.0000000E+00
  40.020           0.0000000E+00
  40.040           0.0000000E+00
  40.060           0.0000000E+00
  40.080           0.0000000E+00
  40.100           0.0000000E+00
  40.120           0.0000000E+00
  40.140           0.0000000E+00
  40.160           0.0000000E+00
  40.180           0.0000000E+00
  40.200           0.0000000E+00
  40.220           0.0000000E+00
  40.240           0.0000000E+00
  40.260           0.0000000E+00
  40.280           0.0000000E+00
  40.300           0.0000000E+00
  40.320           0.0000000E+00
  40.340           0.0000000E+00
  40.360           0.0000000E+00
  40.380           0.0000000E+00
  40.400           0.0000000E+00
  40.420           0.0000000E+00
  40.440           0.0000000E+00
  40.460           0.0000000E+00
  40.480           0.0000000E+00
  40.500           0.0000000E+00
  40.520           0.0000000E+00
  40.540           0.0000000E+00
  40.560           0.0000000E+00
  40.580           0.0000000E+00
  40.600           0.0000000E+00
  40.620           0.0000000E+00
  40.640           0.0000000E+00
  40.660           0.0000000E+00
  40.680           0.0000000E+00
  40.700           0.0000000E+00
  40.720           0.0000000E+00
  40.740           0.0000000E+00
  40.760           0.0000000E+00
  40.780           0.0000000E+00
  40.800           0.0000000E+00
  40.820           0.0000000E+00
  40.840           0.0000000E+00
  40.860           0.0000000E+00
  40.880           0.0000000E+00
  40.900           0.0000000E+00
  40.920           0.0000000E+00
  40.940           0.0000000E+00
  40.960           0.0000000E+00
