   0.020          -0.1700000E-01
   0.040          -0.1700000E-01
   0.060          -0.1700000E-01
   0.080          -0.8000000E-02
   0.100          -0.1700000E-01
   0.120          -0.1700000E-01
   0.140          -0.3200000E-01
   0.160          -0.1600000E-01
   0.180          -0.1600000E-01
   0.200           0.6500000E-01
   0.220          -0.1500000E-01
   0.240          -0.1700000E-01
   0.260          -0.1620000E+00
   0.280          -0.1900000E-01
   0.300          -0.1700000E-01
   0.320           0.1110000E+00
   0.340          -0.5000000E-02
   0.360          -0.3000000E-02
   0.380           0.3100000E+00
   0.400          -0.1300000E-01
   0.420          -0.3200000E-01
   0.440          -0.4620000E+00
   0.460          -0.2630000E+00
   0.480          -0.2200000E-01
   0.500          -0.5800000E-01
   0.520          -0.3730000E+00
   0.540          -0.8900000E-01
   0.560          -0.1130000E+00
   0.580          -0.7970000E+00
   0.600          -0.1040000E+00
   0.620          -0.7300000E-01
   0.640          -0.7310000E+00
   0.660          -0.1120000E+00
   0.680          -0.1060000E+00
   0.700          -0.8640000E+00
   0.720          -0.1490000E+00
   0.740          -0.1280000E+00
   0.760          -0.1104000E+01
   0.780          -0.2960000E+00
   0.800          -0.2620000E+00
   0.820          -0.1369000E+01
   0.840          -0.1714000E+01
   0.860          -0.4050000E+00
   0.880          -0.8300000E-01
   0.900           0.1147000E+01
   0.920           0.3380000E+00
   0.940           0.6670000E+00
   0.960           0.9890000E+00
   0.980           0.8920000E+00
   1.000           0.1471000E+01
   1.020           0.1358000E+01
   1.040          -0.4200000E-01
   1.060          -0.1028000E+01
   1.080          -0.2853000E+01
   1.100          -0.2542000E+01
   1.120          -0.1923000E+01
   1.140           0.5000000E+00
   1.160           0.2705000E+01
   1.180           0.1500000E+00
   1.200          -0.9200000E+00
   1.220          -0.2725000E+01
   1.240          -0.1811000E+01
   1.260          -0.1968000E+01
   1.280          -0.2857000E+01
   1.300          -0.1331000E+01
   1.320          -0.1856000E+01
   1.340          -0.4416000E+01
   1.360          -0.2140000E+01
   1.380          -0.7140000E+00
   1.400           0.1763000E+01
   1.420           0.4153000E+01
   1.440           0.3242000E+01
   1.460           0.3071000E+01
   1.480           0.5365000E+01
   1.500           0.1617000E+01
   1.520           0.1277000E+01
   1.540           0.2247000E+01
   1.560           0.2952000E+01
   1.580           0.2038000E+01
   1.600           0.2776000E+01
   1.620           0.5377000E+01
   1.640           0.6526000E+01
   1.660           0.6564000E+01
   1.680           0.6940000E+01
   1.700           0.1540000E+01
   1.720           0.2391000E+01
   1.740           0.2344000E+01
   1.760           0.1423000E+01
   1.780          -0.3815000E+01
   1.800          -0.1350000E+00
   1.820           0.4806000E+01
   1.840           0.8346000E+01
   1.860           0.5303000E+01
   1.880           0.1665000E+01
   1.900          -0.3359000E+01
   1.920          -0.8701000E+01
   1.940          -0.9255000E+01
   1.960          -0.8292000E+01
   1.980          -0.7889000E+01
   2.000          -0.2889000E+01
   2.020           0.3171000E+01
   2.040           0.3917000E+01
   2.060           0.6544000E+01
   2.080           0.2747000E+01
   2.100          -0.3056000E+01
   2.120          -0.7758000E+01
   2.140          -0.2471000E+01
   2.160           0.2222000E+01
   2.180           0.2697000E+01
   2.200          -0.4483000E+01
   2.220          -0.9540000E+00
   2.240           0.4358000E+01
   2.260           0.1265100E+02
   2.280           0.1279700E+02
   2.300           0.6735000E+01
   2.320          -0.3224000E+01
   2.340          -0.9744000E+01
   2.360          -0.1384100E+02
   2.380          -0.1083400E+02
   2.400          -0.8967000E+01
   2.420          -0.9552000E+01
   2.440          -0.1424600E+02
   2.460          -0.1504800E+02
   2.480          -0.1290600E+02
   2.500          -0.1249800E+02
   2.520          -0.1249900E+02
   2.540          -0.4391000E+01
   2.560          -0.5028000E+01
   2.580          -0.9718000E+01
   2.600          -0.1340100E+02
   2.620          -0.1644000E+02
   2.640          -0.1734700E+02
   2.660          -0.8090000E+01
   2.680           0.5427000E+01
   2.700           0.8321000E+01
   2.720           0.7463000E+01
   2.740           0.5826000E+01
   2.760           0.3101000E+01
   2.780           0.5440000E+01
   2.800           0.1136600E+02
   2.820           0.8199000E+01
   2.840           0.3056000E+01
   2.860          -0.6343000E+01
   2.880          -0.9963000E+01
   2.900          -0.4760000E+01
   2.920           0.4832000E+01
   2.940           0.1026700E+02
   2.960           0.1264000E+02
   2.980           0.4930000E+00
   3.000          -0.7709000E+01
   3.020          -0.1517000E+02
   3.040          -0.1867100E+02
   3.060          -0.2025600E+02
   3.080          -0.1315400E+02
   3.100          -0.8324000E+01
   3.120           0.3682000E+01
   3.140           0.1127900E+02
   3.160           0.1509500E+02
   3.180           0.9821000E+01
   3.200           0.5115000E+01
   3.220          -0.5946000E+01
   3.240          -0.7407000E+01
   3.260          -0.5959000E+01
   3.280           0.9290000E+00
   3.300           0.1414000E+02
   3.320           0.2639200E+02
   3.340           0.2109800E+02
   3.360           0.1641400E+02
   3.380           0.1922700E+02
   3.400           0.2114600E+02
   3.420           0.1605000E+02
   3.440           0.1175700E+02
   3.460          -0.7230000E+00
   3.480          -0.8987000E+01
   3.500          -0.8822000E+01
   3.520          -0.1373700E+02
   3.540          -0.1495100E+02
   3.560          -0.1412300E+02
   3.580          -0.1554700E+02
   3.600          -0.1132200E+02
   3.620          -0.9045000E+01
   3.640          -0.9840000E+01
   3.660          -0.2648000E+01
   3.680          -0.5883000E+01
   3.700          -0.1477700E+02
   3.720          -0.1932600E+02
   3.740          -0.1529000E+01
   3.760           0.1426000E+02
   3.780           0.2356400E+02
   3.800           0.2967100E+02
   3.820           0.3332600E+02
   3.840           0.2997900E+02
   3.860           0.2228400E+02
   3.880           0.1175000E+01
   3.900          -0.4986000E+01
   3.920          -0.2055000E+01
   3.940           0.2460000E+00
   3.960          -0.3879000E+01
   3.980          -0.3240000E+01
   4.000          -0.1041700E+02
   4.020          -0.1415100E+02
   4.040          -0.1753700E+02
   4.060          -0.2015400E+02
   4.080          -0.2120100E+02
   4.100          -0.2290700E+02
   4.120          -0.3740200E+02
   4.140          -0.3013000E+02
   4.160          -0.2616400E+02
   4.180          -0.3441500E+02
   4.200          -0.2170700E+02
   4.220           0.6944000E+01
   4.240           0.2559600E+02
   4.260           0.2922200E+02
   4.280           0.1396500E+02
   4.300           0.2073000E+01
   4.320           0.5977000E+01
   4.340           0.8595000E+01
   4.360          -0.7152000E+01
   4.380          -0.1989600E+02
   4.400          -0.5595000E+01
   4.420          -0.1952000E+01
   4.440           0.2600000E+00
   4.460           0.1620700E+02
   4.480           0.1086300E+02
   4.500          -0.1572000E+02
   4.520          -0.2861300E+02
   4.540          -0.3630300E+02
   4.560          -0.2113500E+02
   4.580           0.1027000E+01
   4.600           0.1282500E+02
   4.620           0.2486000E+02
   4.640           0.3644000E+02
   4.660           0.1027700E+02
   4.680          -0.7801000E+01
   4.700          -0.6554000E+01
   4.720           0.6892000E+01
   4.740           0.2101500E+02
   4.760           0.1501500E+02
   4.780          -0.5981000E+01
   4.800           0.3430000E+00
   4.820           0.5095000E+01
   4.840           0.1008000E+02
   4.860           0.8754000E+01
   4.880           0.4963000E+01
   4.900          -0.6800000E+00
   4.920          -0.1846000E+01
   4.940          -0.2219000E+01
   4.960          -0.3103000E+01
   4.980          -0.2585000E+01
   5.000          -0.1053000E+01
   5.020          -0.1143300E+02
   5.040          -0.8085000E+01
   5.060           0.3194000E+01
   5.080           0.9940000E+01
   5.100           0.2314400E+02
   5.120           0.2961100E+02
   5.140           0.2533000E+01
   5.160          -0.3020900E+02
   5.180          -0.3298600E+02
   5.200          -0.3133100E+02
   5.220          -0.3105100E+02
   5.240          -0.9962000E+01
   5.260           0.2455500E+02
   5.280           0.2199100E+02
   5.300          -0.7948000E+01
   5.320          -0.1698400E+02
   5.340           0.1941200E+02
   5.360           0.3376200E+02
   5.380           0.1086900E+02
   5.400          -0.2766100E+02
   5.420          -0.4840800E+02
   5.440          -0.4181700E+02
   5.460          -0.2770100E+02
   5.480          -0.2571200E+02
   5.500          -0.1244400E+02
   5.520          -0.1129300E+02
   5.540          -0.3663000E+01
   5.560           0.8341000E+01
   5.580           0.2266300E+02
   5.600           0.1846900E+02
   5.620           0.6638000E+01
   5.640          -0.6719000E+01
   5.660          -0.1611900E+02
   5.680          -0.1317300E+02
   5.700           0.5605000E+01
   5.720          -0.6350000E+00
   5.740          -0.6835000E+01
   5.760          -0.1150700E+02
   5.780          -0.1463300E+02
   5.800           0.3898000E+01
   5.820           0.4343200E+02
   5.840           0.5457800E+02
   5.860           0.2770300E+02
   5.880          -0.4264000E+01
   5.900          -0.3306400E+02
   5.920          -0.5026500E+02
   5.940          -0.5211900E+02
   5.960          -0.4211700E+02
   5.980          -0.5941000E+01
   6.000           0.2481100E+02
   6.020           0.5849000E+01
   6.040          -0.1543200E+02
   6.060          -0.2055500E+02
   6.080          -0.2024900E+02
   6.100          -0.1904400E+02
   6.120           0.4779000E+01
   6.140           0.3462000E+01
   6.160          -0.2376500E+02
   6.180          -0.2685900E+02
   6.200          -0.3919000E+01
   6.220           0.2345000E+02
   6.240           0.4924400E+02
   6.260           0.3081000E+02
   6.280           0.2831500E+02
   6.300           0.3621600E+02
   6.320           0.3812400E+02
   6.340           0.3592600E+02
   6.360           0.3390900E+02
   6.380           0.5159000E+02
   6.400           0.9275700E+02
   6.420           0.6984000E+02
   6.440           0.8786000E+01
   6.460          -0.2880500E+02
   6.480          -0.1553200E+02
   6.500          -0.4500000E-01
   6.520           0.2192000E+01
   6.540           0.7260000E+00
   6.560           0.1092400E+02
   6.580           0.4669700E+02
   6.600           0.6193700E+02
   6.620           0.1320400E+02
   6.640          -0.7940000E+01
   6.660           0.1095500E+02
   6.680          -0.6986000E+01
   6.700          -0.5502300E+02
   6.720          -0.8993000E+02
   6.740          -0.1001620E+03
   6.760          -0.5673400E+02
   6.780           0.2396200E+02
   6.800           0.2377400E+02
   6.820           0.2351000E+01
   6.840           0.2744600E+02
   6.860           0.6383000E+01
   6.880          -0.4098800E+02
   6.900          -0.3302800E+02
   6.920          -0.1291000E+02
   6.940           0.2312300E+02
   6.960           0.1229900E+02
   6.980          -0.3969200E+02
   7.000          -0.7113200E+02
   7.020          -0.4736400E+02
   7.040          -0.2096900E+02
   7.060           0.6236000E+01
   7.080           0.3321600E+02
   7.100           0.3422000E+02
   7.120          -0.5098000E+01
   7.140          -0.1489200E+02
   7.160          -0.1254000E+02
   7.180          -0.1230200E+02
   7.200          -0.2021500E+02
   7.220          -0.6183000E+01
   7.240           0.2843800E+02
   7.260           0.2292500E+02
   7.280          -0.1812000E+02
   7.300          -0.1136100E+02
   7.320          -0.4884000E+01
   7.340          -0.1632600E+02
   7.360          -0.2819500E+02
   7.380          -0.2992100E+02
   7.400          -0.3303000E+01
   7.420           0.5029800E+02
   7.440           0.6039400E+02
   7.460           0.3213200E+02
   7.480           0.6714600E+02
   7.500           0.1124480E+03
   7.520           0.9468500E+02
   7.540           0.7975700E+02
   7.560           0.6783300E+02
   7.580          -0.1954000E+01
   7.600          -0.5686200E+02
   7.620          -0.7502200E+02
   7.640          -0.5770700E+02
   7.660          -0.2860400E+02
   7.680          -0.3466300E+02
   7.700          -0.9523800E+02
   7.720          -0.1061740E+03
   7.740          -0.8140300E+02
   7.760          -0.5782400E+02
   7.780           0.1201800E+02
   7.800           0.9507800E+02
   7.820           0.7970400E+02
   7.840           0.5877700E+02
   7.860           0.3923300E+02
   7.880           0.8077000E+01
   7.900           0.3595200E+02
   7.920           0.9705800E+02
   7.940           0.6713400E+02
   7.960           0.3194100E+02
   7.980           0.1728200E+02
   8.000          -0.1030200E+02
   8.020          -0.3883600E+02
   8.040          -0.4982900E+02
   8.060          -0.2215800E+02
   8.080           0.3369200E+02
   8.100           0.2314200E+02
   8.120          -0.2741200E+02
   8.140          -0.5455500E+02
   8.160          -0.3448400E+02
   8.180           0.8528000E+01
   8.200           0.2964900E+02
   8.220           0.3375500E+02
   8.240          -0.4300000E-01
   8.260          -0.2697200E+02
   8.280          -0.4493100E+02
   8.300          -0.8196900E+02
   8.320          -0.5110900E+02
   8.340           0.2196900E+02
   8.360           0.3350600E+02
   8.380           0.2460500E+02
   8.400          -0.1367000E+02
   8.420          -0.4653000E+01
   8.440           0.6076300E+02
   8.460           0.9096200E+02
   8.480           0.6506600E+02
   8.500           0.5218300E+02
   8.520           0.3436800E+02
   8.540           0.1466000E+01
   8.560          -0.2639000E+02
   8.580          -0.2754300E+02
   8.600          -0.5141900E+02
   8.620          -0.2571300E+02
   8.640           0.1878500E+02
   8.660           0.2505500E+02
   8.680           0.3053200E+02
   8.700           0.6461300E+02
   8.720           0.7163800E+02
   8.740           0.6756600E+02
   8.760           0.6001900E+02
   8.780           0.3157900E+02
   8.800          -0.4718000E+01
   8.820          -0.1772000E+01
   8.840          -0.2796700E+02
   8.860          -0.7595800E+02
   8.880          -0.6920100E+02
   8.900          -0.3187100E+02
   8.920          -0.6945000E+01
   8.940          -0.9366000E+01
   8.960          -0.2955400E+02
   8.980          -0.2048000E+01
   9.000           0.4467500E+02
   9.020           0.4625300E+02
   9.040           0.3162000E+02
   9.060          -0.7466000E+01
   9.080          -0.4508700E+02
   9.100          -0.8939200E+02
   9.120          -0.1337600E+03
   9.140          -0.1390170E+03
   9.160          -0.5379400E+02
   9.180           0.3836900E+02
   9.200           0.7571100E+02
   9.220           0.7721100E+02
   9.240           0.6253300E+02
   9.260           0.1387200E+02
   9.280          -0.6866000E+01
   9.300          -0.1381000E+01
   9.320           0.8114000E+01
   9.340           0.8307000E+01
   9.360           0.4481400E+02
   9.380           0.7967500E+02
   9.400           0.6746600E+02
   9.420           0.2229500E+02
   9.440           0.8914000E+01
   9.460           0.2785400E+02
   9.480           0.5229600E+02
   9.500           0.3319600E+02
   9.520          -0.1028300E+02
   9.540          -0.8195900E+02
   9.560          -0.1007940E+03
   9.580          -0.3678400E+02
   9.600           0.1104700E+02
   9.620           0.2323600E+02
   9.640           0.5875000E+01
   9.660          -0.6298200E+02
   9.680          -0.9508200E+02
   9.700          -0.6775100E+02
   9.720          -0.6003000E+01
   9.740           0.5847600E+02
   9.760           0.5351800E+02
   9.780          -0.9700000E+00
   9.800          -0.3400300E+02
   9.820          -0.2682100E+02
   9.840          -0.3221100E+02
   9.860          -0.1346400E+02
   9.880           0.6298000E+01
   9.900           0.7706000E+01
   9.920           0.9353000E+01
   9.940          -0.2135000E+01
   9.960          -0.2888800E+02
   9.980           0.3420000E+00
  10.000           0.2788300E+02
  10.020           0.3771000E+02
  10.040           0.3906900E+02
  10.060           0.4461800E+02
  10.080           0.4249400E+02
  10.100           0.6443500E+02
  10.120           0.6070400E+02
  10.140          -0.1110000E+00
  10.160          -0.3919100E+02
  10.180          -0.1456100E+02
  10.200          -0.3645300E+02
  10.220          -0.5460900E+02
  10.240          -0.5184200E+02
  10.260          -0.3627700E+02
  10.280          -0.2980000E+01
  10.300           0.2598700E+02
  10.320           0.3541800E+02
  10.340           0.4603000E+02
  10.360           0.6127700E+02
  10.380           0.6289600E+02
  10.400           0.4358400E+02
  10.420           0.5981600E+02
  10.440           0.7626500E+02
  10.460           0.4779000E+02
  10.480           0.2256500E+02
  10.500          -0.6446000E+01
  10.520          -0.3152500E+02
  10.540          -0.3534500E+02
  10.560          -0.2465800E+02
  10.580          -0.4273000E+01
  10.600           0.2770500E+02
  10.620           0.3488200E+02
  10.640           0.1613700E+02
  10.660          -0.5214000E+01
  10.680          -0.1805000E+01
  10.700           0.2552000E+01
  10.720           0.8022000E+01
  10.740          -0.7830000E+00
  10.760           0.6479000E+01
  10.780          -0.1169500E+02
  10.800          -0.5959400E+02
  10.820          -0.7114000E+02
  10.840          -0.7737000E+01
  10.860           0.1732700E+02
  10.880           0.8407000E+01
  10.900          -0.7662000E+01
  10.920          -0.5485400E+02
  10.940          -0.9884400E+02
  10.960          -0.5804500E+02
  10.980          -0.4137700E+02
  11.000          -0.5713200E+02
  11.020          -0.2813800E+02
  11.040           0.1258700E+02
  11.060           0.2794300E+02
  11.080           0.2538900E+02
  11.100           0.2517000E+01
  11.120           0.2597400E+02
  11.140           0.7265800E+02
  11.160           0.7761700E+02
  11.180           0.5288000E+02
  11.200           0.2093800E+02
  11.220          -0.3360300E+02
  11.240          -0.8916800E+02
  11.260          -0.1029990E+03
  11.280          -0.9351500E+02
  11.300          -0.4345400E+02
  11.320           0.2854200E+02
  11.340           0.4341300E+02
  11.360           0.1345000E+02
  11.380          -0.1020400E+02
  11.400          -0.4563100E+02
  11.420          -0.7013700E+02
  11.440          -0.1051610E+03
  11.460          -0.9904700E+02
  11.480          -0.4838800E+02
  11.500           0.1093600E+02
  11.520           0.4719800E+02
  11.540           0.8406300E+02
  11.560           0.1156650E+03
  11.580           0.9555300E+02
  11.600           0.3415800E+02
  11.620           0.1366100E+02
  11.640           0.6647000E+01
  11.660           0.4700600E+02
  11.680           0.7522000E+02
  11.700           0.4314100E+02
  11.720           0.1238600E+02
  11.740          -0.7249000E+01
  11.760          -0.5765000E+01
  11.780           0.2268700E+02
  11.800          -0.1696000E+02
  11.820          -0.3087300E+02
  11.840           0.2331200E+02
  11.860           0.4390900E+02
  11.880          -0.3871000E+01
  11.900          -0.2551400E+02
  11.920          -0.1412200E+02
  11.940          -0.2408400E+02
  11.960          -0.1441200E+02
  11.980          -0.4210000E+00
  12.000          -0.1157600E+02
  12.020          -0.6820000E+00
  12.040           0.1386100E+02
  12.060           0.1183700E+02
  12.080           0.1379300E+02
  12.100          -0.1209000E+01
  12.120          -0.1597100E+02
  12.140          -0.3302800E+02
  12.160          -0.3127600E+02
  12.180          -0.2068000E+02
  12.200          -0.2897200E+02
  12.220          -0.4702900E+02
  12.240          -0.3242700E+02
  12.260           0.9931000E+01
  12.280           0.2092900E+02
  12.300          -0.3054400E+02
  12.320          -0.4855000E+02
  12.340          -0.6560500E+02
  12.360          -0.7719800E+02
  12.380          -0.6232900E+02
  12.400          -0.1075700E+02
  12.420           0.6945800E+02
  12.440           0.1220310E+03
  12.460           0.9528900E+02
  12.480           0.4658100E+02
  12.500           0.1546000E+02
  12.520           0.1944900E+02
  12.540           0.1290600E+02
  12.560           0.1485200E+02
  12.580           0.4643800E+02
  12.600           0.6168000E+02
  12.620           0.2014300E+02
  12.640          -0.2404500E+02
  12.660          -0.1908400E+02
  12.680           0.2666800E+02
  12.700           0.3910000E+02
  12.720           0.2232000E+01
  12.740          -0.1949300E+02
  12.760          -0.2879500E+02
  12.780          -0.7797800E+02
  12.800          -0.8136800E+02
  12.820          -0.1585100E+02
  12.840          -0.8877000E+01
  12.860          -0.5223300E+02
  12.880          -0.7936500E+02
  12.900          -0.5890500E+02
  12.920          -0.1003700E+02
  12.940          -0.2158000E+01
  12.960          -0.1927000E+02
  12.980          -0.6330000E+01
  13.000           0.1226000E+02
  13.020           0.4488100E+02
  13.040           0.6875600E+02
  13.060           0.7598500E+02
  13.080           0.4214900E+02
  13.100          -0.2672000E+01
  13.120          -0.4370300E+02
  13.140          -0.6893500E+02
  13.160          -0.9624200E+02
  13.180          -0.1095840E+03
  13.200          -0.7587500E+02
  13.220          -0.9993000E+01
  13.240          -0.1973000E+01
  13.260          -0.1085400E+02
  13.280           0.1344500E+02
  13.300           0.3694100E+02
  13.320           0.2446900E+02
  13.340           0.3096500E+02
  13.360           0.3546900E+02
  13.380           0.9980000E+01
  13.400          -0.1624300E+02
  13.420          -0.4200200E+02
  13.440          -0.6213600E+02
  13.460          -0.4192800E+02
  13.480          -0.3661300E+02
  13.500          -0.2985200E+02
  13.520          -0.4805000E+01
  13.540           0.1446600E+02
  13.560           0.3361100E+02
  13.580           0.1915100E+02
  13.600          -0.2547300E+02
  13.620          -0.5610100E+02
  13.640          -0.4715000E+02
  13.660          -0.1028100E+02
  13.680          -0.7317000E+01
  13.700          -0.1431500E+02
  13.720           0.1124800E+02
  13.740           0.1069800E+02
  13.760          -0.1165000E+01
  13.780          -0.1566400E+02
  13.800          -0.1700400E+02
  13.820           0.2908100E+02
  13.840           0.7819100E+02
  13.860           0.5396200E+02
  13.880          -0.6422000E+01
  13.900          -0.5260800E+02
  13.920          -0.4806600E+02
  13.940          -0.1874900E+02
  13.960           0.3610900E+02
  13.980           0.6056100E+02
  14.000           0.4435300E+02
  14.020           0.2915000E+01
  14.040          -0.3155000E+02
  14.060          -0.4296600E+02
  14.080          -0.1421100E+02
  14.100           0.1613300E+02
  14.120           0.1442100E+02
  14.140           0.2130000E+01
  14.160           0.3406100E+02
  14.180           0.2936500E+02
  14.200          -0.8598000E+01
  14.220          -0.3075200E+02
  14.240          -0.2980600E+02
  14.260          -0.9520000E+01
  14.280          -0.2397300E+02
  14.300          -0.5106100E+02
  14.320          -0.1437600E+02
  14.340           0.3418600E+02
  14.360           0.5277600E+02
  14.380           0.4553700E+02
  14.400           0.2364000E+02
  14.420          -0.9183000E+01
  14.440          -0.5297800E+02
  14.460          -0.6347300E+02
  14.480          -0.2186900E+02
  14.500           0.2954800E+02
  14.520           0.1072800E+02
  14.540          -0.1954200E+02
  14.560          -0.2112500E+02
  14.580          -0.4217600E+02
  14.600          -0.1442300E+02
  14.620           0.7997900E+02
  14.640           0.1014780E+03
  14.660           0.7478000E+02
  14.680           0.6123700E+02
  14.700           0.5862900E+02
  14.720           0.7341000E+01
  14.740          -0.2826400E+02
  14.760          -0.6650000E+01
  14.780           0.3163000E+02
  14.800           0.5018800E+02
  14.820           0.3717900E+02
  14.840          -0.3550000E+00
  14.860           0.9860000E+01
  14.880           0.1133700E+02
  14.900          -0.1738500E+02
  14.920          -0.6961800E+02
  14.940          -0.9730500E+02
  14.960          -0.6120700E+02
  14.980          -0.7849000E+01
  15.000           0.1455100E+02
  15.020           0.3513000E+02
  15.040           0.4699500E+02
  15.060           0.4520000E+02
  15.080           0.2205000E+01
  15.100          -0.2609100E+02
  15.120           0.2102100E+02
  15.140           0.5305900E+02
  15.160           0.2859500E+02
  15.180           0.2478300E+02
  15.200           0.4570900E+02
  15.220           0.6579600E+02
  15.240           0.1135310E+03
  15.260           0.1288340E+03
  15.280           0.8656100E+02
  15.300           0.3334800E+02
  15.320          -0.1121200E+02
  15.340          -0.2324000E+02
  15.360           0.3223100E+02
  15.380           0.6241100E+02
  15.400           0.4723400E+02
  15.420           0.3537200E+02
  15.440           0.3562900E+02
  15.460           0.4345000E+01
  15.480          -0.2423700E+02
  15.500          -0.4990300E+02
  15.520          -0.7273100E+02
  15.540          -0.7570700E+02
  15.560          -0.5852200E+02
  15.580          -0.5644700E+02
  15.600          -0.1510100E+02
  15.620           0.1670100E+02
  15.640           0.1003400E+02
  15.660           0.5552000E+01
  15.680           0.1568500E+02
  15.700           0.2416000E+02
  15.720           0.3112200E+02
  15.740           0.2028900E+02
  15.760           0.2357300E+02
  15.780          -0.5740000E+00
  15.800          -0.6164000E+02
  15.820          -0.1129130E+03
  15.840          -0.1037570E+03
  15.860          -0.6391900E+02
  15.880          -0.2438700E+02
  15.900           0.3838600E+02
  15.920           0.7310800E+02
  15.940           0.4129600E+02
  15.960           0.1328300E+02
  15.980          -0.1693000E+01
  16.000          -0.2856000E+01
  16.020           0.1942400E+02
  16.040           0.1250200E+02
  16.060           0.2079000E+01
  16.080           0.2555000E+01
  16.100          -0.1142500E+02
  16.120          -0.4190900E+02
  16.140          -0.5779000E+01
  16.160           0.5318500E+02
  16.180           0.6642900E+02
  16.200           0.5652800E+02
  16.220           0.6542600E+02
  16.240           0.4206000E+02
  16.260           0.1783900E+02
  16.280           0.1546600E+02
  16.300           0.3331700E+02
  16.320           0.3467400E+02
  16.340           0.2774000E+02
  16.360          -0.7816000E+01
  16.380          -0.5194500E+02
  16.400          -0.6528700E+02
  16.420          -0.2699800E+02
  16.440           0.1343400E+02
  16.460           0.4568500E+02
  16.480           0.3953900E+02
  16.500           0.7382000E+01
  16.520          -0.9328000E+01
  16.540          -0.1001900E+02
  16.560          -0.2145700E+02
  16.580          -0.1688000E+01
  16.600           0.3930400E+02
  16.620           0.7389700E+02
  16.640           0.8177500E+02
  16.660           0.2112200E+02
  16.680          -0.2781200E+02
  16.700          -0.7788000E+01
  16.720          -0.2157300E+02
  16.740          -0.5378200E+02
  16.760          -0.3521100E+02
  16.780          -0.8569000E+01
  16.800          -0.6805000E+01
  16.820          -0.3243100E+02
  16.840          -0.3446300E+02
  16.860          -0.3417200E+02
  16.880          -0.2969100E+02
  16.900          -0.2815700E+02
  16.920          -0.3894300E+02
  16.940          -0.7744000E+01
  16.960           0.5081900E+02
  16.980           0.6222400E+02
  17.000           0.8983300E+02
  17.020           0.7895700E+02
  17.040           0.3004700E+02
  17.060          -0.3179100E+02
  17.080          -0.7494800E+02
  17.100          -0.7449000E+02
  17.120          -0.2025300E+02
  17.140           0.3791600E+02
  17.160           0.6805200E+02
  17.180           0.6793200E+02
  17.200           0.7579500E+02
  17.220           0.4274900E+02
  17.240          -0.1352400E+02
  17.260          -0.4067200E+02
  17.280          -0.3661800E+02
  17.300          -0.4110200E+02
  17.320          -0.4741000E+02
  17.340          -0.5404700E+02
  17.360          -0.7183700E+02
  17.380          -0.9130900E+02
  17.400          -0.1094360E+03
  17.420          -0.1052710E+03
  17.440          -0.4691300E+02
  17.460          -0.1103500E+02
  17.480          -0.2372900E+02
  17.500          -0.2314600E+02
  17.520          -0.2571900E+02
  17.540          -0.7697000E+01
  17.560           0.3084900E+02
  17.580           0.5156500E+02
  17.600           0.4745600E+02
  17.620           0.2921800E+02
  17.640          -0.1275600E+02
  17.660          -0.3808100E+02
  17.680          -0.4072700E+02
  17.700           0.4976000E+01
  17.720           0.2029100E+02
  17.740           0.1713000E+01
  17.760           0.5253000E+01
  17.780           0.4777000E+01
  17.800          -0.5970000E+00
  17.820           0.3492300E+02
  17.840           0.4969200E+02
  17.860           0.4813300E+02
  17.880           0.2101600E+02
  17.900           0.9542000E+01
  17.920           0.2099300E+02
  17.940           0.2291200E+02
  17.960           0.1301600E+02
  17.980           0.1727900E+02
  18.000           0.4758000E+01
  18.020          -0.1946700E+02
  18.040          -0.4827400E+02
  18.060          -0.4744500E+02
  18.080          -0.2148300E+02
  18.100           0.2653000E+01
  18.120           0.1492000E+01
  18.140          -0.5089000E+01
  18.160           0.1674000E+01
  18.180          -0.4894000E+01
  18.200          -0.2776700E+02
  18.220          -0.2353300E+02
  18.240           0.2117300E+02
  18.260           0.4040100E+02
  18.280           0.3667100E+02
  18.300           0.2968300E+02
  18.320           0.1069900E+02
  18.340          -0.1415900E+02
  18.360          -0.2074800E+02
  18.380          -0.2284300E+02
  18.400           0.3127000E+01
  18.420           0.2496400E+02
  18.440           0.7462000E+01
  18.460          -0.3098900E+02
  18.480          -0.4795500E+02
  18.500          -0.7664100E+02
  18.520          -0.6680100E+02
  18.540          -0.8273000E+01
  18.560           0.3618600E+02
  18.580           0.2284300E+02
  18.600          -0.4491000E+01
  18.620          -0.4123800E+02
  18.640          -0.5840000E+02
  18.660          -0.4739000E+02
  18.680          -0.7418000E+01
  18.700           0.1338200E+02
  18.720           0.2592400E+02
  18.740           0.2805900E+02
  18.760           0.1232000E+02
  18.780           0.1575600E+02
  18.800           0.2869900E+02
  18.820           0.3270700E+02
  18.840           0.6571600E+02
  18.860           0.6074000E+02
  18.880           0.2323500E+02
  18.900           0.1290500E+02
  18.920           0.5313000E+01
  18.940           0.6378000E+01
  18.960           0.3165300E+02
  18.980           0.3951900E+02
  19.000           0.1059800E+02
  19.020          -0.2196400E+02
  19.040          -0.3231200E+02
  19.060          -0.2824300E+02
  19.080          -0.1387900E+02
  19.100           0.2564600E+02
  19.120           0.2337300E+02
  19.140          -0.6492000E+01
  19.160          -0.2166900E+02
  19.180          -0.1811100E+02
  19.200          -0.2755700E+02
  19.220          -0.4176900E+02
  19.240          -0.4728500E+02
  19.260          -0.1821900E+02
  19.280           0.9393000E+01
  19.300           0.1944900E+02
  19.320           0.2931000E+01
  19.340          -0.9274000E+01
  19.360          -0.5692000E+01
  19.380           0.1539000E+02
  19.400           0.1439200E+02
  19.420          -0.4222000E+01
  19.440          -0.1526000E+02
  19.460          -0.6090000E+01
  19.480          -0.1333000E+02
  19.500          -0.1654500E+02
  19.520          -0.9505000E+01
  19.540           0.3909000E+01
  19.560           0.6716000E+01
  19.580          -0.5570000E+01
  19.600          -0.1116600E+02
  19.620           0.5521000E+01
  19.640           0.1742700E+02
  19.660           0.7593000E+01
  19.680          -0.8560000E+01
  19.700          -0.1262200E+02
  19.720          -0.1563400E+02
  19.740          -0.1497400E+02
  19.760           0.4400000E-01
  19.780           0.1013200E+02
  19.800           0.3189900E+02
  19.820           0.3995600E+02
  19.840           0.1204900E+02
  19.860          -0.2308700E+02
  19.880          -0.2989400E+02
  19.900          -0.1840100E+02
  19.920           0.1183300E+02
  19.940           0.2757400E+02
  19.960           0.2817600E+02
  19.980           0.1942600E+02
  20.000           0.8748000E+01
  20.020          -0.6932000E+01
  20.040          -0.1554900E+02
  20.060          -0.2705600E+02
  20.080          -0.2317700E+02
  20.100          -0.1373500E+02
  20.120           0.1058400E+02
  20.140           0.1824900E+02
  20.160           0.7406000E+01
  20.180           0.3839000E+01
  20.200           0.1232900E+02
  20.220           0.1457400E+02
  20.240           0.2494600E+02
  20.260           0.1037000E+02
  20.280          -0.1456000E+02
  20.300          -0.3027300E+02
  20.320          -0.4031300E+02
  20.340          -0.3761600E+02
  20.360          -0.2391700E+02
  20.380          -0.1630100E+02
  20.400          -0.1985700E+02
  20.420          -0.2371100E+02
  20.440          -0.1769400E+02
  20.460          -0.9914000E+01
  20.480           0.5160000E+00
  20.500           0.1203100E+02
  20.520           0.1477800E+02
  20.540           0.1707900E+02
  20.560           0.7344000E+01
  20.580          -0.2348000E+01
  20.600           0.2290000E+00
  20.620           0.1434600E+02
  20.640           0.2319700E+02
  20.660           0.1885200E+02
  20.680           0.2839000E+01
  20.700          -0.2181000E+01
  20.720           0.8850000E+00
  20.740           0.2530300E+02
  20.760           0.5022800E+02
  20.780           0.6238300E+02
  20.800           0.4457700E+02
  20.820           0.1938500E+02
  20.840           0.1288300E+02
  20.860           0.2166300E+02
  20.880           0.1917400E+02
  20.900           0.1835900E+02
  20.920           0.1194200E+02
  20.940          -0.1786000E+01
  20.960          -0.3450100E+02
  20.980          -0.4702800E+02
  21.000          -0.3624800E+02
  21.020          -0.2009000E+02
  21.040          -0.3317000E+01
  21.060           0.4036000E+01
  21.080          -0.1092000E+01
  21.100           0.3867000E+01
  21.120          -0.8000000E-01
  21.140          -0.6440000E+01
  21.160          -0.2980000E+00
  21.180           0.7094000E+01
  21.200           0.1085300E+02
  21.220           0.7774000E+01
  21.240           0.4848000E+01
  21.260           0.7461000E+01
  21.280           0.4083000E+01
  21.300          -0.1096700E+02
  21.320          -0.1915500E+02
  21.340          -0.1496500E+02
  21.360          -0.8923000E+01
  21.380          -0.1671200E+02
  21.400          -0.7140000E+01
  21.420           0.3409000E+01
  21.440          -0.9163000E+01
  21.460          -0.1290700E+02
  21.480           0.3504000E+01
  21.500           0.5045000E+01
  21.520           0.4999000E+01
  21.540           0.1268000E+01
  21.560           0.4613000E+01
  21.580           0.3106000E+01
  21.600          -0.6241000E+01
  21.620          -0.1113500E+02
  21.640          -0.1011600E+02
  21.660          -0.1935800E+02
  21.680          -0.1787400E+02
  21.700          -0.5906000E+01
  21.720           0.1145700E+02
  21.740           0.1170600E+02
  21.760           0.2985000E+01
  21.780          -0.6710000E+01
  21.800          -0.1497500E+02
  21.820          -0.2316300E+02
  21.840          -0.2550600E+02
  21.860          -0.1834400E+02
  21.880           0.1130500E+02
  21.900           0.2729700E+02
  21.920           0.1744500E+02
  21.940           0.1525500E+02
  21.960           0.1704100E+02
  21.980           0.2696000E+01
  22.000          -0.9405000E+01
  22.020          -0.1350000E+01
  22.040           0.1009300E+02
  22.060           0.1467100E+02
  22.080           0.1334200E+02
  22.100           0.1386300E+02
  22.120           0.2369100E+02
  22.140           0.2906200E+02
  22.160           0.9693000E+01
  22.180          -0.1042500E+02
  22.200          -0.2185200E+02
  22.220          -0.2528300E+02
  22.240          -0.3463400E+02
  22.260          -0.3514400E+02
  22.280          -0.1525900E+02
  22.300           0.5664000E+01
  22.320           0.1094100E+02
  22.340           0.1260500E+02
  22.360           0.1078300E+02
  22.380           0.2380500E+02
  22.400           0.1916100E+02
  22.420           0.4320000E+01
  22.440          -0.6430000E+00
  22.460          -0.5864000E+01
  22.480          -0.1894100E+02
  22.500          -0.2453300E+02
  22.520          -0.2773200E+02
  22.540          -0.1566800E+02
  22.560          -0.5030000E+00
  22.580           0.9561000E+01
  22.600           0.1767700E+02
  22.620           0.2090400E+02
  22.640           0.6745000E+01
  22.660          -0.7724000E+01
  22.680          -0.9874000E+01
  22.700          -0.1161700E+02
  22.720          -0.2114700E+02
  22.740          -0.2311200E+02
  22.760          -0.2007800E+02
  22.780          -0.2370500E+02
  22.800          -0.2353600E+02
  22.820          -0.1358500E+02
  22.840          -0.3406000E+01
  22.860          -0.1645000E+01
  22.880          -0.8326000E+01
  22.900          -0.1271200E+02
  22.920          -0.9822000E+01
  22.940          -0.1197100E+02
  22.960          -0.1090000E+02
  22.980          -0.1127900E+02
  23.000          -0.1211800E+02
  23.020          -0.1154800E+02
  23.040          -0.1234400E+02
  23.060          -0.1855800E+02
  23.080          -0.1250800E+02
  23.100          -0.8454000E+01
  23.120          -0.5220000E+01
  23.140          -0.6412000E+01
  23.160          -0.1005100E+02
  23.180          -0.1397300E+02
  23.200          -0.7279000E+01
  23.220           0.2699000E+01
  23.240           0.1086800E+02
  23.260           0.5609000E+01
  23.280           0.6650000E+00
  23.300          -0.8101000E+01
  23.320          -0.1422200E+02
  23.340          -0.1683900E+02
  23.360          -0.1715400E+02
  23.380          -0.1603500E+02
  23.400          -0.6820000E+00
  23.420           0.1858200E+02
  23.440           0.2789000E+02
  23.460           0.2485800E+02
  23.480           0.2780600E+02
  23.500           0.3458600E+02
  23.520           0.3407100E+02
  23.540           0.2756500E+02
  23.560           0.2588800E+02
  23.580           0.2011300E+02
  23.600           0.2439000E+01
  23.620          -0.6984000E+01
  23.640          -0.3690000E+00
  23.660           0.1230600E+02
  23.680           0.1614200E+02
  23.700           0.1397800E+02
  23.720           0.1023100E+02
  23.740           0.3760000E+01
  23.760          -0.5067000E+01
  23.780          -0.3580000E+01
  23.800          -0.2818000E+01
  23.820          -0.8080000E+00
  23.840           0.4573000E+01
  23.860           0.1618500E+02
  23.880           0.1909100E+02
  23.900           0.1343100E+02
  23.920           0.4227000E+01
  23.940           0.3096000E+01
  23.960          -0.5246000E+01
  23.980          -0.1779900E+02
  24.000          -0.2862300E+02
  24.020          -0.1723100E+02
  24.040           0.3521000E+01
  24.060           0.1749900E+02
  24.080           0.2181000E+02
  24.100           0.2287200E+02
  24.120           0.1169500E+02
  24.140           0.4007000E+01
  24.160          -0.4389000E+01
  24.180          -0.9946000E+01
  24.200          -0.6838000E+01
  24.220          -0.5386000E+01
  24.240          -0.1841100E+02
  24.260          -0.2973400E+02
  24.280          -0.3165000E+02
  24.300          -0.3421800E+02
  24.320          -0.3528000E+02
  24.340          -0.2221600E+02
  24.360          -0.1146900E+02
  24.380          -0.1122300E+02
  24.400          -0.8084000E+01
  24.420          -0.7434000E+01
  24.440          -0.1443700E+02
  24.460          -0.1829800E+02
  24.480          -0.1510300E+02
  24.500          -0.1723300E+02
  24.520          -0.1452000E+02
  24.540          -0.1230300E+02
  24.560          -0.1026400E+02
  24.580          -0.9375000E+01
  24.600          -0.8196000E+01
  24.620          -0.9395000E+01
  24.640          -0.7184000E+01
  24.660          -0.1319600E+02
  24.680          -0.9027000E+01
  24.700           0.3883000E+01
  24.720           0.1644800E+02
  24.740           0.2415400E+02
  24.760           0.3541600E+02
  24.780           0.3265000E+02
  24.800           0.2797700E+02
  24.820           0.2503100E+02
  24.840           0.2017900E+02
  24.860           0.1046100E+02
  24.880           0.8165000E+01
  24.900           0.6965000E+01
  24.920           0.6067000E+01
  24.940           0.4301000E+01
  24.960           0.1063800E+02
  24.980           0.1540600E+02
  25.000           0.1760100E+02
  25.020           0.1379300E+02
  25.040           0.8880000E+01
  25.060           0.7303000E+01
  25.080           0.3139000E+01
  25.100          -0.3142000E+01
  25.120          -0.6510000E+01
  25.140          -0.7969000E+01
  25.160          -0.2284000E+01
  25.180           0.6632000E+01
  25.200           0.7963000E+01
  25.220           0.1287000E+02
  25.240           0.1559200E+02
  25.260           0.1212800E+02
  25.280           0.1407000E+01
  25.300          -0.2071000E+01
  25.320           0.7154000E+01
  25.340           0.2446200E+02
  25.360           0.3146000E+02
  25.380           0.3110500E+02
  25.400           0.2326400E+02
  25.420           0.2604300E+02
  25.440           0.2323500E+02
  25.460           0.1304200E+02
  25.480           0.7889000E+01
  25.500           0.6354000E+01
  25.520          -0.7805000E+01
  25.540          -0.7634000E+01
  25.560          -0.3404000E+01
  25.580          -0.1909000E+01
  25.600           0.2840000E+01
  25.620           0.9307000E+01
  25.640           0.4970000E+01
  25.660           0.8456000E+01
  25.680           0.1071900E+02
  25.700           0.6597000E+01
  25.720           0.1570000E+01
  25.740          -0.1698000E+01
  25.760          -0.8908000E+01
  25.780          -0.1100000E+02
  25.800          -0.1144300E+02
  25.820          -0.1588900E+02
  25.840          -0.1939700E+02
  25.860          -0.1419200E+02
  25.880          -0.8526000E+01
  25.900          -0.1088100E+02
  25.920          -0.1315600E+02
  25.940          -0.1243700E+02
  25.960          -0.1408000E+01
  25.980           0.8420000E+01
  26.000           0.9146000E+01
  26.020           0.3864000E+01
  26.040           0.4090000E+00
  26.060          -0.8177000E+01
  26.080          -0.7789000E+01
  26.100          -0.1043800E+02
  26.120          -0.1678400E+02
  26.140          -0.1950700E+02
  26.160          -0.1463600E+02
  26.180          -0.2036000E+02
  26.200          -0.2343700E+02
  26.220          -0.2036800E+02
  26.240          -0.7957000E+01
  26.260          -0.7520000E+00
  26.280           0.3929000E+01
  26.300           0.1940000E+00
  26.320          -0.4568000E+01
  26.340          -0.7073000E+01
  26.360          -0.2035000E+01
  26.380          -0.2950000E+01
  26.400          -0.3838000E+01
  26.420          -0.7117000E+01
  26.440          -0.9719000E+01
  26.460          -0.9213000E+01
  26.480          -0.3883000E+01
  26.500           0.2563000E+01
  26.520           0.1314300E+02
  26.540           0.1597800E+02
  26.560           0.1252500E+02
  26.580           0.8129000E+01
  26.600           0.3939000E+01
  26.620           0.2010000E+01
  26.640          -0.1416000E+01
  26.660          -0.8830000E+00
  26.680           0.4352000E+01
  26.700           0.1117800E+02
  26.720           0.1047700E+02
  26.740           0.5399000E+01
  26.760          -0.6700000E-01
  26.780           0.2001000E+01
  26.800           0.3120000E+00
  26.820           0.2280000E+01
  26.840           0.2698000E+01
  26.860           0.7800000E+01
  26.880           0.1525200E+02
  26.900           0.2508200E+02
  26.920           0.2097200E+02
  26.940           0.1309900E+02
  26.960           0.7900000E+00
  26.980          -0.5950000E+01
  27.000          -0.9167000E+01
  27.020          -0.6820000E+01
  27.040          -0.8412000E+01
  27.060          -0.7205000E+01
  27.080          -0.1299800E+02
  27.100          -0.1780800E+02
  27.120          -0.1534200E+02
  27.140          -0.7810000E+00
  27.160           0.1067700E+02
  27.180           0.1673700E+02
  27.200           0.1720700E+02
  27.220           0.1252100E+02
  27.240           0.5840000E+00
  27.260          -0.6681000E+01
  27.280          -0.9070000E+01
  27.300          -0.1314200E+02
  27.320          -0.1417800E+02
  27.340          -0.9819000E+01
  27.360          -0.4689000E+01
  27.380          -0.2377000E+01
  27.400           0.8510000E+00
  27.420           0.1836000E+01
  27.440           0.2800000E+00
  27.460          -0.4312000E+01
  27.480           0.1889000E+01
  27.500           0.1026900E+02
  27.520           0.1897400E+02
  27.540           0.1677900E+02
  27.560           0.5019000E+01
  27.580          -0.1265800E+02
  27.600          -0.2087300E+02
  27.620          -0.2129800E+02
  27.640          -0.6987000E+01
  27.660           0.2400000E+01
  27.680           0.4996000E+01
  27.700          -0.3938000E+01
  27.720          -0.1300800E+02
  27.740          -0.1545100E+02
  27.760          -0.7181000E+01
  27.780          -0.2590000E+01
  27.800           0.6680000E+01
  27.820           0.6739000E+01
  27.840          -0.3260000E+01
  27.860          -0.1269100E+02
  27.880          -0.1226500E+02
  27.900          -0.1403100E+02
  27.920          -0.1439600E+02
  27.940          -0.1139700E+02
  27.960          -0.7520000E+01
  27.980          -0.8088000E+01
  28.000          -0.5450000E+01
  28.020          -0.6810000E+00
  28.040           0.4669000E+01
  28.060           0.1050000E+02
  28.080           0.1010000E+02
  28.100           0.9912000E+01
  28.120           0.1462100E+02
  28.140           0.2180000E+02
  28.160           0.2194400E+02
  28.180           0.2060400E+02
  28.200           0.1395500E+02
  28.220           0.4391000E+01
  28.240          -0.7506000E+01
  28.260          -0.8397000E+01
  28.280          -0.5029000E+01
  28.300           0.3954000E+01
  28.320           0.6234000E+01
  28.340           0.7244000E+01
  28.360           0.4094000E+01
  28.380           0.1931000E+01
  28.400          -0.3344000E+01
  28.420           0.1116000E+01
  28.440           0.7950000E+01
  28.460           0.1484500E+02
  28.480           0.1148300E+02
  28.500           0.3071000E+01
  28.520          -0.1002100E+02
  28.540          -0.1429300E+02
  28.560          -0.1428300E+02
  28.580          -0.8681000E+01
  28.600           0.7230000E+00
  28.620           0.8157000E+01
  28.640           0.4041000E+01
  28.660           0.8330000E+00
  28.680           0.7170000E+00
  28.700           0.2478000E+01
  28.720           0.5046000E+01
  28.740           0.6797000E+01
  28.760           0.4275000E+01
  28.780          -0.1900000E+01
  28.800          -0.6812000E+01
  28.820          -0.1354500E+02
  28.840          -0.1861200E+02
  28.860          -0.1701800E+02
  28.880          -0.1076900E+02
  28.900          -0.9614000E+01
  28.920          -0.8902000E+01
  28.940          -0.1033600E+02
  28.960          -0.9288000E+01
  28.980          -0.8111000E+01
  29.000          -0.2519000E+01
  29.020           0.1180000E+00
  29.040          -0.7010000E+00
  29.060          -0.6500000E+01
  29.080          -0.5911000E+01
  29.100          -0.4943000E+01
  29.120          -0.4372000E+01
  29.140          -0.7035000E+01
  29.160          -0.7583000E+01
  29.180          -0.8341000E+01
  29.200          -0.5320000E+01
  29.220          -0.4931000E+01
  29.240          -0.3622000E+01
  29.260          -0.2034000E+01
  29.280           0.1105000E+01
  29.300           0.1404000E+01
  29.320           0.2275000E+01
  29.340           0.2756000E+01
  29.360           0.2673000E+01
  29.380           0.1366000E+01
  29.400           0.2411000E+01
  29.420           0.2913000E+01
  29.440           0.2417000E+01
  29.460           0.3059000E+01
  29.480           0.2929000E+01
  29.500           0.7240000E+00
  29.520           0.3050000E+00
  29.540           0.3121000E+01
  29.560           0.5127000E+01
  29.580           0.7092000E+01
  29.600           0.7202000E+01
  29.620           0.6312000E+01
  29.640           0.3842000E+01
  29.660           0.3369000E+01
  29.680           0.3722000E+01
  29.700           0.5236000E+01
  29.720           0.5174000E+01
  29.740           0.4623000E+01
  29.760           0.5210000E+00
  29.780          -0.2546000E+01
  29.800          -0.4009000E+01
  29.820          -0.2801000E+01
  29.840          -0.1306000E+01
  29.860           0.1817000E+01
  29.880           0.2994000E+01
  29.900           0.2720000E+01
  29.920           0.8350000E+00
  29.940           0.4490000E+00
  29.960           0.2780000E+00
  29.980           0.8350000E+00
  30.000           0.1190000E+01
  30.020           0.1095000E+01
  30.040          -0.6150000E+00
  30.060          -0.1193000E+01
  30.080          -0.5410000E+00
  30.100           0.7460000E+00
  30.120           0.2007000E+01
  30.140           0.2689000E+01
  30.160           0.2030000E+01
  30.180           0.1003000E+01
  30.200           0.3420000E+00
  30.220           0.1320000E+00
  30.240           0.3210000E+00
  30.260           0.3600000E+00
  30.280           0.2660000E+00
  30.300          -0.3800000E-01
  30.320          -0.5700000E-01
  30.340           0.4400000E-01
  30.360           0.1850000E+00
  30.380           0.1140000E+00
  30.400           0.1050000E+00
  30.420          -0.2500000E-01
  30.440          -0.5500000E-01
  30.460           0.0000000E+00
  30.480           0.0000000E+00
  30.500           0.0000000E+00
  30.520           0.0000000E+00
  30.540           0.0000000E+00
  30.560           0.0000000E+00
  30.580           0.0000000E+00
  30.600           0.0000000E+00
  30.620           0.0000000E+00
  30.640           0.0000000E+00
  30.660           0.0000000E+00
  30.680           0.0000000E+00
  30.700           0.0000000E+00
  30.720           0.0000000E+00
  30.740           0.0000000E+00
  30.760           0.0000000E+00
  30.780           0.0000000E+00
  30.800           0.0000000E+00
  30.820           0.0000000E+00
  30.840           0.0000000E+00
  30.860           0.0000000E+00
  30.880           0.0000000E+00
  30.900           0.0000000E+00
  30.920           0.0000000E+00
  30.940           0.0000000E+00
  30.960           0.0000000E+00
  30.980           0.0000000E+00
  31.000           0.0000000E+00
  31.020           0.0000000E+00
  31.040           0.0000000E+00
  31.060           0.0000000E+00
  31.080           0.0000000E+00
  31.100           0.0000000E+00
  31.120           0.0000000E+00
  31.140           0.0000000E+00
  31.160           0.0000000E+00
  31.180           0.0000000E+00
  31.200           0.0000000E+00
  31.220           0.0000000E+00
  31.240           0.0000000E+00
  31.260           0.0000000E+00
  31.280           0.0000000E+00
  31.300           0.0000000E+00
  31.320           0.0000000E+00
  31.340           0.0000000E+00
  31.360           0.0000000E+00
  31.380           0.0000000E+00
  31.400           0.0000000E+00
  31.420           0.0000000E+00
  31.440           0.0000000E+00
  31.460           0.0000000E+00
  31.480           0.0000000E+00
  31.500           0.0000000E+00
  31.520           0.0000000E+00
  31.540           0.0000000E+00
  31.560           0.0000000E+00
  31.580           0.0000000E+00
  31.600           0.0000000E+00
  31.620           0.0000000E+00
  31.640           0.0000000E+00
  31.660           0.0000000E+00
  31.680           0.0000000E+00
  31.700           0.0000000E+00
  31.720           0.0000000E+00
  31.740           0.0000000E+00
  31.760           0.0000000E+00
  31.780           0.0000000E+00
  31.800           0.0000000E+00
  31.820           0.0000000E+00
  31.840           0.0000000E+00
  31.860           0.0000000E+00
  31.880           0.0000000E+00
  31.900           0.0000000E+00
  31.920           0.0000000E+00
  31.940           0.0000000E+00
  31.960           0.0000000E+00
  31.980           0.0000000E+00
  32.000           0.0000000E+00
  32.020           0.0000000E+00
  32.040           0.0000000E+00
  32.060           0.0000000E+00
  32.080           0.0000000E+00
  32.100           0.0000000E+00
  32.120           0.0000000E+00
  32.140           0.0000000E+00
  32.160           0.0000000E+00
  32.180           0.0000000E+00
  32.200           0.0000000E+00
  32.220           0.0000000E+00
  32.240           0.0000000E+00
  32.260           0.0000000E+00
  32.280           0.0000000E+00
  32.300           0.0000000E+00
  32.320           0.0000000E+00
  32.340           0.0000000E+00
  32.360           0.0000000E+00
  32.380           0.0000000E+00
  32.400           0.0000000E+00
  32.420           0.0000000E+00
  32.440           0.0000000E+00
  32.460           0.0000000E+00
  32.480           0.0000000E+00
  32.500           0.0000000E+00
  32.520           0.0000000E+00
  32.540           0.0000000E+00
  32.560           0.0000000E+00
  32.580           0.0000000E+00
  32.600           0.0000000E+00
  32.620           0.0000000E+00
  32.640           0.0000000E+00
  32.660           0.0000000E+00
  32.680           0.0000000E+00
  32.700           0.0000000E+00
  32.720           0.0000000E+00
  32.740           0.0000000E+00
  32.760           0.0000000E+00
  32.780           0.0000000E+00
  32.800           0.0000000E+00
  32.820           0.0000000E+00
  32.840           0.0000000E+00
  32.860           0.0000000E+00
  32.880           0.0000000E+00
  32.900           0.0000000E+00
  32.920           0.0000000E+00
  32.940           0.0000000E+00
  32.960           0.0000000E+00
  32.980           0.0000000E+00
  33.000           0.0000000E+00
  33.020           0.0000000E+00
  33.040           0.0000000E+00
  33.060           0.0000000E+00
  33.080           0.0000000E+00
  33.100           0.0000000E+00
  33.120           0.0000000E+00
  33.140           0.0000000E+00
  33.160           0.0000000E+00
  33.180           0.0000000E+00
  33.200           0.0000000E+00
  33.220           0.0000000E+00
  33.240           0.0000000E+00
  33.260           0.0000000E+00
  33.280           0.0000000E+00
  33.300           0.0000000E+00
  33.320           0.0000000E+00
  33.340           0.0000000E+00
  33.360           0.0000000E+00
  33.380           0.0000000E+00
  33.400           0.0000000E+00
  33.420           0.0000000E+00
  33.440           0.0000000E+00
  33.460           0.0000000E+00
  33.480           0.0000000E+00
  33.500           0.0000000E+00
  33.520           0.0000000E+00
  33.540           0.0000000E+00
  33.560           0.0000000E+00
  33.580           0.0000000E+00
  33.600           0.0000000E+00
  33.620           0.0000000E+00
  33.640           0.0000000E+00
  33.660           0.0000000E+00
  33.680           0.0000000E+00
  33.700           0.0000000E+00
  33.720           0.0000000E+00
  33.740           0.0000000E+00
  33.760           0.0000000E+00
  33.780           0.0000000E+00
  33.800           0.0000000E+00
  33.820           0.0000000E+00
  33.840           0.0000000E+00
  33.860           0.0000000E+00
  33.880           0.0000000E+00
  33.900           0.0000000E+00
  33.920           0.0000000E+00
  33.940           0.0000000E+00
  33.960           0.0000000E+00
  33.980           0.0000000E+00
  34.000           0.0000000E+00
  34.020           0.0000000E+00
  34.040           0.0000000E+00
  34.060           0.0000000E+00
  34.080           0.0000000E+00
  34.100           0.0000000E+00
  34.120           0.0000000E+00
  34.140           0.0000000E+00
  34.160           0.0000000E+00
  34.180           0.0000000E+00
  34.200           0.0000000E+00
  34.220           0.0000000E+00
  34.240           0.0000000E+00
  34.260           0.0000000E+00
  34.280           0.0000000E+00
  34.300           0.0000000E+00
  34.320           0.0000000E+00
  34.340           0.0000000E+00
  34.360           0.0000000E+00
  34.380           0.0000000E+00
  34.400           0.0000000E+00
  34.420           0.0000000E+00
  34.440           0.0000000E+00
  34.460           0.0000000E+00
  34.480           0.0000000E+00
  34.500           0.0000000E+00
  34.520           0.0000000E+00
  34.540           0.0000000E+00
  34.560           0.0000000E+00
  34.580           0.0000000E+00
  34.600           0.0000000E+00
  34.620           0.0000000E+00
  34.640           0.0000000E+00
  34.660           0.0000000E+00
  34.680           0.0000000E+00
  34.700           0.0000000E+00
  34.720           0.0000000E+00
  34.740           0.0000000E+00
  34.760           0.0000000E+00
  34.780           0.0000000E+00
  34.800           0.0000000E+00
  34.820           0.0000000E+00
  34.840           0.0000000E+00
  34.860           0.0000000E+00
  34.880           0.0000000E+00
  34.900           0.0000000E+00
  34.920           0.0000000E+00
  34.940           0.0000000E+00
  34.960           0.0000000E+00
  34.980           0.0000000E+00
  35.000           0.0000000E+00
  35.020           0.0000000E+00
  35.040           0.0000000E+00
  35.060           0.0000000E+00
  35.080           0.0000000E+00
  35.100           0.0000000E+00
  35.120           0.0000000E+00
  35.140           0.0000000E+00
  35.160           0.0000000E+00
  35.180           0.0000000E+00
  35.200           0.0000000E+00
  35.220           0.0000000E+00
  35.240           0.0000000E+00
  35.260           0.0000000E+00
  35.280           0.0000000E+00
  35.300           0.0000000E+00
  35.320           0.0000000E+00
  35.340           0.0000000E+00
  35.360           0.0000000E+00
  35.380           0.0000000E+00
  35.400           0.0000000E+00
  35.420           0.0000000E+00
  35.440           0.0000000E+00
  35.460           0.0000000E+00
  35.480           0.0000000E+00
  35.500           0.0000000E+00
  35.520           0.0000000E+00
  35.540           0.0000000E+00
  35.560           0.0000000E+00
  35.580           0.0000000E+00
  35.600           0.0000000E+00
  35.620           0.0000000E+00
  35.640           0.0000000E+00
  35.660           0.0000000E+00
  35.680           0.0000000E+00
  35.700           0.0000000E+00
  35.720           0.0000000E+00
  35.740           0.0000000E+00
  35.760           0.0000000E+00
  35.780           0.0000000E+00
  35.800           0.0000000E+00
  35.820           0.0000000E+00
  35.840           0.0000000E+00
  35.860           0.0000000E+00
  35.880           0.0000000E+00
  35.900           0.0000000E+00
  35.920           0.0000000E+00
  35.940           0.0000000E+00
  35.960           0.0000000E+00
  35.980           0.0000000E+00
  36.000           0.0000000E+00
  36.020           0.0000000E+00
  36.040           0.0000000E+00
  36.060           0.0000000E+00
  36.080           0.0000000E+00
  36.100           0.0000000E+00
  36.120           0.0000000E+00
  36.140           0.0000000E+00
  36.160           0.0000000E+00
  36.180           0.0000000E+00
  36.200           0.0000000E+00
  36.220           0.0000000E+00
  36.240           0.0000000E+00
  36.260           0.0000000E+00
  36.280           0.0000000E+00
  36.300           0.0000000E+00
  36.320           0.0000000E+00
  36.340           0.0000000E+00
  36.360           0.0000000E+00
  36.380           0.0000000E+00
  36.400           0.0000000E+00
  36.420           0.0000000E+00
  36.440           0.0000000E+00
  36.460           0.0000000E+00
  36.480           0.0000000E+00
  36.500           0.0000000E+00
  36.520           0.0000000E+00
  36.540           0.0000000E+00
  36.560           0.0000000E+00
  36.580           0.0000000E+00
  36.600           0.0000000E+00
  36.620           0.0000000E+00
  36.640           0.0000000E+00
  36.660           0.0000000E+00
  36.680           0.0000000E+00
  36.700           0.0000000E+00
  36.720           0.0000000E+00
  36.740           0.0000000E+00
  36.760           0.0000000E+00
  36.780           0.0000000E+00
  36.800           0.0000000E+00
  36.820           0.0000000E+00
  36.840           0.0000000E+00
  36.860           0.0000000E+00
  36.880           0.0000000E+00
  36.900           0.0000000E+00
  36.920           0.0000000E+00
  36.940           0.0000000E+00
  36.960           0.0000000E+00
  36.980           0.0000000E+00
  37.000           0.0000000E+00
  37.020           0.0000000E+00
  37.040           0.0000000E+00
  37.060           0.0000000E+00
  37.080           0.0000000E+00
  37.100           0.0000000E+00
  37.120           0.0000000E+00
  37.140           0.0000000E+00
  37.160           0.0000000E+00
  37.180           0.0000000E+00
  37.200           0.0000000E+00
  37.220           0.0000000E+00
  37.240           0.0000000E+00
  37.260           0.0000000E+00
  37.280           0.0000000E+00
  37.300           0.0000000E+00
  37.320           0.0000000E+00
  37.340           0.0000000E+00
  37.360           0.0000000E+00
  37.380           0.0000000E+00
  37.400           0.0000000E+00
  37.420           0.0000000E+00
  37.440           0.0000000E+00
  37.460           0.0000000E+00
  37.480           0.0000000E+00
  37.500           0.0000000E+00
  37.520           0.0000000E+00
  37.540           0.0000000E+00
  37.560           0.0000000E+00
  37.580           0.0000000E+00
  37.600           0.0000000E+00
  37.620           0.0000000E+00
  37.640           0.0000000E+00
  37.660           0.0000000E+00
  37.680           0.0000000E+00
  37.700           0.0000000E+00
  37.720           0.0000000E+00
  37.740           0.0000000E+00
  37.760           0.0000000E+00
  37.780           0.0000000E+00
  37.800           0.0000000E+00
  37.820           0.0000000E+00
  37.840           0.0000000E+00
  37.860           0.0000000E+00
  37.880           0.0000000E+00
  37.900           0.0000000E+00
  37.920           0.0000000E+00
  37.940           0.0000000E+00
  37.960           0.0000000E+00
  37.980           0.0000000E+00
  38.000           0.0000000E+00
  38.020           0.0000000E+00
  38.040           0.0000000E+00
  38.060           0.0000000E+00
  38.080           0.0000000E+00
  38.100           0.0000000E+00
  38.120           0.0000000E+00
  38.140           0.0000000E+00
  38.160           0.0000000E+00
  38.180           0.0000000E+00
  38.200           0.0000000E+00
  38.220           0.0000000E+00
  38.240           0.0000000E+00
  38.260           0.0000000E+00
  38.280           0.0000000E+00
  38.300           0.0000000E+00
  38.320           0.0000000E+00
  38.340           0.0000000E+00
  38.360           0.0000000E+00
  38.380           0.0000000E+00
  38.400           0.0000000E+00
  38.420           0.0000000E+00
  38.440           0.0000000E+00
  38.460           0.0000000E+00
  38.480           0.0000000E+00
  38.500           0.0000000E+00
  38.520           0.0000000E+00
  38.540           0.0000000E+00
  38.560           0.0000000E+00
  38.580           0.0000000E+00
  38.600           0.0000000E+00
  38.620           0.0000000E+00
  38.640           0.0000000E+00
  38.660           0.0000000E+00
  38.680           0.0000000E+00
  38.700           0.0000000E+00
  38.720           0.0000000E+00
  38.740           0.0000000E+00
  38.760           0.0000000E+00
  38.780           0.0000000E+00
  38.800           0.0000000E+00
  38.820           0.0000000E+00
  38.840           0.0000000E+00
  38.860           0.0000000E+00
  38.880           0.0000000E+00
  38.900           0.0000000E+00
  38.920           0.0000000E+00
  38.940           0.0000000E+00
  38.960           0.0000000E+00
  38.980           0.0000000E+00
  39.000           0.0000000E+00
  39.020           0.0000000E+00
  39.040           0.0000000E+00
  39.060           0.0000000E+00
  39.080           0.0000000E+00
  39.100           0.0000000E+00
  39.120           0.0000000E+00
  39.140           0.0000000E+00
  39.160           0.0000000E+00
  39.180           0.0000000E+00
  39.200           0.0000000E+00
  39.220           0.0000000E+00
  39.240           0.0000000E+00
  39.260           0.0000000E+00
  39.280           0.0000000E+00
  39.300           0.0000000E+00
  39.320           0.0000000E+00
  39.340           0.0000000E+00
  39.360           0.0000000E+00
  39.380           0.0000000E+00
  39.400           0.0000000E+00
  39.420           0.0000000E+00
  39.440           0.0000000E+00
  39.460           0.0000000E+00
  39.480           0.0000000E+00
  39.500           0.0000000E+00
  39.520           0.0000000E+00
  39.540           0.0000000E+00
  39.560           0.0000000E+00
  39.580           0.0000000E+00
  39.600           0.0000000E+00
  39.620           0.0000000E+00
  39.640           0.0000000E+00
  39.660           0.0000000E+00
  39.680           0.0000000E+00
  39.700           0.0000000E+00
  39.720           0.0000000E+00
  39.740           0.0000000E+00
  39.760           0.0000000E+00
  39.780           0.0000000E+00
  39.800           0.0000000E+00
  39.820           0.0000000E+00
  39.840           0.0000000E+00
  39.860           0.0000000E+00
  39.880           0.0000000E+00
  39.900           0.0000000E+00
  39.920           0.0000000E+00
  39.940           0.0000000E+00
  39.960           0.0000000E+00
  39.980           0.0000000E+00
  40.000           0.0000000E+00
  40.020           0.0000000E+00
  40.040           0.0000000E+00
  40.060           0.0000000E+00
  40.080           0.0000000E+00
  40.100           0.0000000E+00
  40.120           0.0000000E+00
  40.140           0.0000000E+00
  40.160           0.0000000E+00
  40.180           0.0000000E+00
  40.200           0.0000000E+00
  40.220           0.0000000E+00
  40.240           0.0000000E+00
  40.260           0.0000000E+00
  40.280           0.0000000E+00
  40.300           0.0000000E+00
  40.320           0.0000000E+00
  40.340           0.0000000E+00
  40.360           0.0000000E+00
  40.380           0.0000000E+00
  40.400           0.0000000E+00
  40.420           0.0000000E+00
  40.440           0.0000000E+00
  40.460           0.0000000E+00
  40.480           0.0000000E+00
  40.500           0.0000000E+00
  40.520           0.0000000E+00
  40.540           0.0000000E+00
  40.560           0.0000000E+00
  40.580           0.0000000E+00
  40.600           0.0000000E+00
  40.620           0.0000000E+00
  40.640           0.0000000E+00
  40.660           0.0000000E+00
  40.680           0.0000000E+00
  40.700           0.0000000E+00
  40.720           0.0000000E+00
  40.740           0.0000000E+00
  40.760           0.0000000E+00
  40.780           0.0000000E+00
  40.800           0.0000000E+00
  40.820           0.0000000E+00
  40.840           0.0000000E+00
  40.860           0.0000000E+00
  40.880           0.0000000E+00
  40.900           0.0000000E+00
  40.920           0.0000000E+00
  40.940           0.0000000E+00
  40.960           0.0000000E+00
