   0.020          -0.1100000E-01
   0.040          -0.1100000E-01
   0.060          -0.1100000E-01
   0.080          -0.1200000E-01
   0.100          -0.1100000E-01
   0.120          -0.1100000E-01
   0.140          -0.1600000E-01
   0.160          -0.1000000E-01
   0.180          -0.1000000E-01
   0.200           0.2000000E-02
   0.220          -0.1000000E-01
   0.240          -0.1000000E-01
   0.260          -0.2000000E-02
   0.280          -0.7000000E-02
   0.300          -0.5000000E-02
   0.320           0.7000000E-02
   0.340           0.3000000E-02
   0.360           0.1200000E-01
   0.380          -0.8000000E-02
   0.400          -0.7000000E-02
   0.420           0.1100000E-01
   0.440          -0.5000000E-02
   0.460           0.1000000E-02
   0.480           0.4900000E-01
   0.500          -0.1100000E-01
   0.520          -0.1700000E-01
   0.540          -0.7000000E-01
   0.560          -0.2200000E-01
   0.580          -0.2600000E-01
   0.600          -0.1400000E+00
   0.620          -0.1220000E+00
   0.640          -0.8000000E-02
   0.660          -0.1520000E+00
   0.680           0.5600000E-01
   0.700           0.6900000E-01
   0.720          -0.3100000E-01
   0.740          -0.3400000E-01
   0.760          -0.6300000E-01
   0.780          -0.3100000E-01
   0.800          -0.3400000E-01
   0.820          -0.1020000E+00
   0.840          -0.6000000E-01
   0.860          -0.8300000E-01
   0.880          -0.2960000E+00
   0.900          -0.1710000E+00
   0.920           0.8000000E-01
   0.940           0.1640000E+00
   0.960           0.9100000E-01
   0.980          -0.3700000E-01
   1.000          -0.1210000E+00
   1.020          -0.1080000E+00
   1.040          -0.7700000E-01
   1.060          -0.1970000E+00
   1.080          -0.4060000E+00
   1.100          -0.4600000E+00
   1.120          -0.8000000E-01
   1.140           0.2000000E-01
   1.160           0.2490000E+00
   1.180           0.1990000E+00
   1.200           0.1110000E+00
   1.220           0.3280000E+00
   1.240           0.5630000E+00
   1.260           0.1130000E+00
   1.280          -0.1730000E+00
   1.300          -0.6220000E+00
   1.320          -0.6290000E+00
   1.340          -0.8000000E-01
   1.360           0.1690000E+00
   1.380           0.5570000E+00
   1.400           0.1160000E+00
   1.420           0.1390000E+00
   1.440           0.7670000E+00
   1.460           0.1780000E+00
   1.480           0.1810000E+00
   1.500           0.8340000E+00
   1.520           0.1830000E+00
   1.540           0.9200000E-01
   1.560           0.6500000E-01
   1.580          -0.9490000E+00
   1.600          -0.3760000E+00
   1.620           0.2870000E+00
   1.640           0.2780000E+00
   1.660           0.6020000E+00
   1.680           0.3280000E+00
   1.700           0.5880000E+00
   1.720           0.1104000E+01
   1.740           0.8770000E+00
   1.760           0.3370000E+00
   1.780           0.2160000E+00
   1.800          -0.5140000E+00
   1.820          -0.5700000E+00
   1.840          -0.1288000E+01
   1.860          -0.1173000E+01
   1.880          -0.6560000E+00
   1.900          -0.6500000E+00
   1.920          -0.2980000E+00
   1.940          -0.6510000E+00
   1.960          -0.1462000E+01
   1.980          -0.7200000E+00
   2.000           0.1360000E+00
   2.020           0.1110000E+00
   2.040           0.8490000E+00
   2.060           0.1594000E+01
   2.080           0.6170000E+00
   2.100           0.5050000E+00
   2.120          -0.4450000E+00
   2.140          -0.1504000E+01
   2.160          -0.8380000E+00
   2.180          -0.9460000E+00
   2.200          -0.1709000E+01
   2.220          -0.4660000E+00
   2.240           0.5390000E+00
   2.260           0.1351000E+01
   2.280           0.1959000E+01
   2.300           0.1794000E+01
   2.320           0.9500000E+00
   2.340           0.1730000E+00
   2.360          -0.4730000E+00
   2.380          -0.1840000E+01
   2.400          -0.2195000E+01
   2.420          -0.1419000E+01
   2.440          -0.4140000E+00
   2.460           0.1305000E+01
   2.480           0.2178000E+01
   2.500           0.1683000E+01
   2.520           0.1753000E+01
   2.540           0.2439000E+01
   2.560           0.2302000E+01
   2.580           0.8790000E+00
   2.600           0.3420000E+00
   2.620           0.6250000E+00
   2.640           0.1513000E+01
   2.660           0.5350000E+00
   2.680           0.8770000E+00
   2.700           0.2211000E+01
   2.720           0.2477000E+01
   2.740           0.2544000E+01
   2.760           0.1514000E+01
   2.780           0.2150000E+01
   2.800           0.2970000E+01
   2.820           0.1653000E+01
   2.840          -0.4670000E+00
   2.860          -0.1368000E+01
   2.880          -0.2047000E+01
   2.900          -0.3209000E+01
   2.920          -0.2077000E+01
   2.940          -0.1383000E+01
   2.960           0.1780000E+00
   2.980           0.3298000E+01
   3.000           0.3414000E+01
   3.020           0.2686000E+01
   3.040           0.1164000E+01
   3.060           0.9000000E-02
   3.080          -0.2500000E-01
   3.100          -0.1848000E+01
   3.120          -0.3717000E+01
   3.140          -0.3377000E+01
   3.160          -0.2583000E+01
   3.180          -0.3339000E+01
   3.200          -0.2609000E+01
   3.220          -0.7510000E+00
   3.240           0.1785000E+01
   3.260           0.1420000E+01
   3.280           0.6000000E-01
   3.300          -0.6310000E+00
   3.320          -0.2129000E+01
   3.340          -0.4262000E+01
   3.360          -0.3469000E+01
   3.380          -0.2843000E+01
   3.400          -0.1223000E+01
   3.420           0.7340000E+00
   3.440          -0.4950000E+00
   3.460           0.3890000E+00
   3.480           0.8330000E+00
   3.500          -0.3950000E+00
   3.520           0.1278000E+01
   3.540           0.2555000E+01
   3.560           0.2454000E+01
   3.580           0.2091000E+01
   3.600           0.1907000E+01
   3.620           0.1760000E+01
   3.640          -0.9900000E+00
   3.660          -0.2853000E+01
   3.680          -0.2196000E+01
   3.700          -0.1223000E+01
   3.720          -0.7000000E-01
   3.740           0.1680000E+01
   3.760           0.2131000E+01
   3.780           0.6810000E+00
   3.800          -0.2577000E+01
   3.820          -0.3471000E+01
   3.840           0.1350000E+00
   3.860           0.3713000E+01
   3.880           0.4755000E+01
   3.900           0.4391000E+01
   3.920           0.4185000E+01
   3.940           0.3932000E+01
   3.960          -0.7640000E+00
   3.980          -0.3478000E+01
   4.000          -0.2561000E+01
   4.020          -0.1964000E+01
   4.040           0.1530000E+01
   4.060           0.3342000E+01
   4.080           0.1860000E+01
   4.100           0.2407000E+01
   4.120           0.3677000E+01
   4.140           0.2229000E+01
   4.160          -0.1790000E+00
   4.180          -0.1756000E+01
   4.200          -0.3716000E+01
   4.220          -0.2794000E+01
   4.240          -0.6600000E+00
   4.260          -0.6740000E+00
   4.280           0.1599000E+01
   4.300           0.2762000E+01
   4.320           0.8440000E+00
   4.340           0.2373000E+01
   4.360           0.2583000E+01
   4.380           0.2490000E+00
   4.400           0.1033000E+01
   4.420           0.6710000E+00
   4.440          -0.2191000E+01
   4.460          -0.4178000E+01
   4.480          -0.7662000E+01
   4.500          -0.7709000E+01
   4.520          -0.5603000E+01
   4.540          -0.1860000E+01
   4.560           0.3282000E+01
   4.580          -0.1000000E+00
   4.600          -0.2544000E+01
   4.620          -0.4500000E+00
   4.640          -0.1343000E+01
   4.660           0.5130000E+00
   4.680           0.1030000E+01
   4.700          -0.1087000E+01
   4.720          -0.3277000E+01
   4.740          -0.3192000E+01
   4.760          -0.1303000E+01
   4.780           0.2689000E+01
   4.800           0.6883000E+01
   4.820           0.5786000E+01
   4.840           0.5678000E+01
   4.860           0.4377000E+01
   4.880           0.3472000E+01
   4.900           0.2630000E+01
   4.920          -0.2510000E+00
   4.940          -0.3250000E+00
   4.960          -0.6710000E+00
   4.980           0.6100000E-01
   5.000           0.1780000E+00
   5.020          -0.1197000E+01
   5.040           0.4000000E+00
   5.060           0.9200000E-01
   5.080          -0.2730000E+00
   5.100          -0.2131000E+01
   5.120          -0.4006000E+01
   5.140          -0.2189000E+01
   5.160           0.8830000E+00
   5.180           0.1600000E+01
   5.200           0.4103000E+01
   5.220           0.5473000E+01
   5.240           0.1356000E+01
   5.260          -0.1720000E+01
   5.280          -0.2107000E+01
   5.300           0.4393000E+01
   5.320           0.7808000E+01
   5.340           0.2431000E+01
   5.360           0.1730000E+00
   5.380           0.9740000E+00
   5.400          -0.2470000E+00
   5.420           0.1798000E+01
   5.440           0.2214000E+01
   5.460          -0.7300000E+00
   5.480           0.3675000E+01
   5.500           0.1323000E+01
   5.520          -0.3975000E+01
   5.540           0.2006000E+01
   5.560           0.6374000E+01
   5.580           0.8876000E+01
   5.600           0.8207000E+01
   5.620           0.1324000E+01
   5.640          -0.1780000E+00
   5.660          -0.7840000E+00
   5.680          -0.4550000E+00
   5.700           0.1250000E+01
   5.720           0.2595000E+01
   5.740           0.4310000E+01
   5.760          -0.1684000E+01
   5.780          -0.1095800E+02
   5.800          -0.1289500E+02
   5.820          -0.8262000E+01
   5.840           0.8390000E+00
   5.860           0.7357000E+01
   5.880           0.5745000E+01
   5.900           0.3741000E+01
   5.920           0.7630000E+00
   5.940          -0.8264000E+01
   5.960          -0.1270400E+02
   5.980          -0.5481000E+01
   6.000           0.4268000E+01
   6.020           0.6340000E+00
   6.040          -0.3997000E+01
   6.060          -0.2243000E+01
   6.080          -0.3204000E+01
   6.100          -0.8590000E+00
   6.120          -0.2239000E+01
   6.140          -0.2986000E+01
   6.160           0.4396000E+01
   6.180           0.9911000E+01
   6.200           0.9847000E+01
   6.220           0.6984000E+01
   6.240           0.1490000E+01
   6.260          -0.3285000E+01
   6.280          -0.8464000E+01
   6.300          -0.1308200E+02
   6.320          -0.1476400E+02
   6.340          -0.1176600E+02
   6.360          -0.2326000E+01
   6.380           0.4320000E+01
   6.400           0.6794000E+01
   6.420           0.4629000E+01
   6.440           0.1100000E+01
   6.460           0.4947000E+01
   6.480           0.7785000E+01
   6.500           0.1175000E+02
   6.520           0.1528900E+02
   6.540           0.6894000E+01
   6.560          -0.8330000E+00
   6.580          -0.6349000E+01
   6.600          -0.6286000E+01
   6.620          -0.4500000E-01
   6.640           0.1300000E-01
   6.660           0.2702000E+01
   6.680           0.6769000E+01
   6.700           0.1740000E+00
   6.720          -0.8761000E+01
   6.740          -0.9075000E+01
   6.760          -0.9458000E+01
   6.780          -0.1016900E+02
   6.800          -0.1091200E+02
   6.820          -0.1113300E+02
   6.840          -0.6025000E+01
   6.860           0.1918000E+01
   6.880           0.5216000E+01
   6.900           0.6197000E+01
   6.920           0.1040500E+02
   6.940           0.3178000E+01
   6.960          -0.7164000E+01
   6.980          -0.1016900E+02
   7.000          -0.4510000E+01
   7.020           0.9778000E+01
   7.040           0.1285200E+02
   7.060           0.4540000E+01
   7.080          -0.4435000E+01
   7.100          -0.9402000E+01
   7.120          -0.1315100E+02
   7.140          -0.1420500E+02
   7.160          -0.1183400E+02
   7.180          -0.2781000E+01
   7.200           0.4966000E+01
   7.220           0.4225000E+01
   7.240           0.1176000E+01
   7.260          -0.8177000E+01
   7.280          -0.7516000E+01
   7.300           0.7090000E+01
   7.320           0.1131300E+02
   7.340           0.1237800E+02
   7.360           0.1663600E+02
   7.380           0.6920000E+01
   7.400          -0.1044000E+01
   7.420          -0.8420000E+00
   7.440          -0.2453000E+01
   7.460           0.1846000E+01
   7.480           0.4913000E+01
   7.500          -0.1379000E+01
   7.520          -0.9058000E+01
   7.540          -0.6823000E+01
   7.560           0.1280000E+00
   7.580           0.1309000E+01
   7.600          -0.1308000E+01
   7.620          -0.4067000E+01
   7.640          -0.1283200E+02
   7.660          -0.2060700E+02
   7.680          -0.2126900E+02
   7.700          -0.1025200E+02
   7.720           0.1061900E+02
   7.740           0.1703200E+02
   7.760           0.1197500E+02
   7.780           0.6919000E+01
   7.800          -0.5530000E+01
   7.820          -0.6557000E+01
   7.840          -0.4198000E+01
   7.860          -0.7031000E+01
   7.880           0.1966000E+01
   7.900           0.8536000E+01
   7.920           0.9956000E+01
   7.940           0.5365000E+01
   7.960          -0.2370000E+01
   7.980          -0.4371000E+01
   8.000          -0.5798000E+01
   8.020          -0.3812000E+01
   8.040          -0.2496000E+01
   8.060          -0.7087000E+01
   8.080          -0.6948000E+01
   8.100          -0.2577000E+01
   8.120          -0.1602000E+01
   8.140          -0.3126000E+01
   8.160           0.2990000E+00
   8.180           0.2858000E+01
   8.200           0.6967000E+01
   8.220           0.5842000E+01
   8.240           0.6681000E+01
   8.260           0.1407300E+02
   8.280           0.1213300E+02
   8.300           0.4510000E+00
   8.320          -0.1193300E+02
   8.340          -0.2125900E+02
   8.360          -0.2538700E+02
   8.380          -0.1512400E+02
   8.400          -0.3168000E+01
   8.420           0.1949000E+01
   8.440           0.8525000E+01
   8.460           0.4326000E+01
   8.480           0.9600000E+00
   8.500           0.2040000E+00
   8.520          -0.1341300E+02
   8.540          -0.1105700E+02
   8.560          -0.7006000E+01
   8.580          -0.8450000E+01
   8.600           0.4296000E+01
   8.620           0.1957000E+01
   8.640          -0.1601800E+02
   8.660          -0.2832700E+02
   8.680          -0.2893400E+02
   8.700          -0.1766400E+02
   8.720           0.5822000E+01
   8.740           0.2693400E+02
   8.760           0.2348800E+02
   8.780           0.1335200E+02
   8.800           0.7807000E+01
   8.820           0.1962000E+01
   8.840           0.3361000E+01
   8.860           0.5948000E+01
   8.880           0.1008700E+02
   8.900           0.1815700E+02
   8.920           0.1089200E+02
   8.940          -0.6733000E+01
   8.960          -0.2198200E+02
   8.980          -0.2747100E+02
   9.000          -0.1602100E+02
   9.020           0.9440000E+01
   9.040           0.2822300E+02
   9.060           0.3150700E+02
   9.080           0.2629800E+02
   9.100           0.9656000E+01
   9.120          -0.5310000E+00
   9.140           0.7280000E+01
   9.160           0.8300000E-01
   9.180          -0.1477300E+02
   9.200          -0.2344800E+02
   9.220          -0.2548100E+02
   9.240          -0.1812300E+02
   9.260          -0.9973000E+01
   9.280          -0.7297000E+01
   9.300          -0.1814000E+01
   9.320          -0.5944000E+01
   9.340          -0.4164000E+01
   9.360          -0.2527000E+01
   9.380          -0.8718000E+01
   9.400          -0.3252000E+01
   9.420          -0.7022000E+01
   9.440          -0.1224200E+02
   9.460          -0.1941000E+02
   9.480          -0.2942000E+02
   9.500          -0.1973700E+02
   9.520          -0.3168000E+01
   9.540           0.1734900E+02
   9.560           0.3251600E+02
   9.580           0.2719400E+02
   9.600           0.9083000E+01
   9.620          -0.1080900E+02
   9.640          -0.1293800E+02
   9.660           0.2865000E+01
   9.680           0.1700200E+02
   9.700           0.1280200E+02
   9.720          -0.4550000E+00
   9.740          -0.6675000E+01
   9.760          -0.1581400E+02
   9.780          -0.2992700E+02
   9.800          -0.1862300E+02
   9.820          -0.3602000E+01
   9.840           0.8240000E+00
   9.860           0.7512000E+01
   9.880           0.2194000E+01
   9.900          -0.8967000E+01
   9.920          -0.3692000E+01
   9.940          -0.1665000E+01
   9.960           0.3354000E+01
   9.980           0.2217700E+02
  10.000           0.2242700E+02
  10.020           0.4911000E+01
  10.040          -0.8762000E+01
  10.060          -0.1459800E+02
  10.080          -0.4419000E+01
  10.100           0.3610000E+01
  10.120          -0.9700000E+00
  10.140          -0.1061300E+02
  10.160          -0.9128000E+01
  10.180           0.1489000E+01
  10.200           0.4279000E+01
  10.220           0.5488000E+01
  10.240           0.9103000E+01
  10.260           0.2174600E+02
  10.280           0.2140500E+02
  10.300           0.1025600E+02
  10.320           0.1198300E+02
  10.340           0.8441000E+01
  10.360           0.5885000E+01
  10.380          -0.2200000E+01
  10.400          -0.1190400E+02
  10.420          -0.1605200E+02
  10.440          -0.1434200E+02
  10.460          -0.7499000E+01
  10.480          -0.1969800E+02
  10.500          -0.3376000E+02
  10.520          -0.2574700E+02
  10.540          -0.1561000E+02
  10.560          -0.4040000E+00
  10.580           0.4002000E+01
  10.600           0.1959000E+01
  10.620          -0.3859000E+01
  10.640          -0.2360900E+02
  10.660          -0.1514300E+02
  10.680          -0.3938000E+01
  10.700          -0.7125000E+01
  10.720          -0.7992000E+01
  10.740          -0.1820600E+02
  10.760          -0.1555900E+02
  10.780          -0.1200000E-01
  10.800           0.6012000E+01
  10.820           0.2637000E+01
  10.840           0.6444000E+01
  10.860           0.2184700E+02
  10.880           0.2464400E+02
  10.900           0.8913000E+01
  10.920          -0.5062000E+01
  10.940           0.1340000E+02
  10.960           0.2846900E+02
  10.980           0.2028000E+02
  11.000           0.3370000E+00
  11.020          -0.1390800E+02
  11.040          -0.1508300E+02
  11.060          -0.8439000E+01
  11.080           0.2331000E+01
  11.100           0.1647600E+02
  11.120           0.3555500E+02
  11.140           0.3423700E+02
  11.160           0.1998000E+01
  11.180          -0.1616300E+02
  11.200          -0.2635300E+02
  11.220          -0.2544000E+02
  11.240          -0.2460000E+01
  11.260          -0.7562000E+01
  11.280          -0.1924500E+02
  11.300          -0.8557000E+01
  11.320          -0.2070600E+02
  11.340          -0.2107800E+02
  11.360           0.8210000E+01
  11.380           0.1989400E+02
  11.400           0.2614700E+02
  11.420           0.3153600E+02
  11.440           0.2005000E+02
  11.460           0.5370000E+01
  11.480          -0.5506000E+01
  11.500          -0.1571400E+02
  11.520          -0.3063400E+02
  11.540          -0.3035900E+02
  11.560          -0.8374000E+01
  11.580          -0.1265500E+02
  11.600          -0.1730600E+02
  11.620           0.9960000E+00
  11.640           0.1544400E+02
  11.660           0.4126200E+02
  11.680           0.3967000E+02
  11.700           0.2083900E+02
  11.720           0.1127300E+02
  11.740          -0.1948300E+02
  11.760          -0.1324300E+02
  11.780           0.9330000E+01
  11.800           0.1197400E+02
  11.820           0.1511700E+02
  11.840          -0.6010000E+00
  11.860          -0.1728600E+02
  11.880          -0.1821900E+02
  11.900          -0.5018000E+01
  11.920           0.5938000E+01
  11.940          -0.3400000E+01
  11.960          -0.3695000E+01
  11.980          -0.1844000E+01
  12.000          -0.6860000E+01
  12.020          -0.4302000E+01
  12.040           0.1074000E+01
  12.060          -0.2810000E+01
  12.080           0.1228200E+02
  12.100           0.1314700E+02
  12.120          -0.1089000E+02
  12.140          -0.1598900E+02
  12.160          -0.1604500E+02
  12.180          -0.1162800E+02
  12.200          -0.2412000E+01
  12.220           0.3843000E+01
  12.240           0.2126700E+02
  12.260           0.1090400E+02
  12.280          -0.1502700E+02
  12.300          -0.2959900E+02
  12.320          -0.1464100E+02
  12.340           0.4439000E+01
  12.360          -0.1231800E+02
  12.380          -0.1905500E+02
  12.400          -0.1137000E+02
  12.420          -0.5498000E+01
  12.440          -0.1095000E+02
  12.460          -0.1931700E+02
  12.480          -0.6427000E+01
  12.500           0.1651200E+02
  12.520           0.2583000E+02
  12.540           0.2436500E+02
  12.560           0.2792600E+02
  12.580           0.2291100E+02
  12.600           0.1412200E+02
  12.620           0.2156000E+01
  12.640          -0.9463000E+01
  12.660           0.3517000E+01
  12.680           0.1748700E+02
  12.700           0.8123000E+01
  12.720          -0.4698000E+01
  12.740          -0.4680000E+00
  12.760           0.5880000E+01
  12.780           0.4394000E+01
  12.800           0.1936000E+01
  12.820          -0.9331000E+01
  12.840          -0.2408600E+02
  12.860          -0.2862300E+02
  12.880          -0.3540800E+02
  12.900          -0.2346800E+02
  12.920           0.1419000E+01
  12.940           0.1978900E+02
  12.960           0.3805700E+02
  12.980           0.3721400E+02
  13.000           0.1921300E+02
  13.020          -0.1523000E+01
  13.040          -0.2033400E+02
  13.060          -0.1876300E+02
  13.080          -0.2064700E+02
  13.100          -0.1372300E+02
  13.120          -0.2871000E+01
  13.140           0.1813000E+01
  13.160           0.5850000E+00
  13.180          -0.7762000E+01
  13.200           0.3075000E+01
  13.220           0.3169000E+02
  13.240           0.4753100E+02
  13.260           0.4569300E+02
  13.280           0.2358100E+02
  13.300          -0.9186000E+01
  13.320          -0.3005200E+02
  13.340          -0.2851300E+02
  13.360          -0.1928000E+02
  13.380          -0.5819000E+01
  13.400           0.5430000E+01
  13.420           0.1258200E+02
  13.440           0.1864100E+02
  13.460           0.1899000E+01
  13.480          -0.4000000E-01
  13.500           0.5502000E+01
  13.520           0.4417000E+01
  13.540          -0.1460000E+00
  13.560          -0.1739400E+02
  13.580          -0.5802000E+01
  13.600          -0.3315000E+01
  13.620          -0.1061400E+02
  13.640           0.4198000E+01
  13.660          -0.1353600E+02
  13.680          -0.3519100E+02
  13.700          -0.3224000E+02
  13.720          -0.7778000E+01
  13.740           0.2674200E+02
  13.760           0.2827400E+02
  13.780           0.1053900E+02
  13.800          -0.9122000E+01
  13.820          -0.1627700E+02
  13.840          -0.3634000E+01
  13.860           0.2527300E+02
  13.880           0.3494800E+02
  13.900           0.1364600E+02
  13.920           0.1056000E+01
  13.940          -0.1038200E+02
  13.960          -0.1684400E+02
  13.980          -0.2778400E+02
  14.000          -0.1753900E+02
  14.020           0.8897000E+01
  14.040           0.1324900E+02
  14.060           0.2037000E+02
  14.080           0.9607000E+01
  14.100           0.5573000E+01
  14.120           0.1924500E+02
  14.140           0.1468000E+01
  14.160          -0.1937900E+02
  14.180          -0.9361000E+01
  14.200          -0.3505000E+01
  14.220          -0.8869000E+01
  14.240          -0.6254000E+01
  14.260          -0.7973000E+01
  14.280          -0.3171000E+01
  14.300           0.1232100E+02
  14.320           0.9192000E+01
  14.340          -0.4287000E+01
  14.360           0.1102900E+02
  14.380           0.2475500E+02
  14.400           0.2603600E+02
  14.420           0.2048000E+02
  14.440           0.1282200E+02
  14.460           0.5619000E+01
  14.480          -0.7872000E+01
  14.500          -0.6406000E+01
  14.520           0.1694900E+02
  14.540           0.3370100E+02
  14.560           0.8804000E+01
  14.580          -0.2799000E+02
  14.600          -0.3195000E+02
  14.620          -0.2112200E+02
  14.640          -0.1751100E+02
  14.660          -0.1490800E+02
  14.680          -0.4019000E+01
  14.700           0.7820000E+00
  14.720           0.5783000E+01
  14.740           0.2103000E+01
  14.760           0.3116000E+01
  14.780           0.1591100E+02
  14.800           0.2092100E+02
  14.820           0.3046100E+02
  14.840           0.1811500E+02
  14.860          -0.1732000E+01
  14.880          -0.7221000E+01
  14.900          -0.1628800E+02
  14.920          -0.1977300E+02
  14.940           0.1321000E+01
  14.960           0.2688400E+02
  14.980           0.2864200E+02
  15.000           0.2398700E+02
  15.020           0.1468600E+02
  15.040           0.1326000E+02
  15.060           0.4102300E+02
  15.080           0.3797200E+02
  15.100           0.1385400E+02
  15.120           0.1508800E+02
  15.140           0.1089700E+02
  15.160          -0.1485000E+01
  15.180          -0.8693000E+01
  15.200          -0.1917500E+02
  15.220          -0.2504300E+02
  15.240          -0.2903000E+02
  15.260          -0.2970100E+02
  15.280          -0.3464000E+01
  15.300           0.3466400E+02
  15.320           0.4321800E+02
  15.340           0.2154900E+02
  15.360          -0.3016000E+01
  15.380          -0.3438200E+02
  15.400          -0.4602400E+02
  15.420          -0.3348400E+02
  15.440          -0.2736800E+02
  15.460          -0.1451600E+02
  15.480           0.2087200E+02
  15.500           0.4615600E+02
  15.520           0.2518100E+02
  15.540           0.1406000E+02
  15.560           0.9638000E+01
  15.580           0.2430000E+00
  15.600           0.1265000E+01
  15.620          -0.2015000E+01
  15.640           0.1085000E+02
  15.660           0.1106000E+01
  15.680          -0.1745100E+02
  15.700          -0.1282500E+02
  15.720          -0.1339300E+02
  15.740          -0.1865900E+02
  15.760          -0.1906400E+02
  15.780          -0.1980000E+00
  15.800           0.2363000E+02
  15.820           0.1808500E+02
  15.840           0.1161000E+02
  15.860           0.9501000E+01
  15.880          -0.7700000E-01
  15.900           0.3745000E+01
  15.920           0.6924000E+01
  15.940           0.2321000E+01
  15.960          -0.7663000E+01
  15.980          -0.1072500E+02
  16.000          -0.8181000E+01
  16.020          -0.2080400E+02
  16.040          -0.2485000E+02
  16.060          -0.5746000E+01
  16.080           0.9818000E+01
  16.100           0.1314200E+02
  16.120           0.1200000E-01
  16.140          -0.1647200E+02
  16.160          -0.6066000E+01
  16.180          -0.7476000E+01
  16.200          -0.5325000E+01
  16.220           0.1020700E+02
  16.240           0.1669200E+02
  16.260           0.2877700E+02
  16.280           0.1367800E+02
  16.300           0.8050000E+00
  16.320           0.1966000E+02
  16.340           0.2009000E+02
  16.360           0.9638000E+01
  16.380           0.1272000E+02
  16.400           0.1021900E+02
  16.420           0.2265300E+02
  16.440           0.2178400E+02
  16.460          -0.3463000E+01
  16.480          -0.1023600E+02
  16.500          -0.1712800E+02
  16.520          -0.2442500E+02
  16.540          -0.2497900E+02
  16.560          -0.1810500E+02
  16.580          -0.3459000E+01
  16.600           0.1975800E+02
  16.620           0.3265400E+02
  16.640           0.3462100E+02
  16.660           0.3091500E+02
  16.680           0.6943000E+01
  16.700          -0.1639100E+02
  16.720          -0.2561100E+02
  16.740          -0.9269000E+01
  16.760          -0.6950000E+00
  16.780          -0.7093000E+01
  16.800           0.7498000E+01
  16.820           0.1945000E+01
  16.840          -0.1418200E+02
  16.860          -0.5182000E+01
  16.880           0.1481000E+02
  16.900           0.2059800E+02
  16.920          -0.2493000E+01
  16.940          -0.1737200E+02
  16.960          -0.1551300E+02
  16.980          -0.2200700E+02
  17.000          -0.1581200E+02
  17.020           0.1339900E+02
  17.040           0.3718900E+02
  17.060           0.3198700E+02
  17.080           0.1929900E+02
  17.100           0.9236000E+01
  17.120           0.8669000E+01
  17.140           0.1835800E+02
  17.160           0.1971200E+02
  17.180           0.1791600E+02
  17.200           0.4743000E+01
  17.220          -0.2018000E+02
  17.240          -0.3634300E+02
  17.260          -0.3538900E+02
  17.280          -0.1541500E+02
  17.300           0.9329000E+01
  17.320           0.2631200E+02
  17.340           0.3712400E+02
  17.360           0.3625300E+02
  17.380           0.1775200E+02
  17.400           0.8438000E+01
  17.420           0.1511200E+02
  17.440           0.1060000E+01
  17.460          -0.4441000E+01
  17.480          -0.3449000E+01
  17.500          -0.4676000E+01
  17.520          -0.5221000E+01
  17.540          -0.1816900E+02
  17.560          -0.7013000E+01
  17.580           0.2838000E+01
  17.600          -0.3780000E+00
  17.620           0.6472000E+01
  17.640          -0.1980000E+01
  17.660          -0.2347000E+01
  17.680           0.1841700E+02
  17.700           0.3071700E+02
  17.720           0.1456200E+02
  17.740          -0.3701000E+01
  17.760           0.3362000E+01
  17.780           0.1115100E+02
  17.800           0.7029000E+01
  17.820          -0.5092000E+01
  17.840          -0.2788700E+02
  17.860          -0.5070100E+02
  17.880          -0.5032500E+02
  17.900          -0.2609300E+02
  17.920          -0.8230000E+00
  17.940           0.2493800E+02
  17.960           0.3952300E+02
  17.980           0.1844800E+02
  18.000          -0.2554000E+01
  18.020          -0.1160800E+02
  18.040          -0.4986000E+01
  18.060           0.2185100E+02
  18.080           0.2520700E+02
  18.100           0.2129700E+02
  18.120           0.3201700E+02
  18.140           0.8519000E+01
  18.160          -0.2332100E+02
  18.180          -0.1684800E+02
  18.200          -0.1273800E+02
  18.220          -0.4422000E+01
  18.240           0.3613000E+01
  18.260          -0.5566000E+01
  18.280          -0.1603900E+02
  18.300          -0.2852700E+02
  18.320          -0.3457000E+02
  18.340          -0.2752400E+02
  18.360          -0.6478000E+01
  18.380           0.3383000E+01
  18.400          -0.5834000E+01
  18.420           0.2503000E+01
  18.440           0.8285000E+01
  18.460           0.1304200E+02
  18.480           0.1932400E+02
  18.500          -0.1796000E+01
  18.520          -0.2280900E+02
  18.540          -0.3105000E+02
  18.560          -0.2347500E+02
  18.580          -0.3992000E+01
  18.600           0.1404800E+02
  18.620           0.2995400E+02
  18.640           0.3714500E+02
  18.660           0.4777400E+02
  18.680           0.3788200E+02
  18.700           0.1401100E+02
  18.720           0.7979000E+01
  18.740          -0.1575000E+01
  18.760          -0.1775300E+02
  18.780          -0.3168800E+02
  18.800          -0.3215700E+02
  18.820          -0.1867200E+02
  18.840          -0.1353100E+02
  18.860          -0.1456200E+02
  18.880           0.8389000E+01
  18.900          -0.6180000E+00
  18.920          -0.1635000E+02
  18.940           0.1121300E+02
  18.960           0.1357800E+02
  18.980           0.1419100E+02
  19.000           0.2353300E+02
  19.020           0.2540000E+01
  19.040          -0.1375600E+02
  19.060          -0.1382600E+02
  19.080          -0.1505800E+02
  19.100          -0.7856000E+01
  19.120           0.1689000E+01
  19.140           0.1944400E+02
  19.160           0.2958000E+02
  19.180           0.2212100E+02
  19.200           0.3453500E+02
  19.220           0.2812300E+02
  19.240           0.1544200E+02
  19.260          -0.9088000E+01
  19.280          -0.4364500E+02
  19.300          -0.2688900E+02
  19.320          -0.6443000E+01
  19.340          -0.5640000E+01
  19.360          -0.8509000E+01
  19.380          -0.1946000E+01
  19.400           0.1166200E+02
  19.420           0.1072400E+02
  19.440          -0.1029200E+02
  19.460          -0.3207400E+02
  19.480          -0.2290100E+02
  19.500           0.7655000E+01
  19.520           0.2602600E+02
  19.540           0.1340300E+02
  19.560          -0.6181000E+01
  19.580          -0.2558800E+02
  19.600          -0.3408600E+02
  19.620          -0.2594100E+02
  19.640          -0.1668700E+02
  19.660          -0.4431000E+01
  19.680           0.6114000E+01
  19.700           0.4286000E+01
  19.720          -0.4130000E+00
  19.740           0.4229000E+01
  19.760          -0.9565000E+01
  19.780          -0.2191400E+02
  19.800          -0.1666400E+02
  19.820          -0.1438400E+02
  19.840           0.5153000E+01
  19.860           0.1833500E+02
  19.880           0.8558000E+01
  19.900          -0.7346000E+01
  19.920          -0.8256000E+01
  19.940          -0.2076000E+01
  19.960          -0.4815000E+01
  19.980           0.7443000E+01
  20.000           0.2041500E+02
  20.020           0.2369200E+02
  20.040           0.3476300E+02
  20.060           0.3800000E+02
  20.080           0.2998200E+02
  20.100           0.2588500E+02
  20.120           0.1092700E+02
  20.140          -0.1074000E+02
  20.160          -0.3225100E+02
  20.180          -0.4460700E+02
  20.200          -0.3498900E+02
  20.220          -0.4042700E+02
  20.240          -0.2097400E+02
  20.260           0.2232000E+02
  20.280           0.2341700E+02
  20.300           0.2171500E+02
  20.320           0.1003400E+02
  20.340          -0.3139000E+01
  20.360          -0.5670000E+00
  20.380          -0.5660000E+00
  20.400           0.9188000E+01
  20.420           0.1471500E+02
  20.440           0.7764000E+01
  20.460           0.8460000E+01
  20.480           0.1450800E+02
  20.500           0.2657300E+02
  20.520           0.2421900E+02
  20.540          -0.1074400E+02
  20.560          -0.4471600E+02
  20.580          -0.5601100E+02
  20.600          -0.4923100E+02
  20.620          -0.1771500E+02
  20.640           0.1623500E+02
  20.660           0.2020000E+02
  20.680           0.1259300E+02
  20.700           0.4200000E+01
  20.720           0.1739000E+01
  20.740           0.9282000E+01
  20.760           0.2509500E+02
  20.780           0.3664900E+02
  20.800           0.2002700E+02
  20.820          -0.5591000E+01
  20.840          -0.1838800E+02
  20.860          -0.1828200E+02
  20.880          -0.2100500E+02
  20.900          -0.2407000E+02
  20.920          -0.6459000E+01
  20.940           0.2037300E+02
  20.960           0.2957500E+02
  20.980           0.1212900E+02
  21.000           0.5537000E+01
  21.020           0.1214000E+01
  21.040          -0.1214300E+02
  21.060          -0.9672000E+01
  21.080          -0.5205000E+01
  21.100          -0.2015900E+02
  21.120          -0.2714800E+02
  21.140          -0.2142500E+02
  21.160          -0.1125000E+01
  21.180           0.1662400E+02
  21.200           0.1940200E+02
  21.220           0.4475100E+02
  21.240           0.4475600E+02
  21.260           0.1172700E+02
  21.280          -0.7657000E+01
  21.300          -0.1588000E+02
  21.320          -0.1293500E+02
  21.340          -0.1396200E+02
  21.360          -0.1953300E+02
  21.380          -0.1578600E+02
  21.400          -0.1716600E+02
  21.420          -0.2099000E+02
  21.440          -0.1872400E+02
  21.460          -0.1692600E+02
  21.480          -0.3570000E+01
  21.500           0.1498300E+02
  21.520           0.1771200E+02
  21.540           0.1096600E+02
  21.560           0.7784000E+01
  21.580          -0.1724000E+01
  21.600          -0.1829100E+02
  21.620          -0.6640000E+01
  21.640           0.1240500E+02
  21.660           0.1574500E+02
  21.680           0.1265400E+02
  21.700          -0.7901000E+01
  21.720          -0.2044100E+02
  21.740          -0.9812000E+01
  21.760           0.1186000E+02
  21.780           0.2078900E+02
  21.800           0.1522600E+02
  21.820           0.1820000E+02
  21.840           0.1252200E+02
  21.860           0.1392900E+02
  21.880           0.2608100E+02
  21.900           0.1126200E+02
  21.920          -0.7725000E+01
  21.940          -0.1532600E+02
  21.960          -0.2448000E+02
  21.980          -0.2521900E+02
  22.000          -0.2011300E+02
  22.020          -0.9145000E+01
  22.040           0.3685000E+01
  22.060          -0.2560000E+00
  22.080          -0.5988000E+01
  22.100          -0.5642000E+01
  22.120           0.1415000E+01
  22.140           0.1294300E+02
  22.160           0.1179100E+02
  22.180           0.1724800E+02
  22.200           0.1652700E+02
  22.220           0.2424000E+01
  22.240          -0.1051700E+02
  22.260          -0.1912500E+02
  22.280          -0.1781700E+02
  22.300          -0.5827000E+01
  22.320           0.1337100E+02
  22.340           0.1973000E+02
  22.360           0.3782000E+01
  22.380          -0.3913000E+01
  22.400          -0.5303000E+01
  22.420          -0.1005500E+02
  22.440          -0.6154000E+01
  22.460          -0.2100000E-01
  22.480          -0.5837000E+01
  22.500          -0.1303900E+02
  22.520          -0.1531700E+02
  22.540          -0.7700000E+01
  22.560           0.3180000E+00
  22.580           0.5044000E+01
  22.600           0.9661000E+01
  22.620           0.8027000E+01
  22.640          -0.3388000E+01
  22.660          -0.1843100E+02
  22.680          -0.1251400E+02
  22.700           0.1463300E+02
  22.720           0.1534800E+02
  22.740           0.9070000E+01
  22.760           0.2173500E+02
  22.780           0.1516900E+02
  22.800           0.8105000E+01
  22.820           0.3198000E+01
  22.840          -0.9006000E+01
  22.860          -0.5221000E+01
  22.880          -0.2154000E+01
  22.900          -0.7992000E+01
  22.920          -0.4200000E-01
  22.940           0.6503000E+01
  22.960          -0.3972000E+01
  22.980          -0.2036400E+02
  23.000          -0.2451500E+02
  23.020          -0.1914200E+02
  23.040           0.3938000E+01
  23.060           0.2584600E+02
  23.080           0.1854800E+02
  23.100           0.3574000E+01
  23.120          -0.1042200E+02
  23.140          -0.1830800E+02
  23.160          -0.1352500E+02
  23.180          -0.9480000E+01
  23.200          -0.6867000E+01
  23.220          -0.9950000E+00
  23.240          -0.4010000E+00
  23.260          -0.7663000E+01
  23.280          -0.4558000E+01
  23.300           0.4850000E+00
  23.320          -0.1719000E+01
  23.340          -0.5204000E+01
  23.360          -0.1005700E+02
  23.380          -0.7218000E+01
  23.400          -0.7236000E+01
  23.420          -0.1406800E+02
  23.440          -0.1474400E+02
  23.460          -0.9737000E+01
  23.480          -0.2496000E+01
  23.500          -0.6607000E+01
  23.520          -0.8488000E+01
  23.540          -0.7452000E+01
  23.560          -0.3157000E+01
  23.580           0.1363100E+02
  23.600           0.1997300E+02
  23.620           0.1473100E+02
  23.640           0.1505000E+01
  23.660          -0.1963200E+02
  23.680          -0.2034600E+02
  23.700          -0.3059000E+01
  23.720           0.8832000E+01
  23.740           0.1566700E+02
  23.760           0.7836000E+01
  23.780          -0.1572000E+01
  23.800          -0.4620000E+00
  23.820           0.1139000E+01
  23.840           0.8675000E+01
  23.860           0.1486300E+02
  23.880           0.1142100E+02
  23.900           0.1088400E+02
  23.920           0.1498300E+02
  23.940           0.1361500E+02
  23.960           0.9544000E+01
  23.980           0.5810000E+00
  24.000          -0.5042000E+01
  24.020          -0.1934000E+01
  24.040          -0.4410000E+01
  24.060          -0.6079000E+01
  24.080          -0.9213000E+01
  24.100          -0.6166000E+01
  24.120           0.8970000E+01
  24.140           0.2004400E+02
  24.160           0.2254600E+02
  24.180           0.1096800E+02
  24.200          -0.9914000E+01
  24.220          -0.1223600E+02
  24.240          -0.3434000E+01
  24.260          -0.2618000E+01
  24.280          -0.4474000E+01
  24.300          -0.1195900E+02
  24.320          -0.1999300E+02
  24.340          -0.1634200E+02
  24.360          -0.1112000E+02
  24.380          -0.1524000E+01
  24.400           0.1018100E+02
  24.420           0.9326000E+01
  24.440           0.4045000E+01
  24.460           0.3920000E+01
  24.480           0.9571000E+01
  24.500           0.1303300E+02
  24.520           0.1487800E+02
  24.540           0.9935000E+01
  24.560          -0.3157000E+01
  24.580          -0.1563900E+02
  24.600          -0.2008600E+02
  24.620          -0.2012700E+02
  24.640          -0.1593300E+02
  24.660           0.7960000E+00
  24.680           0.1299100E+02
  24.700           0.1518300E+02
  24.720           0.1252000E+02
  24.740           0.7443000E+01
  24.760           0.5401000E+01
  24.780           0.2345000E+01
  24.800           0.9106000E+01
  24.820           0.1950600E+02
  24.840           0.1738200E+02
  24.860           0.8170000E+01
  24.880          -0.3113000E+01
  24.900          -0.5946000E+01
  24.920           0.2941000E+01
  24.940           0.9420000E+00
  24.960          -0.9777000E+01
  24.980          -0.1611200E+02
  25.000          -0.1526600E+02
  25.020          -0.2015000E+01
  25.040           0.7832000E+01
  25.060           0.1048900E+02
  25.080           0.1027200E+02
  25.100           0.2249000E+01
  25.120          -0.4542000E+01
  25.140          -0.6266000E+01
  25.160          -0.7071000E+01
  25.180          -0.9180000E+01
  25.200          -0.5733000E+01
  25.220           0.5546000E+01
  25.240           0.8762000E+01
  25.260           0.6402000E+01
  25.280           0.5591000E+01
  25.300           0.5310000E+00
  25.320          -0.4931000E+01
  25.340          -0.7477000E+01
  25.360          -0.1653000E+01
  25.380           0.9812000E+01
  25.400           0.8529000E+01
  25.420           0.1488000E+01
  25.440           0.1297000E+01
  25.460          -0.6407000E+01
  25.480          -0.9798000E+01
  25.500          -0.3232000E+01
  25.520          -0.3676000E+01
  25.540           0.1885000E+01
  25.560           0.5279000E+01
  25.580           0.1914000E+01
  25.600           0.4069000E+01
  25.620          -0.2580000E+01
  25.640          -0.8838000E+01
  25.660          -0.9226000E+01
  25.680          -0.8179000E+01
  25.700          -0.2945000E+01
  25.720          -0.1119000E+01
  25.740          -0.3968000E+01
  25.760          -0.7950000E+01
  25.780          -0.1036100E+02
  25.800          -0.8709000E+01
  25.820          -0.4156000E+01
  25.840           0.1914000E+01
  25.860           0.2767000E+01
  25.880          -0.6493000E+01
  25.900          -0.6886000E+01
  25.920           0.4599000E+01
  25.940           0.1151900E+02
  25.960           0.1154800E+02
  25.980           0.6839000E+01
  26.000          -0.2462000E+01
  26.020          -0.7993000E+01
  26.040          -0.7559000E+01
  26.060          -0.6988000E+01
  26.080          -0.8500000E+00
  26.100           0.5626000E+01
  26.120           0.4380000E+01
  26.140          -0.5306000E+01
  26.160          -0.1277800E+02
  26.180          -0.1081600E+02
  26.200           0.4970000E+00
  26.220           0.1479500E+02
  26.240           0.1596800E+02
  26.260           0.9526000E+01
  26.280           0.8300000E-01
  26.300          -0.1061100E+02
  26.320          -0.1375000E+02
  26.340          -0.5955000E+01
  26.360           0.2538000E+01
  26.380           0.8031000E+01
  26.400           0.9154000E+01
  26.420           0.2404000E+01
  26.440           0.4803000E+01
  26.460           0.1522000E+02
  26.480           0.1528600E+02
  26.500           0.1204500E+02
  26.520           0.8097000E+01
  26.540          -0.3631000E+01
  26.560          -0.9045000E+01
  26.580          -0.9010000E+00
  26.600           0.5487000E+01
  26.620           0.8894000E+01
  26.640           0.6944000E+01
  26.660          -0.2155000E+01
  26.680          -0.8085000E+01
  26.700          -0.1083300E+02
  26.720          -0.9333000E+01
  26.740           0.3308000E+01
  26.760           0.1642000E+02
  26.780           0.1605100E+02
  26.800           0.8201000E+01
  26.820          -0.1442000E+01
  26.840          -0.7019000E+01
  26.860          -0.7121000E+01
  26.880          -0.3910000E+01
  26.900           0.3119000E+01
  26.920           0.4529000E+01
  26.940          -0.5292000E+01
  26.960          -0.1686100E+02
  26.980          -0.1652700E+02
  27.000          -0.1094600E+02
  27.020          -0.4866000E+01
  27.040           0.6330000E+00
  27.060          -0.1895000E+01
  27.080          -0.3896000E+01
  27.100          -0.4728000E+01
  27.120          -0.7108000E+01
  27.140          -0.3223000E+01
  27.160          -0.7010000E+00
  27.180          -0.4683000E+01
  27.200          -0.4458000E+01
  27.220           0.1440000E+00
  27.240          -0.1828000E+01
  27.260          -0.7077000E+01
  27.280          -0.1862000E+01
  27.300           0.1066800E+02
  27.320           0.1539600E+02
  27.340           0.1340600E+02
  27.360           0.5662000E+01
  27.380           0.1000000E+00
  27.400           0.2644000E+01
  27.420          -0.9000000E-01
  27.440           0.4140000E+00
  27.460           0.4332000E+01
  27.480           0.1286000E+01
  27.500          -0.1677000E+01
  27.520          -0.2663000E+01
  27.540           0.8880000E+00
  27.560           0.6238000E+01
  27.580           0.4201000E+01
  27.600           0.1590000E+00
  27.620           0.3000000E-02
  27.640           0.3044000E+01
  27.660           0.7210000E+01
  27.680           0.9936000E+01
  27.700           0.7280000E+01
  27.720           0.3580000E+01
  27.740           0.1987000E+01
  27.760           0.4267000E+01
  27.780           0.3425000E+01
  27.800          -0.2156000E+01
  27.820          -0.2472000E+01
  27.840          -0.1475000E+01
  27.860          -0.2066000E+01
  27.880          -0.9660000E+00
  27.900           0.1740000E+01
  27.920           0.3975000E+01
  27.940           0.3836000E+01
  27.960          -0.2711000E+01
  27.980          -0.8822000E+01
  28.000          -0.5530000E+01
  28.020           0.2925000E+01
  28.040           0.6722000E+01
  28.060           0.3415000E+01
  28.080          -0.9350000E+00
  28.100          -0.5171000E+01
  28.120          -0.5854000E+01
  28.140          -0.3291000E+01
  28.160          -0.3805000E+01
  28.180          -0.2241000E+01
  28.200           0.1242000E+01
  28.220          -0.4900000E-01
  28.240          -0.5694000E+01
  28.260          -0.7571000E+01
  28.280          -0.3128000E+01
  28.300           0.1166000E+01
  28.320           0.4538000E+01
  28.340           0.5519000E+01
  28.360           0.3494000E+01
  28.380          -0.4350000E+00
  28.400          -0.4762000E+01
  28.420          -0.5488000E+01
  28.440          -0.2141000E+01
  28.460           0.2703000E+01
  28.480           0.7730000E+01
  28.500           0.3802000E+01
  28.520          -0.4938000E+01
  28.540          -0.4127000E+01
  28.560          -0.4970000E+00
  28.580           0.4367000E+01
  28.600           0.1039600E+02
  28.620           0.7174000E+01
  28.640           0.4130000E+00
  28.660          -0.2528000E+01
  28.680          -0.1989000E+01
  28.700          -0.1421000E+01
  28.720           0.2266000E+01
  28.740           0.8226000E+01
  28.760           0.8991000E+01
  28.780           0.9175000E+01
  28.800           0.4408000E+01
  28.820          -0.3605000E+01
  28.840          -0.2748000E+01
  28.860           0.1230000E+00
  28.880          -0.6300000E-01
  28.900           0.4214000E+01
  28.920           0.4889000E+01
  28.940          -0.3270000E+00
  28.960          -0.3605000E+01
  28.980          -0.7198000E+01
  29.000          -0.6931000E+01
  29.020          -0.6850000E+00
  29.040           0.1647000E+01
  29.060          -0.1595000E+01
  29.080          -0.1479000E+01
  29.100           0.7870000E+00
  29.120           0.4390000E+00
  29.140           0.1739000E+01
  29.160           0.1640000E+01
  29.180           0.1385000E+01
  29.200           0.4171000E+01
  29.220           0.2106000E+01
  29.240          -0.4568000E+01
  29.260          -0.9847000E+01
  29.280          -0.1027200E+02
  29.300          -0.4642000E+01
  29.320           0.5910000E+00
  29.340          -0.5820000E+00
  29.360          -0.8090000E+00
  29.380           0.3870000E+00
  29.400          -0.8830000E+00
  29.420          -0.7090000E+00
  29.440           0.7420000E+00
  29.460           0.1149000E+01
  29.480          -0.1460000E+01
  29.500          -0.2931000E+01
  29.520          -0.3869000E+01
  29.540          -0.4366000E+01
  29.560          -0.8770000E+00
  29.580          -0.3940000E+00
  29.600           0.1100000E+01
  29.620           0.2634000E+01
  29.640           0.1134000E+01
  29.660           0.1796000E+01
  29.680           0.1552000E+01
  29.700          -0.2004000E+01
  29.720          -0.1085000E+01
  29.740           0.1554000E+01
  29.760           0.6940000E+00
  29.780          -0.4780000E+00
  29.800          -0.2814000E+01
  29.820          -0.4518000E+01
  29.840          -0.4060000E+01
  29.860          -0.7560000E+00
  29.880           0.1788000E+01
  29.900           0.1546000E+01
  29.920           0.4480000E+00
  29.940          -0.3621000E+01
  29.960          -0.3576000E+01
  29.980          -0.2560000E+00
  30.000          -0.1423000E+01
  30.020          -0.4790000E+00
  30.040           0.3425000E+01
  30.060           0.3469000E+01
  30.080           0.3904000E+01
  30.100           0.5943000E+01
  30.120           0.2309000E+01
  30.140          -0.1792000E+01
  30.160          -0.5500000E+01
  30.180          -0.7531000E+01
  30.200          -0.2251000E+01
  30.220           0.1563000E+01
  30.240          -0.2090000E+00
  30.260          -0.1274000E+01
  30.280           0.0000000E+00
  30.300          -0.2570000E+01
  30.320          -0.4532000E+01
  30.340          -0.1866000E+01
  30.360          -0.2086000E+01
  30.380          -0.1205000E+01
  30.400           0.2294000E+01
  30.420           0.3560000E+00
  30.440          -0.7130000E+00
  30.460           0.2420000E+01
  30.480           0.2975000E+01
  30.500           0.4734000E+01
  30.520           0.3093000E+01
  30.540          -0.2405000E+01
  30.560          -0.2495000E+01
  30.580          -0.2410000E+01
  30.600          -0.8620000E+00
  30.620           0.2060000E+00
  30.640          -0.1469000E+01
  30.660          -0.4560000E+00
  30.680           0.1778000E+01
  30.700           0.1365000E+01
  30.720          -0.1309000E+01
  30.740          -0.5080000E+00
  30.760          -0.1395000E+01
  30.780          -0.4293000E+01
  30.800          -0.3464000E+01
  30.820          -0.4507000E+01
  30.840          -0.2797000E+01
  30.860          -0.6900000E-01
  30.880          -0.3149000E+01
  30.900          -0.2981000E+01
  30.920           0.1658000E+01
  30.940           0.4329000E+01
  30.960           0.3894000E+01
  30.980           0.3643000E+01
  31.000           0.4011000E+01
  31.020           0.1045000E+01
  31.040          -0.1418000E+01
  31.060          -0.3617000E+01
  31.080          -0.6405000E+01
  31.100          -0.4429000E+01
  31.120          -0.3274000E+01
  31.140          -0.9630000E+00
  31.160           0.4358000E+01
  31.180           0.5079000E+01
  31.200           0.4845000E+01
  31.220           0.3738000E+01
  31.240          -0.3280000E+00
  31.260          -0.7740000E+00
  31.280           0.9360000E+00
  31.300           0.3670000E+00
  31.320          -0.1457000E+01
  31.340          -0.2164000E+01
  31.360           0.6400000E-01
  31.380           0.1708000E+01
  31.400           0.2527000E+01
  31.420           0.3895000E+01
  31.440           0.9870000E+00
  31.460           0.5920000E+00
  31.480           0.1449000E+01
  31.500           0.9120000E+00
  31.520           0.6562000E+01
  31.540           0.6716000E+01
  31.560           0.2290000E+01
  31.580           0.8210000E+00
  31.600          -0.3335000E+01
  31.620          -0.4681000E+01
  31.640          -0.1297000E+01
  31.660           0.1090000E+01
  31.680           0.1017000E+01
  31.700           0.8300000E-01
  31.720           0.5160000E+00
  31.740           0.7000000E-02
  31.760          -0.1346000E+01
  31.780          -0.4830000E+00
  31.800          -0.8330000E+00
  31.820          -0.8760000E+00
  31.840          -0.1686000E+01
  31.860          -0.6317000E+01
  31.880          -0.6252000E+01
  31.900          -0.5503000E+01
  31.920          -0.5413000E+01
  31.940          -0.3070000E+00
  31.960           0.2411000E+01
  31.980           0.1487000E+01
  32.000          -0.2430000E+00
  32.020          -0.1708000E+01
  32.040          -0.1468000E+01
  32.060           0.4040000E+00
  32.080           0.2697000E+01
  32.100           0.4057000E+01
  32.120           0.4760000E+01
  32.140           0.3483000E+01
  32.160           0.9720000E+00
  32.180          -0.2470000E+00
  32.200          -0.8990000E+00
  32.220          -0.1393000E+01
  32.240           0.6430000E+00
  32.260           0.4451000E+01
  32.280           0.5562000E+01
  32.300           0.4589000E+01
  32.320           0.2727000E+01
  32.340          -0.1781000E+01
  32.360          -0.3375000E+01
  32.380          -0.2316000E+01
  32.400          -0.1596000E+01
  32.420           0.6560000E+00
  32.440           0.2257000E+01
  32.460           0.2454000E+01
  32.480           0.3843000E+01
  32.500           0.2554000E+01
  32.520          -0.7880000E+00
  32.540          -0.3330000E+00
  32.560           0.1859000E+01
  32.580           0.2604000E+01
  32.600           0.3002000E+01
  32.620           0.3282000E+01
  32.640           0.1213000E+01
  32.660          -0.1498000E+01
  32.680          -0.3864000E+01
  32.700          -0.6238000E+01
  32.720          -0.5403000E+01
  32.740          -0.3879000E+01
  32.760          -0.2288000E+01
  32.780           0.4020000E+00
  32.800           0.7620000E+00
  32.820          -0.4270000E+00
  32.840          -0.4120000E+00
  32.860          -0.1555000E+01
  32.880          -0.3968000E+01
  32.900          -0.4617000E+01
  32.920          -0.4321000E+01
  32.940          -0.2413000E+01
  32.960           0.5880000E+00
  32.980           0.1562000E+01
  33.000           0.8160000E+00
  33.020           0.4910000E+00
  33.040           0.1038000E+01
  33.060           0.2835000E+01
  33.080           0.3636000E+01
  33.100           0.2035000E+01
  33.120          -0.3500000E+00
  33.140          -0.3189000E+01
  33.160          -0.5165000E+01
  33.180          -0.4993000E+01
  33.200          -0.3665000E+01
  33.220          -0.1981000E+01
  33.240          -0.1153000E+01
  33.260           0.9900000E-01
  33.280           0.5300000E+00
  33.300          -0.4700000E-01
  33.320          -0.1020000E+01
  33.340          -0.1566000E+01
  33.360          -0.1125000E+01
  33.380          -0.2191000E+01
  33.400          -0.4160000E+01
  33.420          -0.3578000E+01
  33.440          -0.1975000E+01
  33.460          -0.2354000E+01
  33.480          -0.1148000E+01
  33.500           0.1323000E+01
  33.520           0.1076000E+01
  33.540          -0.5840000E+00
  33.560          -0.2646000E+01
  33.580          -0.2657000E+01
  33.600          -0.1494000E+01
  33.620          -0.7540000E+00
  33.640           0.6260000E+00
  33.660           0.1284000E+01
  33.680           0.7600000E+00
  33.700          -0.9100000E+00
  33.720          -0.1701000E+01
  33.740          -0.3330000E+00
  33.760           0.7390000E+00
  33.780           0.2550000E+00
  33.800           0.4980000E+00
  33.820           0.9130000E+00
  33.840           0.1337000E+01
  33.860           0.2783000E+01
  33.880           0.2263000E+01
  33.900           0.1637000E+01
  33.920           0.2645000E+01
  33.940           0.2074000E+01
  33.960           0.8810000E+00
  33.980          -0.5730000E+00
  34.000          -0.1700000E+01
  34.020          -0.1227000E+01
  34.040          -0.2590000E+00
  34.060          -0.2750000E+00
  34.080          -0.7760000E+00
  34.100           0.1450000E+00
  34.120           0.1166000E+01
  34.140           0.1090000E+01
  34.160           0.7760000E+00
  34.180           0.2600000E+00
  34.200           0.2560000E+00
  34.220          -0.1660000E+00
  34.240          -0.7570000E+00
  34.260          -0.9620000E+00
  34.280          -0.8730000E+00
  34.300          -0.1800000E+00
  34.320          -0.2200000E-01
  34.340           0.2430000E+00
  34.360           0.8030000E+00
  34.380           0.5220000E+00
  34.400           0.4010000E+00
  34.420          -0.1690000E+00
  34.440          -0.6130000E+00
  34.460          -0.5500000E+00
  34.480          -0.8220000E+00
  34.500          -0.7240000E+00
  34.520          -0.6740000E+00
  34.540          -0.3640000E+00
  34.560           0.1970000E+00
  34.580           0.3740000E+00
  34.600           0.6130000E+00
  34.620           0.5590000E+00
  34.640           0.1620000E+00
  34.660           0.2150000E+00
  34.680           0.2460000E+00
  34.700          -0.2910000E+00
  34.720          -0.4240000E+00
  34.740          -0.4900000E-01
  34.760           0.2110000E+00
  34.780           0.4910000E+00
  34.800           0.6900000E+00
  34.820           0.9850000E+00
  34.840           0.9730000E+00
  34.860           0.8480000E+00
  34.880           0.8210000E+00
  34.900           0.4240000E+00
  34.920           0.2070000E+00
  34.940           0.1000000E-02
  34.960          -0.2820000E+00
  34.980          -0.1620000E+00
  35.000          -0.1500000E-01
  35.020           0.1990000E+00
  35.040           0.4200000E+00
  35.060           0.5890000E+00
  35.080           0.5170000E+00
  35.100           0.4770000E+00
  35.120           0.6140000E+00
  35.140           0.4160000E+00
  35.160           0.2100000E+00
  35.180           0.1450000E+00
  35.200           0.4900000E-01
  35.220          -0.1000000E-02
  35.240           0.1000000E-02
  35.260          -0.1800000E-01
  35.280          -0.9000000E-02
  35.300           0.4900000E-01
  35.320           0.2800000E-01
  35.340           0.4900000E-01
  35.360           0.4700000E-01
  35.380           0.2300000E-01
  35.400           0.3100000E-01
  35.420           0.1000000E-02
  35.440          -0.6000000E-02
  35.460           0.0000000E+00
  35.480           0.0000000E+00
  35.500           0.0000000E+00
  35.520           0.0000000E+00
  35.540           0.0000000E+00
  35.560           0.0000000E+00
  35.580           0.0000000E+00
  35.600           0.0000000E+00
  35.620           0.0000000E+00
  35.640           0.0000000E+00
  35.660           0.0000000E+00
  35.680           0.0000000E+00
  35.700           0.0000000E+00
  35.720           0.0000000E+00
  35.740           0.0000000E+00
  35.760           0.0000000E+00
  35.780           0.0000000E+00
  35.800           0.0000000E+00
  35.820           0.0000000E+00
  35.840           0.0000000E+00
  35.860           0.0000000E+00
  35.880           0.0000000E+00
  35.900           0.0000000E+00
  35.920           0.0000000E+00
  35.940           0.0000000E+00
  35.960           0.0000000E+00
  35.980           0.0000000E+00
  36.000           0.0000000E+00
  36.020           0.0000000E+00
  36.040           0.0000000E+00
  36.060           0.0000000E+00
  36.080           0.0000000E+00
  36.100           0.0000000E+00
  36.120           0.0000000E+00
  36.140           0.0000000E+00
  36.160           0.0000000E+00
  36.180           0.0000000E+00
  36.200           0.0000000E+00
  36.220           0.0000000E+00
  36.240           0.0000000E+00
  36.260           0.0000000E+00
  36.280           0.0000000E+00
  36.300           0.0000000E+00
  36.320           0.0000000E+00
  36.340           0.0000000E+00
  36.360           0.0000000E+00
  36.380           0.0000000E+00
  36.400           0.0000000E+00
  36.420           0.0000000E+00
  36.440           0.0000000E+00
  36.460           0.0000000E+00
  36.480           0.0000000E+00
  36.500           0.0000000E+00
  36.520           0.0000000E+00
  36.540           0.0000000E+00
  36.560           0.0000000E+00
  36.580           0.0000000E+00
  36.600           0.0000000E+00
  36.620           0.0000000E+00
  36.640           0.0000000E+00
  36.660           0.0000000E+00
  36.680           0.0000000E+00
  36.700           0.0000000E+00
  36.720           0.0000000E+00
  36.740           0.0000000E+00
  36.760           0.0000000E+00
  36.780           0.0000000E+00
  36.800           0.0000000E+00
  36.820           0.0000000E+00
  36.840           0.0000000E+00
  36.860           0.0000000E+00
  36.880           0.0000000E+00
  36.900           0.0000000E+00
  36.920           0.0000000E+00
  36.940           0.0000000E+00
  36.960           0.0000000E+00
  36.980           0.0000000E+00
  37.000           0.0000000E+00
  37.020           0.0000000E+00
  37.040           0.0000000E+00
  37.060           0.0000000E+00
  37.080           0.0000000E+00
  37.100           0.0000000E+00
  37.120           0.0000000E+00
  37.140           0.0000000E+00
  37.160           0.0000000E+00
  37.180           0.0000000E+00
  37.200           0.0000000E+00
  37.220           0.0000000E+00
  37.240           0.0000000E+00
  37.260           0.0000000E+00
  37.280           0.0000000E+00
  37.300           0.0000000E+00
  37.320           0.0000000E+00
  37.340           0.0000000E+00
  37.360           0.0000000E+00
  37.380           0.0000000E+00
  37.400           0.0000000E+00
  37.420           0.0000000E+00
  37.440           0.0000000E+00
  37.460           0.0000000E+00
  37.480           0.0000000E+00
  37.500           0.0000000E+00
  37.520           0.0000000E+00
  37.540           0.0000000E+00
  37.560           0.0000000E+00
  37.580           0.0000000E+00
  37.600           0.0000000E+00
  37.620           0.0000000E+00
  37.640           0.0000000E+00
  37.660           0.0000000E+00
  37.680           0.0000000E+00
  37.700           0.0000000E+00
  37.720           0.0000000E+00
  37.740           0.0000000E+00
  37.760           0.0000000E+00
  37.780           0.0000000E+00
  37.800           0.0000000E+00
  37.820           0.0000000E+00
  37.840           0.0000000E+00
  37.860           0.0000000E+00
  37.880           0.0000000E+00
  37.900           0.0000000E+00
  37.920           0.0000000E+00
  37.940           0.0000000E+00
  37.960           0.0000000E+00
  37.980           0.0000000E+00
  38.000           0.0000000E+00
  38.020           0.0000000E+00
  38.040           0.0000000E+00
  38.060           0.0000000E+00
  38.080           0.0000000E+00
  38.100           0.0000000E+00
  38.120           0.0000000E+00
  38.140           0.0000000E+00
  38.160           0.0000000E+00
  38.180           0.0000000E+00
  38.200           0.0000000E+00
  38.220           0.0000000E+00
  38.240           0.0000000E+00
  38.260           0.0000000E+00
  38.280           0.0000000E+00
  38.300           0.0000000E+00
  38.320           0.0000000E+00
  38.340           0.0000000E+00
  38.360           0.0000000E+00
  38.380           0.0000000E+00
  38.400           0.0000000E+00
  38.420           0.0000000E+00
  38.440           0.0000000E+00
  38.460           0.0000000E+00
  38.480           0.0000000E+00
  38.500           0.0000000E+00
  38.520           0.0000000E+00
  38.540           0.0000000E+00
  38.560           0.0000000E+00
  38.580           0.0000000E+00
  38.600           0.0000000E+00
  38.620           0.0000000E+00
  38.640           0.0000000E+00
  38.660           0.0000000E+00
  38.680           0.0000000E+00
  38.700           0.0000000E+00
  38.720           0.0000000E+00
  38.740           0.0000000E+00
  38.760           0.0000000E+00
  38.780           0.0000000E+00
  38.800           0.0000000E+00
  38.820           0.0000000E+00
  38.840           0.0000000E+00
  38.860           0.0000000E+00
  38.880           0.0000000E+00
  38.900           0.0000000E+00
  38.920           0.0000000E+00
  38.940           0.0000000E+00
  38.960           0.0000000E+00
  38.980           0.0000000E+00
  39.000           0.0000000E+00
  39.020           0.0000000E+00
  39.040           0.0000000E+00
  39.060           0.0000000E+00
  39.080           0.0000000E+00
  39.100           0.0000000E+00
  39.120           0.0000000E+00
  39.140           0.0000000E+00
  39.160           0.0000000E+00
  39.180           0.0000000E+00
  39.200           0.0000000E+00
  39.220           0.0000000E+00
  39.240           0.0000000E+00
  39.260           0.0000000E+00
  39.280           0.0000000E+00
  39.300           0.0000000E+00
  39.320           0.0000000E+00
  39.340           0.0000000E+00
  39.360           0.0000000E+00
  39.380           0.0000000E+00
  39.400           0.0000000E+00
  39.420           0.0000000E+00
  39.440           0.0000000E+00
  39.460           0.0000000E+00
  39.480           0.0000000E+00
  39.500           0.0000000E+00
  39.520           0.0000000E+00
  39.540           0.0000000E+00
  39.560           0.0000000E+00
  39.580           0.0000000E+00
  39.600           0.0000000E+00
  39.620           0.0000000E+00
  39.640           0.0000000E+00
  39.660           0.0000000E+00
  39.680           0.0000000E+00
  39.700           0.0000000E+00
  39.720           0.0000000E+00
  39.740           0.0000000E+00
  39.760           0.0000000E+00
  39.780           0.0000000E+00
  39.800           0.0000000E+00
  39.820           0.0000000E+00
  39.840           0.0000000E+00
  39.860           0.0000000E+00
  39.880           0.0000000E+00
  39.900           0.0000000E+00
  39.920           0.0000000E+00
  39.940           0.0000000E+00
  39.960           0.0000000E+00
  39.980           0.0000000E+00
  40.000           0.0000000E+00
  40.020           0.0000000E+00
  40.040           0.0000000E+00
  40.060           0.0000000E+00
  40.080           0.0000000E+00
  40.100           0.0000000E+00
  40.120           0.0000000E+00
  40.140           0.0000000E+00
  40.160           0.0000000E+00
  40.180           0.0000000E+00
  40.200           0.0000000E+00
  40.220           0.0000000E+00
  40.240           0.0000000E+00
  40.260           0.0000000E+00
  40.280           0.0000000E+00
  40.300           0.0000000E+00
  40.320           0.0000000E+00
  40.340           0.0000000E+00
  40.360           0.0000000E+00
  40.380           0.0000000E+00
  40.400           0.0000000E+00
  40.420           0.0000000E+00
  40.440           0.0000000E+00
  40.460           0.0000000E+00
  40.480           0.0000000E+00
  40.500           0.0000000E+00
  40.520           0.0000000E+00
  40.540           0.0000000E+00
  40.560           0.0000000E+00
  40.580           0.0000000E+00
  40.600           0.0000000E+00
  40.620           0.0000000E+00
  40.640           0.0000000E+00
  40.660           0.0000000E+00
  40.680           0.0000000E+00
  40.700           0.0000000E+00
  40.720           0.0000000E+00
  40.740           0.0000000E+00
  40.760           0.0000000E+00
  40.780           0.0000000E+00
  40.800           0.0000000E+00
  40.820           0.0000000E+00
  40.840           0.0000000E+00
  40.860           0.0000000E+00
  40.880           0.0000000E+00
  40.900           0.0000000E+00
  40.920           0.0000000E+00
  40.940           0.0000000E+00
  40.960           0.0000000E+00
