   0.020           0.1300000E-01
   0.040           0.1300000E-01
   0.060           0.1300000E-01
   0.080           0.1300000E-01
   0.100           0.1300000E-01
   0.120           0.1300000E-01
   0.140           0.1400000E-01
   0.160           0.1400000E-01
   0.180           0.1300000E-01
   0.200           0.1300000E-01
   0.220           0.9000000E-02
   0.240           0.1300000E-01
   0.260           0.1200000E-01
   0.280           0.7000000E-02
   0.300           0.1200000E-01
   0.320           0.1200000E-01
   0.340          -0.1200000E-01
   0.360           0.1000000E-01
   0.380           0.1000000E-01
   0.400          -0.1000000E-02
   0.420           0.1400000E-01
   0.440           0.1800000E-01
   0.460           0.3000000E-01
   0.480           0.1500000E-01
   0.500           0.2100000E-01
   0.520           0.1040000E+00
   0.540           0.2500000E-01
   0.560           0.1900000E-01
   0.580          -0.2700000E-01
   0.600          -0.2500000E-01
   0.620           0.6000000E-02
   0.640          -0.2500000E-01
   0.660          -0.1410000E+00
   0.680           0.1100000E-01
   0.700           0.1800000E-01
   0.720           0.8500000E-01
   0.740           0.4400000E-01
   0.760           0.2300000E-01
   0.780           0.1020000E+00
   0.800           0.4600000E-01
   0.820           0.3100000E-01
   0.840           0.1470000E+00
   0.860           0.8200000E-01
   0.880           0.5300000E-01
   0.900           0.2250000E+00
   0.920           0.3180000E+00
   0.940           0.1070000E+00
   0.960          -0.8600000E-01
   0.980           0.5300000E-01
   1.000           0.1000000E+00
   1.020           0.1320000E+00
   1.040           0.1080000E+00
   1.060           0.2450000E+00
   1.080           0.1350000E+00
   1.100           0.8000000E-02
   1.120          -0.2060000E+00
   1.140          -0.1800000E+00
   1.160          -0.6500000E-01
   1.180          -0.1830000E+00
   1.200          -0.1290000E+00
   1.220          -0.6100000E-01
   1.240          -0.2330000E+00
   1.260          -0.2970000E+00
   1.280          -0.2060000E+00
   1.300          -0.6050000E+00
   1.320          -0.2070000E+00
   1.340          -0.9700000E-01
   1.360          -0.6640000E+00
   1.380           0.6500000E-01
   1.400           0.1030000E+00
   1.420           0.5540000E+00
   1.440           0.1740000E+00
   1.460           0.1430000E+00
   1.480           0.7370000E+00
   1.500           0.2190000E+00
   1.520           0.1590000E+00
   1.540           0.5000000E+00
   1.560           0.2240000E+00
   1.580           0.3260000E+00
   1.600           0.9540000E+00
   1.620           0.6400000E-01
   1.640          -0.1630000E+00
   1.660          -0.1001000E+01
   1.680          -0.6590000E+00
   1.700          -0.3050000E+00
   1.720          -0.2220000E+00
   1.740           0.5100000E+00
   1.760           0.7580000E+00
   1.780           0.1113000E+01
   1.800           0.1207000E+01
   1.820           0.9320000E+00
   1.840           0.5660000E+00
   1.860          -0.6220000E+00
   1.880          -0.7120000E+00
   1.900          -0.4990000E+00
   1.920          -0.3410000E+00
   1.940          -0.5320000E+00
   1.960          -0.5770000E+00
   1.980          -0.8200000E+00
   2.000          -0.1465000E+01
   2.020          -0.1291000E+01
   2.040          -0.9900000E+00
   2.060          -0.1130000E+00
   2.080           0.1970000E+00
   2.100          -0.1618000E+01
   2.120          -0.4500000E+00
   2.140           0.1350000E+00
   2.160           0.1256000E+01
   2.180           0.1771000E+01
   2.200           0.1100000E+01
   2.220           0.1250000E+00
   2.240          -0.9840000E+00
   2.260          -0.1846000E+01
   2.280          -0.1717000E+01
   2.300          -0.1295000E+01
   2.320          -0.1006000E+01
   2.340          -0.1224000E+01
   2.360          -0.5110000E+00
   2.380          -0.8600000E+00
   2.400          -0.2122000E+01
   2.420          -0.1341000E+01
   2.440          -0.1182000E+01
   2.460          -0.2231000E+01
   2.480           0.1203000E+01
   2.500           0.8370000E+00
   2.520           0.7450000E+00
   2.540           0.1670000E+00
   2.560          -0.8370000E+00
   2.580          -0.1275000E+01
   2.600          -0.1769000E+01
   2.620          -0.2299000E+01
   2.640          -0.2247000E+01
   2.660          -0.2614000E+01
   2.680          -0.1629000E+01
   2.700          -0.2224000E+01
   2.720          -0.3970000E+00
   2.740           0.5200000E+00
   2.760           0.1915000E+01
   2.780           0.2522000E+01
   2.800           0.1614000E+01
   2.820           0.2117000E+01
   2.840           0.3010000E+01
   2.860           0.1321000E+01
   2.880           0.1693000E+01
   2.900          -0.5100000E-01
   2.920          -0.1511000E+01
   2.940          -0.3192000E+01
   2.960          -0.1332000E+01
   2.980          -0.6590000E+00
   3.000           0.1190000E+01
   3.020           0.3405000E+01
   3.040           0.1970000E+01
   3.060           0.1870000E+00
   3.080           0.3170000E+00
   3.100          -0.9470000E+00
   3.120           0.1962000E+01
   3.140           0.3681000E+01
   3.160           0.2913000E+01
   3.180          -0.2850000E+00
   3.200          -0.3359000E+01
   3.220          -0.3846000E+01
   3.240          -0.1965000E+01
   3.260          -0.8890000E+00
   3.280          -0.1769000E+01
   3.300          -0.4042000E+01
   3.320          -0.3455000E+01
   3.340          -0.2867000E+01
   3.360          -0.4810000E+00
   3.380           0.2124000E+01
   3.400           0.3429000E+01
   3.420           0.4369000E+01
   3.440           0.3668000E+01
   3.460           0.2989000E+01
   3.480           0.3922000E+01
   3.500           0.3550000E+01
   3.520           0.4629000E+01
   3.540           0.4548000E+01
   3.560           0.3710000E+01
   3.580           0.1121000E+01
   3.600          -0.1155000E+01
   3.620          -0.2517000E+01
   3.640          -0.1944000E+01
   3.660          -0.1280000E+01
   3.680          -0.8420000E+00
   3.700           0.1840000E+00
   3.720           0.2462000E+01
   3.740           0.3843000E+01
   3.760           0.5284000E+01
   3.780           0.2975000E+01
   3.800          -0.3080000E+00
   3.820          -0.2155000E+01
   3.840          -0.2070000E+01
   3.860           0.7760000E+00
   3.880           0.5628000E+01
   3.900           0.5040000E+01
   3.920           0.3574000E+01
   3.940          -0.2536000E+01
   3.960          -0.5837000E+01
   3.980          -0.4545000E+01
   4.000          -0.3739000E+01
   4.020          -0.2223000E+01
   4.040          -0.2078000E+01
   4.060          -0.5350000E+00
   4.080           0.1539000E+01
   4.100           0.3191000E+01
   4.120           0.6348000E+01
   4.140           0.5039000E+01
   4.160           0.4303000E+01
   4.180           0.2351000E+01
   4.200          -0.9020000E+00
   4.220           0.1167000E+01
   4.240           0.6468000E+01
   4.260           0.5647000E+01
   4.280           0.1720000E+00
   4.300          -0.3989000E+01
   4.320          -0.6571000E+01
   4.340          -0.4758000E+01
   4.360           0.2890000E+00
   4.380           0.8020000E+00
   4.400           0.2650000E+00
   4.420          -0.4440000E+00
   4.440          -0.1289000E+01
   4.460          -0.3325000E+01
   4.480          -0.2249000E+01
   4.500          -0.1919000E+01
   4.520          -0.3732000E+01
   4.540          -0.6453000E+01
   4.560          -0.6268000E+01
   4.580          -0.7596000E+01
   4.600          -0.5430000E+01
   4.620           0.1837000E+01
   4.640           0.6415000E+01
   4.660           0.6729000E+01
   4.680           0.1187000E+01
   4.700          -0.2773000E+01
   4.720          -0.2451000E+01
   4.740          -0.3973000E+01
   4.760          -0.2471000E+01
   4.780          -0.4992000E+01
   4.800          -0.7176000E+01
   4.820           0.5680000E+00
   4.840           0.5543000E+01
   4.860           0.4037000E+01
   4.880           0.4380000E+00
   4.900          -0.2436000E+01
   4.920          -0.5000000E-01
   4.940           0.2456000E+01
   4.960           0.6343000E+01
   4.980           0.4644000E+01
   5.000          -0.2656000E+01
   5.020          -0.4319000E+01
   5.040          -0.5117000E+01
   5.060          -0.6770000E+00
   5.080           0.6642000E+01
   5.100           0.8719000E+01
   5.120           0.8070000E+01
   5.140           0.8690000E+00
   5.160          -0.5439000E+01
   5.180          -0.1002100E+02
   5.200          -0.7764000E+01
   5.220          -0.2966000E+01
   5.240          -0.1506000E+01
   5.260          -0.3161000E+01
   5.280          -0.8357000E+01
   5.300          -0.5329000E+01
   5.320          -0.2579000E+01
   5.340          -0.2522000E+01
   5.360          -0.2127000E+01
   5.380          -0.3532000E+01
   5.400          -0.1520000E+00
   5.420           0.4657000E+01
   5.440           0.7756000E+01
   5.460           0.7986000E+01
   5.480           0.3240000E+01
   5.500          -0.4540000E+01
   5.520          -0.1058400E+02
   5.540          -0.1073000E+02
   5.560          -0.2392000E+01
   5.580           0.5077000E+01
   5.600           0.8914000E+01
   5.620           0.8928000E+01
   5.640           0.8010000E+00
   5.660          -0.4552000E+01
   5.680          -0.9235000E+01
   5.700          -0.1011600E+02
   5.720          -0.1401000E+01
   5.740          -0.1390000E+00
   5.760          -0.3775000E+01
   5.780          -0.6619000E+01
   5.800          -0.3702000E+01
   5.820           0.5245000E+01
   5.840           0.9343000E+01
   5.860           0.1163500E+02
   5.880           0.7851000E+01
   5.900           0.5610000E+00
   5.920          -0.9420000E+00
   5.940           0.3970000E+00
   5.960           0.2746000E+01
   5.980          -0.1589000E+01
   6.000          -0.9429000E+01
   6.020          -0.9492000E+01
   6.040          -0.6752000E+01
   6.060           0.1287000E+01
   6.080           0.5589000E+01
   6.100           0.3049000E+01
   6.120           0.1290000E+01
   6.140          -0.2778000E+01
   6.160          -0.3221000E+01
   6.180          -0.2562000E+01
   6.200           0.9300000E-01
   6.220           0.5659000E+01
   6.240           0.2593000E+01
   6.260          -0.5350000E+01
   6.280          -0.1299300E+02
   6.300          -0.1452700E+02
   6.320          -0.4536000E+01
   6.340           0.8195000E+01
   6.360           0.1332200E+02
   6.380           0.5746000E+01
   6.400           0.2640000E+00
   6.420           0.2723000E+01
   6.440           0.8803000E+01
   6.460           0.7208000E+01
   6.480          -0.5141000E+01
   6.500          -0.1581200E+02
   6.520          -0.1519200E+02
   6.540          -0.9094000E+01
   6.560          -0.1821000E+01
   6.580           0.2238000E+01
   6.600          -0.3450000E+00
   6.620          -0.3193000E+01
   6.640          -0.4447000E+01
   6.660          -0.5423000E+01
   6.680          -0.7890000E+00
   6.700           0.1203200E+02
   6.720           0.1693000E+02
   6.740           0.9503000E+01
   6.760          -0.2131000E+01
   6.780          -0.1014000E+02
   6.800          -0.4689000E+01
   6.820           0.5873000E+01
   6.840           0.5920000E+01
   6.860           0.7161000E+01
   6.880           0.6043000E+01
   6.900           0.2378000E+01
   6.920           0.2149000E+01
   6.940          -0.4889000E+01
   6.960          -0.7676000E+01
   6.980          -0.5715000E+01
   7.000          -0.2936000E+01
   7.020           0.1411000E+01
   7.040           0.2271000E+01
   7.060           0.4593000E+01
   7.080          -0.7286000E+01
   7.100          -0.1507000E+02
   7.120          -0.8496000E+01
   7.140           0.3090000E+00
   7.160           0.1351400E+02
   7.180           0.1241700E+02
   7.200           0.7010000E+01
   7.220           0.6731000E+01
   7.240           0.7970000E+01
   7.260           0.1091600E+02
   7.280           0.5971000E+01
   7.300           0.2121000E+01
   7.320          -0.2987000E+01
   7.340          -0.1277800E+02
   7.360          -0.2029100E+02
   7.380          -0.1741100E+02
   7.400          -0.5387000E+01
   7.420           0.1853000E+01
   7.440           0.2183000E+01
   7.460           0.8260000E+01
   7.480           0.5950000E+01
   7.500          -0.1476000E+01
   7.520          -0.6208000E+01
   7.540          -0.5138000E+01
   7.560          -0.4966000E+01
   7.580          -0.9519000E+01
   7.600          -0.1639200E+02
   7.620          -0.1438800E+02
   7.640          -0.5300000E-01
   7.660           0.1245500E+02
   7.680           0.9342000E+01
   7.700          -0.3427000E+01
   7.720          -0.9719000E+01
   7.740          -0.2579000E+01
   7.760           0.7844000E+01
   7.780           0.1009600E+02
   7.800           0.6354000E+01
   7.820          -0.3089000E+01
   7.840          -0.1188800E+02
   7.860          -0.1104000E+02
   7.880          -0.6748000E+01
   7.900           0.8102000E+01
   7.920           0.1707400E+02
   7.940           0.1785600E+02
   7.960           0.2039100E+02
   7.980           0.1123200E+02
   8.000           0.2667000E+01
   8.020           0.2800000E+01
   8.040          -0.4540000E+00
   8.060          -0.3170000E+00
   8.080          -0.1465000E+02
   8.100          -0.2196800E+02
   8.120          -0.2063600E+02
   8.140          -0.1620300E+02
   8.160          -0.6322000E+01
   8.180          -0.7061000E+01
   8.200          -0.1542000E+01
   8.220           0.1051000E+02
   8.240           0.1349300E+02
   8.260           0.9911000E+01
   8.280          -0.1110000E+01
   8.300          -0.3897000E+01
   8.320          -0.1251400E+02
   8.340          -0.2168200E+02
   8.360          -0.1459900E+02
   8.380          -0.3905000E+01
   8.400           0.1097600E+02
   8.420           0.2094900E+02
   8.440           0.1371700E+02
   8.460          -0.3550000E+01
   8.480          -0.1102100E+02
   8.500          -0.6056000E+01
   8.520          -0.8300000E-01
   8.540           0.7449000E+01
   8.560          -0.4374000E+01
   8.580          -0.2570000E+02
   8.600          -0.2773000E+02
   8.620          -0.1436500E+02
   8.640          -0.8740000E+00
   8.660           0.1209500E+02
   8.680           0.8712000E+01
   8.700          -0.4631000E+01
   8.720          -0.1026000E+02
   8.740          -0.5979000E+01
   8.760          -0.4293000E+01
   8.780          -0.2440000E+00
   8.800           0.5603000E+01
   8.820           0.7599000E+01
   8.840           0.2996000E+01
   8.860          -0.1614000E+01
   8.880          -0.1027700E+02
   8.900          -0.1419600E+02
   8.920          -0.1971300E+02
   8.940          -0.1965100E+02
   8.960          -0.5530000E+01
   8.980           0.5323000E+01
   9.000           0.1938900E+02
   9.020           0.3053900E+02
   9.040           0.2439300E+02
   9.060           0.1803100E+02
   9.080           0.3358000E+01
   9.100          -0.1462300E+02
   9.120          -0.1638200E+02
   9.140          -0.3780000E+00
   9.160           0.1001900E+02
   9.180           0.1127100E+02
   9.200           0.1931400E+02
   9.220           0.2022100E+02
   9.240           0.1153400E+02
   9.260           0.3093000E+01
   9.280          -0.3386000E+01
   9.300          -0.1432000E+01
   9.320          -0.3669000E+01
   9.340          -0.4373000E+01
   9.360          -0.4230000E+00
   9.380          -0.5952000E+01
   9.400          -0.4092000E+01
   9.420          -0.1262400E+02
   9.440          -0.1990800E+02
   9.460          -0.2742000E+01
   9.480           0.6292000E+01
   9.500           0.5155000E+01
   9.520          -0.5160000E+01
   9.540          -0.1156600E+02
   9.560          -0.1007300E+02
   9.580          -0.8756000E+01
   9.600           0.2040000E+00
   9.620           0.9506000E+01
   9.640           0.5819000E+01
   9.660          -0.5998000E+01
   9.680          -0.1548400E+02
   9.700          -0.1019500E+02
   9.720          -0.1412000E+01
   9.740           0.3410000E+01
   9.760           0.6347000E+01
   9.780           0.4209000E+01
   9.800           0.4061000E+01
   9.820           0.1816400E+02
   9.840           0.2913000E+02
   9.860           0.2549300E+02
   9.880           0.1243100E+02
   9.900          -0.3070000E+00
   9.920          -0.9625000E+01
   9.940          -0.1521600E+02
   9.960          -0.8797000E+01
   9.980          -0.1000000E+01
  10.000           0.7574000E+01
  10.020           0.1878100E+02
  10.040           0.1208000E+02
  10.060          -0.5099000E+01
  10.080          -0.8781000E+01
  10.100           0.4720000E+00
  10.120           0.4217000E+01
  10.140           0.8683000E+01
  10.160          -0.3368000E+01
  10.180          -0.2131000E+02
  10.200          -0.1629200E+02
  10.220           0.3636000E+01
  10.240           0.1587000E+02
  10.260           0.4262000E+01
  10.280          -0.1789900E+02
  10.300          -0.1454500E+02
  10.320          -0.5008000E+01
  10.340           0.1356000E+02
  10.360           0.2429200E+02
  10.380           0.1268700E+02
  10.400           0.3125000E+01
  10.420          -0.2154700E+02
  10.440          -0.2461900E+02
  10.460          -0.1574500E+02
  10.480          -0.1598900E+02
  10.500          -0.4345000E+01
  10.520          -0.2070000E+01
  10.540           0.8293000E+01
  10.560           0.3357500E+02
  10.580           0.3564700E+02
  10.600           0.2747800E+02
  10.620           0.1852900E+02
  10.640           0.3351000E+01
  10.660          -0.1750000E+02
  10.680          -0.3641000E+02
  10.700          -0.2828000E+02
  10.720          -0.1047900E+02
  10.740           0.1306000E+01
  10.760           0.4910000E+00
  10.780          -0.7949000E+01
  10.800           0.1416000E+01
  10.820           0.2762300E+02
  10.840           0.2651300E+02
  10.860           0.2751000E+02
  10.880           0.1650400E+02
  10.900          -0.1170500E+02
  10.920          -0.1953600E+02
  10.940          -0.1843400E+02
  10.960          -0.1095300E+02
  10.980           0.1042000E+01
  11.000           0.2450000E+00
  11.020          -0.5265000E+01
  11.040          -0.3023000E+01
  11.060           0.1229600E+02
  11.080           0.3087100E+02
  11.100           0.3345700E+02
  11.120           0.3183200E+02
  11.140           0.2683600E+02
  11.160           0.4190000E+01
  11.180          -0.1865100E+02
  11.200          -0.2464800E+02
  11.220          -0.1849300E+02
  11.240          -0.2814000E+01
  11.260          -0.7400000E+01
  11.280          -0.1318300E+02
  11.300          -0.5330000E+00
  11.320           0.3397000E+01
  11.340           0.1538200E+02
  11.360           0.1817400E+02
  11.380          -0.6417000E+01
  11.400          -0.1302500E+02
  11.420          -0.1237900E+02
  11.440          -0.7808000E+01
  11.460          -0.8025000E+01
  11.480          -0.1687900E+02
  11.500          -0.7784000E+01
  11.520           0.3987000E+01
  11.540           0.1068100E+02
  11.560           0.1174800E+02
  11.580          -0.3791000E+01
  11.600           0.5896000E+01
  11.620           0.2970400E+02
  11.640           0.4285400E+02
  11.660           0.4385200E+02
  11.680           0.2241300E+02
  11.700          -0.1043600E+02
  11.720          -0.2592000E+02
  11.740          -0.3137700E+02
  11.760          -0.2536000E+02
  11.780           0.4900000E-01
  11.800           0.2170900E+02
  11.820           0.2987900E+02
  11.840           0.1893500E+02
  11.860          -0.8913000E+01
  11.880          -0.3194200E+02
  11.900          -0.3473700E+02
  11.920          -0.1141100E+02
  11.940           0.1097300E+02
  11.960           0.2126900E+02
  11.980           0.1749600E+02
  12.000           0.1176500E+02
  12.020           0.4200000E-01
  12.040          -0.1112500E+02
  12.060          -0.2157400E+02
  12.080          -0.2289600E+02
  12.100          -0.1330500E+02
  12.120          -0.1905500E+02
  12.140          -0.1811800E+02
  12.160           0.3579000E+01
  12.180           0.1529200E+02
  12.200           0.1169600E+02
  12.220          -0.5897000E+01
  12.240           0.5300000E-01
  12.260           0.2736000E+01
  12.280           0.2136000E+01
  12.300           0.2684700E+02
  12.320           0.3022900E+02
  12.340           0.9044000E+01
  12.360           0.5716000E+01
  12.380          -0.8258000E+01
  12.400           0.3395000E+01
  12.420           0.2766900E+02
  12.440           0.2886300E+02
  12.460           0.2212300E+02
  12.480           0.4595000E+01
  12.500          -0.4172000E+01
  12.520           0.7551000E+01
  12.540           0.8677000E+01
  12.560           0.1734400E+02
  12.580           0.7458000E+01
  12.600          -0.2164000E+01
  12.620          -0.1110000E+02
  12.640          -0.2214800E+02
  12.660          -0.3457400E+02
  12.680          -0.2085200E+02
  12.700          -0.3075000E+01
  12.720           0.5238000E+01
  12.740           0.1672900E+02
  12.760           0.7226000E+01
  12.780           0.6134000E+01
  12.800           0.1056900E+02
  12.820          -0.3596000E+01
  12.840          -0.6649000E+01
  12.860          -0.1335600E+02
  12.880          -0.7193000E+01
  12.900           0.1582400E+02
  12.920           0.2605500E+02
  12.940           0.1747600E+02
  12.960           0.2220000E+00
  12.980          -0.1470600E+02
  13.000          -0.9765000E+01
  13.020          -0.1244000E+01
  13.040           0.3291000E+01
  13.060           0.2396000E+01
  13.080          -0.1012200E+02
  13.100           0.4550000E+00
  13.120           0.1311800E+02
  13.140           0.2454700E+02
  13.160           0.3953200E+02
  13.180           0.3082000E+02
  13.200           0.3937100E+02
  13.220           0.2937500E+02
  13.240           0.1962000E+01
  13.260          -0.1559900E+02
  13.280          -0.2979000E+02
  13.300          -0.3766200E+02
  13.320          -0.3459100E+02
  13.340          -0.2255100E+02
  13.360          -0.1016000E+02
  13.380          -0.5040000E+00
  13.400           0.2012100E+02
  13.420           0.3250700E+02
  13.440           0.2659800E+02
  13.460           0.1051100E+02
  13.480          -0.3397000E+01
  13.500          -0.1997600E+02
  13.520          -0.1522200E+02
  13.540          -0.5990000E+01
  13.560          -0.3400000E+00
  13.580           0.2158900E+02
  13.600           0.3105500E+02
  13.620           0.2813400E+02
  13.640           0.3037600E+02
  13.660           0.1085100E+02
  13.680           0.2268000E+01
  13.700           0.1251700E+02
  13.720           0.4580000E+00
  13.740          -0.9596000E+01
  13.760          -0.2765500E+02
  13.780          -0.2693700E+02
  13.800          -0.1324600E+02
  13.820          -0.1678200E+02
  13.840          -0.6733000E+01
  13.860          -0.8420000E+01
  13.880          -0.1925700E+02
  13.900          -0.2102500E+02
  13.920          -0.1489100E+02
  13.940           0.1645200E+02
  13.960           0.3337900E+02
  13.980           0.3114100E+02
  14.000           0.3611200E+02
  14.020           0.2104300E+02
  14.040          -0.5296000E+01
  14.060          -0.3416800E+02
  14.080          -0.4650100E+02
  14.100          -0.1614000E+02
  14.120           0.2604500E+02
  14.140           0.4215300E+02
  14.160           0.2521100E+02
  14.180           0.4194000E+01
  14.200           0.1847000E+01
  14.220          -0.1493500E+02
  14.240          -0.3019400E+02
  14.260          -0.1602300E+02
  14.280          -0.9870000E+01
  14.300          -0.1025000E+01
  14.320           0.2375000E+01
  14.340          -0.1063000E+01
  14.360           0.1174900E+02
  14.380           0.2362700E+02
  14.400           0.1756600E+02
  14.420           0.8451000E+01
  14.440          -0.4876000E+01
  14.460          -0.1106500E+02
  14.480          -0.2482000E+01
  14.500          -0.4508000E+01
  14.520           0.7270000E+00
  14.540           0.6847000E+01
  14.560          -0.1337300E+02
  14.580          -0.1927000E+02
  14.600          -0.8730000E+00
  14.620           0.3667000E+01
  14.640          -0.4296000E+01
  14.660          -0.2468400E+02
  14.680          -0.2315300E+02
  14.700          -0.1291200E+02
  14.720           0.1135200E+02
  14.740           0.4439900E+02
  14.760           0.3900600E+02
  14.780           0.3139600E+02
  14.800           0.2509300E+02
  14.820          -0.1537900E+02
  14.840          -0.2279300E+02
  14.860          -0.8828000E+01
  14.880           0.3630000E+01
  14.900           0.2769500E+02
  14.920           0.2177900E+02
  14.940           0.1363100E+02
  14.960           0.4738000E+01
  14.980          -0.1289000E+02
  15.000          -0.1920400E+02
  15.020          -0.1859700E+02
  15.040          -0.2109500E+02
  15.060          -0.2080700E+02
  15.080          -0.1074600E+02
  15.100           0.3510000E+01
  15.120           0.5680000E+01
  15.140          -0.5401000E+01
  15.160          -0.2026000E+01
  15.180           0.7383000E+01
  15.200           0.2969000E+02
  15.220           0.4479800E+02
  15.240           0.2580200E+02
  15.260          -0.2866000E+01
  15.280          -0.2407800E+02
  15.300          -0.3273100E+02
  15.320          -0.1122000E+02
  15.340           0.7090000E+00
  15.360           0.1156000E+01
  15.380           0.1120000E+02
  15.400           0.1004500E+02
  15.420          -0.1950000E+00
  15.440           0.3909000E+01
  15.460           0.7250000E+00
  15.480           0.5820000E+00
  15.500           0.1954000E+01
  15.520           0.9740000E+00
  15.540           0.2388000E+01
  15.560          -0.4933000E+01
  15.580          -0.1019500E+02
  15.600          -0.1812300E+02
  15.620          -0.2153600E+02
  15.640          -0.7871000E+01
  15.660          -0.1569200E+02
  15.680          -0.6256000E+01
  15.700           0.9605000E+01
  15.720           0.1015900E+02
  15.740           0.2545000E+02
  15.760           0.1724900E+02
  15.780          -0.3186000E+01
  15.800           0.5114000E+01
  15.820           0.2102000E+01
  15.840           0.5067000E+01
  15.860           0.1138700E+02
  15.880           0.1532800E+02
  15.900           0.1242400E+02
  15.920          -0.3590000E+00
  15.940          -0.8833000E+01
  15.960          -0.1918000E+02
  15.980          -0.2962500E+02
  16.000          -0.2200100E+02
  16.020          -0.1486300E+02
  16.040          -0.5486000E+01
  16.060          -0.6770000E+00
  16.080          -0.2959000E+01
  16.100           0.4163000E+01
  16.120           0.1257600E+02
  16.140           0.7724000E+01
  16.160          -0.3238000E+01
  16.180           0.1075000E+01
  16.200          -0.2972000E+01
  16.220          -0.1081000E+02
  16.240          -0.2554200E+02
  16.260          -0.2420900E+02
  16.280           0.1968900E+02
  16.300           0.4620700E+02
  16.320           0.2894600E+02
  16.340           0.1730000E+02
  16.360           0.6932000E+01
  16.380          -0.1531400E+02
  16.400          -0.2378200E+02
  16.420          -0.1396100E+02
  16.440          -0.1591000E+01
  16.460           0.1887000E+01
  16.480           0.1100700E+02
  16.500          -0.7119000E+01
  16.520          -0.3725700E+02
  16.540          -0.2243000E+02
  16.560           0.4030000E+00
  16.580           0.1589300E+02
  16.600           0.3050100E+02
  16.620           0.2317800E+02
  16.640           0.7110000E+00
  16.660          -0.2295100E+02
  16.680          -0.2546600E+02
  16.700          -0.8688000E+01
  16.720          -0.7172000E+01
  16.740          -0.5682000E+01
  16.760           0.1742000E+01
  16.780           0.7713000E+01
  16.800           0.2446100E+02
  16.820           0.2200300E+02
  16.840          -0.1114000E+01
  16.860          -0.1556200E+02
  16.880          -0.2200100E+02
  16.900          -0.1771900E+02
  16.920          -0.7911000E+01
  16.940           0.1511000E+02
  16.960           0.2873100E+02
  16.980           0.2044300E+02
  17.000           0.2761000E+01
  17.020          -0.2530000E+01
  17.040          -0.1142400E+02
  17.060          -0.1418300E+02
  17.080           0.1562000E+01
  17.100           0.4507000E+01
  17.120           0.1031000E+02
  17.140           0.1582300E+02
  17.160          -0.5874000E+01
  17.180          -0.4497000E+01
  17.200           0.3765000E+01
  17.220           0.6617000E+01
  17.240          -0.1860000E+01
  17.260          -0.2337200E+02
  17.280          -0.1418400E+02
  17.300           0.1288800E+02
  17.320           0.1891000E+02
  17.340           0.2739200E+02
  17.360           0.1775700E+02
  17.380           0.3265000E+01
  17.400           0.3692000E+01
  17.420          -0.4798000E+01
  17.440          -0.1480100E+02
  17.460          -0.3539700E+02
  17.480          -0.4575100E+02
  17.500          -0.2506400E+02
  17.520          -0.6879000E+01
  17.540           0.1638300E+02
  17.560           0.1372800E+02
  17.580          -0.1576600E+02
  17.600          -0.3294700E+02
  17.620          -0.4642000E+02
  17.640          -0.4452000E+02
  17.660          -0.3149300E+02
  17.680          -0.1995700E+02
  17.700           0.2109000E+01
  17.720           0.1500100E+02
  17.740           0.8496000E+01
  17.760          -0.2380000E+01
  17.780           0.6345000E+01
  17.800           0.1944400E+02
  17.820           0.2161100E+02
  17.840           0.1058100E+02
  17.860           0.5700000E+00
  17.880           0.2088000E+01
  17.900           0.6592000E+01
  17.920           0.3579000E+01
  17.940          -0.1140300E+02
  17.960          -0.1905300E+02
  17.980          -0.8479000E+01
  18.000          -0.6876000E+01
  18.020          -0.9282000E+01
  18.040          -0.3102000E+01
  18.060           0.6689000E+01
  18.080           0.2938600E+02
  18.100           0.4571000E+02
  18.120           0.4977600E+02
  18.140           0.4291800E+02
  18.160           0.1823200E+02
  18.180          -0.1631000E+01
  18.200          -0.2937400E+02
  18.220          -0.4056900E+02
  18.240          -0.2926100E+02
  18.260          -0.2279600E+02
  18.280          -0.1428500E+02
  18.300          -0.4189000E+01
  18.320          -0.1070800E+02
  18.340          -0.1060800E+02
  18.360           0.4230000E+00
  18.380           0.1455700E+02
  18.400           0.7690000E+01
  18.420          -0.1401000E+02
  18.440          -0.8660000E+01
  18.460           0.3192000E+01
  18.480           0.1006000E+02
  18.500           0.2292600E+02
  18.520           0.2468100E+02
  18.540           0.1091700E+02
  18.560          -0.3555000E+01
  18.580          -0.1692000E+02
  18.600          -0.2502500E+02
  18.620          -0.1298100E+02
  18.640           0.9907000E+01
  18.660           0.4368000E+01
  18.680          -0.1614800E+02
  18.700          -0.8045000E+01
  18.720           0.1714900E+02
  18.740           0.2901300E+02
  18.760           0.2949500E+02
  18.780           0.2476300E+02
  18.800           0.3030000E+00
  18.820          -0.2403500E+02
  18.840          -0.4132000E+02
  18.860          -0.4641700E+02
  18.880          -0.3748900E+02
  18.900          -0.2167300E+02
  18.920           0.2402000E+01
  18.940           0.8734000E+01
  18.960           0.8711000E+01
  18.980           0.1175000E+02
  19.000          -0.8774000E+01
  19.020          -0.1709200E+02
  19.040          -0.2366300E+02
  19.060          -0.3460800E+02
  19.080          -0.2293800E+02
  19.100          -0.7550000E+01
  19.120           0.8109000E+01
  19.140           0.2126300E+02
  19.160           0.1464700E+02
  19.180           0.1745600E+02
  19.200           0.7889000E+01
  19.220           0.1276100E+02
  19.240           0.2136300E+02
  19.260           0.2872000E+01
  19.280          -0.8091000E+01
  19.300          -0.9228000E+01
  19.320          -0.1364000E+02
  19.340          -0.1845300E+02
  19.360          -0.3005500E+02
  19.380          -0.1732900E+02
  19.400          -0.4490000E+00
  19.420          -0.1496000E+01
  19.440          -0.4747000E+01
  19.460          -0.6493000E+01
  19.480          -0.1521000E+01
  19.500           0.2053300E+02
  19.520           0.2407100E+02
  19.540           0.1438000E+02
  19.560           0.1612500E+02
  19.580           0.1741500E+02
  19.600           0.4245000E+01
  19.620          -0.1927900E+02
  19.640          -0.4801400E+02
  19.660          -0.4612200E+02
  19.680          -0.2407700E+02
  19.700          -0.1474700E+02
  19.720           0.4140000E+01
  19.740           0.2455100E+02
  19.760           0.1226200E+02
  19.780          -0.1999000E+01
  19.800          -0.1745800E+02
  19.820          -0.2426000E+02
  19.840          -0.2037500E+02
  19.860           0.4041000E+01
  19.880           0.2000600E+02
  19.900           0.1017200E+02
  19.920           0.2906000E+01
  19.940          -0.6472000E+01
  19.960          -0.2739600E+02
  19.980          -0.1840200E+02
  20.000           0.1638000E+01
  20.020           0.2060600E+02
  20.040           0.3160000E+02
  20.060           0.3107800E+02
  20.080           0.3475600E+02
  20.100           0.1688000E+02
  20.120          -0.3740000E+00
  20.140          -0.7817000E+01
  20.160          -0.3241200E+02
  20.180          -0.4024300E+02
  20.200          -0.2438600E+02
  20.220          -0.2058700E+02
  20.240          -0.1407200E+02
  20.260          -0.3750000E+00
  20.280          -0.1020600E+02
  20.300          -0.1384500E+02
  20.320           0.1168800E+02
  20.340           0.3071500E+02
  20.360           0.1963800E+02
  20.380           0.1127000E+01
  20.400           0.1237200E+02
  20.420           0.1324800E+02
  20.440          -0.3703000E+01
  20.460           0.1857800E+02
  20.480           0.2336800E+02
  20.500           0.8482000E+01
  20.520           0.2046500E+02
  20.540           0.2231900E+02
  20.560           0.9179000E+01
  20.580          -0.3078000E+01
  20.600           0.3900000E+00
  20.620           0.9551000E+01
  20.640          -0.1122500E+02
  20.660          -0.2637100E+02
  20.680          -0.2151000E+02
  20.700          -0.2492800E+02
  20.720           0.5954000E+01
  20.740           0.2206100E+02
  20.760           0.7312000E+01
  20.780           0.4668000E+01
  20.800          -0.9660000E+01
  20.820          -0.1058700E+02
  20.840           0.2271000E+01
  20.860           0.2878000E+01
  20.880           0.5771000E+01
  20.900           0.5592000E+01
  20.920           0.9044000E+01
  20.940           0.5749000E+01
  20.960          -0.3789000E+01
  20.980           0.6440000E+00
  21.000          -0.2094000E+01
  21.020          -0.2170000E+02
  21.040          -0.2019000E+02
  21.060           0.9817000E+01
  21.080           0.3979200E+02
  21.100           0.5601300E+02
  21.120           0.4800100E+02
  21.140           0.2251600E+02
  21.160          -0.4927000E+01
  21.180          -0.2865900E+02
  21.200          -0.2889000E+02
  21.220          -0.2236700E+02
  21.240          -0.1890300E+02
  21.260          -0.1272600E+02
  21.280          -0.2938500E+02
  21.300          -0.4001900E+02
  21.320          -0.2127600E+02
  21.340          -0.1250000E+01
  21.360           0.2449000E+02
  21.380           0.2038000E+02
  21.400           0.9990000E+01
  21.420           0.1067900E+02
  21.440          -0.8787000E+01
  21.460          -0.1648600E+02
  21.480          -0.1043500E+02
  21.500          -0.1037900E+02
  21.520           0.1104000E+02
  21.540           0.1539100E+02
  21.560           0.2306800E+02
  21.580           0.3403600E+02
  21.600           0.1898400E+02
  21.620           0.5309000E+01
  21.640          -0.5471000E+01
  21.660          -0.8145000E+01
  21.680           0.5992000E+01
  21.700           0.1672400E+02
  21.720           0.1240600E+02
  21.740           0.5831000E+01
  21.760          -0.1252000E+01
  21.780          -0.1573100E+02
  21.800          -0.2296000E+02
  21.820          -0.1000900E+02
  21.840           0.7125000E+01
  21.860           0.9806000E+01
  21.880           0.1948000E+02
  21.900           0.2422800E+02
  21.920           0.1358000E+02
  21.940           0.1079900E+02
  21.960          -0.8316000E+01
  21.980          -0.4026200E+02
  22.000          -0.4464900E+02
  22.020          -0.2824300E+02
  22.040          -0.1363800E+02
  22.060           0.2020000E+00
  22.080           0.5654000E+01
  22.100           0.1871000E+01
  22.120          -0.1365000E+01
  22.140          -0.1502000E+01
  22.160           0.1072700E+02
  22.180           0.7817000E+01
  22.200          -0.5777000E+01
  22.220          -0.4179000E+01
  22.240          -0.9163000E+01
  22.260          -0.1445200E+02
  22.280          -0.1072500E+02
  22.300           0.2782000E+01
  22.320           0.8778000E+01
  22.340           0.9850000E+00
  22.360           0.8385000E+01
  22.380           0.9343000E+01
  22.400          -0.1790000E+01
  22.420           0.8299000E+01
  22.440           0.1663400E+02
  22.460           0.1710100E+02
  22.480           0.2302200E+02
  22.500           0.3024300E+02
  22.520           0.2873100E+02
  22.540           0.2061600E+02
  22.560           0.8146000E+01
  22.580          -0.1711400E+02
  22.600          -0.3734100E+02
  22.620          -0.2477000E+02
  22.640           0.1862000E+01
  22.660           0.1342600E+02
  22.680           0.2227700E+02
  22.700           0.1704600E+02
  22.720          -0.1527000E+01
  22.740          -0.9525000E+01
  22.760          -0.1313500E+02
  22.780          -0.7053000E+01
  22.800           0.7096000E+01
  22.820           0.9819000E+01
  22.840           0.3131000E+01
  22.860          -0.2040000E+00
  22.880           0.3823000E+01
  22.900           0.5358000E+01
  22.920           0.4215000E+01
  22.940          -0.1660000E+01
  22.960          -0.1573200E+02
  22.980          -0.1910200E+02
  23.000          -0.8526000E+01
  23.020           0.2130000E+00
  23.040          -0.3060000E+00
  23.060          -0.3543000E+01
  23.080          -0.4321000E+01
  23.100          -0.6838000E+01
  23.120          -0.1225900E+02
  23.140          -0.9637000E+01
  23.160           0.2140000E+01
  23.180          -0.1800000E+01
  23.200          -0.7012000E+01
  23.220          -0.3181000E+01
  23.240          -0.6538000E+01
  23.260          -0.5223000E+01
  23.280           0.3110000E+01
  23.300           0.1775900E+02
  23.320           0.2531100E+02
  23.340           0.1588500E+02
  23.360           0.7226000E+01
  23.380          -0.6128000E+01
  23.400          -0.3467000E+01
  23.420           0.1234200E+02
  23.440           0.2024800E+02
  23.460           0.1789400E+02
  23.480           0.1355500E+02
  23.500           0.2926000E+01
  23.520          -0.1875000E+01
  23.540          -0.8516000E+01
  23.560          -0.1620300E+02
  23.580          -0.1948000E+02
  23.600          -0.2065800E+02
  23.620          -0.2243700E+02
  23.640          -0.1559800E+02
  23.660           0.4941000E+01
  23.680           0.1466000E+02
  23.700           0.2256000E+01
  23.720          -0.6140000E+00
  23.740           0.1120000E+01
  23.760           0.5630000E+00
  23.780           0.4826000E+01
  23.800           0.5915000E+01
  23.820          -0.2778000E+01
  23.840           0.2109000E+01
  23.860           0.6465000E+01
  23.880          -0.2549000E+01
  23.900          -0.6989000E+01
  23.920          -0.5952000E+01
  23.940          -0.5039000E+01
  23.960           0.7800000E+00
  23.980          -0.1915000E+01
  24.000          -0.5257000E+01
  24.020          -0.3672000E+01
  24.040          -0.5970000E+00
  24.060          -0.1190000E+01
  24.080          -0.8077000E+01
  24.100          -0.1543300E+02
  24.120          -0.2185000E+01
  24.140           0.5931000E+01
  24.160           0.1042100E+02
  24.180           0.1272600E+02
  24.200           0.1514900E+02
  24.220           0.1713000E+02
  24.240           0.1141800E+02
  24.260           0.3816000E+01
  24.280          -0.4414000E+01
  24.300          -0.7548000E+01
  24.320           0.2709000E+01
  24.340          -0.2420000E+00
  24.360          -0.9235000E+01
  24.380          -0.5422000E+01
  24.400          -0.2860000E+00
  24.420          -0.2296000E+01
  24.440          -0.6699000E+01
  24.460          -0.6776000E+01
  24.480           0.3889000E+01
  24.500           0.1734200E+02
  24.520           0.2622200E+02
  24.540           0.2105900E+02
  24.560           0.6781000E+01
  24.580          -0.8064000E+01
  24.600          -0.1983000E+02
  24.620          -0.2666200E+02
  24.640          -0.1652500E+02
  24.660          -0.5602000E+01
  24.680           0.6151000E+01
  24.700           0.2029300E+02
  24.720           0.2001000E+02
  24.740           0.8855000E+01
  24.760           0.5221000E+01
  24.780          -0.2690000E+01
  24.800          -0.6346000E+01
  24.820          -0.1278000E+01
  24.840           0.8440000E+01
  24.860           0.1435200E+02
  24.880           0.1377200E+02
  24.900           0.9516000E+01
  24.920          -0.1338000E+01
  24.940          -0.1028500E+02
  24.960          -0.5036000E+01
  24.980           0.7320000E+00
  25.000           0.2307000E+01
  25.020           0.9377000E+01
  25.040           0.6054000E+01
  25.060          -0.3097000E+01
  25.080          -0.8513000E+01
  25.100          -0.1231700E+02
  25.120          -0.2876000E+01
  25.140           0.2862000E+01
  25.160           0.4307000E+01
  25.180           0.1291000E+01
  25.200          -0.5613000E+01
  25.220           0.3974000E+01
  25.240           0.1007100E+02
  25.260           0.7257000E+01
  25.280           0.3433000E+01
  25.300          -0.4132000E+01
  25.320          -0.7282000E+01
  25.340          -0.1534000E+01
  25.360           0.4889000E+01
  25.380           0.2194000E+01
  25.400          -0.3328000E+01
  25.420          -0.9346000E+01
  25.440          -0.8663000E+01
  25.460          -0.2927000E+01
  25.480           0.2372000E+01
  25.500           0.8599000E+01
  25.520           0.3190000E+01
  25.540          -0.8921000E+01
  25.560          -0.1613900E+02
  25.580          -0.2096200E+02
  25.600          -0.1497800E+02
  25.620          -0.3564000E+01
  25.640           0.5448000E+01
  25.660           0.2656000E+01
  25.680          -0.4434000E+01
  25.700           0.1330000E+01
  25.720           0.4407000E+01
  25.740           0.7403000E+01
  25.760           0.1033200E+02
  25.780          -0.3527000E+01
  25.800          -0.1049200E+02
  25.820          -0.7025000E+01
  25.840          -0.1213400E+02
  25.860          -0.1406700E+02
  25.880          -0.8562000E+01
  25.900          -0.1827000E+01
  25.920           0.2458000E+01
  25.940           0.1673000E+01
  25.960           0.3923000E+01
  25.980           0.3575000E+01
  26.000           0.1587000E+01
  26.020          -0.4816000E+01
  26.040          -0.1087300E+02
  26.060          -0.6800000E+01
  26.080          -0.1409000E+01
  26.100           0.1430000E+00
  26.120           0.2769000E+01
  26.140           0.2321000E+01
  26.160           0.2414000E+01
  26.180           0.4352000E+01
  26.200           0.3926000E+01
  26.220           0.4112000E+01
  26.240           0.4822000E+01
  26.260           0.1535000E+01
  26.280          -0.2785000E+01
  26.300           0.1346000E+01
  26.320           0.9111000E+01
  26.340           0.8648000E+01
  26.360          -0.5300000E-01
  26.380          -0.1414100E+02
  26.400          -0.1951700E+02
  26.420          -0.1610000E+02
  26.440          -0.4713000E+01
  26.460           0.9581000E+01
  26.480           0.1155900E+02
  26.500           0.7948000E+01
  26.520           0.9090000E+00
  26.540          -0.5941000E+01
  26.560          -0.1401300E+02
  26.580          -0.2254200E+02
  26.600          -0.2012000E+02
  26.620          -0.1330000E+02
  26.640          -0.5942000E+01
  26.660           0.4489000E+01
  26.680           0.8782000E+01
  26.700           0.1196200E+02
  26.720           0.1438900E+02
  26.740           0.8089000E+01
  26.760           0.4207000E+01
  26.780           0.4366000E+01
  26.800           0.7519000E+01
  26.820           0.7098000E+01
  26.840           0.6799000E+01
  26.860           0.2742000E+01
  26.880          -0.2891000E+01
  26.900          -0.1720000E+00
  26.920          -0.6410000E+00
  26.940          -0.3650000E+01
  26.960          -0.4398000E+01
  26.980          -0.3446000E+01
  27.000          -0.4594000E+01
  27.020          -0.4692000E+01
  27.040           0.3500000E-01
  27.060           0.1634000E+01
  27.080          -0.1275000E+01
  27.100           0.1390000E+00
  27.120           0.2061000E+01
  27.140          -0.8710000E+00
  27.160          -0.1340000E+01
  27.180           0.1974000E+01
  27.200           0.2494000E+01
  27.220          -0.4470000E+00
  27.240           0.2500000E+00
  27.260           0.4506000E+01
  27.280           0.3438000E+01
  27.300           0.8069000E+01
  27.320           0.1068900E+02
  27.340           0.1647000E+01
  27.360          -0.2834000E+01
  27.380          -0.3086000E+01
  27.400           0.3070000E+00
  27.420           0.5129000E+01
  27.440           0.8667000E+01
  27.460           0.1232400E+02
  27.480           0.5643000E+01
  27.500           0.8350000E+00
  27.520           0.2040000E+01
  27.540           0.5886000E+01
  27.560           0.1152300E+02
  27.580           0.1434100E+02
  27.600           0.1049600E+02
  27.620           0.3617000E+01
  27.640          -0.1082000E+01
  27.660          -0.3442000E+01
  27.680          -0.5412000E+01
  27.700          -0.4624000E+01
  27.720          -0.3458000E+01
  27.740          -0.3674000E+01
  27.760          -0.9088000E+01
  27.780          -0.1045100E+02
  27.800          -0.7651000E+01
  27.820          -0.3594000E+01
  27.840          -0.2680000E+00
  27.860          -0.1751000E+01
  27.880          -0.2089000E+01
  27.900          -0.6670000E+00
  27.920          -0.3062000E+01
  27.940          -0.1838000E+01
  27.960          -0.3557000E+01
  27.980          -0.5097000E+01
  28.000          -0.4280000E+01
  28.020          -0.3967000E+01
  28.040           0.1616000E+01
  28.060           0.8566000E+01
  28.080           0.9031000E+01
  28.100           0.6358000E+01
  28.120           0.1408000E+01
  28.140          -0.1510000E+01
  28.160          -0.3882000E+01
  28.180          -0.2727000E+01
  28.200           0.1274000E+01
  28.220           0.3585000E+01
  28.240           0.3279000E+01
  28.260           0.3147000E+01
  28.280          -0.2403000E+01
  28.300          -0.2917000E+01
  28.320          -0.3349000E+01
  28.340          -0.2213000E+01
  28.360          -0.1340000E+00
  28.380           0.1201000E+01
  28.400           0.4568000E+01
  28.420           0.3077000E+01
  28.440          -0.1733000E+01
  28.460          -0.1862000E+01
  28.480          -0.4669000E+01
  28.500          -0.3109000E+01
  28.520           0.4225000E+01
  28.540           0.6731000E+01
  28.560          -0.3840000E+00
  28.580          -0.5831000E+01
  28.600          -0.7348000E+01
  28.620          -0.4863000E+01
  28.640          -0.4047000E+01
  28.660          -0.2631000E+01
  28.680           0.5330000E+00
  28.700           0.4461000E+01
  28.720           0.4232000E+01
  28.740           0.4207000E+01
  28.760          -0.5000000E-02
  28.780          -0.4730000E+01
  28.800          -0.3772000E+01
  28.820          -0.5621000E+01
  28.840          -0.8955000E+01
  28.860          -0.7190000E+01
  28.880          -0.1741000E+01
  28.900           0.4630000E+00
  28.920           0.3030000E+00
  28.940           0.2395000E+01
  28.960           0.9400000E-01
  28.980           0.2080000E+00
  29.000           0.3350000E+01
  29.020           0.5006000E+01
  29.040           0.7656000E+01
  29.060           0.9099000E+01
  29.080           0.8214000E+01
  29.100           0.6004000E+01
  29.120          -0.3260000E+00
  29.140          -0.2700000E+01
  29.160          -0.4254000E+01
  29.180          -0.5030000E+01
  29.200          -0.3915000E+01
  29.220          -0.3524000E+01
  29.240          -0.3581000E+01
  29.260          -0.3710000E+00
  29.280           0.1659000E+01
  29.300           0.1819000E+01
  29.320           0.3500000E+00
  29.340          -0.6220000E+00
  29.360           0.7370000E+00
  29.380           0.3207000E+01
  29.400           0.3542000E+01
  29.420          -0.3100000E+00
  29.440          -0.3979000E+01
  29.460          -0.6370000E+00
  29.480           0.2605000E+01
  29.500           0.5548000E+01
  29.520           0.7349000E+01
  29.540           0.6462000E+01
  29.560           0.4870000E+00
  29.580          -0.7372000E+01
  29.600          -0.1163700E+02
  29.620          -0.9964000E+01
  29.640          -0.3842000E+01
  29.660           0.3392000E+01
  29.680           0.5413000E+01
  29.700           0.2868000E+01
  29.720           0.8550000E+00
  29.740           0.3796000E+01
  29.760           0.2983000E+01
  29.780          -0.1242000E+01
  29.800          -0.1295000E+01
  29.820          -0.1411000E+01
  29.840          -0.1981000E+01
  29.860           0.2628000E+01
  29.880           0.6276000E+01
  29.900           0.5772000E+01
  29.920           0.3189000E+01
  29.940          -0.2180000E+00
  29.960          -0.5989000E+01
  29.980          -0.8412000E+01
  30.000          -0.5729000E+01
  30.020          -0.4650000E+00
  30.040           0.3778000E+01
  30.060           0.4500000E+00
  30.080          -0.3244000E+01
  30.100          -0.2683000E+01
  30.120           0.1380000E+00
  30.140           0.3232000E+01
  30.160           0.3595000E+01
  30.180           0.2816000E+01
  30.200           0.4295000E+01
  30.220           0.5115000E+01
  30.240           0.9790000E+00
  30.260          -0.6710000E+00
  30.280           0.1401000E+01
  30.300           0.2362000E+01
  30.320          -0.7260000E+00
  30.340          -0.3273000E+01
  30.360          -0.4366000E+01
  30.380          -0.5174000E+01
  30.400          -0.4244000E+01
  30.420          -0.2998000E+01
  30.440          -0.2040000E+01
  30.460           0.1724000E+01
  30.480           0.4072000E+01
  30.500           0.3549000E+01
  30.520          -0.1157000E+01
  30.540          -0.4610000E+01
  30.560          -0.6417000E+01
  30.580          -0.8847000E+01
  30.600          -0.6796000E+01
  30.620          -0.6440000E+00
  30.640           0.4074000E+01
  30.660           0.5943000E+01
  30.680           0.7833000E+01
  30.700           0.8927000E+01
  30.720           0.4138000E+01
  30.740           0.9540000E+00
  30.760           0.9570000E+00
  30.780           0.5160000E+00
  30.800          -0.2000000E-02
  30.820           0.4360000E+00
  30.840          -0.1700000E-01
  30.860          -0.2645000E+01
  30.880          -0.4396000E+01
  30.900          -0.6720000E+01
  30.920          -0.8647000E+01
  30.940          -0.5059000E+01
  30.960           0.5150000E+00
  30.980           0.4342000E+01
  31.000           0.3168000E+01
  31.020          -0.2870000E+00
  31.040          -0.1186000E+01
  31.060          -0.2196000E+01
  31.080          -0.1317000E+01
  31.100           0.8140000E+00
  31.120           0.4660000E+00
  31.140           0.3570000E+00
  31.160          -0.1282000E+01
  31.180          -0.5317000E+01
  31.200          -0.8565000E+01
  31.220          -0.7944000E+01
  31.240          -0.4874000E+01
  31.260          -0.1434000E+01
  31.280           0.3638000E+01
  31.300           0.5429000E+01
  31.320           0.3151000E+01
  31.340           0.2060000E+01
  31.360           0.7230000E+00
  31.380          -0.8400000E+00
  31.400          -0.5810000E+00
  31.420           0.2326000E+01
  31.440           0.6158000E+01
  31.460           0.6845000E+01
  31.480           0.6894000E+01
  31.500           0.5009000E+01
  31.520          -0.2090000E+00
  31.540          -0.1455000E+01
  31.560           0.6730000E+00
  31.580           0.1536000E+01
  31.600           0.2861000E+01
  31.620           0.4762000E+01
  31.640           0.5360000E+01
  31.660           0.2671000E+01
  31.680           0.1180000E+00
  31.700           0.1451000E+01
  31.720           0.3451000E+01
  31.740           0.5198000E+01
  31.760           0.4084000E+01
  31.780          -0.3210000E+00
  31.800          -0.2703000E+01
  31.820          -0.3429000E+01
  31.840          -0.3459000E+01
  31.860          -0.3965000E+01
  31.880          -0.5076000E+01
  31.900          -0.5890000E+01
  31.920          -0.6451000E+01
  31.940          -0.5593000E+01
  31.960          -0.2075000E+01
  31.980           0.3700000E+00
  32.000          -0.1064000E+01
  32.020          -0.2306000E+01
  32.040          -0.1399000E+01
  32.060          -0.1421000E+01
  32.080           0.1091000E+01
  32.100           0.2531000E+01
  32.120           0.8780000E+00
  32.140          -0.1294000E+01
  32.160          -0.2301000E+01
  32.180          -0.2866000E+01
  32.200          -0.2755000E+01
  32.220          -0.2058000E+01
  32.240           0.4240000E+00
  32.260           0.1026000E+01
  32.280           0.3320000E+00
  32.300           0.6030000E+00
  32.320           0.9300000E+00
  32.340           0.9750000E+00
  32.360           0.2936000E+01
  32.380           0.5930000E+01
  32.400           0.5441000E+01
  32.420           0.2607000E+01
  32.440           0.2331000E+01
  32.460           0.3127000E+01
  32.480           0.3971000E+01
  32.500           0.5674000E+01
  32.520           0.5822000E+01
  32.540           0.3816000E+01
  32.560           0.2461000E+01
  32.580           0.2120000E+00
  32.600          -0.1424000E+01
  32.620          -0.2434000E+01
  32.640          -0.2971000E+01
  32.660          -0.2816000E+01
  32.680          -0.2868000E+01
  32.700          -0.3440000E+01
  32.720          -0.2122000E+01
  32.740          -0.5480000E+00
  32.760           0.1506000E+01
  32.780           0.2928000E+01
  32.800           0.1691000E+01
  32.820          -0.1920000E+00
  32.840           0.3310000E+00
  32.860          -0.1780000E+00
  32.880          -0.4110000E+00
  32.900          -0.3200000E-01
  32.920           0.6600000E-01
  32.940          -0.1057000E+01
  32.960          -0.1702000E+01
  32.980          -0.2450000E+01
  33.000          -0.5111000E+01
  33.020          -0.4750000E+01
  33.040          -0.9600000E+00
  33.060           0.2570000E+00
  33.080           0.2410000E+01
  33.100           0.2233000E+01
  33.120           0.2540000E+00
  33.140          -0.5000000E-02
  33.160          -0.1034000E+01
  33.180          -0.4647000E+01
  33.200          -0.6289000E+01
  33.220          -0.6837000E+01
  33.240          -0.5119000E+01
  33.260          -0.2160000E+01
  33.280          -0.1579000E+01
  33.300          -0.1784000E+01
  33.320           0.7910000E+00
  33.340           0.4720000E+00
  33.360          -0.1022000E+01
  33.380          -0.1568000E+01
  33.400          -0.2166000E+01
  33.420          -0.2103000E+01
  33.440           0.1260000E+01
  33.460           0.2744000E+01
  33.480           0.4349000E+01
  33.500           0.3971000E+01
  33.520           0.2641000E+01
  33.540           0.1498000E+01
  33.560           0.1975000E+01
  33.580           0.1847000E+01
  33.600           0.1414000E+01
  33.620           0.2219000E+01
  33.640           0.2713000E+01
  33.660           0.2404000E+01
  33.680           0.4165000E+01
  33.700           0.4299000E+01
  33.720           0.5218000E+01
  33.740           0.5661000E+01
  33.760           0.3719000E+01
  33.780           0.1197000E+01
  33.800           0.3190000E+00
  33.820          -0.1525000E+01
  33.840          -0.7580000E+00
  33.860           0.9480000E+00
  33.880           0.3893000E+01
  33.900           0.5560000E+01
  33.920           0.5239000E+01
  33.940           0.2122000E+01
  33.960          -0.2655000E+01
  33.980          -0.6286000E+01
  34.000          -0.5793000E+01
  34.020          -0.3127000E+01
  34.040           0.2064000E+01
  34.060           0.3910000E+01
  34.080           0.2807000E+01
  34.100           0.1510000E+00
  34.120          -0.2380000E+01
  34.140          -0.4299000E+01
  34.160          -0.2181000E+01
  34.180          -0.1099000E+01
  34.200           0.5690000E+00
  34.220           0.1726000E+01
  34.240           0.1891000E+01
  34.260           0.1360000E+01
  34.280           0.8740000E+00
  34.300           0.1420000E+00
  34.320           0.2070000E+00
  34.340          -0.1369000E+01
  34.360          -0.1426000E+01
  34.380          -0.9140000E+00
  34.400           0.7000000E-02
  34.420           0.7730000E+00
  34.440           0.1758000E+01
  34.460           0.1847000E+01
  34.480           0.1669000E+01
  34.500          -0.3790000E+00
  34.520          -0.1299000E+01
  34.540          -0.2403000E+01
  34.560          -0.2455000E+01
  34.580          -0.2397000E+01
  34.600          -0.2324000E+01
  34.620          -0.2135000E+01
  34.640          -0.1271000E+01
  34.660          -0.3550000E+00
  34.680           0.1251000E+01
  34.700           0.1368000E+01
  34.720           0.9870000E+00
  34.740          -0.5930000E+00
  34.760          -0.1373000E+01
  34.780          -0.1943000E+01
  34.800          -0.1399000E+01
  34.820          -0.7760000E+00
  34.840           0.5710000E+00
  34.860           0.6930000E+00
  34.880           0.4430000E+00
  34.900          -0.1510000E+00
  34.920          -0.8380000E+00
  34.940          -0.1119000E+01
  34.960          -0.8710000E+00
  34.980          -0.6920000E+00
  35.000           0.5500000E-01
  35.020           0.1330000E+00
  35.040           0.1880000E+00
  35.060          -0.3330000E+00
  35.080          -0.8470000E+00
  35.100          -0.1026000E+01
  35.120          -0.2810000E+00
  35.140           0.2020000E+00
  35.160           0.5820000E+00
  35.180           0.1550000E+00
  35.200          -0.1990000E+00
  35.220          -0.4430000E+00
  35.240          -0.1480000E+00
  35.260          -0.3290000E+00
  35.280          -0.1054000E+01
  35.300          -0.1538000E+01
  35.320          -0.1514000E+01
  35.340          -0.1359000E+01
  35.360          -0.7860000E+00
  35.380          -0.3910000E+00
  35.400           0.1560000E+00
  35.420           0.4790000E+00
  35.440           0.6000000E+00
  35.460           0.3800000E+00
  35.480           0.3680000E+00
  35.500           0.1920000E+00
  35.520           0.2210000E+00
  35.540           0.4080000E+00
  35.560           0.4740000E+00
  35.580           0.2940000E+00
  35.600           0.2180000E+00
  35.620           0.1040000E+00
  35.640           0.9400000E-01
  35.660           0.2630000E+00
  35.680           0.2900000E+00
  35.700           0.2170000E+00
  35.720           0.2890000E+00
  35.740           0.2250000E+00
  35.760           0.1790000E+00
  35.780           0.1650000E+00
  35.800           0.1490000E+00
  35.820           0.1000000E+00
  35.840           0.8400000E-01
  35.860           0.3400000E-01
  35.880           0.0000000E+00
  35.900           0.0000000E+00
  35.920           0.0000000E+00
  35.940           0.0000000E+00
  35.960           0.0000000E+00
  35.980           0.0000000E+00
  36.000           0.0000000E+00
  36.020           0.0000000E+00
  36.040           0.0000000E+00
  36.060           0.0000000E+00
  36.080           0.0000000E+00
  36.100           0.0000000E+00
  36.120           0.0000000E+00
  36.140           0.0000000E+00
  36.160           0.0000000E+00
  36.180           0.0000000E+00
  36.200           0.0000000E+00
  36.220           0.0000000E+00
  36.240           0.0000000E+00
  36.260           0.0000000E+00
  36.280           0.0000000E+00
  36.300           0.0000000E+00
  36.320           0.0000000E+00
  36.340           0.0000000E+00
  36.360           0.0000000E+00
  36.380           0.0000000E+00
  36.400           0.0000000E+00
  36.420           0.0000000E+00
  36.440           0.0000000E+00
  36.460           0.0000000E+00
  36.480           0.0000000E+00
  36.500           0.0000000E+00
  36.520           0.0000000E+00
  36.540           0.0000000E+00
  36.560           0.0000000E+00
  36.580           0.0000000E+00
  36.600           0.0000000E+00
  36.620           0.0000000E+00
  36.640           0.0000000E+00
  36.660           0.0000000E+00
  36.680           0.0000000E+00
  36.700           0.0000000E+00
  36.720           0.0000000E+00
  36.740           0.0000000E+00
  36.760           0.0000000E+00
  36.780           0.0000000E+00
  36.800           0.0000000E+00
  36.820           0.0000000E+00
  36.840           0.0000000E+00
  36.860           0.0000000E+00
  36.880           0.0000000E+00
  36.900           0.0000000E+00
  36.920           0.0000000E+00
  36.940           0.0000000E+00
  36.960           0.0000000E+00
  36.980           0.0000000E+00
  37.000           0.0000000E+00
  37.020           0.0000000E+00
  37.040           0.0000000E+00
  37.060           0.0000000E+00
  37.080           0.0000000E+00
  37.100           0.0000000E+00
  37.120           0.0000000E+00
  37.140           0.0000000E+00
  37.160           0.0000000E+00
  37.180           0.0000000E+00
  37.200           0.0000000E+00
  37.220           0.0000000E+00
  37.240           0.0000000E+00
  37.260           0.0000000E+00
  37.280           0.0000000E+00
  37.300           0.0000000E+00
  37.320           0.0000000E+00
  37.340           0.0000000E+00
  37.360           0.0000000E+00
  37.380           0.0000000E+00
  37.400           0.0000000E+00
  37.420           0.0000000E+00
  37.440           0.0000000E+00
  37.460           0.0000000E+00
  37.480           0.0000000E+00
  37.500           0.0000000E+00
  37.520           0.0000000E+00
  37.540           0.0000000E+00
  37.560           0.0000000E+00
  37.580           0.0000000E+00
  37.600           0.0000000E+00
  37.620           0.0000000E+00
  37.640           0.0000000E+00
  37.660           0.0000000E+00
  37.680           0.0000000E+00
  37.700           0.0000000E+00
  37.720           0.0000000E+00
  37.740           0.0000000E+00
  37.760           0.0000000E+00
  37.780           0.0000000E+00
  37.800           0.0000000E+00
  37.820           0.0000000E+00
  37.840           0.0000000E+00
  37.860           0.0000000E+00
  37.880           0.0000000E+00
  37.900           0.0000000E+00
  37.920           0.0000000E+00
  37.940           0.0000000E+00
  37.960           0.0000000E+00
  37.980           0.0000000E+00
  38.000           0.0000000E+00
  38.020           0.0000000E+00
  38.040           0.0000000E+00
  38.060           0.0000000E+00
  38.080           0.0000000E+00
  38.100           0.0000000E+00
  38.120           0.0000000E+00
  38.140           0.0000000E+00
  38.160           0.0000000E+00
  38.180           0.0000000E+00
  38.200           0.0000000E+00
  38.220           0.0000000E+00
  38.240           0.0000000E+00
  38.260           0.0000000E+00
  38.280           0.0000000E+00
  38.300           0.0000000E+00
  38.320           0.0000000E+00
  38.340           0.0000000E+00
  38.360           0.0000000E+00
  38.380           0.0000000E+00
  38.400           0.0000000E+00
  38.420           0.0000000E+00
  38.440           0.0000000E+00
  38.460           0.0000000E+00
  38.480           0.0000000E+00
  38.500           0.0000000E+00
  38.520           0.0000000E+00
  38.540           0.0000000E+00
  38.560           0.0000000E+00
  38.580           0.0000000E+00
  38.600           0.0000000E+00
  38.620           0.0000000E+00
  38.640           0.0000000E+00
  38.660           0.0000000E+00
  38.680           0.0000000E+00
  38.700           0.0000000E+00
  38.720           0.0000000E+00
  38.740           0.0000000E+00
  38.760           0.0000000E+00
  38.780           0.0000000E+00
  38.800           0.0000000E+00
  38.820           0.0000000E+00
  38.840           0.0000000E+00
  38.860           0.0000000E+00
  38.880           0.0000000E+00
  38.900           0.0000000E+00
  38.920           0.0000000E+00
  38.940           0.0000000E+00
  38.960           0.0000000E+00
  38.980           0.0000000E+00
  39.000           0.0000000E+00
  39.020           0.0000000E+00
  39.040           0.0000000E+00
  39.060           0.0000000E+00
  39.080           0.0000000E+00
  39.100           0.0000000E+00
  39.120           0.0000000E+00
  39.140           0.0000000E+00
  39.160           0.0000000E+00
  39.180           0.0000000E+00
  39.200           0.0000000E+00
  39.220           0.0000000E+00
  39.240           0.0000000E+00
  39.260           0.0000000E+00
  39.280           0.0000000E+00
  39.300           0.0000000E+00
  39.320           0.0000000E+00
  39.340           0.0000000E+00
  39.360           0.0000000E+00
  39.380           0.0000000E+00
  39.400           0.0000000E+00
  39.420           0.0000000E+00
  39.440           0.0000000E+00
  39.460           0.0000000E+00
  39.480           0.0000000E+00
  39.500           0.0000000E+00
  39.520           0.0000000E+00
  39.540           0.0000000E+00
  39.560           0.0000000E+00
  39.580           0.0000000E+00
  39.600           0.0000000E+00
  39.620           0.0000000E+00
  39.640           0.0000000E+00
  39.660           0.0000000E+00
  39.680           0.0000000E+00
  39.700           0.0000000E+00
  39.720           0.0000000E+00
  39.740           0.0000000E+00
  39.760           0.0000000E+00
  39.780           0.0000000E+00
  39.800           0.0000000E+00
  39.820           0.0000000E+00
  39.840           0.0000000E+00
  39.860           0.0000000E+00
  39.880           0.0000000E+00
  39.900           0.0000000E+00
  39.920           0.0000000E+00
  39.940           0.0000000E+00
  39.960           0.0000000E+00
  39.980           0.0000000E+00
  40.000           0.0000000E+00
  40.020           0.0000000E+00
  40.040           0.0000000E+00
  40.060           0.0000000E+00
  40.080           0.0000000E+00
  40.100           0.0000000E+00
  40.120           0.0000000E+00
  40.140           0.0000000E+00
  40.160           0.0000000E+00
  40.180           0.0000000E+00
  40.200           0.0000000E+00
  40.220           0.0000000E+00
  40.240           0.0000000E+00
  40.260           0.0000000E+00
  40.280           0.0000000E+00
  40.300           0.0000000E+00
  40.320           0.0000000E+00
  40.340           0.0000000E+00
  40.360           0.0000000E+00
  40.380           0.0000000E+00
  40.400           0.0000000E+00
  40.420           0.0000000E+00
  40.440           0.0000000E+00
  40.460           0.0000000E+00
  40.480           0.0000000E+00
  40.500           0.0000000E+00
  40.520           0.0000000E+00
  40.540           0.0000000E+00
  40.560           0.0000000E+00
  40.580           0.0000000E+00
  40.600           0.0000000E+00
  40.620           0.0000000E+00
  40.640           0.0000000E+00
  40.660           0.0000000E+00
  40.680           0.0000000E+00
  40.700           0.0000000E+00
  40.720           0.0000000E+00
  40.740           0.0000000E+00
  40.760           0.0000000E+00
  40.780           0.0000000E+00
  40.800           0.0000000E+00
  40.820           0.0000000E+00
  40.840           0.0000000E+00
  40.860           0.0000000E+00
  40.880           0.0000000E+00
  40.900           0.0000000E+00
  40.920           0.0000000E+00
  40.940           0.0000000E+00
  40.960           0.0000000E+00
