   0.020          -0.8500000E-01
   0.040          -0.8500000E-01
   0.060          -0.8500000E-01
   0.080          -0.1010000E+00
   0.100          -0.8600000E-01
   0.120          -0.8600000E-01
   0.140          -0.1480000E+00
   0.160          -0.8600000E-01
   0.180          -0.8600000E-01
   0.200          -0.2260000E+00
   0.220          -0.8900000E-01
   0.240          -0.8800000E-01
   0.260          -0.3360000E+00
   0.280          -0.2120000E+00
   0.300          -0.1040000E+00
   0.320          -0.5100000E-01
   0.340           0.1010000E+00
   0.360           0.7400000E-01
   0.380           0.4100000E-01
   0.400           0.5420000E+00
   0.420           0.1220000E+00
   0.440           0.1300000E-01
   0.460          -0.9270000E+00
   0.480          -0.4100000E+00
   0.500          -0.3190000E+00
   0.520           0.1002000E+01
   0.540           0.2620000E+00
   0.560           0.6000000E-02
   0.580          -0.4120000E+00
   0.600          -0.4080000E+00
   0.620          -0.7360000E+00
   0.640          -0.4340000E+00
   0.660          -0.4160000E+00
   0.680          -0.7790000E+00
   0.700          -0.4870000E+00
   0.720          -0.4320000E+00
   0.740          -0.8400000E+00
   0.760          -0.6230000E+00
   0.780          -0.6420000E+00
   0.800          -0.1580000E+01
   0.820          -0.1261000E+01
   0.840          -0.1423000E+01
   0.860          -0.2719000E+01
   0.880          -0.1105000E+01
   0.900          -0.1474000E+01
   0.920          -0.2772000E+01
   0.940          -0.1084000E+01
   0.960          -0.1443000E+01
   0.980          -0.4093000E+01
   1.000          -0.2365000E+01
   1.020          -0.2785000E+01
   1.040          -0.4610000E+01
   1.060          -0.3805000E+01
   1.080           0.1173000E+01
   1.100           0.3738000E+01
   1.120           0.4912000E+01
   1.140           0.4507000E+01
   1.160           0.5010000E+01
   1.180           0.5221000E+01
   1.200           0.5415000E+01
   1.220           0.3905000E+01
   1.240           0.5634000E+01
   1.260           0.3242000E+01
   1.280           0.3665000E+01
   1.300           0.5033000E+01
   1.320           0.7224000E+01
   1.340           0.4650000E+01
   1.360           0.5474000E+01
   1.380           0.7958000E+01
   1.400           0.7854000E+01
   1.420           0.2556000E+01
   1.440           0.6490000E+00
   1.460          -0.5081000E+01
   1.480          -0.8240000E+01
   1.500          -0.9611000E+01
   1.520          -0.5134000E+01
   1.540          -0.5593000E+01
   1.560          -0.1572000E+01
   1.580          -0.2646000E+01
   1.600          -0.7460000E+00
   1.620          -0.1965000E+01
   1.640          -0.5055000E+01
   1.660          -0.8241000E+01
   1.680          -0.5662000E+01
   1.700          -0.7244000E+01
   1.720          -0.1265300E+02
   1.740          -0.9246000E+01
   1.760          -0.9166000E+01
   1.780          -0.1355600E+02
   1.800          -0.6827000E+01
   1.820          -0.1831000E+01
   1.840           0.2284000E+01
   1.860           0.2100000E+01
   1.880           0.5018000E+01
   1.900           0.8331000E+01
   1.920           0.1007600E+02
   1.940           0.6145000E+01
   1.960           0.1095200E+02
   1.980           0.1662000E+02
   2.000           0.1039100E+02
   2.020           0.9582000E+01
   2.040           0.1731100E+02
   2.060           0.1298900E+02
   2.080           0.1106500E+02
   2.100           0.1872900E+02
   2.120           0.1744100E+02
   2.140           0.1363400E+02
   2.160           0.1983000E+02
   2.180           0.1606700E+02
   2.200           0.1553300E+02
   2.220           0.1580700E+02
   2.240           0.1080000E+02
   2.260           0.1046800E+02
   2.280           0.2818000E+01
   2.300          -0.8903000E+01
   2.320          -0.1219700E+02
   2.340          -0.2349200E+02
   2.360          -0.2349500E+02
   2.380          -0.2146900E+02
   2.400          -0.2029400E+02
   2.420          -0.1142000E+02
   2.440           0.6214000E+01
   2.460           0.1262800E+02
   2.480           0.9139000E+01
   2.500           0.8276000E+01
   2.520          -0.5180000E+01
   2.540          -0.1102600E+02
   2.560          -0.8985000E+01
   2.580          -0.5798000E+01
   2.600          -0.5154000E+01
   2.620          -0.2494000E+01
   2.640           0.9590000E+00
   2.660           0.9515000E+01
   2.680           0.2123000E+02
   2.700           0.2069300E+02
   2.720           0.1316000E+02
   2.740           0.1797500E+02
   2.760           0.1629700E+02
   2.780           0.2136500E+02
   2.800           0.8057000E+01
   2.820          -0.1066000E+01
   2.840          -0.6358000E+01
   2.860          -0.1188500E+02
   2.880           0.6770000E+01
   2.900           0.1606900E+02
   2.920           0.3238900E+02
   2.940           0.2506300E+02
   2.960           0.2561800E+02
   2.980           0.3657800E+02
   3.000           0.3853300E+02
   3.020           0.3364700E+02
   3.040           0.3751600E+02
   3.060           0.2754000E+02
   3.080           0.1227900E+02
   3.100           0.2747000E+01
   3.120           0.6260000E+01
   3.140          -0.5963000E+01
   3.160          -0.1075900E+02
   3.180          -0.1195300E+02
   3.200          -0.1315600E+02
   3.220          -0.3786000E+01
   3.240          -0.9026000E+01
   3.260           0.4786000E+01
   3.280           0.9563000E+01
   3.300          -0.3309000E+01
   3.320          -0.1651700E+02
   3.340          -0.4119100E+02
   3.360          -0.4859800E+02
   3.380          -0.4313500E+02
   3.400          -0.2717700E+02
   3.420          -0.1500900E+02
   3.440           0.3843000E+01
   3.460          -0.1063200E+02
   3.480          -0.6771000E+01
   3.500          -0.3450000E+01
   3.520           0.1118300E+02
   3.540           0.2787900E+02
   3.560           0.2677400E+02
   3.580           0.3104700E+02
   3.600           0.2618100E+02
   3.620           0.2572400E+02
   3.640           0.1617900E+02
   3.660           0.2259100E+02
   3.680           0.4248200E+02
   3.700           0.5006900E+02
   3.720           0.3846600E+02
   3.740           0.3556400E+02
   3.760           0.2729900E+02
   3.780           0.1867900E+02
   3.800          -0.6196000E+01
   3.820          -0.2651800E+02
   3.840          -0.6729000E+01
   3.860           0.1043400E+02
   3.880           0.2786900E+02
   3.900           0.2144300E+02
   3.920           0.1100700E+02
   3.940           0.4742000E+01
   3.960          -0.1001900E+02
   3.980          -0.3279300E+02
   4.000          -0.4495800E+02
   4.020          -0.1599600E+02
   4.040          -0.6268000E+01
   4.060          -0.4380000E+01
   4.080          -0.1362800E+02
   4.100          -0.2147500E+02
   4.120           0.1349000E+01
   4.140           0.3491400E+02
   4.160           0.2769600E+02
   4.180           0.2177500E+02
   4.200          -0.2481000E+01
   4.220          -0.2332200E+02
   4.240          -0.3500000E-01
   4.260           0.1112700E+02
   4.280           0.1812600E+02
   4.300           0.3156900E+02
   4.320           0.1710300E+02
   4.340          -0.9931000E+01
   4.360          -0.1575000E+02
   4.380          -0.9481000E+01
   4.400           0.1590100E+02
   4.420           0.1159400E+02
   4.440          -0.2221000E+02
   4.460          -0.3447700E+02
   4.480          -0.5536700E+02
   4.500          -0.4477800E+02
   4.520          -0.1368000E+01
   4.540           0.1884800E+02
   4.560           0.4279700E+02
   4.580           0.6733700E+02
   4.600           0.3096900E+02
   4.620           0.1942100E+02
   4.640           0.1298400E+02
   4.660          -0.1388500E+02
   4.680           0.1098300E+02
   4.700           0.2357800E+02
   4.720           0.3390000E+02
   4.740           0.3517100E+02
   4.760           0.3621800E+02
   4.780           0.1488700E+02
   4.800           0.1567400E+02
   4.820           0.8471000E+01
   4.840          -0.1800500E+02
   4.860          -0.5566000E+01
   4.880           0.1398900E+02
   4.900           0.3540900E+02
   4.920           0.1686100E+02
   4.940          -0.4245200E+02
   4.960          -0.6925800E+02
   4.980          -0.9063900E+02
   5.000          -0.8017000E+02
   5.020          -0.3333200E+02
   5.040           0.2430300E+02
   5.060           0.4578700E+02
   5.080           0.1539000E+02
   5.100          -0.3471700E+02
   5.120          -0.3310700E+02
   5.140          -0.1222300E+02
   5.160           0.3324800E+02
   5.180           0.5859000E+02
   5.200           0.4320000E+02
   5.220           0.4099000E+01
   5.240          -0.4342400E+02
   5.260          -0.6975800E+02
   5.280          -0.6860600E+02
   5.300          -0.1608800E+02
   5.320           0.2769800E+02
   5.340           0.3047700E+02
   5.360           0.2379500E+02
   5.380           0.2752200E+02
   5.400           0.1940200E+02
   5.420          -0.1753300E+02
   5.440          -0.9700000E+00
   5.460           0.4410000E+00
   5.480           0.2017900E+02
   5.500           0.4514600E+02
   5.520           0.3031200E+02
   5.540          -0.3268900E+02
   5.560          -0.4259700E+02
   5.580          -0.5655300E+02
   5.600           0.1813500E+02
   5.620           0.8723400E+02
   5.640           0.1372650E+03
   5.660           0.1049280E+03
   5.680           0.4615500E+02
   5.700          -0.1046700E+02
   5.720          -0.4564000E+02
   5.740          -0.7484800E+02
   5.760          -0.5323900E+02
   5.780          -0.6681100E+02
   5.800          -0.4556800E+02
   5.820          -0.1627400E+02
   5.840          -0.3327400E+02
   5.860          -0.5726000E+01
   5.880          -0.2579500E+02
   5.900          -0.2542000E+01
   5.920          -0.5389000E+01
   5.940          -0.4237000E+02
   5.960          -0.1324200E+02
   5.980          -0.3417800E+02
   6.000          -0.5106000E+02
   6.020          -0.9074700E+02
   6.040          -0.9172600E+02
   6.060          -0.2089800E+02
   6.080           0.5715100E+02
   6.100           0.2965400E+02
   6.120           0.1792300E+02
   6.140           0.3322100E+02
   6.160          -0.9766000E+01
   6.180          -0.4343900E+02
   6.200          -0.1228300E+02
   6.220           0.1319400E+02
   6.240           0.7204000E+01
   6.260           0.7259600E+02
   6.280           0.9931400E+02
   6.300           0.5931900E+02
   6.320           0.4569000E+01
   6.340          -0.9770000E+00
   6.360          -0.9914000E+01
   6.380          -0.1749400E+02
   6.400          -0.3460000E+00
   6.420           0.4999000E+01
   6.440           0.1722500E+02
   6.460           0.2259000E+01
   6.480           0.6467000E+01
   6.500           0.3125700E+02
   6.520           0.3920400E+02
   6.540           0.4581700E+02
   6.560          -0.6460000E+00
   6.580          -0.3229100E+02
   6.600          -0.3158200E+02
   6.620          -0.5232300E+02
   6.640          -0.2056000E+02
   6.660          -0.3173000E+02
   6.680          -0.1184000E+02
   6.700           0.2654400E+02
   6.720           0.3940000E+00
   6.740           0.1513300E+02
   6.760           0.5892000E+01
   6.780          -0.1387000E+02
   6.800          -0.2439600E+02
   6.820          -0.4168200E+02
   6.840          -0.1606500E+02
   6.860          -0.2724100E+02
   6.880          -0.4507100E+02
   6.900          -0.8475500E+02
   6.920          -0.1077480E+03
   6.940          -0.5304300E+02
   6.960           0.1249700E+02
   6.980           0.1003400E+02
   7.000          -0.2884800E+02
   7.020          -0.7659100E+02
   7.040          -0.3487200E+02
   7.060           0.6142400E+02
   7.080           0.6871400E+02
   7.100           0.1066650E+03
   7.120           0.6160300E+02
   7.140          -0.7357000E+01
   7.160           0.1281000E+01
   7.180           0.1803200E+02
   7.200           0.4527200E+02
   7.220           0.1190500E+02
   7.240          -0.1099000E+02
   7.260          -0.3883800E+02
   7.280          -0.3200300E+02
   7.300           0.2439600E+02
   7.320           0.1103540E+03
   7.340           0.9835800E+02
   7.360           0.4843600E+02
   7.380          -0.5144000E+01
   7.400          -0.3508200E+02
   7.420          -0.9027600E+02
   7.440          -0.1137470E+03
   7.460          -0.9473600E+02
   7.480          -0.6621000E+02
   7.500          -0.7028000E+01
   7.520           0.2722000E+01
   7.540          -0.5654700E+02
   7.560          -0.7732700E+02
   7.580          -0.4746100E+02
   7.600           0.1829200E+02
   7.620           0.4724200E+02
   7.640           0.1852100E+02
   7.660          -0.1726000E+01
   7.680           0.1099900E+02
   7.700          -0.1216900E+02
   7.720           0.6928000E+01
   7.740          -0.9400000E-01
   7.760          -0.2671400E+02
   7.780           0.3961500E+02
   7.800           0.2666600E+02
   7.820          -0.2614000E+02
   7.840          -0.8803500E+02
   7.860          -0.1479350E+03
   7.880          -0.1462300E+03
   7.900          -0.1057400E+03
   7.920          -0.4044800E+02
   7.940           0.5077800E+02
   7.960           0.1125190E+03
   7.980           0.1024120E+03
   8.000           0.7690500E+02
   8.020           0.2879000E+02
   8.040           0.1289000E+02
   8.060           0.5453500E+02
   8.080           0.7440300E+02
   8.100           0.1122750E+03
   8.120           0.4285100E+02
   8.140          -0.4024000E+01
   8.160          -0.4860700E+02
   8.180          -0.2035400E+02
   8.200           0.3377700E+02
   8.220           0.6373800E+02
   8.240           0.2302800E+02
   8.260          -0.2908300E+02
   8.280          -0.3938000E+02
   8.300          -0.8229900E+02
   8.320          -0.1164790E+03
   8.340          -0.1048780E+03
   8.360          -0.6114600E+02
   8.380          -0.1365400E+02
   8.400          -0.4014000E+01
   8.420           0.3633000E+01
   8.440           0.4456400E+02
   8.460           0.1201750E+03
   8.480           0.1859150E+03
   8.500           0.1315390E+03
   8.520          -0.1341000E+01
   8.540          -0.4780700E+02
   8.560          -0.7793000E+02
   8.580          -0.7899400E+02
   8.600          -0.9342700E+02
   8.620          -0.7046300E+02
   8.640          -0.7601100E+02
   8.660          -0.1201000E+03
   8.680          -0.7544800E+02
   8.700          -0.3796400E+02
   8.720           0.1967400E+02
   8.740           0.8808800E+02
   8.760           0.7418100E+02
   8.780           0.4417400E+02
   8.800          -0.1909900E+02
   8.820          -0.4644400E+02
   8.840          -0.2361000E+02
   8.860           0.1013600E+02
   8.880          -0.1604700E+02
   8.900          -0.7592000E+01
   8.920          -0.1013200E+02
   8.940           0.3158800E+02
   8.960           0.7667600E+02
   8.980           0.1102960E+03
   9.000           0.1417520E+03
   9.020           0.1448650E+03
   9.040           0.7131300E+02
   9.060           0.1580600E+02
   9.080          -0.5183700E+02
   9.100          -0.4981100E+02
   9.120           0.1217600E+02
   9.140          -0.4787100E+02
   9.160          -0.3772300E+02
   9.180          -0.2946500E+02
   9.200          -0.2480500E+02
   9.220          -0.3013500E+02
   9.240          -0.3898400E+02
   9.260          -0.7432400E+02
   9.280          -0.5449800E+02
   9.300          -0.2371400E+02
   9.320          -0.3112300E+02
   9.340          -0.5532400E+02
   9.360          -0.3918200E+02
   9.380           0.9271000E+01
   9.400           0.8182100E+02
   9.420           0.1032900E+03
   9.440           0.9672200E+02
   9.460           0.8385400E+02
   9.480           0.3822800E+02
   9.500          -0.3617600E+02
   9.520           0.1136500E+02
   9.540           0.1921000E+01
   9.560           0.7792000E+01
   9.580           0.3896800E+02
   9.600           0.7750300E+02
   9.620           0.4438600E+02
   9.640          -0.1700000E-01
   9.660           0.2081700E+02
   9.680           0.2699600E+02
   9.700           0.4136600E+02
   9.720           0.3983500E+02
   9.740           0.7925800E+02
   9.760           0.7504400E+02
   9.780           0.4872400E+02
   9.800          -0.1772700E+02
   9.820          -0.2762900E+02
   9.840          -0.7546700E+02
   9.860          -0.6955500E+02
   9.880          -0.6296200E+02
   9.900          -0.8311500E+02
   9.920          -0.1101430E+03
   9.940          -0.5878400E+02
   9.960          -0.1027200E+02
   9.980          -0.8010000E+00
  10.000           0.5381800E+02
  10.020           0.5000800E+02
  10.040           0.1633100E+02
  10.060           0.4481000E+02
  10.080           0.1071200E+03
  10.100           0.1189580E+03
  10.120           0.8779100E+02
  10.140           0.3007200E+02
  10.160           0.5985000E+02
  10.180           0.6011300E+02
  10.200          -0.1171000E+01
  10.220           0.4168700E+02
  10.240           0.4704300E+02
  10.260           0.2467400E+02
  10.280           0.9534300E+02
  10.300           0.1117840E+03
  10.320           0.9238100E+02
  10.340           0.1533400E+02
  10.360           0.3390000E+00
  10.380           0.6142900E+02
  10.400           0.8286400E+02
  10.420           0.2036500E+02
  10.440          -0.1750400E+02
  10.460          -0.9397300E+02
  10.480          -0.1140410E+03
  10.500          -0.3900600E+02
  10.520          -0.1927400E+02
  10.540           0.8858000E+01
  10.560           0.3556800E+02
  10.580          -0.8307000E+01
  10.600          -0.2113900E+02
  10.620          -0.3702000E+01
  10.640          -0.2070000E+01
  10.660          -0.2270300E+02
  10.680          -0.1425000E+01
  10.700           0.4891400E+02
  10.720           0.4890300E+02
  10.740          -0.1420000E+01
  10.760           0.1410800E+02
  10.780           0.2800200E+02
  10.800          -0.4436800E+02
  10.820          -0.1123650E+03
  10.840          -0.1294830E+03
  10.860          -0.1022040E+03
  10.880          -0.4855100E+02
  10.900           0.1870600E+02
  10.920           0.3254900E+02
  10.940           0.4336300E+02
  10.960           0.5947300E+02
  10.980           0.3407400E+02
  11.000           0.2459700E+02
  11.020           0.2095700E+02
  11.040           0.6233200E+02
  11.060           0.1354770E+03
  11.080           0.1210210E+03
  11.100           0.8956500E+02
  11.120          -0.6660000E+00
  11.140          -0.4883600E+02
  11.160          -0.3588100E+02
  11.180          -0.6340000E+00
  11.200          -0.1148300E+02
  11.220           0.2970500E+02
  11.240           0.4912600E+02
  11.260           0.1115780E+03
  11.280           0.8813000E+02
  11.300           0.2914000E+02
  11.320           0.4626100E+02
  11.340          -0.1022000E+01
  11.360           0.9001000E+01
  11.380           0.1324500E+02
  11.400           0.4312300E+02
  11.420           0.6282400E+02
  11.440          -0.1115100E+02
  11.460          -0.3801700E+02
  11.480          -0.7052000E+02
  11.500          -0.6387400E+02
  11.520          -0.1400400E+02
  11.540          -0.4054700E+02
  11.560          -0.3908900E+02
  11.580          -0.4057300E+02
  11.600          -0.1252600E+02
  11.620           0.9019000E+01
  11.640           0.4093200E+02
  11.660           0.8608900E+02
  11.680           0.1008050E+03
  11.700           0.7432600E+02
  11.720          -0.9008000E+01
  11.740          -0.1008660E+03
  11.760          -0.1278230E+03
  11.780          -0.1033260E+03
  11.800          -0.6635700E+02
  11.820          -0.4049200E+02
  11.840          -0.2792000E+02
  11.860          -0.2188100E+02
  11.880          -0.7434000E+01
  11.900          -0.3129300E+02
  11.920          -0.2411600E+02
  11.940          -0.2599400E+02
  11.960          -0.9104800E+02
  11.980          -0.1351600E+03
  12.000          -0.1073450E+03
  12.020          -0.7694600E+02
  12.040          -0.5331000E+02
  12.060          -0.1840000E+02
  12.080           0.2903300E+02
  12.100           0.8063000E+01
  12.120          -0.6780400E+02
  12.140          -0.5273100E+02
  12.160          -0.5901200E+02
  12.180          -0.8721800E+02
  12.200          -0.9396400E+02
  12.220          -0.7132500E+02
  12.240          -0.6115200E+02
  12.260          -0.5471200E+02
  12.280          -0.9762000E+01
  12.300           0.3126400E+02
  12.320           0.9141500E+02
  12.340           0.1660260E+03
  12.360           0.1681910E+03
  12.380           0.9836100E+02
  12.400          -0.1408600E+02
  12.420          -0.2219300E+02
  12.440          -0.3303100E+02
  12.460          -0.6874000E+02
  12.480           0.8800000E+00
  12.500           0.7141100E+02
  12.520           0.6908700E+02
  12.540           0.3403000E+01
  12.560          -0.7197700E+02
  12.580          -0.1244650E+03
  12.600          -0.1062060E+03
  12.620          -0.7942700E+02
  12.640          -0.7250900E+02
  12.660          -0.3407700E+02
  12.680          -0.2905000E+01
  12.700           0.3239100E+02
  12.720           0.5736800E+02
  12.740           0.8304300E+02
  12.760           0.2866800E+02
  12.780           0.1180800E+02
  12.800          -0.2191500E+02
  12.820          -0.3371100E+02
  12.840          -0.3092000E+02
  12.860          -0.5518400E+02
  12.880          -0.8990000E+02
  12.900          -0.2066300E+02
  12.920           0.1871900E+02
  12.940           0.5304800E+02
  12.960           0.1041190E+03
  12.980           0.1102170E+03
  13.000           0.1579100E+02
  13.020          -0.3270800E+02
  13.040          -0.3791100E+02
  13.060           0.5751700E+02
  13.080           0.7501900E+02
  13.100           0.6677100E+02
  13.120           0.2620000E+02
  13.140          -0.1876500E+02
  13.160           0.4395000E+01
  13.180           0.5819300E+02
  13.200           0.9088100E+02
  13.220           0.9272600E+02
  13.240           0.7726100E+02
  13.260           0.6601100E+02
  13.280           0.4597400E+02
  13.300           0.4862500E+02
  13.320           0.1158600E+02
  13.340           0.9865000E+01
  13.360          -0.2278500E+02
  13.380          -0.5552400E+02
  13.400          -0.8677000E+02
  13.420          -0.5452500E+02
  13.440           0.2379400E+02
  13.460           0.3222200E+02
  13.480          -0.2371600E+02
  13.500          -0.5442300E+02
  13.520          -0.9668900E+02
  13.540          -0.8059100E+02
  13.560          -0.1632700E+02
  13.580          -0.2042000E+01
  13.600          -0.5820000E+01
  13.620           0.3316400E+02
  13.640           0.3202400E+02
  13.660          -0.1921200E+02
  13.680          -0.6858500E+02
  13.700          -0.9060600E+02
  13.720          -0.1921600E+02
  13.740           0.7872500E+02
  13.760           0.1016790E+03
  13.780           0.6586600E+02
  13.800           0.1032400E+02
  13.820           0.3740000E+01
  13.840           0.3037800E+02
  13.860           0.8202600E+02
  13.880           0.2726300E+02
  13.900           0.2584200E+02
  13.920          -0.6368000E+01
  13.940          -0.2339900E+02
  13.960          -0.5391800E+02
  13.980          -0.3484800E+02
  14.000          -0.9920000E+01
  14.020           0.1801000E+02
  14.040           0.2687300E+02
  14.060          -0.1745800E+02
  14.080          -0.6185300E+02
  14.100          -0.1114560E+03
  14.120          -0.5589500E+02
  14.140           0.1701500E+02
  14.160           0.2631000E+02
  14.180           0.2053500E+02
  14.200           0.1975600E+02
  14.220           0.3059100E+02
  14.240           0.4623900E+02
  14.260           0.3572800E+02
  14.280           0.2351000E+01
  14.300          -0.4167500E+02
  14.320          -0.8048600E+02
  14.340          -0.8463500E+02
  14.360          -0.1074230E+03
  14.380          -0.3667000E+02
  14.400           0.1870200E+02
  14.420           0.7237300E+02
  14.440           0.1273460E+03
  14.460           0.8711800E+02
  14.480           0.2951900E+02
  14.500          -0.1549600E+02
  14.520          -0.1487100E+02
  14.540          -0.5170500E+02
  14.560          -0.6016100E+02
  14.580          -0.4755700E+02
  14.600           0.5311000E+01
  14.620          -0.1602000E+01
  14.640           0.3197000E+01
  14.660          -0.1912300E+02
  14.680          -0.8166700E+02
  14.700          -0.9432400E+02
  14.720          -0.7970700E+02
  14.740          -0.3629800E+02
  14.760           0.7888000E+01
  14.780           0.7148700E+02
  14.800           0.1046160E+03
  14.820           0.8212500E+02
  14.840           0.4228300E+02
  14.860          -0.5754100E+02
  14.880          -0.1183390E+03
  14.900          -0.1036800E+03
  14.920          -0.7153300E+02
  14.940          -0.2519100E+02
  14.960          -0.4380800E+02
  14.980          -0.1618200E+02
  15.000           0.4743800E+02
  15.020           0.4181700E+02
  15.040           0.8216600E+02
  15.060           0.4444400E+02
  15.080           0.1636900E+02
  15.100          -0.3572100E+02
  15.120          -0.2002400E+02
  15.140           0.9827000E+01
  15.160           0.5107600E+02
  15.180           0.5139100E+02
  15.200           0.2580800E+02
  15.220           0.4856000E+01
  15.240           0.1035100E+02
  15.260          -0.1879300E+02
  15.280           0.6372000E+01
  15.300           0.2869000E+02
  15.320           0.3190000E+02
  15.340           0.2165800E+02
  15.360          -0.1604900E+02
  15.380          -0.3300100E+02
  15.400          -0.6423700E+02
  15.420          -0.3085800E+02
  15.440          -0.2322000E+01
  15.460          -0.4088700E+02
  15.480          -0.2843000E+02
  15.500          -0.2600200E+02
  15.520          -0.4682700E+02
  15.540           0.1276400E+02
  15.560           0.5641300E+02
  15.580           0.5086000E+02
  15.600           0.1809600E+02
  15.620           0.6838300E+02
  15.640           0.9331200E+02
  15.660           0.6798500E+02
  15.680          -0.1720900E+02
  15.700          -0.1654500E+02
  15.720          -0.6073500E+02
  15.740          -0.9487300E+02
  15.760          -0.1191880E+03
  15.780          -0.8283700E+02
  15.800           0.3506000E+01
  15.820           0.4270400E+02
  15.840           0.2666200E+02
  15.860           0.1243400E+02
  15.880           0.1093100E+02
  15.900           0.4547300E+02
  15.920           0.5787900E+02
  15.940           0.6668000E+02
  15.960           0.5983800E+02
  15.980           0.4835300E+02
  16.000          -0.4461000E+01
  16.020          -0.6632100E+02
  16.040          -0.8209100E+02
  16.060          -0.2762200E+02
  16.080           0.6760800E+02
  16.100           0.7836900E+02
  16.120           0.1982500E+02
  16.140          -0.4465300E+02
  16.160          -0.5509200E+02
  16.180          -0.4521400E+02
  16.200           0.1846500E+02
  16.220           0.8125600E+02
  16.240           0.5050300E+02
  16.260           0.1135700E+02
  16.280          -0.2539800E+02
  16.300          -0.5933900E+02
  16.320          -0.9973400E+02
  16.340          -0.1364290E+03
  16.360          -0.1601780E+03
  16.380          -0.1373370E+03
  16.400          -0.1170160E+03
  16.420          -0.1209000E+03
  16.440          -0.8348700E+02
  16.460          -0.4065700E+02
  16.480           0.2801600E+02
  16.500           0.3188700E+02
  16.520           0.5769100E+02
  16.540           0.6655400E+02
  16.560           0.7316700E+02
  16.580           0.8146100E+02
  16.600           0.7736300E+02
  16.620           0.7126100E+02
  16.640           0.2152800E+02
  16.660           0.2359400E+02
  16.680           0.5027100E+02
  16.700           0.5493300E+02
  16.720           0.5516300E+02
  16.740           0.3086700E+02
  16.760           0.2619400E+02
  16.780          -0.2141500E+02
  16.800          -0.2438200E+02
  16.820           0.2157900E+02
  16.840           0.7183700E+02
  16.860           0.5553000E+02
  16.880           0.2552100E+02
  16.900           0.6622000E+01
  16.920          -0.3116700E+02
  16.940          -0.1811100E+02
  16.960           0.2076500E+02
  16.980           0.5405400E+02
  17.000           0.5322300E+02
  17.020           0.1399700E+02
  17.040           0.8505000E+01
  17.060           0.1713500E+02
  17.080           0.3150000E+00
  17.100           0.5598400E+02
  17.120           0.5654900E+02
  17.140           0.4817600E+02
  17.160           0.2044100E+02
  17.180           0.8402000E+01
  17.200           0.1186500E+02
  17.220           0.3912000E+01
  17.240           0.1621100E+02
  17.260           0.5130400E+02
  17.280           0.4385600E+02
  17.300           0.1815800E+02
  17.320          -0.4496600E+02
  17.340          -0.9414500E+02
  17.360          -0.9985500E+02
  17.380          -0.6338900E+02
  17.400          -0.5359000E+02
  17.420          -0.3493800E+02
  17.440          -0.4678200E+02
  17.460          -0.7681800E+02
  17.480          -0.6206000E+02
  17.500          -0.3216000E+02
  17.520          -0.4189300E+02
  17.540          -0.1321300E+02
  17.560           0.1698100E+02
  17.580           0.4709400E+02
  17.600           0.4929400E+02
  17.620           0.3931800E+02
  17.640           0.5904200E+02
  17.660           0.6771400E+02
  17.680           0.6485000E+02
  17.700           0.6360900E+02
  17.720           0.4491000E+02
  17.740           0.4200000E+01
  17.760          -0.7088000E+01
  17.780          -0.1324600E+02
  17.800          -0.2772000E+02
  17.820          -0.1167200E+02
  17.840           0.3770000E+00
  17.860           0.3145000E+01
  17.880          -0.1449500E+02
  17.900          -0.1147400E+02
  17.920          -0.2339700E+02
  17.940          -0.5418900E+02
  17.960          -0.5312200E+02
  17.980          -0.1162200E+02
  18.000           0.2211000E+01
  18.020           0.3251700E+02
  18.040           0.2604400E+02
  18.060           0.6985000E+01
  18.080          -0.8332000E+01
  18.100          -0.1787000E+02
  18.120          -0.8120000E+01
  18.140          -0.3870000E+01
  18.160           0.2187000E+01
  18.180           0.2713600E+02
  18.200           0.3296200E+02
  18.220           0.2785000E+02
  18.240           0.1474700E+02
  18.260           0.1607100E+02
  18.280          -0.2027700E+02
  18.300           0.7491000E+01
  18.320           0.3560200E+02
  18.340           0.3308400E+02
  18.360          -0.3620000E+01
  18.380          -0.3520400E+02
  18.400          -0.2044400E+02
  18.420          -0.1724800E+02
  18.440          -0.1500300E+02
  18.460          -0.3044700E+02
  18.480          -0.2278900E+02
  18.500          -0.1283800E+02
  18.520           0.1160000E+00
  18.540           0.3167100E+02
  18.560           0.1580200E+02
  18.580           0.2699900E+02
  18.600           0.3184800E+02
  18.620           0.4639000E+02
  18.640           0.3464200E+02
  18.660           0.4609400E+02
  18.680           0.6174300E+02
  18.700           0.4642100E+02
  18.720           0.2732600E+02
  18.740           0.2137000E+01
  18.760          -0.1218400E+02
  18.780          -0.2075200E+02
  18.800          -0.2007800E+02
  18.820          -0.3546700E+02
  18.840          -0.3485800E+02
  18.860          -0.6524900E+02
  18.880          -0.8151800E+02
  18.900          -0.6913200E+02
  18.920          -0.5146200E+02
  18.940          -0.2031100E+02
  18.960           0.3017000E+01
  18.980          -0.8903000E+01
  19.000          -0.2785300E+02
  19.020          -0.3857400E+02
  19.040          -0.4158200E+02
  19.060          -0.3305900E+02
  19.080          -0.3105200E+02
  19.100          -0.2695100E+02
  19.120           0.1787000E+01
  19.140           0.2561900E+02
  19.160           0.1559500E+02
  19.180          -0.2505000E+01
  19.200          -0.9500000E+00
  19.220           0.1315300E+02
  19.240           0.9580000E+00
  19.260           0.1681300E+02
  19.280           0.3938000E+02
  19.300           0.6020000E+02
  19.320           0.4810500E+02
  19.340           0.1513500E+02
  19.360          -0.1944100E+02
  19.380          -0.4363400E+02
  19.400          -0.3625400E+02
  19.420          -0.1210300E+02
  19.440           0.1941000E+01
  19.460           0.7830000E+00
  19.480           0.5661000E+01
  19.500           0.1267200E+02
  19.520           0.1600100E+02
  19.540           0.1913000E+01
  19.560           0.4251000E+01
  19.580           0.2129700E+02
  19.600           0.5670000E+01
  19.620           0.3350000E+00
  19.640           0.1867400E+02
  19.660           0.2337300E+02
  19.680           0.3141300E+02
  19.700           0.4901800E+02
  19.720           0.6894400E+02
  19.740           0.6700200E+02
  19.760           0.4204400E+02
  19.780           0.9689000E+01
  19.800          -0.1267400E+02
  19.820          -0.9100000E+00
  19.840          -0.2408100E+02
  19.860          -0.4011300E+02
  19.880          -0.6684700E+02
  19.900          -0.5688200E+02
  19.920          -0.3143500E+02
  19.940          -0.2680400E+02
  19.960          -0.3435100E+02
  19.980          -0.3302100E+02
  20.000          -0.1750100E+02
  20.020          -0.2265300E+02
  20.040          -0.4217900E+02
  20.060          -0.3547400E+02
  20.080          -0.1838300E+02
  20.100           0.8216000E+01
  20.120           0.1227200E+02
  20.140           0.1669200E+02
  20.160           0.3657400E+02
  20.180           0.4907500E+02
  20.200           0.7111700E+02
  20.220           0.6869500E+02
  20.240           0.4984900E+02
  20.260           0.4517200E+02
  20.280           0.3449800E+02
  20.300           0.2238500E+02
  20.320           0.1942300E+02
  20.340           0.2289600E+02
  20.360           0.4187200E+02
  20.380           0.4113100E+02
  20.400           0.3015800E+02
  20.420           0.9214000E+01
  20.440          -0.1880300E+02
  20.460          -0.4724800E+02
  20.480          -0.5476500E+02
  20.500          -0.5059800E+02
  20.520          -0.2955700E+02
  20.540          -0.2216600E+02
  20.560          -0.2562900E+02
  20.580          -0.3699900E+02
  20.600          -0.3637700E+02
  20.620          -0.3959300E+02
  20.640          -0.3232900E+02
  20.660          -0.3284700E+02
  20.680          -0.1614700E+02
  20.700           0.1326800E+02
  20.720           0.1794800E+02
  20.740           0.2455600E+02
  20.760           0.1610700E+02
  20.780          -0.4292000E+01
  20.800          -0.2112000E+01
  20.820          -0.1572100E+02
  20.840          -0.1491900E+02
  20.860          -0.1447900E+02
  20.880          -0.2823800E+02
  20.900          -0.3479900E+02
  20.920          -0.3109500E+02
  20.940          -0.4544700E+02
  20.960          -0.4782100E+02
  20.980          -0.4222900E+02
  21.000          -0.3940900E+02
  21.020          -0.2922200E+02
  21.040          -0.1625000E+02
  21.060          -0.4046000E+01
  21.080          -0.1161300E+02
  21.100          -0.1407000E+01
  21.120           0.3407000E+01
  21.140           0.1490600E+02
  21.160           0.1327300E+02
  21.180          -0.3234000E+01
  21.200           0.3614000E+01
  21.220          -0.4011000E+01
  21.240          -0.1997100E+02
  21.260           0.3437000E+01
  21.280           0.1628800E+02
  21.300           0.1104300E+02
  21.320          -0.1007100E+02
  21.340          -0.1588200E+02
  21.360          -0.1574500E+02
  21.380          -0.2679500E+02
  21.400          -0.2663700E+02
  21.420          -0.2090000E+02
  21.440          -0.1820400E+02
  21.460          -0.1707700E+02
  21.480          -0.3171400E+02
  21.500          -0.4706500E+02
  21.520          -0.5060700E+02
  21.540          -0.3092100E+02
  21.560          -0.4850000E+00
  21.580           0.5808000E+01
  21.600          -0.6330000E+01
  21.620          -0.1471800E+02
  21.640          -0.1770100E+02
  21.660          -0.6373000E+01
  21.680           0.1196500E+02
  21.700           0.4120300E+02
  21.720           0.3899000E+02
  21.740           0.2141600E+02
  21.760           0.1556800E+02
  21.780           0.5199000E+01
  21.800          -0.2825000E+01
  21.820           0.1529700E+02
  21.840           0.1285000E+02
  21.860           0.1189000E+01
  21.880          -0.2458000E+01
  21.900          -0.1105000E+01
  21.920           0.5683000E+01
  21.940          -0.2190000E+01
  21.960           0.3091000E+01
  21.980           0.7626000E+01
  22.000           0.1079000E+02
  22.020           0.5196000E+01
  22.040           0.2239000E+01
  22.060           0.1285900E+02
  22.080           0.7885000E+01
  22.100          -0.7500000E+00
  22.120           0.2029500E+02
  22.140           0.2146200E+02
  22.160           0.2857000E+02
  22.180           0.3749200E+02
  22.200           0.3828600E+02
  22.220           0.3967200E+02
  22.240           0.2859000E+02
  22.260           0.2376600E+02
  22.280           0.2120900E+02
  22.300           0.1920900E+02
  22.320           0.2167700E+02
  22.340           0.5256000E+01
  22.360          -0.6454000E+01
  22.380          -0.1266500E+02
  22.400          -0.1449600E+02
  22.420          -0.1278300E+02
  22.440          -0.1486400E+02
  22.460          -0.1665300E+02
  22.480          -0.1886600E+02
  22.500          -0.2042900E+02
  22.520          -0.1377400E+02
  22.540           0.3742000E+01
  22.560           0.5034000E+01
  22.580           0.7781000E+01
  22.600           0.6515000E+01
  22.620           0.1022000E+02
  22.640           0.1405000E+02
  22.660           0.2986200E+02
  22.680           0.3773400E+02
  22.700           0.3660100E+02
  22.720           0.2494100E+02
  22.740           0.1286000E+02
  22.760           0.1155300E+02
  22.780           0.4634000E+01
  22.800           0.3146000E+01
  22.820           0.1331000E+01
  22.840          -0.7042000E+01
  22.860           0.3452000E+01
  22.880           0.6738000E+01
  22.900           0.4361000E+01
  22.920           0.2990000E+01
  22.940           0.9304000E+01
  22.960           0.6075000E+01
  22.980          -0.8680000E+00
  23.000          -0.5099000E+01
  23.020          -0.1742300E+02
  23.040          -0.1459000E+02
  23.060           0.1668000E+01
  23.080          -0.4481000E+01
  23.100           0.1925000E+01
  23.120           0.1386200E+02
  23.140           0.2267800E+02
  23.160           0.1841300E+02
  23.180           0.2300000E+02
  23.200           0.1996900E+02
  23.220           0.1725300E+02
  23.240           0.1305600E+02
  23.260           0.1054100E+02
  23.280           0.2038300E+02
  23.300           0.2004300E+02
  23.320           0.1433600E+02
  23.340           0.1047000E+01
  23.360          -0.7649000E+01
  23.380          -0.6692000E+01
  23.400          -0.3616000E+01
  23.420          -0.3914000E+01
  23.440          -0.2600000E+00
  23.460          -0.4693000E+01
  23.480          -0.9472000E+01
  23.500          -0.3303000E+01
  23.520          -0.3397000E+01
  23.540          -0.2965000E+01
  23.560           0.8190000E+00
  23.580          -0.8702000E+01
  23.600          -0.4423000E+01
  23.620           0.2045000E+01
  23.640          -0.8920000E+00
  23.660          -0.5924000E+01
  23.680          -0.1626600E+02
  23.700          -0.1867400E+02
  23.720          -0.2131900E+02
  23.740          -0.2409800E+02
  23.760          -0.1619600E+02
  23.780          -0.7885000E+01
  23.800           0.7369000E+01
  23.820           0.3764000E+01
  23.840           0.6332000E+01
  23.860           0.1013000E+02
  23.880           0.1177200E+02
  23.900           0.1550000E+01
  23.920           0.9080000E+00
  23.940          -0.1483000E+01
  23.960          -0.1006000E+02
  23.980          -0.1028200E+02
  24.000          -0.6694000E+01
  24.020          -0.3676000E+01
  24.040          -0.7243000E+01
  24.060          -0.4185000E+01
  24.080           0.7354000E+01
  24.100           0.5672000E+01
  24.120          -0.1509000E+01
  24.140          -0.8987000E+01
  24.160          -0.6790000E+01
  24.180          -0.5011000E+01
  24.200          -0.3821000E+01
  24.220          -0.1225000E+02
  24.240          -0.5465000E+01
  24.260           0.5328000E+01
  24.280           0.3378000E+01
  24.300          -0.2160000E+00
  24.320          -0.1248000E+02
  24.340          -0.2195000E+02
  24.360          -0.2214800E+02
  24.380          -0.2522000E+02
  24.400          -0.2102200E+02
  24.420          -0.1362500E+02
  24.440          -0.1427200E+02
  24.460          -0.8954000E+01
  24.480          -0.8914000E+01
  24.500          -0.6984000E+01
  24.520          -0.1318400E+02
  24.540          -0.1436800E+02
  24.560          -0.7386000E+01
  24.580          -0.1368700E+02
  24.600          -0.1975300E+02
  24.620          -0.2334900E+02
  24.640          -0.2393900E+02
  24.660          -0.1653400E+02
  24.680          -0.7661000E+01
  24.700          -0.4006000E+01
  24.720          -0.2651000E+01
  24.740          -0.9050000E+00
  24.760           0.3897000E+01
  24.780          -0.9950000E+00
  24.800           0.6994000E+01
  24.820           0.2233000E+01
  24.840           0.6137000E+01
  24.860           0.1168400E+02
  24.880           0.9070000E+01
  24.900          -0.2235000E+01
  24.920           0.3850000E+00
  24.940          -0.3190000E+00
  24.960          -0.1490000E+00
  24.980           0.3899000E+01
  25.000           0.2078000E+01
  25.020          -0.9361000E+01
  25.040          -0.1336600E+02
  25.060          -0.1309200E+02
  25.080          -0.8342000E+01
  25.100          -0.8505000E+01
  25.120          -0.2783000E+01
  25.140          -0.2183000E+01
  25.160          -0.1615000E+01
  25.180          -0.8402000E+01
  25.200           0.1440000E+01
  25.220           0.1287300E+02
  25.240           0.1941200E+02
  25.260           0.1697900E+02
  25.280           0.1085300E+02
  25.300           0.8231000E+01
  25.320           0.6686000E+01
  25.340           0.7148000E+01
  25.360           0.1128000E+01
  25.380          -0.4427000E+01
  25.400          -0.3490000E+01
  25.420          -0.6376000E+01
  25.440           0.2490000E+00
  25.460           0.3415000E+01
  25.480           0.9890000E+01
  25.500           0.1878100E+02
  25.520           0.1558100E+02
  25.540           0.6281000E+01
  25.560          -0.1850000E+00
  25.580          -0.3822000E+01
  25.600           0.1011000E+01
  25.620          -0.2748000E+01
  25.640          -0.6111000E+01
  25.660          -0.5123000E+01
  25.680          -0.1084400E+02
  25.700          -0.1665500E+02
  25.720          -0.1375700E+02
  25.740          -0.5090000E+01
  25.760           0.4329000E+01
  25.780           0.2750000E+01
  25.800           0.7630000E+00
  25.820           0.9810000E+00
  25.840           0.7406000E+01
  25.860           0.6724000E+01
  25.880           0.7459000E+01
  25.900           0.1030100E+02
  25.920           0.1550600E+02
  25.940           0.1739000E+02
  25.960           0.1163900E+02
  25.980           0.7895000E+01
  26.000           0.1155600E+02
  26.020           0.3614000E+01
  26.040           0.5408000E+01
  26.060           0.5165000E+01
  26.080           0.2566000E+01
  26.100          -0.1517000E+01
  26.120           0.3289000E+01
  26.140           0.3611000E+01
  26.160           0.7122000E+01
  26.180           0.8441000E+01
  26.200           0.1401500E+02
  26.220           0.1205200E+02
  26.240           0.8657000E+01
  26.260           0.7541000E+01
  26.280           0.5595000E+01
  26.300          -0.1405000E+01
  26.320          -0.2672000E+01
  26.340          -0.3695000E+01
  26.360          -0.3021000E+01
  26.380          -0.3565000E+01
  26.400          -0.6858000E+01
  26.420          -0.7548000E+01
  26.440          -0.9044000E+01
  26.460          -0.9938000E+01
  26.480          -0.1290000E+00
  26.500           0.2393000E+01
  26.520           0.9400000E-01
  26.540          -0.2674000E+01
  26.560          -0.1371000E+01
  26.580          -0.2756000E+01
  26.600          -0.7982000E+01
  26.620          -0.9760000E+01
  26.640          -0.1211800E+02
  26.660          -0.9879000E+01
  26.680          -0.3359000E+01
  26.700          -0.4075000E+01
  26.720          -0.8597000E+01
  26.740          -0.1426000E+02
  26.760          -0.9928000E+01
  26.780          -0.8129000E+01
  26.800          -0.8801000E+01
  26.820          -0.3276000E+01
  26.840          -0.5748000E+01
  26.860          -0.4280000E+01
  26.880          -0.2191000E+01
  26.900           0.3865000E+01
  26.920           0.2358000E+01
  26.940          -0.3810000E+00
  26.960          -0.5320000E+00
  26.980          -0.3539000E+01
  27.000           0.2294000E+01
  27.020           0.6778000E+01
  27.040           0.9405000E+01
  27.060           0.1049100E+02
  27.080           0.1083500E+02
  27.100           0.1064200E+02
  27.120           0.1413600E+02
  27.140           0.9477000E+01
  27.160           0.7618000E+01
  27.180           0.5896000E+01
  27.200           0.7648000E+01
  27.220           0.1006800E+02
  27.240           0.1041900E+02
  27.260           0.1567400E+02
  27.280           0.1577400E+02
  27.300           0.8243000E+01
  27.320          -0.5070000E+00
  27.340          -0.7792000E+01
  27.360          -0.7393000E+01
  27.380          -0.3759000E+01
  27.400          -0.4312000E+01
  27.420          -0.7613000E+01
  27.440          -0.6973000E+01
  27.460          -0.1305500E+02
  27.480          -0.9605000E+01
  27.500          -0.6047000E+01
  27.520          -0.2406000E+01
  27.540           0.2111000E+01
  27.560           0.3231000E+01
  27.580          -0.2531000E+01
  27.600          -0.2377000E+01
  27.620          -0.6508000E+01
  27.640          -0.2612000E+01
  27.660          -0.8284000E+01
  27.680          -0.7045000E+01
  27.700          -0.6513000E+01
  27.720          -0.2403000E+01
  27.740          -0.6890000E+00
  27.760          -0.3470000E+00
  27.780           0.1260000E+00
  27.800          -0.2663000E+01
  27.820          -0.8985000E+01
  27.840          -0.9198000E+01
  27.860          -0.8576000E+01
  27.880          -0.1074000E+01
  27.900           0.1438000E+01
  27.920           0.6981000E+01
  27.940           0.6242000E+01
  27.960           0.6428000E+01
  27.980           0.7992000E+01
  28.000           0.6215000E+01
  28.020           0.6104000E+01
  28.040           0.1454000E+01
  28.060           0.3630000E+00
  28.080           0.1693000E+01
  28.100          -0.3530000E+00
  28.120          -0.2580000E+01
  28.140          -0.5582000E+01
  28.160          -0.4033000E+01
  28.180          -0.5806000E+01
  28.200          -0.5649000E+01
  28.220          -0.3510000E+01
  28.240           0.1825000E+01
  28.260           0.3052000E+01
  28.280           0.2607000E+01
  28.300           0.2064000E+01
  28.320           0.2344000E+01
  28.340           0.1374000E+01
  28.360           0.1978000E+01
  28.380           0.2492000E+01
  28.400           0.2459000E+01
  28.420           0.9230000E+00
  28.440          -0.2072000E+01
  28.460          -0.1863000E+01
  28.480          -0.1850000E+01
  28.500          -0.3450000E+01
  28.520          -0.3503000E+01
  28.540          -0.1443000E+01
  28.560          -0.5270000E+00
  28.580           0.5650000E+00
  28.600           0.2285000E+01
  28.620           0.1561000E+01
  28.640          -0.1476000E+01
  28.660          -0.2971000E+01
  28.680          -0.2057000E+01
  28.700          -0.2001000E+01
  28.720          -0.1963000E+01
  28.740          -0.1023000E+01
  28.760          -0.1960000E+00
  28.780           0.3480000E+00
  28.800           0.1010000E+01
  28.820           0.9030000E+00
  28.840           0.9340000E+00
  28.860          -0.3600000E-01
  28.880          -0.3230000E+00
  28.900           0.8420000E+00
  28.920           0.1580000E+01
  28.940           0.1041000E+01
  28.960           0.1302000E+01
  28.980           0.9270000E+00
  29.000           0.8510000E+00
  29.020           0.2680000E+00
  29.040           0.5340000E+00
  29.060          -0.1620000E+00
  29.080          -0.1740000E+00
  29.100          -0.2880000E+00
  29.120          -0.6560000E+00
  29.140          -0.1832000E+01
  29.160          -0.1873000E+01
  29.180          -0.2472000E+01
  29.200          -0.1908000E+01
  29.220          -0.1700000E+01
  29.240          -0.5740000E+00
  29.260          -0.2670000E+00
  29.280           0.6640000E+00
  29.300           0.2880000E+00
  29.320           0.4360000E+00
  29.340          -0.1520000E+00
  29.360          -0.2230000E+00
  29.380          -0.2950000E+00
  29.400           0.2000000E-01
  29.420           0.1000000E+00
  29.440           0.4450000E+00
  29.460           0.4320000E+00
  29.480           0.5030000E+00
  29.500           0.2110000E+00
  29.520           0.2730000E+00
  29.540           0.9100000E-01
  29.560           0.7200000E-01
  29.580          -0.8000000E-02
  29.600           0.5100000E-01
  29.620           0.4100000E-01
  29.640           0.3300000E-01
  29.660           0.0000000E+00
  29.680           0.0000000E+00
  29.700           0.0000000E+00
  29.720           0.0000000E+00
  29.740           0.0000000E+00
  29.760           0.0000000E+00
  29.780           0.0000000E+00
  29.800           0.0000000E+00
  29.820           0.0000000E+00
  29.840           0.0000000E+00
  29.860           0.0000000E+00
  29.880           0.0000000E+00
  29.900           0.0000000E+00
  29.920           0.0000000E+00
  29.940           0.0000000E+00
  29.960           0.0000000E+00
  29.980           0.0000000E+00
  30.000           0.0000000E+00
  30.020           0.0000000E+00
  30.040           0.0000000E+00
  30.060           0.0000000E+00
  30.080           0.0000000E+00
  30.100           0.0000000E+00
  30.120           0.0000000E+00
  30.140           0.0000000E+00
  30.160           0.0000000E+00
  30.180           0.0000000E+00
  30.200           0.0000000E+00
  30.220           0.0000000E+00
  30.240           0.0000000E+00
  30.260           0.0000000E+00
  30.280           0.0000000E+00
  30.300           0.0000000E+00
  30.320           0.0000000E+00
  30.340           0.0000000E+00
  30.360           0.0000000E+00
  30.380           0.0000000E+00
  30.400           0.0000000E+00
  30.420           0.0000000E+00
  30.440           0.0000000E+00
  30.460           0.0000000E+00
  30.480           0.0000000E+00
  30.500           0.0000000E+00
  30.520           0.0000000E+00
  30.540           0.0000000E+00
  30.560           0.0000000E+00
  30.580           0.0000000E+00
  30.600           0.0000000E+00
  30.620           0.0000000E+00
  30.640           0.0000000E+00
  30.660           0.0000000E+00
  30.680           0.0000000E+00
  30.700           0.0000000E+00
  30.720           0.0000000E+00
  30.740           0.0000000E+00
  30.760           0.0000000E+00
  30.780           0.0000000E+00
  30.800           0.0000000E+00
  30.820           0.0000000E+00
  30.840           0.0000000E+00
  30.860           0.0000000E+00
  30.880           0.0000000E+00
  30.900           0.0000000E+00
  30.920           0.0000000E+00
  30.940           0.0000000E+00
  30.960           0.0000000E+00
  30.980           0.0000000E+00
  31.000           0.0000000E+00
  31.020           0.0000000E+00
  31.040           0.0000000E+00
  31.060           0.0000000E+00
  31.080           0.0000000E+00
  31.100           0.0000000E+00
  31.120           0.0000000E+00
  31.140           0.0000000E+00
  31.160           0.0000000E+00
  31.180           0.0000000E+00
  31.200           0.0000000E+00
  31.220           0.0000000E+00
  31.240           0.0000000E+00
  31.260           0.0000000E+00
  31.280           0.0000000E+00
  31.300           0.0000000E+00
  31.320           0.0000000E+00
  31.340           0.0000000E+00
  31.360           0.0000000E+00
  31.380           0.0000000E+00
  31.400           0.0000000E+00
  31.420           0.0000000E+00
  31.440           0.0000000E+00
  31.460           0.0000000E+00
  31.480           0.0000000E+00
  31.500           0.0000000E+00
  31.520           0.0000000E+00
  31.540           0.0000000E+00
  31.560           0.0000000E+00
  31.580           0.0000000E+00
  31.600           0.0000000E+00
  31.620           0.0000000E+00
  31.640           0.0000000E+00
  31.660           0.0000000E+00
  31.680           0.0000000E+00
  31.700           0.0000000E+00
  31.720           0.0000000E+00
  31.740           0.0000000E+00
  31.760           0.0000000E+00
  31.780           0.0000000E+00
  31.800           0.0000000E+00
  31.820           0.0000000E+00
  31.840           0.0000000E+00
  31.860           0.0000000E+00
  31.880           0.0000000E+00
  31.900           0.0000000E+00
  31.920           0.0000000E+00
  31.940           0.0000000E+00
  31.960           0.0000000E+00
  31.980           0.0000000E+00
  32.000           0.0000000E+00
  32.020           0.0000000E+00
  32.040           0.0000000E+00
  32.060           0.0000000E+00
  32.080           0.0000000E+00
  32.100           0.0000000E+00
  32.120           0.0000000E+00
  32.140           0.0000000E+00
  32.160           0.0000000E+00
  32.180           0.0000000E+00
  32.200           0.0000000E+00
  32.220           0.0000000E+00
  32.240           0.0000000E+00
  32.260           0.0000000E+00
  32.280           0.0000000E+00
  32.300           0.0000000E+00
  32.320           0.0000000E+00
  32.340           0.0000000E+00
  32.360           0.0000000E+00
  32.380           0.0000000E+00
  32.400           0.0000000E+00
  32.420           0.0000000E+00
  32.440           0.0000000E+00
  32.460           0.0000000E+00
  32.480           0.0000000E+00
  32.500           0.0000000E+00
  32.520           0.0000000E+00
  32.540           0.0000000E+00
  32.560           0.0000000E+00
  32.580           0.0000000E+00
  32.600           0.0000000E+00
  32.620           0.0000000E+00
  32.640           0.0000000E+00
  32.660           0.0000000E+00
  32.680           0.0000000E+00
  32.700           0.0000000E+00
  32.720           0.0000000E+00
  32.740           0.0000000E+00
  32.760           0.0000000E+00
  32.780           0.0000000E+00
  32.800           0.0000000E+00
  32.820           0.0000000E+00
  32.840           0.0000000E+00
  32.860           0.0000000E+00
  32.880           0.0000000E+00
  32.900           0.0000000E+00
  32.920           0.0000000E+00
  32.940           0.0000000E+00
  32.960           0.0000000E+00
  32.980           0.0000000E+00
  33.000           0.0000000E+00
  33.020           0.0000000E+00
  33.040           0.0000000E+00
  33.060           0.0000000E+00
  33.080           0.0000000E+00
  33.100           0.0000000E+00
  33.120           0.0000000E+00
  33.140           0.0000000E+00
  33.160           0.0000000E+00
  33.180           0.0000000E+00
  33.200           0.0000000E+00
  33.220           0.0000000E+00
  33.240           0.0000000E+00
  33.260           0.0000000E+00
  33.280           0.0000000E+00
  33.300           0.0000000E+00
  33.320           0.0000000E+00
  33.340           0.0000000E+00
  33.360           0.0000000E+00
  33.380           0.0000000E+00
  33.400           0.0000000E+00
  33.420           0.0000000E+00
  33.440           0.0000000E+00
  33.460           0.0000000E+00
  33.480           0.0000000E+00
  33.500           0.0000000E+00
  33.520           0.0000000E+00
  33.540           0.0000000E+00
  33.560           0.0000000E+00
  33.580           0.0000000E+00
  33.600           0.0000000E+00
  33.620           0.0000000E+00
  33.640           0.0000000E+00
  33.660           0.0000000E+00
  33.680           0.0000000E+00
  33.700           0.0000000E+00
  33.720           0.0000000E+00
  33.740           0.0000000E+00
  33.760           0.0000000E+00
  33.780           0.0000000E+00
  33.800           0.0000000E+00
  33.820           0.0000000E+00
  33.840           0.0000000E+00
  33.860           0.0000000E+00
  33.880           0.0000000E+00
  33.900           0.0000000E+00
  33.920           0.0000000E+00
  33.940           0.0000000E+00
  33.960           0.0000000E+00
  33.980           0.0000000E+00
  34.000           0.0000000E+00
  34.020           0.0000000E+00
  34.040           0.0000000E+00
  34.060           0.0000000E+00
  34.080           0.0000000E+00
  34.100           0.0000000E+00
  34.120           0.0000000E+00
  34.140           0.0000000E+00
  34.160           0.0000000E+00
  34.180           0.0000000E+00
  34.200           0.0000000E+00
  34.220           0.0000000E+00
  34.240           0.0000000E+00
  34.260           0.0000000E+00
  34.280           0.0000000E+00
  34.300           0.0000000E+00
  34.320           0.0000000E+00
  34.340           0.0000000E+00
  34.360           0.0000000E+00
  34.380           0.0000000E+00
  34.400           0.0000000E+00
  34.420           0.0000000E+00
  34.440           0.0000000E+00
  34.460           0.0000000E+00
  34.480           0.0000000E+00
  34.500           0.0000000E+00
  34.520           0.0000000E+00
  34.540           0.0000000E+00
  34.560           0.0000000E+00
  34.580           0.0000000E+00
  34.600           0.0000000E+00
  34.620           0.0000000E+00
  34.640           0.0000000E+00
  34.660           0.0000000E+00
  34.680           0.0000000E+00
  34.700           0.0000000E+00
  34.720           0.0000000E+00
  34.740           0.0000000E+00
  34.760           0.0000000E+00
  34.780           0.0000000E+00
  34.800           0.0000000E+00
  34.820           0.0000000E+00
  34.840           0.0000000E+00
  34.860           0.0000000E+00
  34.880           0.0000000E+00
  34.900           0.0000000E+00
  34.920           0.0000000E+00
  34.940           0.0000000E+00
  34.960           0.0000000E+00
  34.980           0.0000000E+00
  35.000           0.0000000E+00
  35.020           0.0000000E+00
  35.040           0.0000000E+00
  35.060           0.0000000E+00
  35.080           0.0000000E+00
  35.100           0.0000000E+00
  35.120           0.0000000E+00
  35.140           0.0000000E+00
  35.160           0.0000000E+00
  35.180           0.0000000E+00
  35.200           0.0000000E+00
  35.220           0.0000000E+00
  35.240           0.0000000E+00
  35.260           0.0000000E+00
  35.280           0.0000000E+00
  35.300           0.0000000E+00
  35.320           0.0000000E+00
  35.340           0.0000000E+00
  35.360           0.0000000E+00
  35.380           0.0000000E+00
  35.400           0.0000000E+00
  35.420           0.0000000E+00
  35.440           0.0000000E+00
  35.460           0.0000000E+00
  35.480           0.0000000E+00
  35.500           0.0000000E+00
  35.520           0.0000000E+00
  35.540           0.0000000E+00
  35.560           0.0000000E+00
  35.580           0.0000000E+00
  35.600           0.0000000E+00
  35.620           0.0000000E+00
  35.640           0.0000000E+00
  35.660           0.0000000E+00
  35.680           0.0000000E+00
  35.700           0.0000000E+00
  35.720           0.0000000E+00
  35.740           0.0000000E+00
  35.760           0.0000000E+00
  35.780           0.0000000E+00
  35.800           0.0000000E+00
  35.820           0.0000000E+00
  35.840           0.0000000E+00
  35.860           0.0000000E+00
  35.880           0.0000000E+00
  35.900           0.0000000E+00
  35.920           0.0000000E+00
  35.940           0.0000000E+00
  35.960           0.0000000E+00
  35.980           0.0000000E+00
  36.000           0.0000000E+00
  36.020           0.0000000E+00
  36.040           0.0000000E+00
  36.060           0.0000000E+00
  36.080           0.0000000E+00
  36.100           0.0000000E+00
  36.120           0.0000000E+00
  36.140           0.0000000E+00
  36.160           0.0000000E+00
  36.180           0.0000000E+00
  36.200           0.0000000E+00
  36.220           0.0000000E+00
  36.240           0.0000000E+00
  36.260           0.0000000E+00
  36.280           0.0000000E+00
  36.300           0.0000000E+00
  36.320           0.0000000E+00
  36.340           0.0000000E+00
  36.360           0.0000000E+00
  36.380           0.0000000E+00
  36.400           0.0000000E+00
  36.420           0.0000000E+00
  36.440           0.0000000E+00
  36.460           0.0000000E+00
  36.480           0.0000000E+00
  36.500           0.0000000E+00
  36.520           0.0000000E+00
  36.540           0.0000000E+00
  36.560           0.0000000E+00
  36.580           0.0000000E+00
  36.600           0.0000000E+00
  36.620           0.0000000E+00
  36.640           0.0000000E+00
  36.660           0.0000000E+00
  36.680           0.0000000E+00
  36.700           0.0000000E+00
  36.720           0.0000000E+00
  36.740           0.0000000E+00
  36.760           0.0000000E+00
  36.780           0.0000000E+00
  36.800           0.0000000E+00
  36.820           0.0000000E+00
  36.840           0.0000000E+00
  36.860           0.0000000E+00
  36.880           0.0000000E+00
  36.900           0.0000000E+00
  36.920           0.0000000E+00
  36.940           0.0000000E+00
  36.960           0.0000000E+00
  36.980           0.0000000E+00
  37.000           0.0000000E+00
  37.020           0.0000000E+00
  37.040           0.0000000E+00
  37.060           0.0000000E+00
  37.080           0.0000000E+00
  37.100           0.0000000E+00
  37.120           0.0000000E+00
  37.140           0.0000000E+00
  37.160           0.0000000E+00
  37.180           0.0000000E+00
  37.200           0.0000000E+00
  37.220           0.0000000E+00
  37.240           0.0000000E+00
  37.260           0.0000000E+00
  37.280           0.0000000E+00
  37.300           0.0000000E+00
  37.320           0.0000000E+00
  37.340           0.0000000E+00
  37.360           0.0000000E+00
  37.380           0.0000000E+00
  37.400           0.0000000E+00
  37.420           0.0000000E+00
  37.440           0.0000000E+00
  37.460           0.0000000E+00
  37.480           0.0000000E+00
  37.500           0.0000000E+00
  37.520           0.0000000E+00
  37.540           0.0000000E+00
  37.560           0.0000000E+00
  37.580           0.0000000E+00
  37.600           0.0000000E+00
  37.620           0.0000000E+00
  37.640           0.0000000E+00
  37.660           0.0000000E+00
  37.680           0.0000000E+00
  37.700           0.0000000E+00
  37.720           0.0000000E+00
  37.740           0.0000000E+00
  37.760           0.0000000E+00
  37.780           0.0000000E+00
  37.800           0.0000000E+00
  37.820           0.0000000E+00
  37.840           0.0000000E+00
  37.860           0.0000000E+00
  37.880           0.0000000E+00
  37.900           0.0000000E+00
  37.920           0.0000000E+00
  37.940           0.0000000E+00
  37.960           0.0000000E+00
  37.980           0.0000000E+00
  38.000           0.0000000E+00
  38.020           0.0000000E+00
  38.040           0.0000000E+00
  38.060           0.0000000E+00
  38.080           0.0000000E+00
  38.100           0.0000000E+00
  38.120           0.0000000E+00
  38.140           0.0000000E+00
  38.160           0.0000000E+00
  38.180           0.0000000E+00
  38.200           0.0000000E+00
  38.220           0.0000000E+00
  38.240           0.0000000E+00
  38.260           0.0000000E+00
  38.280           0.0000000E+00
  38.300           0.0000000E+00
  38.320           0.0000000E+00
  38.340           0.0000000E+00
  38.360           0.0000000E+00
  38.380           0.0000000E+00
  38.400           0.0000000E+00
  38.420           0.0000000E+00
  38.440           0.0000000E+00
  38.460           0.0000000E+00
  38.480           0.0000000E+00
  38.500           0.0000000E+00
  38.520           0.0000000E+00
  38.540           0.0000000E+00
  38.560           0.0000000E+00
  38.580           0.0000000E+00
  38.600           0.0000000E+00
  38.620           0.0000000E+00
  38.640           0.0000000E+00
  38.660           0.0000000E+00
  38.680           0.0000000E+00
  38.700           0.0000000E+00
  38.720           0.0000000E+00
  38.740           0.0000000E+00
  38.760           0.0000000E+00
  38.780           0.0000000E+00
  38.800           0.0000000E+00
  38.820           0.0000000E+00
  38.840           0.0000000E+00
  38.860           0.0000000E+00
  38.880           0.0000000E+00
  38.900           0.0000000E+00
  38.920           0.0000000E+00
  38.940           0.0000000E+00
  38.960           0.0000000E+00
  38.980           0.0000000E+00
  39.000           0.0000000E+00
  39.020           0.0000000E+00
  39.040           0.0000000E+00
  39.060           0.0000000E+00
  39.080           0.0000000E+00
  39.100           0.0000000E+00
  39.120           0.0000000E+00
  39.140           0.0000000E+00
  39.160           0.0000000E+00
  39.180           0.0000000E+00
  39.200           0.0000000E+00
  39.220           0.0000000E+00
  39.240           0.0000000E+00
  39.260           0.0000000E+00
  39.280           0.0000000E+00
  39.300           0.0000000E+00
  39.320           0.0000000E+00
  39.340           0.0000000E+00
  39.360           0.0000000E+00
  39.380           0.0000000E+00
  39.400           0.0000000E+00
  39.420           0.0000000E+00
  39.440           0.0000000E+00
  39.460           0.0000000E+00
  39.480           0.0000000E+00
  39.500           0.0000000E+00
  39.520           0.0000000E+00
  39.540           0.0000000E+00
  39.560           0.0000000E+00
  39.580           0.0000000E+00
  39.600           0.0000000E+00
  39.620           0.0000000E+00
  39.640           0.0000000E+00
  39.660           0.0000000E+00
  39.680           0.0000000E+00
  39.700           0.0000000E+00
  39.720           0.0000000E+00
  39.740           0.0000000E+00
  39.760           0.0000000E+00
  39.780           0.0000000E+00
  39.800           0.0000000E+00
  39.820           0.0000000E+00
  39.840           0.0000000E+00
  39.860           0.0000000E+00
  39.880           0.0000000E+00
  39.900           0.0000000E+00
  39.920           0.0000000E+00
  39.940           0.0000000E+00
  39.960           0.0000000E+00
  39.980           0.0000000E+00
  40.000           0.0000000E+00
  40.020           0.0000000E+00
  40.040           0.0000000E+00
  40.060           0.0000000E+00
  40.080           0.0000000E+00
  40.100           0.0000000E+00
  40.120           0.0000000E+00
  40.140           0.0000000E+00
  40.160           0.0000000E+00
  40.180           0.0000000E+00
  40.200           0.0000000E+00
  40.220           0.0000000E+00
  40.240           0.0000000E+00
  40.260           0.0000000E+00
  40.280           0.0000000E+00
  40.300           0.0000000E+00
  40.320           0.0000000E+00
  40.340           0.0000000E+00
  40.360           0.0000000E+00
  40.380           0.0000000E+00
  40.400           0.0000000E+00
  40.420           0.0000000E+00
  40.440           0.0000000E+00
  40.460           0.0000000E+00
  40.480           0.0000000E+00
  40.500           0.0000000E+00
  40.520           0.0000000E+00
  40.540           0.0000000E+00
  40.560           0.0000000E+00
  40.580           0.0000000E+00
  40.600           0.0000000E+00
  40.620           0.0000000E+00
  40.640           0.0000000E+00
  40.660           0.0000000E+00
  40.680           0.0000000E+00
  40.700           0.0000000E+00
  40.720           0.0000000E+00
  40.740           0.0000000E+00
  40.760           0.0000000E+00
  40.780           0.0000000E+00
  40.800           0.0000000E+00
  40.820           0.0000000E+00
  40.840           0.0000000E+00
  40.860           0.0000000E+00
  40.880           0.0000000E+00
  40.900           0.0000000E+00
  40.920           0.0000000E+00
  40.940           0.0000000E+00
  40.960           0.0000000E+00
