        2048     0.02000
      -0.002      -0.002      -0.002      -0.001      -0.002      -0.002       0.001      -0.002      -0.002       0.005
      -0.001      -0.001      -0.010      -0.002      -0.002      -0.011      -0.003      -0.003      -0.013      -0.007
      -0.010      -0.011      -0.007      -0.019      -0.009      -0.004      -0.049      -0.007       0.005       0.022
       0.002       0.005       0.027       0.002       0.006       0.032       0.003       0.009       0.057       0.005
       0.011       0.112       0.010       0.014       0.138       0.036       0.026       0.178       0.013      -0.024
      -0.204      -0.036      -0.039      -0.229      -0.087      -0.004       0.188      -0.039      -0.102      -0.162
      -0.124      -0.190      -0.313      -0.110      -0.031       0.211       0.151       0.120       0.249       0.341
       0.134       0.295       0.419       0.138       0.119       0.455       0.391       0.143       0.058      -0.219
      -0.466      -0.150      -0.182      -0.560      -0.262      -0.181      -0.419      -0.237      -0.235      -0.478
      -0.320      -0.384      -0.688      -0.424      -0.236      -0.733      -0.219       0.081       0.777       0.681
       0.377       0.353       0.814       0.443       0.234       0.606       0.490       0.315       0.625       0.962
       0.443       0.381       1.016       0.586       0.042      -0.225      -0.061      -0.707      -0.239      -0.354
      -0.222      -0.547      -0.636      -0.494      -0.735      -1.269      -0.997      -0.547      -0.121       0.496
       0.539       0.147      -0.796      -1.399      -1.181      -0.107       0.088       0.599       1.543       1.198
       1.083       1.449       0.422      -0.200       0.390       0.663       1.727       1.537       0.883       1.269
       1.823       1.588       1.126       0.644       0.520      -0.125      -0.823      -2.000      -1.254      -1.604
      -1.294       0.120      -0.436      -1.539      -1.262      -1.733      -2.236      -1.760      -1.151       0.197
       0.497       1.893       2.104       1.881       2.453       1.504       0.257       0.910       0.907       0.825
       0.750       0.521       0.807       1.638       2.744       1.395       0.110      -0.088      -0.176       0.150
       1.463       0.705      -0.003      -1.193      -3.032      -2.291      -1.825      -1.629      -2.256      -2.718
      -2.994      -3.277      -2.832      -0.829       0.693       1.915       0.821      -0.274      -0.352      -1.747
      -2.571      -0.650      -0.442      -0.075      -0.120       2.684       3.376       2.736       1.124      -0.488
      -3.388      -3.949      -3.796      -3.630      -2.266      -0.105       0.462      -0.473       1.343       2.372
      -0.379      -0.231       1.169      -0.309       0.312       1.378       0.652       0.766       0.492       1.108
       1.351       0.078      -1.893      -2.229      -3.053      -0.473       1.789       1.882       1.414       3.041
       3.718       5.040       5.148       2.593      -1.469      -2.576      -3.860      -5.357      -4.693      -4.463
      -4.944      -2.174       0.069       2.139       3.319       2.347      -0.454      -1.546      -0.457       3.483
       1.030       1.587       1.591      -0.782      -4.591      -6.134      -4.381      -3.445      -0.756       2.455
       4.314       6.401       5.788       4.290       4.956       3.287       2.047      -0.036       2.929       5.896
       1.484       0.478      -0.802      -2.762      -1.754      -2.908      -5.797      -3.206       1.160       2.691
       6.256       4.777       0.814      -5.118      -4.629      -0.434      -1.186      -3.409      -3.522       0.083
       0.891      -3.958      -4.820      -2.188       2.083       4.862       4.785       3.019       4.494       3.255
       3.648       3.762       1.445       0.800       0.853       2.128       2.600       5.046       0.614      -2.128
      -2.209      -4.376      -5.075      -3.316      -3.240      -3.412      -1.183      -3.768      -4.237      -4.969
      -6.648      -8.063      -4.896      -0.856       4.054       8.710       9.706       7.659       1.699      -3.814
      -7.846      -6.865      -0.784       1.168       4.729      10.217       9.049       3.921       0.198      -5.265
      -6.537      -4.946      -3.016       0.693       3.678       8.267       6.554       3.825       0.251      -1.379
       1.227       1.786       0.332      -0.828      -4.283      -9.496     -11.465      -8.415      -3.010       2.714
       6.857       6.502       4.242       1.358       1.990      -0.131       2.569       7.266       3.396      -2.794
      -4.152      -7.021      -9.263      -7.536      -6.552      -6.526      -6.281      -1.332       2.645       6.761
      10.072      12.426       6.794       9.342       3.170      -5.809      -8.101     -10.858      -7.371      -2.438
       0.760       2.985      -0.019      -4.653      -4.526      -2.671       1.581       3.415       1.877      -0.149
      -3.723      -3.442      -1.357       8.327      12.626       8.487       4.304       3.404       1.811       0.719
      -2.459     -10.084      -8.630      -2.738      -4.378      -0.564       4.470       4.123       2.866       4.608
       1.698      -2.680     -10.046      -5.498      -3.114       0.190       3.908       1.397       1.959       4.071
       8.957       4.243       1.411       2.573      -4.242      -3.423       6.763       9.295       6.964       8.399
       2.628      -0.470      -5.129      -0.278       6.732       8.490       4.759      -1.674      -5.807     -10.057
     -10.110     -11.620     -11.350     -12.283      -6.199       3.875      -1.407      -0.604       0.094       4.413
      11.916       5.445       3.638       1.088       0.908       6.768       1.163      -1.078      -6.917      -9.436
      -5.654      -4.817       2.190       6.391       7.961       6.840      -2.386      -5.057      -1.704      -7.908
      -7.440       0.483      14.214      16.925      10.300      -1.285     -17.796     -16.114      -2.219       0.640
      -6.742       0.683       6.889      -0.495      -7.209     -18.668     -21.591      -4.445      14.778      21.839
      13.972       9.723       8.873      -2.459      -7.521      -2.998      -8.104     -11.596      -5.053       3.935
       2.517      -5.208     -11.125      -6.713       5.363       9.433       1.469      -9.068      -3.675       8.630
      12.955      12.964       8.172       4.931      -1.993      -2.528       4.405       4.885       1.553      -3.353
      -3.907     -17.971     -22.427     -23.816     -19.729      -1.697      10.623      15.204       7.167       3.589
       6.184       3.579       9.876      16.379       2.751       7.335      12.596       4.811       2.936      -2.370
     -15.138     -12.845      -4.769      -5.894       3.487       7.698       1.074      -2.982      -1.483      -5.424
       1.588      -2.362      -4.582      -7.507     -18.526     -21.017     -16.383      -3.201      -0.694       4.611
       5.000      10.968      13.569       9.043       5.627      -5.121      -8.153      -2.093      10.998      11.119
       6.790       7.066       5.729      16.982      17.138      -2.776     -12.311      -5.419      -2.936      -6.505
      -8.229      -4.919       4.954       4.455       5.720      17.940      24.611      22.012      12.237      -2.214
      -4.645      11.492       3.639     -12.713     -22.308     -30.913     -29.355     -10.977       1.022       8.567
       3.014       0.259       2.456      -1.380      -3.015     -13.498      -9.824       6.982      10.018      11.548
       3.043      -5.055     -18.976     -17.886      -2.474      -1.975      -2.283       8.390      28.493      32.888
      24.605       6.410     -22.645     -23.960     -16.559     -18.040      -6.542      10.223      17.726      16.881
      11.936       7.663       1.046      -8.603      -6.178       0.858      -8.069      -7.172       0.517      13.968
      33.139      30.526      11.939      -1.822      -5.262     -11.143     -19.300      -7.830       2.992       3.869
      -9.942     -22.250     -22.484     -16.759      -0.569      20.918      29.792      21.484       9.503     -12.053
     -17.648     -23.227     -11.080       8.303       3.161       5.229       0.232      -2.920       7.416       2.557
      13.098      16.043      16.593      15.104      -5.725     -22.636     -16.599      -0.871       6.632      13.557
       9.299       8.300       2.309       1.455      -1.540      -0.652       4.404     -10.069     -15.202     -13.800
     -26.815     -27.532     -14.726      -0.842       7.924      -3.427      -6.980      -0.375       7.226      18.156
      12.072      10.353      20.656      13.214       4.270       1.311       2.302       5.839       6.036      -0.720
       2.147      -8.779     -24.934     -33.618     -19.160      -8.971       5.606      12.856      -2.850       0.181
       3.673     -11.961     -10.321      -9.320      -2.250       9.048      10.706      16.134      12.793       2.037
      -3.612       2.943      10.504      -1.375      -7.353     -12.319     -16.626      -3.303      -5.339       3.126
      16.936      17.986       4.085       6.547      17.495      -0.684     -13.368     -15.984       3.909      22.924
      11.697      -2.055     -17.767     -12.343       3.740      -2.372      -5.850     -13.118     -22.447     -19.149
      -2.330       9.441      12.739       8.806       0.404      -0.267       7.081       8.327       7.152      -4.205
     -17.361     -28.146     -35.002     -22.390       0.376      19.999      26.905      25.121      28.750      27.593
       5.411     -13.861     -11.849      -4.085      10.660      11.569       6.418      -4.694     -19.595      -9.125
       1.176       3.781       5.887      -7.935      -6.300      -0.603      -6.085      -7.490       2.633       4.503
      15.738       7.661     -12.416     -14.248     -11.823     -10.048      -3.744      -9.626     -11.626       7.417
      22.013      33.517      21.508       8.885      11.904       5.411      -9.142     -21.155     -23.578     -16.293
       4.306      17.066       0.888       7.680      20.596       7.917       1.758      -3.810      -6.112       3.155
      11.499       0.572     -14.480     -20.722     -26.352     -24.179     -14.291       1.789      11.889      11.209
      15.496      16.866      -0.454      -8.670       0.314      11.328       2.681      -1.641     -13.956     -22.414
      -9.527       1.018       1.286       6.501      10.590      11.298       6.018       0.066       1.651      -3.950
     -10.410      -5.606      -4.261       2.621       0.938     -10.959     -22.213     -14.196       0.954      -0.398
       5.700      16.839      10.844       5.964       1.325      -2.174       5.588      14.321       8.882       4.433
      -0.061      -1.553      -5.371     -27.376     -31.517     -11.801       6.285      27.634      31.852       6.457
      -2.122     -12.485      -8.598       2.658       2.591      10.412      19.767       4.544       0.308      -3.174
      -5.763       6.954      -1.572      -9.081      -9.086     -13.046      -7.871      -8.170      -0.347       3.970
       9.143      21.618      22.977       3.929      -2.046      -7.685     -14.809     -18.174     -14.414      -2.106
       1.590      10.228       8.514      -3.510      -8.690      -3.031      14.656      17.339      11.089      -1.170
      -1.948      17.655      17.377      15.446       6.836      -7.433     -16.086     -27.516     -25.587     -21.623
      -6.122       6.187      12.607       3.232      -3.751      -9.589       1.273      12.096       3.309     -10.122
      -3.616       3.265      -3.493      -6.262     -11.465      -8.181       7.614      19.539      28.744      23.238
      -8.691     -19.581     -15.958      -8.610      16.158      20.666      12.746       2.777     -12.177      -4.775
       8.139      16.544       2.302      -2.214     -12.583     -16.139      -0.618       1.627       7.897      19.592
      14.576      -1.634      -3.990       3.216       1.799       4.894       0.475      -8.644      -8.640      -5.537
      -8.071     -21.211     -23.085     -20.083      -9.350       5.788      15.662      14.420       5.629       3.958
       9.367       8.405      13.866      22.422      12.415       4.784       3.008     -11.891     -20.401      -9.674
      -7.348      -8.781      -2.889       2.202      -1.982      -5.697      -4.372      -5.865     -16.765      -6.614
       4.940      12.960      14.201      -4.440     -10.304      -8.968      -6.574       5.619       8.970      -2.265
       3.808      25.713      26.762      11.126      -5.831     -16.933      -9.398       0.522      -0.360      -6.661
     -11.474     -20.358     -19.575      -7.607      10.384      24.475      33.229      31.130      12.217      -5.289
     -16.818     -27.938     -29.330     -30.577     -15.780       3.448      13.139       9.248      13.620      21.147
       9.095     -10.952     -11.953      -7.708       1.470      11.989       1.942      -3.346      -3.213      -2.533
       7.655       9.068     -11.489     -14.484       4.862      14.409       1.414       3.357      -0.105       1.386
      12.450      11.394      -0.222      -4.741     -12.846     -14.967      -5.367      -0.639       0.040       4.366
      11.243      11.532       5.004      -2.225      -6.272     -16.498      -9.940      -0.033       5.685      10.674
      15.981      22.296      19.854       5.831      -2.147      -8.438      -9.490      -5.453      -8.069      -3.199
      10.750       6.707      -8.042      -7.788       2.400       9.077      11.921       3.734      -1.188      -5.481
     -15.358     -13.542       3.091       2.233      -8.980     -10.926      -6.188       1.301      -5.678     -12.714
     -11.650     -14.708      -2.603       7.880      12.898      17.860       8.316      -3.347     -10.721      -2.808
       0.988      -5.085      -3.787       5.113       6.197       3.268       7.395      -1.393     -14.486     -13.921
      -5.223      -3.910       0.364      -2.310      -7.377       2.187       8.679       5.697       8.137       1.858
      -2.252       1.305       5.284       9.589       2.050      -3.895       5.519       7.805       2.506      -0.423
      -0.024       4.849      18.420      10.978      -0.231      -8.259     -11.421      -6.109       4.494      15.930
      10.248      -7.819     -13.944     -11.332     -10.624      -7.472      -2.449      -1.723      -2.809       5.859
       8.643      -0.424      -2.211      -1.300      -0.274       3.346      -6.334     -15.119     -11.755      -4.051
      -3.436       2.758      11.540       7.775       2.945      -1.536      -3.392       3.300      -0.622      -0.151
       8.890       5.454      -2.960      -7.002      -1.994       2.908       1.433       5.227       9.023      10.460
       3.360      -3.286      -6.619      -5.087      -5.258      -7.927      -7.308      -7.338      -0.783       7.230
       8.979       8.467       6.205      -2.191      -3.083      -4.225       1.678      11.155       7.046       2.701
       3.756       2.977       1.474       8.374       8.426       3.385      -2.304      -7.643      -9.202      -2.474
       4.904       0.656      -1.871       4.426       8.902      10.647       7.417      -0.037      -6.036      -7.803
      -3.369       2.391      -0.775      -5.210     -10.939     -14.318     -13.034      -2.011       2.760       1.488
       4.219       6.431       5.400       2.167       0.183       0.133      -2.415      -2.698       2.901       2.280
       5.161       3.324      -3.408      -4.320      -3.538      -2.841      -1.876       3.929       3.794      -0.948
      -1.267      -3.101      -5.479      -7.979      -4.536       0.631       4.843       3.572      -1.434      -5.106
      -6.507      -5.720       0.815       7.129       8.850       6.701       1.146      -0.976      -1.296      -3.049
      -5.698       2.258       8.054      10.190       9.123       1.967       3.752       3.412      -4.414      -3.220
       0.562       3.404       3.412       0.388      -2.338      -7.845      -8.061      -4.208      -6.664      -2.355
      -2.610      -6.072      -0.570       3.483       7.064       6.323       5.007       0.185      -4.227      -2.567
       0.566      -2.977      -3.554      -1.189       0.472      -0.661       1.574       4.525       1.081       2.070
       4.725       1.187       3.501       4.163      -0.215       0.066      -0.286       2.864       5.851       3.001
       0.538      -2.142      -2.707      -5.799      -5.280      -5.733      -3.852      -1.508      -5.109      -1.217
       0.159      -4.337      -1.918       1.237       1.912       1.005      -4.274      -0.313       1.646       2.493
       5.253       3.492       1.217      -0.183      -4.831      -4.095      -3.201      -1.538      -1.742       0.603
       3.666       3.901      -1.150      -4.720      -2.997      -2.109      -0.930       0.649       2.198       0.594
      -2.938      -6.759      -9.545      -6.231       0.907       0.656       4.497       6.276       3.706      -1.431
      -3.743      -5.008      -2.861       3.985       7.963       8.220       4.686       3.415      -0.215      -1.379
       2.107       2.093       2.779       6.149       4.783       1.137      -0.630      -1.587      -2.089       1.261
       1.770      -0.542      -3.768      -0.754      -0.382      -2.159      -1.059       0.264      -2.697      -0.948
       3.790       4.445       1.201      -1.048      -2.428      -2.286       1.232       3.584       2.430       1.955
       1.852       2.477       3.818       3.309      -0.334       2.681       4.252       4.897       3.068       1.192
       1.771      -1.720      -5.364      -3.979      -5.593      -3.064      -1.778      -0.988       0.959       0.959
      -0.513      -2.819      -4.971      -4.220      -2.282       0.219       2.767       3.738      -0.492      -0.328
      -0.536      -0.615       1.120      -0.164      -3.311      -2.511       2.094       5.171       4.224       2.868
       3.872       3.245       2.089       1.573       1.144      -3.363      -4.912      -4.423      -2.838      -2.388
      -3.460      -2.511      -1.680       0.066      -0.661      -0.224      -2.321      -3.392      -2.853      -1.744
      -0.532       1.269       1.710       1.720       1.518      -0.700      -3.064      -3.108      -3.043      -2.542
      -0.673       1.287       3.760       1.757       2.667       3.579       1.084       0.336       0.961       2.127
       2.797       0.714      -1.982      -3.482      -2.231      -0.408       0.907       0.396       1.839       0.579
       0.031      -0.557      -1.948      -3.088      -2.949      -3.905      -3.796      -1.240       0.405      -0.655
      -1.333       0.970       2.815       1.139       2.617       3.901       3.596       2.919       1.424       0.286
       1.343       0.585       0.707       3.778       3.649       2.408       1.354       2.489       3.638       1.679
      -0.645      -1.483      -3.214      -3.150      -3.694      -4.458      -2.503      -1.257      -1.138       0.433
       1.663       1.935       0.774       0.098      -0.641      -1.318      -1.607      -1.333      -2.633      -2.048
       1.247       3.281       2.722       2.187       3.308       1.875      -1.158      -1.497      -2.009      -0.946
      -1.003      -0.557       0.570       0.008      -0.931      -2.543      -1.705       0.088       0.515       0.177
      -0.189      -0.717      -2.122      -2.194      -1.841      -0.664      -0.407       0.682       0.648       1.556
       0.170      -1.426      -1.556      -0.872      -0.831      -0.062       1.376       3.750       4.155       3.122
       2.138       1.395      -0.143       0.260      -0.691      -0.752       0.212       1.078       1.766       0.422
      -1.965      -2.236      -1.919      -1.402      -0.397       0.483       0.832       0.337      -0.237       1.697
       3.060       2.202       1.514       1.270       1.198       1.024      -0.286      -1.311      -1.230      -0.127
       0.214       1.012       1.603       3.102       2.838       3.130       2.541       1.955       0.413      -0.214
      -0.013       1.265       2.020       3.397       2.726       0.424      -1.469      -3.013      -4.348      -3.139
      -2.257      -2.148      -0.744       1.243       1.453      -0.132      -1.419      -1.812      -1.442      -0.213
       1.134       2.986       3.580       3.291       2.993       2.106       1.599       0.877       0.156       0.928
       0.101       0.099       0.515       2.369       2.401       1.794       1.866       0.831      -0.805      -1.464
      -1.953      -2.094      -2.594      -2.306      -0.980      -0.576      -0.431       0.281       0.078      -1.406
      -2.599      -2.771      -2.589      -2.149      -0.971      -0.262       0.402       0.182      -0.067      -0.367
      -0.469      -1.191      -1.424      -1.036      -0.186       0.077       0.484       0.563       0.280      -0.192
      -0.366      -0.767      -1.114      -1.296      -1.250      -1.365      -1.326      -0.928      -0.479      -0.468
      -0.255      -0.552      -0.589      -0.651      -0.674      -0.889      -0.579      -0.562      -0.408      -0.023
       0.241       0.070       0.111       0.060      -0.093      -0.119       0.015       0.129       0.334       0.524
       0.567       0.523       0.448       0.290       0.185       0.067      -0.008      -0.071       0.015       0.098
       0.136       0.143       0.174       0.108       0.038      -0.000      -0.004      -0.012      -0.002       0.000
       0.000       0.000       0.000       0.000       0.000       0.000       0.000       0.000       0.000       0.000
       0.000       0.000       0.000       0.000       0.000       0.000       0.000       0.000       0.000       0.000
       0.000       0.000       0.000       0.000       0.000       0.000       0.000       0.000       0.000       0.000
       0.000       0.000       0.000       0.000       0.000       0.000       0.000       0.000       0.000       0.000
       0.000       0.000       0.000       0.000       0.000       0.000       0.000       0.000       0.000       0.000
       0.000       0.000       0.000       0.000       0.000       0.000       0.000       0.000       0.000       0.000
       0.000       0.000       0.000       0.000       0.000       0.000       0.000       0.000       0.000       0.000
       0.000       0.000       0.000       0.000       0.000       0.000       0.000       0.000       0.000       0.000
       0.000       0.000       0.000       0.000       0.000       0.000       0.000       0.000       0.000       0.000
       0.000       0.000       0.000       0.000       0.000       0.000       0.000       0.000       0.000       0.000
       0.000       0.000       0.000       0.000       0.000       0.000       0.000       0.000       0.000       0.000
       0.000       0.000       0.000       0.000       0.000       0.000       0.000       0.000       0.000       0.000
       0.000       0.000       0.000       0.000       0.000       0.000       0.000       0.000       0.000       0.000
       0.000       0.000       0.000       0.000       0.000       0.000       0.000       0.000       0.000       0.000
       0.000       0.000       0.000       0.000       0.000       0.000       0.000       0.000       0.000       0.000
       0.000       0.000       0.000       0.000       0.000       0.000       0.000       0.000       0.000       0.000
       0.000       0.000       0.000       0.000       0.000       0.000       0.000       0.000       0.000       0.000
       0.000       0.000       0.000       0.000       0.000       0.000       0.000       0.000       0.000       0.000
       0.000       0.000       0.000       0.000       0.000       0.000       0.000       0.000       0.000       0.000
       0.000       0.000       0.000       0.000       0.000       0.000       0.000       0.000       0.000       0.000
       0.000       0.000       0.000       0.000       0.000       0.000       0.000       0.000       0.000       0.000
       0.000       0.000       0.000       0.000       0.000       0.000       0.000       0.000       0.000       0.000
       0.000       0.000       0.000       0.000       0.000       0.000       0.000       0.000