        2048     0.02000
       0.001       0.001       0.001       0.006       0.001       0.001      -0.019       0.001       0.001      -0.044
       0.000       0.001       0.064       0.010       0.004      -0.084      -0.049      -0.016      -0.054       0.147
       0.013       0.024       0.095       0.021       0.036       0.127       0.032       0.071       0.327       0.214
       0.355       0.186      -0.079      -0.315      -0.538      -0.205      -0.514      -0.250      -0.068      -0.251
      -0.185      -0.123      -0.428      -0.340      -0.388      -1.119      -0.641       0.128       1.275       0.805
      -0.083       0.516       0.903       0.277       0.504       1.674       0.920       0.746       0.683       0.582
       0.813       0.928       1.407       2.196       2.086       1.543      -0.524      -0.405       1.669      -0.433
      -1.579       0.527      -0.141      -0.875      -1.563      -1.183      -1.656      -3.224      -1.462      -1.493
      -3.513      -1.715      -1.667      -3.809      -2.123      -1.302      -2.142       1.162       3.120       1.595
       2.164       2.568       2.131       2.158       3.463       4.867       5.098       4.507       3.856      -0.016
      -2.865      -0.394       0.885       1.873       2.842       1.394      -0.422       0.922      -0.452      -3.493
      -6.691      -5.970      -3.822      -6.224      -7.186      -6.280      -6.574      -4.813      -2.280      -2.577
      -0.659      -0.033      -0.659       1.262       1.807      -1.826      -1.160       4.359       8.277       8.807
       7.001       4.668       2.063       1.726       2.296       2.052       4.173       7.395       6.515       5.944
       2.671      -1.256      -3.543      -7.386     -11.364      -9.904      -8.850     -10.341     -10.395      -8.993
      -9.043      -6.862       2.695      10.567       9.561       6.364       3.632       2.489       3.865       0.767
      -5.969      -8.865      -2.986       3.056      -2.347      -6.412      -6.349      -7.743      -6.761       3.111
      10.237       9.219       9.048       8.907       3.935       6.881       8.447      -0.705     -12.285     -12.328
     -10.234     -15.025     -12.111      -4.831      -5.169      -3.889      -1.810      -6.256      -7.820      -3.343
      -7.100     -14.440      -8.148      -2.118      -7.884      -8.717       3.356      14.775      18.357      19.949
      13.925      14.930      21.159      22.792      18.275      20.948      15.754       1.671      -6.858      -6.888
     -11.201     -19.509     -21.125     -12.727      -9.085     -19.598     -24.521     -24.909     -18.310      -0.931
       5.717      -6.957      -9.088       4.783      14.518       8.792      -0.598      -5.917      -6.465      -0.855
       8.915      16.379      17.814       5.903      -5.446       4.159      18.076      16.789       2.028      -7.716
      -4.033      -7.957     -12.200       2.070      16.315      19.533      19.480      17.275       5.496     -11.768
     -13.715     -13.888     -15.888      -5.744      -8.907     -26.949     -13.576      16.080      25.945      14.590
      -5.014     -16.231     -13.180      -5.115       5.131       6.192       1.549       1.233      -1.002      -1.191
       7.297       2.349      -9.029      -6.767       2.330      10.384       9.770      -5.444      -4.076       7.898
      10.078      -8.012     -31.696     -30.768      -7.577       5.009      16.717      28.320      23.917       2.495
      -5.962       8.527      21.337      11.684     -10.261     -34.090     -38.679     -16.062       3.134       6.817
      16.737      17.644      -5.974     -17.204       0.119      16.719      24.690      23.413       6.362      -4.013
     -10.991     -20.255      -9.801      14.635      30.848      20.943      -8.748     -13.024       6.393       2.171
     -17.586      -8.683       8.903       7.587      -0.111      -4.033     -10.451      -2.951      18.518      15.118
      -1.465      16.544      21.556       3.749      20.233      45.959      34.485       1.435     -16.873      -6.638
      12.022      10.618     -23.901     -53.412     -51.272     -43.014     -32.841      -4.712      27.570      23.909
      -5.696     -21.438     -16.898       4.232      12.541      -6.645      -7.835      19.223      34.287      22.744
       8.509      15.714      25.297      12.473      -2.243      -0.739     -12.081     -26.461     -14.507      10.187
      19.664      12.056      -3.163      -7.796       2.755      12.495     -22.507     -45.013      -6.760      22.265
      24.214      26.256      11.865      16.928      24.555      -2.051     -32.019     -25.061      10.784      41.197
      39.713      44.740      34.056      -0.313     -17.715     -24.493     -27.554     -18.520     -18.236       7.666
      16.904     -24.490     -35.692     -13.608      -9.111      12.136      16.910     -28.288     -64.554     -53.379
     -34.314     -45.519     -50.529      -9.882      29.487      49.683      70.723      65.126      45.292      28.679
      -1.547      12.068      64.186      59.819      26.047      19.579       8.570      -3.700      -0.132      -4.860
     -18.260     -33.359     -40.969     -45.113     -48.735     -35.236     -24.891     -24.181       6.531      58.212
      77.841      50.993      12.784      -5.095     -13.947     -35.144     -41.182     -19.229      -7.868       9.091
      29.934      19.874      14.486       5.671     -28.897      -8.692      26.163       0.038     -30.785     -39.772
     -49.342     -37.420      -0.887      32.299      35.307      32.977      35.685     -22.219     -72.728     -28.003
      36.043      82.182      84.552      36.443      13.357      -1.616     -22.488     -34.842     -65.675     -93.197
    -101.771     -73.680      -9.873      34.484      50.004      18.773     -42.354     -31.661      19.127       4.683
      16.067      61.668      50.228      18.380      23.800      27.533       9.366      -2.710      13.480      24.053
      18.956     -15.890     -47.444     -38.927      10.998      62.441      64.716      33.537      16.414      19.154
      23.710       3.104       8.058      12.948     -13.230     -13.667     -29.436     -46.018      -2.660      -8.194
     -63.753     -72.211     -49.723     -34.962     -33.838     -29.319       3.583      22.769      32.172      60.086
      74.198      76.625      54.092       2.924     -22.990     -58.645     -79.152     -34.163       5.103      36.150
      75.823      66.187      24.218       7.654      19.396      27.638      24.921      24.097      23.207      -1.945
     -11.759       6.986      -3.557     -21.787     -15.720     -12.008      14.687      33.098      21.427      12.358
      -8.183     -16.773      22.722      34.294      19.865      10.259      -7.603     -34.601     -64.957     -63.399
     -40.671     -57.478     -57.849     -18.161      41.520      91.473      76.971      34.349       9.092     -19.307
     -29.043     -25.196     -35.098     -50.901     -52.042     -20.712      19.298      14.761     -20.988     -39.280
     -30.910     -14.188      -4.839      -3.958      -8.481       1.735      36.260      49.655      37.053      19.817
     -26.351     -48.733     -16.613      20.084      32.546      43.402      68.685      71.230      21.227     -37.720
     -58.350     -49.940     -59.295     -57.516     -38.793     -36.332     -41.240     -30.246      -7.362       2.177
     -12.898     -22.679     -11.492       3.214      10.457      -0.688     -41.816     -89.026    -110.999     -79.165
      -4.943      55.363      72.321      70.158      52.409       8.611     -24.017     -11.796     -15.846     -48.935
     -55.016     -21.144       6.579      11.287      26.661      38.175      30.448      26.431      -3.234     -26.658
     -26.151     -40.659     -54.879     -61.882     -53.089     -20.030      -3.640      13.552      27.212      14.013
       5.043      15.375      21.586      51.710      75.817      70.037      57.378      46.461      27.483     -11.287
     -48.664     -25.425       3.676      34.425      47.159      -1.090     -39.338      -5.320      56.299      78.154
      33.514       0.696     -13.393     -36.979     -50.306     -44.283     -46.739     -44.419     -24.085      19.934
      61.191      53.828       9.274     -20.823     -38.434     -38.601     -20.649      14.711      38.083      28.177
       1.981     -24.368     -32.419     -23.310     -22.690      -4.694      23.243      23.318      16.180       7.077
     -24.411     -42.071     -13.911      -8.297     -29.606      -6.574      -0.346     -25.959      -6.702       8.628
       5.895      27.592      39.777      13.870     -17.258     -14.552     -26.355     -77.524     -56.494       3.725
      -0.497      -1.187      23.874      43.448      44.027      30.703      41.961      44.417      57.324      89.652
      66.819      26.304      -4.873     -58.293     -71.636     -11.971      46.037      56.263      40.162      16.241
      -5.323     -16.394     -18.147     -38.672     -50.876      -5.961      35.605      25.438      22.139      34.837
      13.680     -32.571     -41.244     -26.590       3.740      46.900      48.193      17.743      15.928      19.114
      27.371      44.156      35.624     -17.183     -34.692      -6.722      -2.921     -14.591      -4.643      -8.834
      -3.415       8.953       4.112     -32.054     -55.915     -58.804     -56.980     -31.017      18.977      38.667
      60.023      67.411      35.121      17.762      13.192      -5.180      12.852      28.202      33.247       0.916
     -53.950     -48.733     -35.614     -24.186      15.477      -1.112      -4.813      23.801      21.335      10.844
      -2.295      -0.650       7.023      -6.566      11.471      27.554      10.634     -21.823     -74.475     -68.074
      -4.244       1.704     -11.820      23.533      58.934      40.151      -3.715      -0.264       3.993     -27.971
     -13.141      25.912      27.519       1.963     -43.455     -69.423     -35.727      33.509      63.788      47.260
      39.448     -10.487     -65.940     -39.253     -14.550     -40.253     -48.161     -34.927     -47.129     -52.746
       0.710      36.814       9.301     -19.198     -13.553      17.755      61.034      63.465      32.864      12.781
     -13.709     -23.158       5.214      15.504      -0.341     -25.526     -34.142     -39.080     -67.940     -58.899
     -26.293      13.702      81.730     101.895      70.245      48.855       3.144     -40.397     -31.819       6.487
      12.621      -1.779      -6.627      -3.969       3.890      14.025      -5.931     -27.427     -28.806      -8.423
     -18.338     -22.301       8.372      17.110       0.619      -8.462     -21.323      -9.116     -11.640     -22.921
     -26.713     -30.600      10.929      53.617      22.143      29.402      48.224      17.916      -0.586     -17.989
     -47.927     -32.511     -13.743     -21.518     -23.290       2.361      -1.972     -54.767     -49.048      -2.704
      -7.804      18.705      53.060      36.994      44.528      32.355     -34.910     -47.987     -12.558     -12.465
     -19.388       6.087       6.230     -26.049     -25.388      10.092      14.430     -11.028     -15.080     -25.973
     -40.895     -11.548       1.408      -7.856      -8.065     -13.618      -0.638      25.069      37.506      40.105
      12.620       2.255       5.569     -18.076     -26.703     -17.790     -16.608       1.713      -1.457     -11.630
      12.342      32.056      50.960      70.005      60.762      64.196      53.239      16.566     -25.063     -60.267
     -33.675      -1.242     -25.296     -29.528     -12.104      -3.505      -1.561     -22.573     -49.825     -50.242
     -16.323       9.501       0.646       0.824      12.202     -18.134     -36.989      -1.655      21.633      19.832
      24.882       0.862      -5.156      26.446      22.602       2.860      21.967      35.395      30.937      13.246
      -5.404     -38.204     -70.632     -47.630     -21.210     -34.717      -1.790      20.344      -0.835       5.763
      20.033      17.709      -0.885     -24.980     -13.063       0.419      16.954      22.677     -14.041     -27.409
     -10.634     -10.323      19.668      52.601      20.161     -22.026     -20.162      -3.730      -1.211      -5.013
       1.997       3.996      11.010      30.999      19.397      -1.927       5.690      12.061      13.903      14.078
      -9.800     -44.029     -49.578     -29.924     -10.180       3.096       3.860       2.275      11.732      11.155
       9.619      17.464      24.787      21.332       6.472       5.481      19.943      23.021      24.782      10.030
     -13.184     -10.963       6.636      19.581      13.052      -3.086       3.052      -9.875     -33.738     -27.156
      -8.315      15.298      27.955      10.032      12.659      28.481       9.382     -15.281      -1.509      22.273
      15.368      -7.446     -19.892     -29.548     -26.966     -11.435     -24.668     -41.867     -18.924       4.628
      16.125      33.760      32.156      19.488      14.416       0.296      -7.880      21.344      47.522      46.344
      37.714      31.685      24.374      12.401      12.203      20.220       9.056       4.083      -7.760     -32.765
     -25.948      -6.644      -6.064      -9.902     -19.816     -23.264     -23.858     -23.785      -6.080       9.602
       4.484       6.401      16.414      16.288      20.863      29.452      19.134      -6.655     -20.671     -17.472
     -17.816     -18.250     -15.197     -13.850      -7.281      -7.651      -5.983      10.711      28.089      31.170
      29.881      24.340      -6.009     -27.820     -17.583     -13.484      -5.810      10.092       9.023      -1.190
      -9.664      -8.397       3.516       3.894     -14.716     -25.410     -13.444     -10.721     -28.272     -27.308
      -8.569      -1.731      -3.744     -10.005     -10.288      12.653      27.519      25.313      29.021      29.184
      21.441      16.369      16.665      11.808      -3.471      -5.042      -9.692     -27.191     -25.634     -10.131
      -2.374      -0.686      -6.971      -9.755       0.313      10.788      13.284      10.377       5.982       1.454
     -13.186     -25.138     -21.098     -18.545     -15.085      -6.848      -2.987      -5.293     -20.075     -30.961
     -20.171      -7.298      -3.111     -11.922     -20.044      -9.517       3.072       7.219      11.928       2.876
     -12.533      -6.109      15.894      32.034      30.712      19.006      10.903       4.591      -1.390     -16.351
     -41.563     -45.174     -30.724     -21.521      -3.467       6.601      -1.342       2.291      12.093      18.594
      20.724      13.325       6.048      -2.207      -0.398      12.547       8.416       2.992       4.113       1.605
      12.040      21.863       8.848      -1.619      -0.484       1.080       0.830       2.498       1.504     -12.022
     -28.115     -16.599      -0.214      -0.915      -2.747      -7.945      -5.539      10.206      10.863       2.434
      -1.809      -6.576     -10.586      -7.506      -1.913      -8.078     -20.457     -24.489     -21.326     -18.014
     -11.662      -4.608      -9.060      -7.953       3.322       9.135      12.069       5.089      -5.863       0.673
      10.998      12.977      10.709       9.867      11.018      11.881      11.882      14.185      11.560       0.421
      -2.635      -1.434      -0.580       5.037       2.112      -5.347      -3.874       7.096      14.605       6.405
      -1.293      -4.067      -5.631       1.134       1.776      -5.047      -5.557      -0.817       4.233      11.632
      16.582       9.858       2.311       7.686       8.052       1.724       0.836       0.605      -2.740       5.060
      17.949      16.122       4.318      -6.058      -6.672       0.380       1.782      -4.263      -6.579      -0.095
       7.953       9.603       5.147      -8.045     -24.809     -28.863     -17.426      -6.000      -2.170      -4.368
      -4.938       1.712       8.047      11.259      11.091       6.267       2.075       4.383      13.473      17.001
       9.611       2.441       0.214       4.696      11.050       8.636       6.113       6.966      10.332      13.701
      14.466      10.826       4.128      -2.947      -1.972       2.602       2.177      -1.326      -4.348      -6.781
      -4.983      -1.443       0.118      -5.296     -12.616      -6.262       4.753       5.799       2.337      -1.979
      -1.115       8.542      11.784       6.538       3.471      -2.373      -7.480      -2.209       6.325       3.599
      -1.611      -1.358       0.299       3.218       3.958      -3.904      -4.461       3.179       6.567       4.159
       1.502       1.364      -1.559      -6.481      -5.985      -7.952     -14.431     -16.263     -13.146      -7.443
      -1.845      -0.264      -1.144      -3.396      -4.890      -0.148       0.212      -6.604      -8.630      -8.394
       0.579      11.030       9.828       8.317       8.177       5.079       7.783       7.487       3.828       2.291
       0.221       0.912       4.829       4.346       4.532       6.100       4.769       5.396       2.948      -1.920
      -4.961      -5.661       1.332       8.563       8.763       4.981      -4.351      -6.364       1.054       5.361
       5.789       0.844      -3.906      -0.997       0.384      -5.902     -10.608     -15.010     -18.597     -13.894
      -6.736      -4.250      -2.514      -2.407      -1.088       4.574      10.326      10.517       5.028       2.962
       3.251       4.312       4.781       1.081      -7.179     -11.725     -11.572     -10.103      -7.305      -6.898
     -11.090      -9.634      -4.785      -0.983       0.197      -4.170      -9.176     -11.360      -6.936       1.777
       2.500      -1.771      -0.545      -0.010       0.653       5.485       6.592       5.547       6.329       9.225
      13.102      13.512       8.635       3.911       0.979       4.248       5.926       2.685      -1.937      -2.401
       3.147       8.098       6.294       4.663       3.056       0.390       2.626       5.718       1.738      -4.652
      -9.896     -14.228     -13.914     -11.825      -8.275      -3.488      -2.394      -1.609       1.003       0.797
      -1.476      -1.914      -0.328       2.546       4.458       4.927       1.430       0.441       3.602       4.449
       1.193      -1.126      -4.668      -6.252      -3.707      -0.393      -1.359      -6.802      -9.408      -6.590
      -1.962      -0.625      -1.975      -3.071      -7.058     -10.036      -3.099       3.527       1.299      -3.431
      -3.946      -2.236      -1.491       0.054       2.032       1.695       1.662       3.716       0.494      -3.746
      -4.512      -1.262       6.456      12.783      11.624       8.680       7.192       8.325       9.471       8.044
       6.559       4.026       1.062       0.042       2.051       2.639       0.583      -2.642      -5.175      -5.523
      -4.235      -5.447      -5.432      -3.343      -1.504      -1.345      -0.802       0.071      -1.684      -3.004
       0.825       5.632       4.981       4.484       4.099       2.493       2.466       0.938      -1.250      -2.659
      -5.317      -5.500      -3.163      -2.405      -1.725      -1.584      -0.280       1.396       2.618       2.813
       2.410       0.775      -0.829      -2.361      -2.122       0.014       0.342      -1.459      -1.546      -1.466
      -2.222      -2.546      -1.982      -0.011      -0.082      -1.775      -2.347      -1.797      -0.835       0.870
       2.407       3.813       4.687       4.457       3.868       3.036       2.699       2.974       3.521       3.592
       3.129       1.474      -0.021      -0.870      -0.811      -0.465      -0.471      -0.655      -0.961      -1.460
      -1.310      -0.442      -0.072      -0.130      -0.050       0.148       0.200       0.270       0.264       0.289
      -0.009      -0.128      -0.015       0.037      -0.043      -0.202      -0.285      -0.241      -0.156      -0.154
      -0.103      -0.096      -0.061      -0.010       0.056       0.093       0.054       0.000       0.000       0.000
       0.000       0.000       0.000       0.000       0.000       0.000       0.000       0.000       0.000       0.000
       0.000       0.000       0.000       0.000       0.000       0.000       0.000       0.000       0.000       0.000
       0.000       0.000       0.000       0.000       0.000       0.000       0.000       0.000       0.000       0.000
       0.000       0.000       0.000       0.000       0.000       0.000       0.000       0.000       0.000       0.000
       0.000       0.000       0.000       0.000       0.000       0.000       0.000       0.000       0.000       0.000
       0.000       0.000       0.000       0.000       0.000       0.000       0.000       0.000       0.000       0.000
       0.000       0.000       0.000       0.000       0.000       0.000       0.000       0.000       0.000       0.000
       0.000       0.000       0.000       0.000       0.000       0.000       0.000       0.000       0.000       0.000
       0.000       0.000       0.000       0.000       0.000       0.000       0.000       0.000       0.000       0.000
       0.000       0.000       0.000       0.000       0.000       0.000       0.000       0.000       0.000       0.000
       0.000       0.000       0.000       0.000       0.000       0.000       0.000       0.000       0.000       0.000
       0.000       0.000       0.000       0.000       0.000       0.000       0.000       0.000       0.000       0.000
       0.000       0.000       0.000       0.000       0.000       0.000       0.000       0.000       0.000       0.000
       0.000       0.000       0.000       0.000       0.000       0.000       0.000       0.000       0.000       0.000
       0.000       0.000       0.000       0.000       0.000       0.000       0.000       0.000       0.000       0.000
       0.000       0.000       0.000       0.000       0.000       0.000       0.000       0.000       0.000       0.000
       0.000       0.000       0.000       0.000       0.000       0.000       0.000       0.000       0.000       0.000
       0.000       0.000       0.000       0.000       0.000       0.000       0.000       0.000       0.000       0.000
       0.000       0.000       0.000       0.000       0.000       0.000       0.000       0.000       0.000       0.000
       0.000       0.000       0.000       0.000       0.000       0.000       0.000       0.000       0.000       0.000
       0.000       0.000       0.000       0.000       0.000       0.000       0.000       0.000       0.000       0.000
       0.000       0.000       0.000       0.000       0.000       0.000       0.000       0.000       0.000       0.000
       0.000       0.000       0.000       0.000       0.000       0.000       0.000       0.000       0.000       0.000
       0.000       0.000       0.000       0.000       0.000       0.000       0.000       0.000       0.000       0.000
       0.000       0.000       0.000       0.000       0.000       0.000       0.000       0.000       0.000       0.000
       0.000       0.000       0.000       0.000       0.000       0.000       0.000       0.000       0.000       0.000
       0.000       0.000       0.000       0.000       0.000       0.000       0.000       0.000       0.000       0.000
       0.000       0.000       0.000       0.000       0.000       0.000       0.000       0.000       0.000       0.000
       0.000       0.000       0.000       0.000       0.000       0.000       0.000       0.000       0.000       0.000
       0.000       0.000       0.000       0.000       0.000       0.000       0.000       0.000       0.000       0.000
       0.000       0.000       0.000       0.000       0.000       0.000       0.000       0.000       0.000       0.000
       0.000       0.000       0.000       0.000       0.000       0.000       0.000       0.000       0.000       0.000
       0.000       0.000       0.000       0.000       0.000       0.000       0.000       0.000       0.000       0.000
       0.000       0.000       0.000       0.000       0.000       0.000       0.000       0.000       0.000       0.000
       0.000       0.000       0.000       0.000       0.000       0.000       0.000       0.000       0.000       0.000
       0.000       0.000       0.000       0.000       0.000       0.000       0.000       0.000