113.708174 34.700341
113.708045 34.698612
113.711779 34.698683
113.711478 34.696883
113.714783 34.696989
113.719246 34.697377
113.719375 34.696389
113.720233 34.694837
113.717433 34.694237
113.716746 34.692243
113.718849 34.689544
113.714171 34.687533
113.72254 34.680034
113.726702 34.677069
113.73241 34.677846
113.736959 34.679116
113.739019 34.684339
113.738418 34.685186
113.734899 34.681869
113.730865 34.679751
113.72623 34.686668
113.730093 34.688997
113.728719 34.69062
113.732582 34.692596
113.731466 34.694784
113.72726 34.69302
113.725308 34.695843
113.720437 34.694943
113.719407 34.697377
113.724106 34.69766
113.72372 34.698806
113.723484 34.700412
113.71209 34.701294
113.709171 34.700817
113.70812 34.700253
