        2048     0.02000
       0.045       0.045       0.045       0.011       0.045       0.045      -0.090       0.040       0.044       0.254
       0.078       0.053       0.178       0.083       0.083       0.534       0.326       0.091      -0.471      -0.527
      -0.210      -0.330      -0.349      -0.550      -1.563      -0.530       0.029       2.065       2.978       0.669
       0.297       0.882       1.313       1.063       1.282       1.733       1.302       1.608       2.522       3.895
       5.953       6.334       0.621      -1.107      -1.188      -0.442      -2.061      -6.047      -6.120      -6.165
      -9.309      -1.798      -0.148      -7.872     -10.865      -9.820      -6.997       0.328       0.884      -3.665
      -9.430     -10.859      -6.199      -6.877      -7.101      -5.334      -9.069     -16.750     -15.134      -3.229
       6.415      10.499       7.696       6.228      10.710       9.885      10.252      18.622      22.808      14.444
      11.493       4.690      -6.257     -14.877     -22.354     -26.987     -21.837      -9.779      11.460      12.628
       4.922      -1.503      -4.293       7.731      13.764       3.457      -1.204     -11.228     -28.860     -21.665
      -5.613       0.902      -5.625     -15.214     -25.367     -25.346     -26.097     -22.858     -17.202     -12.263
      -3.760      16.549      16.709      15.789      14.791      15.655      38.178      51.261      38.820      30.036
       1.129     -36.639     -34.521     -13.111      -3.780      17.291      10.260     -34.315     -54.626     -39.362
     -27.490     -10.135      -8.152     -10.624       4.123      24.487      36.520      40.970      37.811      24.205
       2.740     -12.711     -27.228     -41.192     -46.288     -50.249     -48.862     -42.521      -2.474      34.375
      43.252      37.554      25.824      -8.850      -6.216      -1.389     -28.167     -46.064     -27.522     -20.524
       0.480      22.653      29.288      33.675      33.404       4.451     -12.561       5.625      -4.166     -17.158
       0.625      -1.611      -4.549      14.591      14.247      27.533      46.654      35.961      46.389      38.471
     -15.008     -30.474      -4.737       8.656      26.519      40.566      21.903     -16.794     -89.743    -133.601
     -80.741      -7.446      30.396      39.421       8.282     -14.687     -15.585      -7.473      16.953      72.675
      85.307      71.319      50.553      23.341      29.095      44.450     -12.362     -50.158     -39.685     -46.606
     -21.534       7.744      27.101      50.636      65.548      36.492      38.380      43.705      10.463     -47.965
     -31.882      -9.284      21.889      53.924      26.198     -29.514     -24.513     -55.677     -83.301     -53.139
     -31.111     -11.307      38.441      36.253      24.924      18.627      -4.652       4.735      38.000      31.139
      37.849      30.477     -23.421     -66.993     -66.086      -9.866      63.152      54.629      10.690     -22.611
     -65.135     -72.251      -4.107      38.045      22.709      18.972      13.690      30.899      84.446     123.087
     104.023      73.820      -1.179     -47.499     -58.562     -50.723     -67.022     -75.961     -89.667     -72.500
     -45.903      11.273      52.748      86.015     104.810      81.133      26.456     -13.203     -33.637       1.915
      54.745      85.135      85.963      49.996       6.296     -38.587     -69.715     -59.500     -23.881     -13.576
     -29.335     -59.115     -75.055     -56.121     -20.724     -31.867     -34.241     -18.759     -31.619     -32.125
     -47.178     -72.577     -42.640     -32.588     -52.962      -7.465      64.274      89.833     119.411      90.739
      13.989     -12.302       8.471     -13.303     -30.796     -37.625     -59.598     -82.785     -80.163     -44.561
      -2.566      17.612       1.840     -20.184     -41.803     -42.679     -32.610       9.547      26.011      27.692
      32.143      57.217      53.951      33.880      16.032      42.054      13.727      -4.587      -9.676     -19.921
     -11.730      30.935      37.167      61.255      82.849      48.615     -11.743     -49.156     -69.399     -29.655
      17.890     -36.153     -73.590     -21.527      -0.914      36.672      81.290      47.528      17.868      25.726
      -1.718     -13.430      12.889       1.833     -23.206       7.759      77.693     120.934     138.813     118.503
      84.540      18.798     -26.785     -48.197     -32.461     -27.110     -40.372     -88.162     -97.043     -72.233
     -19.298       2.409      14.359       2.631       2.943      -1.305     -24.388     -53.558     -29.960     -44.096
     -81.765    -101.766    -135.112    -135.471     -75.938     -20.280      31.680      98.787      86.710      35.914
       5.955       2.177      10.889      49.787      53.107      25.372       0.793     -47.915     -68.454     -16.259
       5.523      -4.756     -19.453     -58.849     -99.599     -95.643     -62.884      -9.125      11.607      10.880
      28.089      53.336      29.581     -33.724    -117.443    -157.955    -142.453    -125.650     -93.861     -41.535
     -31.921     -38.015       3.227      32.588      42.242      61.453      55.688      12.885      -3.101     -13.851
       2.608      31.247      66.034      70.740      93.622      76.863      52.635      17.134     -10.594     -81.252
    -102.148     -68.191      -2.942      45.595      53.609      30.783      41.092      36.210      12.878       1.361
       3.998      34.530      87.861      91.575      64.514      39.753      -6.912     -47.374     -99.308    -149.808
    -119.347     -64.863     -51.771     -19.123     -20.170     -35.586      -6.851      12.427     -18.383       3.264
      28.847      -6.821     -45.648     -44.471     -64.446     -49.245     -23.782      17.441      77.642     134.798
     110.342      56.708      -8.337     -29.925     -38.783     -33.330     -46.288     -54.930     -58.972      -8.039
      29.359      24.244      29.161      72.416     111.321      73.461      11.196      19.193      55.571      45.126
      71.867     106.744     115.794     111.549     102.454      20.985     -84.630    -100.321     -24.103      -9.225
     -30.175     -44.434     -63.774     -59.389      -8.720      19.606      44.397      54.661      33.641      14.028
       9.812      -3.304      14.440      58.288      37.392     -17.275     -14.997      -6.643     -26.463     -25.725
      -5.266      37.248      89.193     106.627      78.065      52.436      36.052      13.514     -11.782      12.023
      37.472      29.933     -26.926     -69.931    -104.002     -68.702     -15.239      -1.483     -33.740     -38.650
     -49.849     -45.653     -50.952     -35.315       3.396      63.521     101.715     110.913     102.469      87.740
      59.512      40.264       6.369     -24.882     -19.319      -0.277       9.501       1.688      10.588      23.065
      21.002      -0.297      -8.650       1.071      49.168      99.478     112.950      67.426      32.146      23.394
      17.272       0.609      12.406      23.841      17.220     -24.489     -49.276     -44.411     -31.348     -35.968
     -12.278       0.985       4.629      32.550      59.279      11.529     -22.083     -14.979     -20.441     -45.244
     -49.486     -58.060     -71.164     -82.818     -89.049     -64.367      -5.324      52.129      47.350      -5.968
     -47.595     -41.546     -23.890      15.546      45.210      49.656      24.182      -3.923     -36.625     -49.722
     -53.132     -23.944      12.357      18.304       3.948      13.515       6.094     -24.756     -49.574     -50.295
     -31.640      -2.024      13.252       4.078      -5.083       6.249      26.199      34.485      27.896       6.554
       4.060      18.066      14.627      -4.294      -3.838      -4.573     -12.107     -22.808     -19.715      -2.250
      24.837      15.233     -13.646     -35.933     -32.337     -22.119      -8.068      -9.083       4.982      18.123
      27.603      11.300      -5.057     -12.765      -8.582     -16.027     -20.811     -24.274     -12.571       0.165
     -12.478     -39.830     -32.245       3.625      14.252     -13.458     -47.635     -49.433     -26.801      -0.890
       5.264       1.602      -2.887       5.319       1.407       1.906      15.881      38.125      32.468       6.425
     -27.611     -29.978      -9.375      13.569       6.751      -0.305      17.369      41.181      37.218      24.566
      10.665      14.194      29.037      40.850      30.794      14.736      -9.308     -40.068     -56.648     -43.833
     -21.447      11.354      22.870       3.997      -2.132      14.761      32.211      34.787      27.630      15.835
      17.987      21.593      16.579      -1.810     -11.867     -23.741     -30.993     -20.517      11.887      30.544
      40.402      27.109     -10.527     -30.281      -1.530      24.647      34.408      36.156      35.240      28.392
      22.115       5.604     -17.145     -28.749     -26.308     -14.309      -9.089      -8.949      -8.624      -7.342
     -15.736     -16.498       3.134      30.795      40.264      39.098      28.586      16.317      14.121      30.863
      32.952      22.903      27.762      39.143      28.281      22.419      13.563      -1.989     -14.653      -7.712
      -2.536       3.060      10.829      17.598      10.201       7.195      13.831      25.608      22.086      -3.523
     -26.970     -25.879     -21.701     -26.931     -34.437     -46.166     -54.130     -50.590     -39.219     -20.441
       9.846      25.983      22.754       8.481      10.749      25.688      36.953      25.700      10.617      -7.302
     -11.635      -3.564       1.532      -7.695     -13.013     -17.459     -20.588     -22.429     -20.247     -15.601
     -12.226     -23.443     -32.101     -25.320     -15.831     -16.014     -14.495     -13.837      -9.911       1.768
      13.067       8.522      -6.203     -12.830      -9.974      -4.707      -2.534      -0.837      -5.780     -12.833
     -16.257      -9.538       1.009      11.684       9.428       0.781      -0.587      10.556      21.000      25.418
      17.706      14.950      13.170      11.133      10.702       9.556      -9.162     -26.392     -24.213     -16.416
     -12.552       1.058       7.795      -6.835     -19.129     -17.969      -4.532      12.264      18.832      10.914
       6.701       5.150       6.659      11.267      10.046       2.491       2.360      -0.873      -9.358     -17.876
     -20.986     -23.985     -23.304     -18.961      -9.429      -8.061     -10.865     -15.982     -21.642     -20.396
      -6.668      -3.575     -10.315     -11.981     -10.178      -3.781      12.611      16.541       5.914      -2.374
      -9.050     -10.922       5.107      21.633      25.076      23.178      15.746       9.492      14.745      24.172
      21.557      13.122       3.711       1.952       2.469       2.529      -2.977      -3.955      -4.075      -5.550
      -7.137      -2.772      -2.291      -6.570     -11.733     -12.107      -7.394       2.758       6.788       1.731
      -5.448      -4.742       1.301       9.608      13.609       9.979       5.139       7.269      11.582      14.650
      20.338      23.116      19.204      14.688      13.323      13.090      15.119      13.904       8.209       2.495
      -0.537      -1.543      -1.661      -5.742      -9.516      -9.051      -7.436      -8.311      -8.947      -9.332
      -7.715      -7.160      -5.418      -1.438       1.031      -1.686      -5.233     -10.039     -14.327     -13.416
     -11.766     -13.615     -13.774     -10.937      -6.323      -0.521       1.302       0.905       2.331       3.608
       4.613       7.667       8.988       6.176       1.779      -1.820      -3.658      -2.027       0.964       3.198
       3.497       3.100       4.005       6.341       7.753       7.766       6.509       4.553       4.064       4.731
       4.220       3.392       2.366       0.318      -0.927      -0.740      -0.049       0.694       0.260      -1.090
      -1.190      -0.752      -1.298      -1.638      -1.736      -2.187      -1.723      -0.556       0.050       0.084
      -0.148      -0.581      -0.740      -0.549      -0.278      -0.086      -0.062      -0.084       0.000       0.000
       0.000       0.000       0.000       0.000       0.000       0.000       0.000       0.000       0.000       0.000
       0.000       0.000       0.000       0.000       0.000       0.000       0.000       0.000       0.000       0.000
       0.000       0.000       0.000       0.000       0.000       0.000       0.000       0.000       0.000       0.000
       0.000       0.000       0.000       0.000       0.000       0.000       0.000       0.000       0.000       0.000
       0.000       0.000       0.000       0.000       0.000       0.000       0.000       0.000       0.000       0.000
       0.000       0.000       0.000       0.000       0.000       0.000       0.000       0.000       0.000       0.000
       0.000       0.000       0.000       0.000       0.000       0.000       0.000       0.000       0.000       0.000
       0.000       0.000       0.000       0.000       0.000       0.000       0.000       0.000       0.000       0.000
       0.000       0.000       0.000       0.000       0.000       0.000       0.000       0.000       0.000       0.000
       0.000       0.000       0.000       0.000       0.000       0.000       0.000       0.000       0.000       0.000
       0.000       0.000       0.000       0.000       0.000       0.000       0.000       0.000       0.000       0.000
       0.000       0.000       0.000       0.000       0.000       0.000       0.000       0.000       0.000       0.000
       0.000       0.000       0.000       0.000       0.000       0.000       0.000       0.000       0.000       0.000
       0.000       0.000       0.000       0.000       0.000       0.000       0.000       0.000       0.000       0.000
       0.000       0.000       0.000       0.000       0.000       0.000       0.000       0.000       0.000       0.000
       0.000       0.000       0.000       0.000       0.000       0.000       0.000       0.000       0.000       0.000
       0.000       0.000       0.000       0.000       0.000       0.000       0.000       0.000       0.000       0.000
       0.000       0.000       0.000       0.000       0.000       0.000       0.000       0.000       0.000       0.000
       0.000       0.000       0.000       0.000       0.000       0.000       0.000       0.000       0.000       0.000
       0.000       0.000       0.000       0.000       0.000       0.000       0.000       0.000       0.000       0.000
       0.000       0.000       0.000       0.000       0.000       0.000       0.000       0.000       0.000       0.000
       0.000       0.000       0.000       0.000       0.000       0.000       0.000       0.000       0.000       0.000
       0.000       0.000       0.000       0.000       0.000       0.000       0.000       0.000       0.000       0.000
       0.000       0.000       0.000       0.000       0.000       0.000       0.000       0.000       0.000       0.000
       0.000       0.000       0.000       0.000       0.000       0.000       0.000       0.000       0.000       0.000
       0.000       0.000       0.000       0.000       0.000       0.000       0.000       0.000       0.000       0.000
       0.000       0.000       0.000       0.000       0.000       0.000       0.000       0.000       0.000       0.000
       0.000       0.000       0.000       0.000       0.000       0.000       0.000       0.000       0.000       0.000
       0.000       0.000       0.000       0.000       0.000       0.000       0.000       0.000       0.000       0.000
       0.000       0.000       0.000       0.000       0.000       0.000       0.000       0.000       0.000       0.000
       0.000       0.000       0.000       0.000       0.000       0.000       0.000       0.000       0.000       0.000
       0.000       0.000       0.000       0.000       0.000       0.000       0.000       0.000       0.000       0.000
       0.000       0.000       0.000       0.000       0.000       0.000       0.000       0.000       0.000       0.000
       0.000       0.000       0.000       0.000       0.000       0.000       0.000       0.000       0.000       0.000
       0.000       0.000       0.000       0.000       0.000       0.000       0.000       0.000       0.000       0.000
       0.000       0.000       0.000       0.000       0.000       0.000       0.000       0.000       0.000       0.000
       0.000       0.000       0.000       0.000       0.000       0.000       0.000       0.000       0.000       0.000
       0.000       0.000       0.000       0.000       0.000       0.000       0.000       0.000       0.000       0.000
       0.000       0.000       0.000       0.000       0.000       0.000       0.000       0.000       0.000       0.000
       0.000       0.000       0.000       0.000       0.000       0.000       0.000       0.000       0.000       0.000
       0.000       0.000       0.000       0.000       0.000       0.000       0.000       0.000       0.000       0.000
       0.000       0.000       0.000       0.000       0.000       0.000       0.000       0.000       0.000       0.000
       0.000       0.000       0.000       0.000       0.000       0.000       0.000       0.000       0.000       0.000
       0.000       0.000       0.000       0.000       0.000       0.000       0.000       0.000       0.000       0.000
       0.000       0.000       0.000       0.000       0.000       0.000       0.000       0.000       0.000       0.000
       0.000       0.000       0.000       0.000       0.000       0.000       0.000       0.000       0.000       0.000
       0.000       0.000       0.000       0.000       0.000       0.000       0.000       0.000       0.000       0.000
       0.000       0.000       0.000       0.000       0.000       0.000       0.000       0.000       0.000       0.000
       0.000       0.000       0.000       0.000       0.000       0.000       0.000       0.000       0.000       0.000
       0.000       0.000       0.000       0.000       0.000       0.000       0.000       0.000       0.000       0.000
       0.000       0.000       0.000       0.000       0.000       0.000       0.000       0.000       0.000       0.000
       0.000       0.000       0.000       0.000       0.000       0.000       0.000       0.000       0.000       0.000
       0.000       0.000       0.000       0.000       0.000       0.000       0.000       0.000       0.000       0.000
       0.000       0.000       0.000       0.000       0.000       0.000       0.000       0.000       0.000       0.000
       0.000       0.000       0.000       0.000       0.000       0.000       0.000       0.000       0.000       0.000
       0.000       0.000       0.000       0.000       0.000       0.000       0.000       0.000       0.000       0.000
       0.000       0.000       0.000       0.000       0.000       0.000       0.000       0.000       0.000       0.000
       0.000       0.000       0.000       0.000       0.000       0.000       0.000       0.000       0.000       0.000
       0.000       0.000       0.000       0.000       0.000       0.000       0.000       0.000       0.000       0.000
       0.000       0.000       0.000       0.000       0.000       0.000       0.000       0.000       0.000       0.000
       0.000       0.000       0.000       0.000       0.000       0.000       0.000       0.000       0.000       0.000
       0.000       0.000       0.000       0.000       0.000       0.000       0.000       0.000       0.000       0.000
       0.000       0.000       0.000       0.000       0.000       0.000       0.000       0.000       0.000       0.000
       0.000       0.000       0.000       0.000       0.000       0.000       0.000       0.000       0.000       0.000
       0.000       0.000       0.000       0.000       0.000       0.000       0.000       0.000       0.000       0.000
       0.000       0.000       0.000       0.000       0.000       0.000       0.000       0.000       0.000       0.000
       0.000       0.000       0.000       0.000       0.000       0.000       0.000       0.000       0.000       0.000
       0.000       0.000       0.000       0.000       0.000       0.000       0.000       0.000       0.000       0.000
       0.000       0.000       0.000       0.000       0.000       0.000       0.000       0.000       0.000       0.000
       0.000       0.000       0.000       0.000       0.000       0.000       0.000       0.000       0.000       0.000
       0.000       0.000       0.000       0.000       0.000       0.000       0.000       0.000       0.000       0.000
       0.000       0.000       0.000       0.000       0.000       0.000       0.000       0.000       0.000       0.000
       0.000       0.000       0.000       0.000       0.000       0.000       0.000       0.000       0.000       0.000
       0.000       0.000       0.000       0.000       0.000       0.000       0.000       0.000       0.000       0.000
       0.000       0.000       0.000       0.000       0.000       0.000       0.000       0.000       0.000       0.000
       0.000       0.000       0.000       0.000       0.000       0.000       0.000       0.000       0.000       0.000
       0.000       0.000       0.000       0.000       0.000       0.000       0.000       0.000       0.000       0.000
       0.000       0.000       0.000       0.000       0.000       0.000       0.000       0.000       0.000       0.000
       0.000       0.000       0.000       0.000       0.000       0.000       0.000       0.000       0.000       0.000
       0.000       0.000       0.000       0.000       0.000       0.000       0.000       0.000       0.000       0.000
       0.000       0.000       0.000       0.000       0.000       0.000       0.000       0.000       0.000       0.000
       0.000       0.000       0.000       0.000       0.000       0.000       0.000       0.000       0.000       0.000
       0.000       0.000       0.000       0.000       0.000       0.000       0.000       0.000       0.000       0.000
       0.000       0.000       0.000       0.000       0.000       0.000       0.000       0.000       0.000       0.000
       0.000       0.000       0.000       0.000       0.000       0.000       0.000       0.000       0.000       0.000
       0.000       0.000       0.000       0.000       0.000       0.000       0.000       0.000       0.000       0.000
       0.000       0.000       0.000       0.000       0.000       0.000       0.000       0.000       0.000       0.000
       0.000       0.000       0.000       0.000       0.000       0.000       0.000       0.000       0.000       0.000
       0.000       0.000       0.000       0.000       0.000       0.000       0.000       0.000       0.000       0.000
       0.000       0.000       0.000       0.000       0.000       0.000       0.000       0.000       0.000       0.000
       0.000       0.000       0.000       0.000       0.000       0.000       0.000       0.000       0.000       0.000
       0.000       0.000       0.000       0.000       0.000       0.000       0.000       0.000       0.000       0.000
       0.000       0.000       0.000       0.000       0.000       0.000       0.000       0.000       0.000       0.000
       0.000       0.000       0.000       0.000       0.000       0.000       0.000       0.000       0.000       0.000
       0.000       0.000       0.000       0.000       0.000       0.000       0.000       0.000       0.000       0.000
       0.000       0.000       0.000       0.000       0.000       0.000       0.000       0.000       0.000       0.000
       0.000       0.000       0.000       0.000       0.000       0.000       0.000       0.000       0.000       0.000
       0.000       0.000       0.000       0.000       0.000       0.000       0.000       0.000       0.000       0.000
       0.000       0.000       0.000       0.000       0.000       0.000       0.000       0.000       0.000       0.000
       0.000       0.000       0.000       0.000       0.000       0.000       0.000       0.000       0.000       0.000
       0.000       0.000       0.000       0.000       0.000       0.000       0.000       0.000       0.000       0.000
       0.000       0.000       0.000       0.000       0.000       0.000       0.000       0.000