        2048     0.02000
       0.024       0.024       0.024      -0.009       0.024       0.024      -0.109       0.023       0.027       0.324
       0.105       0.030      -0.046      -0.160      -0.048      -0.211      -0.686      -0.070      -0.287      -1.314
      -0.040       0.032       0.652       1.984       1.238       0.615       0.446       0.455       1.015       0.766
       0.824       2.435       3.818       0.298      -0.482      -3.097      -2.121      -1.670      -5.326      -1.744
       1.854       1.175      -3.380      -2.484       0.680       2.775       5.225       4.922       3.643       4.063
       3.780       3.908       6.961      10.432       9.635       9.247       9.446      -5.273     -10.520      -3.180
       1.990      10.858       6.474      -5.106     -10.614     -15.379     -16.116      -9.969     -10.220     -12.386
     -12.807     -17.947     -19.184     -12.610      -9.101       4.567      11.252      10.581      17.466      17.284
      13.989      11.801      14.134      19.231      22.477      25.475      27.428       5.570     -18.041     -29.325
     -23.694     -13.559     -20.030     -30.384     -32.715     -32.061     -26.193       3.114      25.356      36.339
      36.709      29.131      34.555      36.945      24.715      19.022      16.667       4.958      -5.970     -13.721
     -17.547     -16.198     -12.852      -6.012       6.251       8.292       0.494      -9.405     -21.448     -24.806
     -17.788      -7.800      -5.562      -8.533       0.620       6.237       8.187      16.564      20.737      28.450
      26.543      15.014       9.288      -0.157      -1.544      11.898       7.226     -15.595     -40.565     -64.975
     -72.599     -62.072     -43.924      -4.573      25.715      21.434      -1.870     -11.546      -9.460     -13.261
     -34.347     -51.895     -53.195     -39.220     -35.408     -39.861     -20.223      -3.980      -7.708       1.446
      20.722      28.022      17.689      12.807      26.983      46.254      38.103      18.909      25.577      18.518
      -6.736     -21.866     -48.558     -86.810    -112.156    -103.832     -64.630     -32.865      -3.500      28.662
      61.838      74.407      79.892      90.678      67.867      22.675      10.645      18.889       9.972     -22.263
     -59.435     -91.615     -87.329     -56.180     -28.329     -22.150     -51.730     -57.240       1.276      51.684
      49.671      10.025     -18.885     -19.970      -3.941      16.332      31.578      27.047      -5.616     -30.958
     -53.459    -101.985    -124.951     -86.950     -14.183      64.001     121.267     121.030      59.862       2.899
     -31.754     -48.981     -58.287     -96.911    -119.148     -82.678     -25.345      37.861      67.789      45.059
      -0.280     -14.807       0.803       3.397     -12.941      -8.836      21.096      35.992      16.830     -10.097
     -45.575     -59.291     -30.894      11.985      63.172     104.224     103.513      51.811     -12.879     -12.148
      31.687      56.743      48.108      15.059     -19.792     -42.745     -48.496     -46.335     -47.353     -33.220
      -3.000      -6.638     -32.260     -10.873      34.524      38.788      11.331     -19.567     -21.393     -27.625
     -49.445      -8.960      77.155     115.448     117.914     123.181     113.035      89.193      86.398      91.571
      69.025       7.959     -36.502     -37.603     -52.940     -91.027     -88.762     -45.250       1.502      22.093
      23.211     -10.192     -52.077     -54.954     -62.595     -85.417     -84.311     -64.996     -50.016     -49.719
     -46.585     -12.988       7.181     -24.434     -31.984      -4.081     -15.963     -57.591     -87.326    -101.511
     -95.875     -66.458      -9.168      45.020      47.742      61.631     100.981      95.920      59.538      46.176
      28.316     -13.539     -33.485     -27.056     -35.721     -24.483      13.633      26.217      12.711      -2.924
     -24.662     -32.791     -31.530     -35.884     -24.775     -18.967     -39.514     -22.321      12.426       2.078
     -19.794     -33.734     -46.274     -45.581     -41.631     -36.521     -43.755     -78.054     -79.789     -23.933
      22.758      22.367       9.600       0.228       6.459      33.085      69.816      81.809      54.842       9.672
     -50.184     -90.189     -69.100     -17.585      20.259       9.937     -12.668     -23.528     -64.748    -110.898
     -93.833     -48.153     -26.021     -12.897      14.827      52.571      94.218     132.273     150.167     105.922
      16.881     -10.814      15.790      22.037      31.466      54.821      61.933      41.310      26.925      39.028
      25.802     -19.888     -46.224     -38.729     -22.093      11.338      48.058      42.066      10.536       4.338
      31.269      33.423     -14.557     -42.582     -36.065     -17.777      12.901      30.687      25.847     -11.719
     -54.769     -63.846     -79.305     -72.589     -24.896      10.126      21.089       7.476     -36.610     -70.360
     -61.527     -27.326      30.397      87.465      73.776      32.964      10.951       8.537      46.229      72.910
      42.520      -3.772      -2.620      41.141      74.742      77.685      52.256      13.613     -28.311     -51.128
     -61.357     -73.824     -62.176     -25.723       3.551     -15.548     -27.613      32.934      83.066     101.507
     139.294     151.673     117.372      51.543      -9.911     -50.968     -68.222     -30.501      32.418      55.751
      39.070      44.052      68.856      43.269       9.665      25.957      65.997      69.712      26.794      -4.530
     -17.625     -17.060       2.675      10.143      14.260       6.135     -26.033     -62.153     -81.222     -55.114
     -11.444     -21.696     -59.440     -50.795      -1.030      57.670     128.107     158.024     131.162      93.843
      54.883      29.397      -5.356     -16.089      16.527      23.078      -6.746     -27.206      -3.825      28.606
      38.427      30.369     -19.202     -84.265    -108.808     -81.723     -57.515     -40.094      10.069      67.159
      88.682      41.389     -26.755     -29.756     -19.320     -10.665      34.353      74.415      77.592      50.235
      -2.821     -63.902     -98.529     -98.465     -73.196     -36.497      -3.719      37.465      62.007      53.361
      62.366      90.709     107.507      87.638      32.651     -22.307     -61.488     -58.339     -44.510     -48.061
     -21.961      29.045      79.154     104.673      97.057      76.627      54.719      24.062      -4.616      -8.668
      -5.534       7.209      38.614      43.055      18.613       9.123      18.079      12.247     -22.866     -36.161
      -9.590       8.918       4.051     -21.553     -58.943     -78.830     -53.585       0.515      50.906      72.518
      57.551      39.401      10.650     -38.735     -60.927     -51.687     -35.219     -18.265      20.303      67.978
      68.244      27.298      -3.698       5.077      23.231      -2.011     -58.022    -111.854    -138.610    -110.882
     -37.305      19.616      36.906      54.469      64.441      44.357       1.568     -33.641     -15.764      23.665
      49.013      83.044     103.501      89.176      56.373      20.376     -22.470     -53.572     -58.550     -63.404
     -65.527     -60.267     -55.035     -41.725     -49.765     -74.758     -73.563     -50.082     -33.244     -27.548
     -20.860      -6.352       7.132       1.325     -22.359     -23.039      12.220      42.371      49.394      39.383
      13.568      -8.772     -30.222     -52.667     -51.729     -40.825     -43.954     -48.591     -50.692     -57.384
     -41.653      -0.339      24.288      13.009      -6.363     -13.261     -16.196     -24.867     -26.699     -13.313
     -10.322     -20.037     -22.775     -32.170     -44.172     -37.541     -27.666     -25.007     -18.362       7.865
      48.497      65.710      52.927      35.202      23.437     -11.957     -70.411     -90.331     -69.291     -47.530
     -25.412      -2.542      16.217      29.562      36.740      38.601      33.809      27.633      26.141      23.400
      -5.027     -46.616     -55.476     -34.038       1.577      36.202      51.956      55.909      46.828      19.337
      -8.356     -19.776     -21.001     -23.008     -24.031     -26.293     -31.280     -28.383     -21.382     -11.230
      11.316      45.148      58.828      35.281      -1.861     -31.110     -36.537     -22.817      -4.241      10.177
       9.450      14.555      25.182      18.507       2.999      -7.176      -7.175      -4.438     -11.275     -15.682
       2.239      35.052      57.154      64.637      55.878      34.786      21.712       8.084      -6.821     -10.122
      -2.781       9.058       6.376      -5.914     -10.751     -10.609     -10.970     -14.625      -7.311       2.397
      -5.510     -15.040     -13.473      -6.120       4.648      11.920       0.919     -18.063     -24.031     -23.215
     -17.158     -21.031     -27.277      -6.571      11.781       4.430     -11.924     -19.264      -6.522      14.424
      29.721      31.093      15.298     -12.913     -41.526     -63.611     -80.760     -71.909     -37.198      -4.480
      14.671      17.357      19.952      25.620      27.300      23.932       2.503     -13.589     -17.285     -25.079
     -27.356     -30.251     -29.912     -24.609     -31.960     -41.428     -35.114     -23.424     -15.069       2.501
      22.060      32.902      35.271      22.465      12.251      14.643      20.113      25.944      14.000      -1.576
       8.464      28.630      31.138      10.868      -7.477      -6.842       5.994      15.035      11.444      -2.489
     -13.554      -3.506      13.460      18.230       9.649      -1.084       4.547       7.646      12.010      38.319
      50.513      35.981       9.167     -12.390     -10.485      -7.193     -11.448      -9.604      -7.651     -11.710
      -9.511      -2.738      -5.613      -7.996      -7.541      -7.843      -5.844      -7.023       1.121      13.306
       8.548      -1.514      -7.285      -5.842      -3.956     -10.547     -16.426     -19.574     -15.928      -9.947
     -11.970     -13.048      -4.489       3.361      -0.527     -16.412     -37.683     -42.332     -31.335     -24.083
     -14.001     -11.037     -10.658       4.073       7.009      -1.774      -7.141     -13.611     -13.712      -8.578
       1.504      19.981      34.366      32.812      26.015      25.712      25.147      21.264       7.495     -12.570
     -24.862     -26.827     -16.095      -9.284     -11.604      -5.620       2.786       6.735       2.859       4.220
      25.360      39.865      37.937      33.704      23.954      14.849      16.722      17.595      13.234      10.931
       8.828      15.319      19.524       8.432       6.973       8.816      -3.034     -14.744     -18.557      -7.146
       6.893       9.070      13.481      19.446      16.475       6.692      -5.847     -14.792     -13.578      -5.331
       4.853      14.206      19.190      29.317      38.197      30.806      21.096      14.688      16.234      24.685
      18.620       6.236      -1.894      -5.873       2.218       9.270      10.566      14.844      12.522       3.811
      -2.123      -5.418       0.831      12.184      12.249       8.146       8.018      11.280      21.383      24.965
      22.086      25.823      26.511      19.632       8.959      -0.618      -1.768      -3.476      -7.271      -3.400
       1.580       1.930       0.109      -4.322      -5.146      -0.762       3.353       8.149       5.684      -3.640
      -4.469      -1.840      -1.026      -0.190      -3.535      -5.038      -5.496      -9.353      -9.009      -6.391
      -4.849      -1.573      -0.791      -2.264      -1.476       0.891       4.728       7.153       5.874       5.790
       4.395      -1.191      -5.416      -7.116      -4.772      -0.139      -0.022      -1.291      -2.263      -4.471
      -4.310      -3.170      -1.918       0.691       0.817      -0.098       0.426      -0.070       0.408       1.793
       1.226       0.797       0.273      -0.877      -1.256      -2.742      -4.188      -3.487      -2.688      -2.532
      -2.796      -2.954      -2.004      -0.902      -0.203       0.134      -0.228      -0.559      -0.550      -0.490
      -0.280       0.000       0.000       0.000       0.000       0.000       0.000       0.000       0.000       0.000
       0.000       0.000       0.000       0.000       0.000       0.000       0.000       0.000       0.000       0.000
       0.000       0.000       0.000       0.000       0.000       0.000       0.000       0.000       0.000       0.000
       0.000       0.000       0.000       0.000       0.000       0.000       0.000       0.000       0.000       0.000
       0.000       0.000       0.000       0.000       0.000       0.000       0.000       0.000       0.000       0.000
       0.000       0.000       0.000       0.000       0.000       0.000       0.000       0.000       0.000       0.000
       0.000       0.000       0.000       0.000       0.000       0.000       0.000       0.000       0.000       0.000
       0.000       0.000       0.000       0.000       0.000       0.000       0.000       0.000       0.000       0.000
       0.000       0.000       0.000       0.000       0.000       0.000       0.000       0.000       0.000       0.000
       0.000       0.000       0.000       0.000       0.000       0.000       0.000       0.000       0.000       0.000
       0.000       0.000       0.000       0.000       0.000       0.000       0.000       0.000       0.000       0.000
       0.000       0.000       0.000       0.000       0.000       0.000       0.000       0.000       0.000       0.000
       0.000       0.000       0.000       0.000       0.000       0.000       0.000       0.000       0.000       0.000
       0.000       0.000       0.000       0.000       0.000       0.000       0.000       0.000       0.000       0.000
       0.000       0.000       0.000       0.000       0.000       0.000       0.000       0.000       0.000       0.000
       0.000       0.000       0.000       0.000       0.000       0.000       0.000       0.000       0.000       0.000
       0.000       0.000       0.000       0.000       0.000       0.000       0.000       0.000       0.000       0.000
       0.000       0.000       0.000       0.000       0.000       0.000       0.000       0.000       0.000       0.000
       0.000       0.000       0.000       0.000       0.000       0.000       0.000       0.000       0.000       0.000
       0.000       0.000       0.000       0.000       0.000       0.000       0.000       0.000       0.000       0.000
       0.000       0.000       0.000       0.000       0.000       0.000       0.000       0.000       0.000       0.000
       0.000       0.000       0.000       0.000       0.000       0.000       0.000       0.000       0.000       0.000
       0.000       0.000       0.000       0.000       0.000       0.000       0.000       0.000       0.000       0.000
       0.000       0.000       0.000       0.000       0.000       0.000       0.000       0.000       0.000       0.000
       0.000       0.000       0.000       0.000       0.000       0.000       0.000       0.000       0.000       0.000
       0.000       0.000       0.000       0.000       0.000       0.000       0.000       0.000       0.000       0.000
       0.000       0.000       0.000       0.000       0.000       0.000       0.000       0.000       0.000       0.000
       0.000       0.000       0.000       0.000       0.000       0.000       0.000       0.000       0.000       0.000
       0.000       0.000       0.000       0.000       0.000       0.000       0.000       0.000       0.000       0.000
       0.000       0.000       0.000       0.000       0.000       0.000       0.000       0.000       0.000       0.000
       0.000       0.000       0.000       0.000       0.000       0.000       0.000       0.000       0.000       0.000
       0.000       0.000       0.000       0.000       0.000       0.000       0.000       0.000       0.000       0.000
       0.000       0.000       0.000       0.000       0.000       0.000       0.000       0.000       0.000       0.000
       0.000       0.000       0.000       0.000       0.000       0.000       0.000       0.000       0.000       0.000
       0.000       0.000       0.000       0.000       0.000       0.000       0.000       0.000       0.000       0.000
       0.000       0.000       0.000       0.000       0.000       0.000       0.000       0.000       0.000       0.000
       0.000       0.000       0.000       0.000       0.000       0.000       0.000       0.000       0.000       0.000
       0.000       0.000       0.000       0.000       0.000       0.000       0.000       0.000       0.000       0.000
       0.000       0.000       0.000       0.000       0.000       0.000       0.000       0.000       0.000       0.000
       0.000       0.000       0.000       0.000       0.000       0.000       0.000       0.000       0.000       0.000
       0.000       0.000       0.000       0.000       0.000       0.000       0.000       0.000       0.000       0.000
       0.000       0.000       0.000       0.000       0.000       0.000       0.000       0.000       0.000       0.000
       0.000       0.000       0.000       0.000       0.000       0.000       0.000       0.000       0.000       0.000
       0.000       0.000       0.000       0.000       0.000       0.000       0.000       0.000       0.000       0.000
       0.000       0.000       0.000       0.000       0.000       0.000       0.000       0.000       0.000       0.000
       0.000       0.000       0.000       0.000       0.000       0.000       0.000       0.000       0.000       0.000
       0.000       0.000       0.000       0.000       0.000       0.000       0.000       0.000       0.000       0.000
       0.000       0.000       0.000       0.000       0.000       0.000       0.000       0.000       0.000       0.000
       0.000       0.000       0.000       0.000       0.000       0.000       0.000       0.000       0.000       0.000
       0.000       0.000       0.000       0.000       0.000       0.000       0.000       0.000       0.000       0.000
       0.000       0.000       0.000       0.000       0.000       0.000       0.000       0.000       0.000       0.000
       0.000       0.000       0.000       0.000       0.000       0.000       0.000       0.000       0.000       0.000
       0.000       0.000       0.000       0.000       0.000       0.000       0.000       0.000       0.000       0.000
       0.000       0.000       0.000       0.000       0.000       0.000       0.000       0.000       0.000       0.000
       0.000       0.000       0.000       0.000       0.000       0.000       0.000       0.000       0.000       0.000
       0.000       0.000       0.000       0.000       0.000       0.000       0.000       0.000       0.000       0.000
       0.000       0.000       0.000       0.000       0.000       0.000       0.000       0.000       0.000       0.000
       0.000       0.000       0.000       0.000       0.000       0.000       0.000       0.000       0.000       0.000
       0.000       0.000       0.000       0.000       0.000       0.000       0.000       0.000       0.000       0.000
       0.000       0.000       0.000       0.000       0.000       0.000       0.000       0.000       0.000       0.000
       0.000       0.000       0.000       0.000       0.000       0.000       0.000       0.000       0.000       0.000
       0.000       0.000       0.000       0.000       0.000       0.000       0.000       0.000       0.000       0.000
       0.000       0.000       0.000       0.000       0.000       0.000       0.000       0.000       0.000       0.000
       0.000       0.000       0.000       0.000       0.000       0.000       0.000       0.000       0.000       0.000
       0.000       0.000       0.000       0.000       0.000       0.000       0.000       0.000       0.000       0.000
       0.000       0.000       0.000       0.000       0.000       0.000       0.000       0.000       0.000       0.000
       0.000       0.000       0.000       0.000       0.000       0.000       0.000       0.000       0.000       0.000
       0.000       0.000       0.000       0.000       0.000       0.000       0.000       0.000       0.000       0.000
       0.000       0.000       0.000       0.000       0.000       0.000       0.000       0.000       0.000       0.000
       0.000       0.000       0.000       0.000       0.000       0.000       0.000       0.000       0.000       0.000
       0.000       0.000       0.000       0.000       0.000       0.000       0.000       0.000       0.000       0.000
       0.000       0.000       0.000       0.000       0.000       0.000       0.000       0.000       0.000       0.000
       0.000       0.000       0.000       0.000       0.000       0.000       0.000       0.000       0.000       0.000
       0.000       0.000       0.000       0.000       0.000       0.000       0.000       0.000       0.000       0.000
       0.000       0.000       0.000       0.000       0.000       0.000       0.000       0.000       0.000       0.000
       0.000       0.000       0.000       0.000       0.000       0.000       0.000       0.000       0.000       0.000
       0.000       0.000       0.000       0.000       0.000       0.000       0.000       0.000       0.000       0.000
       0.000       0.000       0.000       0.000       0.000       0.000       0.000       0.000       0.000       0.000
       0.000       0.000       0.000       0.000       0.000       0.000       0.000       0.000       0.000       0.000
       0.000       0.000       0.000       0.000       0.000       0.000       0.000       0.000       0.000       0.000
       0.000       0.000       0.000       0.000       0.000       0.000       0.000       0.000       0.000       0.000
       0.000       0.000       0.000       0.000       0.000       0.000       0.000       0.000       0.000       0.000
       0.000       0.000       0.000       0.000       0.000       0.000       0.000       0.000       0.000       0.000
       0.000       0.000       0.000       0.000       0.000       0.000       0.000       0.000       0.000       0.000
       0.000       0.000       0.000       0.000       0.000       0.000       0.000       0.000       0.000       0.000
       0.000       0.000       0.000       0.000       0.000       0.000       0.000       0.000       0.000       0.000
       0.000       0.000       0.000       0.000       0.000       0.000       0.000       0.000       0.000       0.000
       0.000       0.000       0.000       0.000       0.000       0.000       0.000       0.000       0.000       0.000
       0.000       0.000       0.000       0.000       0.000       0.000       0.000       0.000       0.000       0.000
       0.000       0.000       0.000       0.000       0.000       0.000       0.000       0.000       0.000       0.000
       0.000       0.000       0.000       0.000       0.000       0.000       0.000       0.000       0.000       0.000
       0.000       0.000       0.000       0.000       0.000       0.000       0.000       0.000       0.000       0.000
       0.000       0.000       0.000       0.000       0.000       0.000       0.000       0.000       0.000       0.000
       0.000       0.000       0.000       0.000       0.000       0.000       0.000       0.000       0.000       0.000
       0.000       0.000       0.000       0.000       0.000       0.000       0.000       0.000       0.000       0.000
       0.000       0.000       0.000       0.000       0.000       0.000       0.000       0.000       0.000       0.000
       0.000       0.000       0.000       0.000       0.000       0.000       0.000       0.000       0.000       0.000
       0.000       0.000       0.000       0.000       0.000       0.000       0.000       0.000       0.000       0.000
       0.000       0.000       0.000       0.000       0.000       0.000       0.000       0.000       0.000       0.000
       0.000       0.000       0.000       0.000       0.000       0.000       0.000       0.000       0.000       0.000
       0.000       0.000       0.000       0.000       0.000       0.000       0.000       0.000       0.000       0.000
       0.000       0.000       0.000       0.000       0.000       0.000       0.000       0.000