        2048     0.02000
       0.007       0.007       0.007       0.042       0.007       0.007       0.145       0.008       0.008       0.317
       0.014       0.013       0.557       0.061       0.045       0.867       0.047       0.077       0.840       0.322
       0.223       1.302       1.414       1.067       1.717       0.091      -0.632      -1.155      -2.186      -3.126
      -3.431      -0.233      -0.557      -1.977      -0.640      -0.576      -2.633      -1.134      -0.959      -3.423
      -1.504      -1.318      -4.568      -1.997      -2.234      -7.730      -3.813      -2.373      -5.491      -3.897
      -3.887      -4.653      -3.630      -3.908      -6.728      -8.221      -9.599     -12.406      -5.897       3.540
      13.456      12.626       9.383       3.722      -4.191      -4.555       1.752       5.875      12.365       9.396
      10.196      18.608      19.813      15.892       8.064       1.050      -8.659     -10.194       2.188       7.327
      13.367      19.264      25.697      19.544      14.085       7.571       2.917       7.175       7.412       9.968
       7.454       7.282       9.251      10.202      -6.522     -19.042     -23.396     -31.216     -35.253     -15.267
       1.611      -1.013     -19.621     -30.632     -28.665     -40.462     -42.922     -35.140     -29.354     -22.526
     -15.152      -4.746       0.167     -14.970     -28.566     -26.037     -17.616      -2.322      25.327      37.556
      48.870      42.642      29.443      22.136       6.247     -12.119     -18.610     -10.538       7.714      15.131
      20.394       5.088     -25.794     -33.044     -38.798     -44.491     -24.058      -6.385      13.569      15.226
      24.558      32.602      40.184      41.758      41.959      32.427      28.184      17.653      31.611       9.781
     -21.763     -28.818     -28.970     -14.539       5.567       0.586       2.560       0.812      23.026      37.445
      54.440      55.636      27.102      -2.426     -25.545      -6.685       7.611      36.538      35.954      33.371
      39.809      -4.766     -70.075     -84.060     -69.698     -61.481     -50.446     -32.608      -6.661       6.142
       2.886     -33.845     -64.079     -45.817     -28.005      -7.296      24.667      77.091      40.248      25.783
      -2.664     -24.812     -51.761     -83.633     -51.591      15.249      10.599      38.144      57.727      59.770
      29.339     -25.672     -30.547     -16.443     -32.468     -26.832      30.883      49.139      39.334      37.455
      53.780      41.039      42.055      43.038       9.664     -46.046     -40.602       1.530      66.806      90.836
      96.596      81.295      40.738      16.409      10.698      18.217       3.863      -3.889      -9.432     -21.755
     -54.464     -62.657     -73.004     -81.271     -90.227     -58.262      -0.034      57.060      85.694      79.839
     116.497     159.007     116.460      64.864      43.241     -15.688     -92.741    -112.769     -99.748     -81.323
     -21.773      41.469      19.365     -36.843     -64.805     -66.833     -47.561       1.735     -19.990       0.905
      -3.303     -38.779     -73.066     -17.238      18.448      56.318      53.078      46.543      24.804      11.960
      26.531     -17.242     -34.556     -28.757     -50.013     -66.714     -19.854      78.117     114.888      90.204
      89.999      77.075      55.534      26.855      10.349       5.022      29.057      41.319      12.589       9.786
     -12.310     -43.589     -51.204     -56.769      20.698      36.092      22.965      30.298     -16.926     -40.491
     -80.164     -53.448     -37.851     -29.401      24.673      56.049      18.800      -9.182     -20.948      34.862
      -1.852      -6.949      -6.640     -26.795     -10.945      29.560      54.537     108.711     130.275      97.842
      43.208       2.152       0.669      20.411      13.967     -15.910      20.526      24.302     -23.088     -27.065
     -46.163    -100.804    -128.781     -66.624     -30.334     -36.230      -9.452      -6.104     -33.328     -13.025
       3.795      12.361      30.317      22.860      46.486      93.785     103.775     101.533      68.574      -2.765
     -37.559     -18.977       2.357      23.070      44.018      14.618     -10.000      -7.873     -14.104     -44.402
     -14.965     -12.342      -3.124     -10.054      17.540      17.683      21.466       9.643      -3.571       6.568
     -22.668     -64.740     -44.976      -4.987       4.917      27.742      61.170      83.391      53.205      13.122
     -31.604     -90.578     -56.547     -23.948     -12.361       8.826     -32.487     -43.454     -16.699      25.871
      30.826       3.648       0.006     -30.114     -41.581      20.747      35.870      26.272      21.960      22.412
      52.838      91.232     137.998     159.007     105.234      19.669     -13.856     -45.574     -58.140     -58.611
     -42.819      17.571      33.850       9.250     -16.145     -40.841     -46.565     -64.186     -22.325      13.173
      58.238      33.496     -14.117     -33.730     -49.173     -71.143     -65.621     -36.399      -4.309      21.933
      37.572      -0.297     -38.532       6.437     -25.315      10.686      11.637      -5.266      -1.235      -3.948
     -23.626      -3.397      20.492      28.230      60.349      97.669      64.175      60.047      77.534      35.327
      26.166     -30.791       7.116      44.144      12.296     -37.504     -61.206     -58.301     -48.201     -81.856
     -45.636      44.011      88.647      78.059      62.796      75.489      39.683       8.990     -16.926      -4.307
      -6.747       9.373      38.170      -9.692     -62.603     -25.365     -52.322     -86.946    -105.221    -135.716
     -91.409     -64.180     -61.464     -79.884     -52.508     -61.793     -42.293       9.932      53.295      91.027
     112.433      70.018      25.890     -44.475     -73.645     -86.688     -74.446     -35.667     -13.026      14.095
     -24.008     -33.951     -11.568      34.405      32.444     -23.451     -86.406    -134.512    -150.589    -132.295
     -82.455     -56.731     -34.113      13.374      51.122       1.884     -59.688    -121.080    -137.649    -114.506
     -67.546     -35.006      20.031      57.139      61.187      62.469      48.988     -19.226     -17.074      -8.417
      32.947      38.658      48.483      18.748     -43.868     -89.548     -53.323     -32.503     -20.957      12.950
      41.959      37.644      72.003      76.329      12.092     -51.100     -63.376     -59.094     -44.838      32.066
      86.923      60.923      10.673     -23.679     -35.255     -39.931     -25.877     -39.798     -52.164     -31.391
     -30.442      17.040      42.857      32.894      38.750      42.831      36.037      63.440      90.459      76.632
      22.501     -17.488     -19.288      -6.819     -19.858     -51.172     -54.167     -71.704     -57.441     -13.260
      -1.985      22.886      55.425      44.108      26.077      14.790       2.316       8.995      40.746      71.966
      55.509      37.306      21.533      26.837      23.957     -11.632     -17.445     -34.379     -50.685     -51.816
     -34.157      -1.278      13.833      10.182      -4.465      -0.278      13.852      23.708      51.449      68.845
      63.355      80.650      59.306      40.613      11.602      -9.833     -21.391     -51.278     -54.581     -32.379
     -30.615     -29.016      -4.133       6.462     -20.892     -18.571     -14.903     -14.303     -11.734     -29.705
     -31.491     -35.117     -53.054     -44.684     -47.276     -48.116     -41.106      -9.491      20.625      34.108
      12.683       8.423      17.293      22.934      41.684      58.622      71.497     103.832     118.629     125.144
     107.592      72.833      44.155      28.873      20.342       8.581      -2.925       7.347       5.555       3.188
      11.030      26.736      21.793      20.149      13.935      -6.456       0.118      -0.386       0.906      -0.377
      11.251      31.397      24.002      -4.464     -30.719     -36.137     -35.858     -44.649     -34.209     -36.483
     -34.609     -21.583     -12.854     -17.416      -6.400     -10.933       5.965       6.091       4.189      12.669
      31.258      14.181      -0.253     -12.055     -20.918     -14.170     -26.336     -33.955     -19.922     -13.077
     -10.857      -7.974      -9.727     -11.364      -4.020     -11.850      -7.835      10.522      23.520      23.353
      12.747     -10.437     -32.841     -48.820     -52.213     -24.668      -7.250      -2.600      -4.678     -21.436
     -38.964     -34.793     -19.637       0.505      14.147      32.950      25.466      28.085      45.956      45.635
      35.131       8.145       7.469      22.068      16.660      15.910      27.650      44.818      35.767      20.747
       6.130      -5.490      -3.687       4.646      16.814      30.381      39.444      45.867      22.537       7.925
       5.583      -4.872     -22.732     -36.740     -48.470     -61.392     -46.829     -26.213     -23.021      -5.727
      -6.489     -18.810     -20.648     -23.792     -20.788     -12.799     -14.289      -7.229      -4.514      -6.635
     -11.399      -8.823     -10.125      -9.671     -10.257      -4.199      -2.823      -0.154      -2.933     -13.081
     -17.118     -14.039     -10.751     -11.303     -10.094       9.208      17.092      19.153       8.797      -2.937
      -6.185     -15.429      -7.232       1.292      -2.365     -21.945     -32.707     -27.518     -17.841     -12.569
      -8.114     -10.474     -10.726      -8.237       6.771      11.900      14.106      12.077       1.568      -4.186
     -21.970     -23.868     -19.399     -11.045      10.588      19.882      14.326      -1.031      -9.934      -8.160
      -3.406       2.530       8.221      10.643      14.292      18.948      24.267      21.930      14.384       9.011
      -0.425      -9.412      -6.271      -6.291     -14.154     -27.050     -29.997     -30.257     -28.257     -33.045
     -27.125     -18.235     -12.437      -5.878      -4.605      -4.371      -0.662       0.872      -5.019      -7.409
      -7.449      -7.481     -11.901      -9.112       5.303      17.658      23.516      25.055      26.917      15.416
       9.706      13.571      12.009      14.211      15.734      21.440      24.207      12.638       8.443      13.892
      18.606      28.073      28.334      28.720      20.008       9.100       0.432      -1.972       7.204       8.528
       7.511       8.012      13.397      17.273      14.187      11.293      11.398       8.195       1.248       3.519
      13.493      17.586      22.847      14.884       7.989       4.318       3.197       8.097      12.421      12.293
       5.070       0.528       4.210       1.243       0.251      -7.946     -11.937     -17.907     -21.747     -12.111
       2.917      12.587       8.030       2.322      -0.725     -16.515     -30.119     -42.544     -44.985     -37.347
     -30.036     -23.939     -20.095     -17.593     -20.914     -22.470     -21.326     -22.988     -21.704     -22.138
     -15.713      -9.035      -7.631      -0.867      -5.524      -9.406     -13.324     -17.305     -15.617     -12.985
     -11.237      -5.741       2.338      11.436      14.210      14.669       9.567       7.560       8.003      12.717
      24.925      33.215      34.405      24.877      15.105       8.177       3.050       3.999       3.362       5.300
       3.483       4.732       5.855       6.863       7.299       5.780       4.082       2.533       5.506       8.265
       9.711       7.772       5.238       2.001      -1.496      -4.072      -3.715      -0.648       0.430      -0.113
      -0.883      -1.391      -1.663      -0.642       1.250       1.835       0.630      -1.264      -1.670      -0.512
       1.703       2.596       2.361      -0.147      -2.734      -5.738      -8.141      -8.180      -7.080      -4.751
      -3.446      -2.179      -0.831      -0.686      -0.991      -2.248      -3.002      -2.842      -2.331      -1.052
       0.543       2.071       2.447       1.660       0.609      -0.321      -0.783      -0.910      -0.688      -0.272
       0.013       0.216       0.178       0.000       0.000       0.000       0.000       0.000       0.000       0.000
       0.000       0.000       0.000       0.000       0.000       0.000       0.000       0.000       0.000       0.000
       0.000       0.000       0.000       0.000       0.000       0.000       0.000       0.000       0.000       0.000
       0.000       0.000       0.000       0.000       0.000       0.000       0.000       0.000       0.000       0.000
       0.000       0.000       0.000       0.000       0.000       0.000       0.000       0.000       0.000       0.000
       0.000       0.000       0.000       0.000       0.000       0.000       0.000       0.000       0.000       0.000
       0.000       0.000       0.000       0.000       0.000       0.000       0.000       0.000       0.000       0.000
       0.000       0.000       0.000       0.000       0.000       0.000       0.000       0.000       0.000       0.000
       0.000       0.000       0.000       0.000       0.000       0.000       0.000       0.000       0.000       0.000
       0.000       0.000       0.000       0.000       0.000       0.000       0.000       0.000       0.000       0.000
       0.000       0.000       0.000       0.000       0.000       0.000       0.000       0.000       0.000       0.000
       0.000       0.000       0.000       0.000       0.000       0.000       0.000       0.000       0.000       0.000
       0.000       0.000       0.000       0.000       0.000       0.000       0.000       0.000       0.000       0.000
       0.000       0.000       0.000       0.000       0.000       0.000       0.000       0.000       0.000       0.000
       0.000       0.000       0.000       0.000       0.000       0.000       0.000       0.000       0.000       0.000
       0.000       0.000       0.000       0.000       0.000       0.000       0.000       0.000       0.000       0.000
       0.000       0.000       0.000       0.000       0.000       0.000       0.000       0.000       0.000       0.000
       0.000       0.000       0.000       0.000       0.000       0.000       0.000       0.000       0.000       0.000
       0.000       0.000       0.000       0.000       0.000       0.000       0.000       0.000       0.000       0.000
       0.000       0.000       0.000       0.000       0.000       0.000       0.000       0.000       0.000       0.000
       0.000       0.000       0.000       0.000       0.000       0.000       0.000       0.000       0.000       0.000
       0.000       0.000       0.000       0.000       0.000       0.000       0.000       0.000       0.000       0.000
       0.000       0.000       0.000       0.000       0.000       0.000       0.000       0.000       0.000       0.000
       0.000       0.000       0.000       0.000       0.000       0.000       0.000       0.000       0.000       0.000
       0.000       0.000       0.000       0.000       0.000       0.000       0.000       0.000       0.000       0.000
       0.000       0.000       0.000       0.000       0.000       0.000       0.000       0.000       0.000       0.000
       0.000       0.000       0.000       0.000       0.000       0.000       0.000       0.000       0.000       0.000
       0.000       0.000       0.000       0.000       0.000       0.000       0.000       0.000       0.000       0.000
       0.000       0.000       0.000       0.000       0.000       0.000       0.000       0.000       0.000       0.000
       0.000       0.000       0.000       0.000       0.000       0.000       0.000       0.000       0.000       0.000
       0.000       0.000       0.000       0.000       0.000       0.000       0.000       0.000       0.000       0.000
       0.000       0.000       0.000       0.000       0.000       0.000       0.000       0.000       0.000       0.000
       0.000       0.000       0.000       0.000       0.000       0.000       0.000       0.000       0.000       0.000
       0.000       0.000       0.000       0.000       0.000       0.000       0.000       0.000       0.000       0.000
       0.000       0.000       0.000       0.000       0.000       0.000       0.000       0.000       0.000       0.000
       0.000       0.000       0.000       0.000       0.000       0.000       0.000       0.000       0.000       0.000
       0.000       0.000       0.000       0.000       0.000       0.000       0.000       0.000       0.000       0.000
       0.000       0.000       0.000       0.000       0.000       0.000       0.000       0.000       0.000       0.000
       0.000       0.000       0.000       0.000       0.000       0.000       0.000       0.000       0.000       0.000
       0.000       0.000       0.000       0.000       0.000       0.000       0.000       0.000       0.000       0.000
       0.000       0.000       0.000       0.000       0.000       0.000       0.000       0.000       0.000       0.000
       0.000       0.000       0.000       0.000       0.000       0.000       0.000       0.000       0.000       0.000
       0.000       0.000       0.000       0.000       0.000       0.000       0.000       0.000       0.000       0.000
       0.000       0.000       0.000       0.000       0.000       0.000       0.000       0.000       0.000       0.000
       0.000       0.000       0.000       0.000       0.000       0.000       0.000       0.000       0.000       0.000
       0.000       0.000       0.000       0.000       0.000       0.000       0.000       0.000       0.000       0.000
       0.000       0.000       0.000       0.000       0.000       0.000       0.000       0.000       0.000       0.000
       0.000       0.000       0.000       0.000       0.000       0.000       0.000       0.000       0.000       0.000
       0.000       0.000       0.000       0.000       0.000       0.000       0.000       0.000       0.000       0.000
       0.000       0.000       0.000       0.000       0.000       0.000       0.000       0.000       0.000       0.000
       0.000       0.000       0.000       0.000       0.000       0.000       0.000       0.000       0.000       0.000
       0.000       0.000       0.000       0.000       0.000       0.000       0.000       0.000       0.000       0.000
       0.000       0.000       0.000       0.000       0.000       0.000       0.000       0.000       0.000       0.000
       0.000       0.000       0.000       0.000       0.000       0.000       0.000       0.000       0.000       0.000
       0.000       0.000       0.000       0.000       0.000       0.000       0.000       0.000       0.000       0.000
       0.000       0.000       0.000       0.000       0.000       0.000       0.000       0.000       0.000       0.000
       0.000       0.000       0.000       0.000       0.000       0.000       0.000       0.000       0.000       0.000
       0.000       0.000       0.000       0.000       0.000       0.000       0.000       0.000       0.000       0.000
       0.000       0.000       0.000       0.000       0.000       0.000       0.000       0.000       0.000       0.000
       0.000       0.000       0.000       0.000       0.000       0.000       0.000       0.000       0.000       0.000
       0.000       0.000       0.000       0.000       0.000       0.000       0.000       0.000       0.000       0.000
       0.000       0.000       0.000       0.000       0.000       0.000       0.000       0.000       0.000       0.000
       0.000       0.000       0.000       0.000       0.000       0.000       0.000       0.000       0.000       0.000
       0.000       0.000       0.000       0.000       0.000       0.000       0.000       0.000       0.000       0.000
       0.000       0.000       0.000       0.000       0.000       0.000       0.000       0.000       0.000       0.000
       0.000       0.000       0.000       0.000       0.000       0.000       0.000       0.000       0.000       0.000
       0.000       0.000       0.000       0.000       0.000       0.000       0.000       0.000       0.000       0.000
       0.000       0.000       0.000       0.000       0.000       0.000       0.000       0.000       0.000       0.000
       0.000       0.000       0.000       0.000       0.000       0.000       0.000       0.000       0.000       0.000
       0.000       0.000       0.000       0.000       0.000       0.000       0.000       0.000       0.000       0.000
       0.000       0.000       0.000       0.000       0.000       0.000       0.000       0.000       0.000       0.000
       0.000       0.000       0.000       0.000       0.000       0.000       0.000       0.000       0.000       0.000
       0.000       0.000       0.000       0.000       0.000       0.000       0.000       0.000       0.000       0.000
       0.000       0.000       0.000       0.000       0.000       0.000       0.000       0.000       0.000       0.000
       0.000       0.000       0.000       0.000       0.000       0.000       0.000       0.000       0.000       0.000
       0.000       0.000       0.000       0.000       0.000       0.000       0.000       0.000       0.000       0.000
       0.000       0.000       0.000       0.000       0.000       0.000       0.000       0.000       0.000       0.000
       0.000       0.000       0.000       0.000       0.000       0.000       0.000       0.000       0.000       0.000
       0.000       0.000       0.000       0.000       0.000       0.000       0.000       0.000       0.000       0.000
       0.000       0.000       0.000       0.000       0.000       0.000       0.000       0.000       0.000       0.000
       0.000       0.000       0.000       0.000       0.000       0.000       0.000       0.000       0.000       0.000
       0.000       0.000       0.000       0.000       0.000       0.000       0.000       0.000       0.000       0.000
       0.000       0.000       0.000       0.000       0.000       0.000       0.000       0.000       0.000       0.000
       0.000       0.000       0.000       0.000       0.000       0.000       0.000       0.000       0.000       0.000
       0.000       0.000       0.000       0.000       0.000       0.000       0.000       0.000       0.000       0.000
       0.000       0.000       0.000       0.000       0.000       0.000       0.000       0.000       0.000       0.000
       0.000       0.000       0.000       0.000       0.000       0.000       0.000       0.000       0.000       0.000
       0.000       0.000       0.000       0.000       0.000       0.000       0.000       0.000       0.000       0.000
       0.000       0.000       0.000       0.000       0.000       0.000       0.000       0.000       0.000       0.000
       0.000       0.000       0.000       0.000       0.000       0.000       0.000       0.000       0.000       0.000
       0.000       0.000       0.000       0.000       0.000       0.000       0.000       0.000       0.000       0.000
       0.000       0.000       0.000       0.000       0.000       0.000       0.000       0.000       0.000       0.000
       0.000       0.000       0.000       0.000       0.000       0.000       0.000       0.000       0.000       0.000
       0.000       0.000       0.000       0.000       0.000       0.000       0.000       0.000       0.000       0.000
       0.000       0.000       0.000       0.000       0.000       0.000       0.000       0.000       0.000       0.000
       0.000       0.000       0.000       0.000       0.000       0.000       0.000       0.000       0.000       0.000
       0.000       0.000       0.000       0.000       0.000       0.000       0.000       0.000       0.000       0.000
       0.000       0.000       0.000       0.000       0.000       0.000       0.000       0.000       0.000       0.000
       0.000       0.000       0.000       0.000       0.000       0.000       0.000       0.000       0.000       0.000
       0.000       0.000       0.000       0.000       0.000       0.000       0.000       0.000       0.000       0.000
       0.000       0.000       0.000       0.000       0.000       0.000       0.000       0.000       0.000       0.000
       0.000       0.000       0.000       0.000       0.000       0.000       0.000       0.000       0.000       0.000
       0.000       0.000       0.000       0.000       0.000       0.000       0.000       0.000