        2048     0.02000
      -0.037      -0.037      -0.037      -0.071      -0.038      -0.038      -0.171      -0.034      -0.031       0.263
      -0.039      -0.050      -0.524      -0.132      -0.118      -0.809       0.033       0.139       0.751      -0.043
      -0.177      -1.354      -0.288      -0.369      -2.171      -0.924      -0.018      -0.318      -1.443      -0.740
      -0.728      -2.859      -3.831      -1.352       0.581       4.466       2.554      -0.169      -3.697      -5.673
      -4.739      -2.189       2.105       5.468       3.704       3.998       7.803       7.328       3.488       2.105
       2.498       3.724       7.383      10.371       9.258       5.717      -6.480     -10.982      -1.085       5.881
      12.003      12.191      11.043      14.669       6.934      -1.165      -3.691      -2.673       0.758       2.218
      -0.613      -5.841     -10.226     -13.217     -14.398     -12.135      -3.774       5.392      12.785      12.854
       2.608      -9.708     -14.722     -11.359      -7.278      -6.749      -2.838       6.491      12.781      11.868
       5.241      -5.713     -10.845      -7.544      -4.520      -5.047      -6.438      -7.747     -11.462     -19.810
     -23.821     -16.304       0.105      11.313      10.790       3.743      -7.510     -15.172      -6.794       4.939
      -1.071     -12.028      -6.250      -4.926     -10.801     -14.577     -17.866     -23.199     -19.739     -11.751
      -3.040       7.410      33.363      50.999      48.917      27.799      -3.576     -36.150     -34.825     -16.552
       0.765       9.622       6.228      -2.152      -4.601     -17.880     -45.064     -62.860     -58.399     -46.520
     -33.489     -18.126     -20.478     -37.276     -42.884     -50.387     -55.352     -33.148       2.075      14.962
       7.066      -6.669     -24.472     -28.308     -27.494     -21.994      -0.869      34.503      37.239      -9.569
     -56.650     -87.364     -97.278     -88.057     -95.214     -89.263     -50.896      -3.995      24.489      45.915
      56.876      52.838      40.552       2.360     -51.741     -84.285     -57.762     -12.966       3.385      -0.858
     -13.328     -20.156       2.756      12.174     -18.548     -27.907      -5.130       1.868       3.667      12.728
      28.686      34.567      34.769      20.241       9.864       9.412       0.280     -49.027     -82.344     -69.738
     -23.433      29.177      65.412      58.111      23.074     -18.561     -61.505     -83.637     -40.007      20.388
      47.111      56.314      52.295      34.015      31.731      50.525      51.290      27.266       5.648     -14.616
     -23.284     -70.807    -143.110    -158.037     -75.666      -3.309      31.517      48.248      43.389      28.565
      36.847      35.957       4.736       7.126      41.698      24.557      -7.959      31.253      74.476      63.780
      31.873      -6.770     -59.185     -78.622     -24.223      56.032     106.056     118.542      89.700      34.380
     -10.312     -43.509     -62.317     -81.118     -84.962     -36.102       7.418     -13.419     -51.945     -23.791
      31.499      58.623      64.650      71.167      54.000      62.246      80.361      51.062       2.008     -37.338
     -74.247     -97.966     -86.683     -49.208       6.489      41.080      18.055     -21.196     -21.972     -16.658
       9.673      52.243      38.132     -48.286     -97.634     -84.754     -44.491      -0.935      42.783      43.789
      19.401      29.177      68.489      80.715      67.977      39.022      26.738       7.395     -31.059     -46.990
     -35.751     -35.147      -8.993      27.016      18.798     -20.521     -21.042      19.283      32.516      23.794
      29.759      19.213       3.159      29.938      77.895      92.550      82.198      72.660      61.665      40.313
      37.269      31.305      -6.494     -42.464     -39.715      -5.900      14.363      -5.437     -26.182     -27.056
     -34.792     -34.543      13.878      65.576      93.550     128.259     129.592      74.600      32.078      27.586
      11.147     -27.311     -23.529      27.289      63.368      60.354      34.955      -2.698      -4.253      18.196
      27.130      20.665      -3.704      -4.758      31.921      15.298     -37.145     -61.873     -53.837     -30.788
       2.205      33.899      34.272     -16.947     -66.125     -88.161     -76.797     -27.225      12.756      32.324
      65.506      84.375      55.941       0.155     -31.752     -45.606     -65.340    -103.440    -120.173    -105.895
     -46.973     -11.156     -19.408     -18.012      11.211      33.767      76.798     121.156     115.136      75.418
      38.177      -6.602     -20.993       3.160      35.277      58.971      54.194      32.763      36.275      60.137
      56.119      -5.298     -39.714      -9.153      12.251      10.501     -22.078     -68.979     -35.972      41.721
      59.668      49.470      26.485     -28.232     -95.650    -147.701    -158.037    -113.604     -53.576     -24.853
     -70.126     -82.392     -16.372      36.465      45.295      40.050      34.513      43.217      69.732      71.930
      54.460      42.274      59.083      80.835      72.200      45.835      22.077     -30.352     -99.571    -113.042
     -61.664     -14.404      -5.298     -19.287     -34.567     -64.970     -65.674     -42.241     -38.575     -30.576
      19.674      18.804     -23.110     -48.242     -32.987     -32.868     -40.534     -28.143      -3.508      -1.020
       6.899      -7.925     -26.310       8.875      54.312      88.200     102.865      68.966      11.456       3.417
      10.927     -18.879     -59.205     -76.090     -67.720     -58.849     -14.354      42.785     107.928     151.762
     157.963      94.558       2.223     -57.839     -34.531       5.413      25.343      50.798      67.961      36.959
      36.234      91.228      85.075      21.581     -15.811     -23.906     -29.390     -36.016     -64.541    -103.687
    -100.468     -11.407      68.161      47.750      12.911      25.417      56.606      55.172      47.204      80.802
     122.205     111.911      63.640       3.019     -61.479     -89.769     -93.636     -74.570     -54.306     -27.042
      33.349      75.297      51.639      13.443     -15.847     -56.337     -85.726     -82.056     -59.035     -23.303
      19.824      51.164      51.370      25.382      20.523      45.415      74.685      81.450      69.624      36.040
     -10.280     -39.637     -28.118     -24.873     -53.559     -52.971     -10.895       9.058       9.363       3.749
      -1.212      15.438      50.037      69.386      68.161      47.433      43.249      49.686      32.968     -11.299
     -45.478     -58.590     -87.207    -115.319     -99.189     -74.610     -68.548     -50.004      -9.825      17.810
      38.242      54.746      26.720     -30.241     -51.884     -28.310     -12.208     -18.793     -40.446     -66.388
     -70.384     -45.975      -8.828      21.742      37.413      25.621       7.953      18.003      48.945      77.924
      79.445      35.079     -23.517     -47.034     -36.863      -9.837      30.250      68.446      77.906      49.529
      17.772      10.078      25.684      29.784       8.484     -23.029     -56.564     -87.408     -70.455     -14.249
      37.574      68.145      88.727      73.955      38.714      16.946       0.022     -35.813     -55.211     -39.263
     -22.618     -22.064     -28.015     -29.221     -23.552     -18.629     -16.468      -7.358      16.504      26.787
       6.739     -31.780     -75.207     -99.824     -82.226     -54.940     -51.345     -55.147     -48.391     -57.502
     -70.816     -61.271     -26.442      11.320      61.361      98.233      81.983      39.630      27.132      44.741
      51.634      47.269      46.271      47.715      41.020      19.965     -10.177     -38.870     -50.557     -47.262
     -38.666     -31.221      -6.412      29.649      48.580      40.071      25.233      19.154      14.925      14.155
      22.824      39.044      39.239      14.921     -17.028     -19.356      -4.706       1.678      12.204      35.062
      42.176      37.399      35.963      18.756     -16.330     -35.171     -29.184     -29.178     -18.210       8.041
      17.183       6.977      16.384      35.849      40.564      43.089      46.596      31.018       5.557       0.738
      12.101      16.063      10.321       1.368      -4.102      -6.701      -0.059       6.983       5.211     -17.073
     -36.098     -36.555     -15.621      -2.002       1.973      -6.375     -15.715      -8.584       8.324      20.172
      25.136      28.987      38.828      49.684      35.623       7.056     -12.912     -18.793     -24.785     -24.763
     -13.556      -8.650      -0.872      13.124      16.024      -1.775       0.934      17.797      20.667       5.631
      -3.361      -8.204     -11.339     -11.708     -19.232     -32.869     -28.874      -5.783       9.182       6.161
      -2.652       0.668       7.518      14.316      16.873      17.660      13.460       1.558      -3.426      -2.627
      -0.224       4.551      13.330       7.535     -16.454     -39.136     -41.494     -25.660     -11.113      -5.266
      -9.076      -9.751     -11.354     -20.240     -31.456     -34.069     -33.944     -32.899     -37.537     -43.926
     -42.851     -33.472     -33.520     -41.282     -37.823     -21.676      -8.992      -1.309       0.751      -7.935
     -18.498     -17.429     -10.062      -6.380      -3.792       0.155       6.383       8.810      -0.405     -13.887
     -20.727     -12.502       2.028      14.691      19.976      24.228      34.396      39.841      32.795      22.670
      25.780      30.914      30.761      30.353      30.918      27.496      19.694       7.956      -6.097     -13.162
     -11.547      -7.534       0.844      10.486      14.648      11.977      13.634      19.945      27.656      39.833
      49.989      48.924      42.155      31.400      15.455       0.991      -2.400       1.678       4.219       5.527
       5.562      -1.186      -5.948      -3.953      -0.583      -1.858      -2.882       0.110       3.442       1.831
      -4.985     -12.507     -20.079     -23.413     -19.611     -15.408     -15.265     -13.512     -11.585     -18.881
     -30.342     -33.034     -28.024     -20.254     -12.936      -9.829     -13.220     -17.961     -20.128     -21.415
     -16.094      -6.677      -5.926      -9.295      -9.857     -12.262     -13.601      -7.323      -1.550      -1.189
      -2.882      -3.116      -9.116      -9.728      -4.589      -5.310     -16.194     -22.933     -23.382     -19.539
      -7.288       8.385      16.423      13.170      10.927       7.811       3.175       1.952       6.990      10.844
       8.279       1.106      -1.961       1.797       7.575       7.879       0.381     -12.367     -19.135     -15.318
      -8.495      -4.628      -1.627      -1.936      -7.326     -13.992     -17.216     -13.457      -1.979       6.448
       6.991       2.624      -0.683      -4.457      -5.473      -2.589      -4.475      -7.533      -3.367       2.756
       1.873       2.187       1.066      -2.894      -9.701     -12.459     -14.330      -9.418       4.667      17.163
      18.201      12.054       4.736      -1.568      -2.407       3.627      10.178      12.191      10.294       8.490
       7.156       6.591       5.433       5.338       7.302       9.567       9.523       8.461       5.766       3.556
       1.103       0.180       2.010       6.618      12.316      16.264      15.565      11.073       5.293       3.140
       4.898       8.732      12.271      13.239       9.249       3.297      -1.883      -3.925      -2.964       0.982
       4.679       5.646       3.194      -0.190      -3.439      -4.781      -3.532      -1.936      -0.477       0.784
       1.549       0.772      -0.393      -1.787      -3.320      -3.892      -3.143      -1.918      -0.326       1.014
       1.602       1.074       0.026      -1.276      -2.273      -1.848      -0.420       0.463       0.323      -0.633
      -1.637      -2.009      -1.546      -0.890      -0.584      -0.628      -0.770      -0.964      -1.433      -1.696
      -1.826      -1.516      -1.067      -0.581      -0.317      -0.166      -0.261      -0.341      -0.379      -0.262
      -0.125       0.000       0.000       0.000       0.000       0.000       0.000       0.000       0.000       0.000
       0.000       0.000       0.000       0.000       0.000       0.000       0.000       0.000       0.000       0.000
       0.000       0.000       0.000       0.000       0.000       0.000       0.000       0.000       0.000       0.000
       0.000       0.000       0.000       0.000       0.000       0.000       0.000       0.000       0.000       0.000
       0.000       0.000       0.000       0.000       0.000       0.000       0.000       0.000       0.000       0.000
       0.000       0.000       0.000       0.000       0.000       0.000       0.000       0.000       0.000       0.000
       0.000       0.000       0.000       0.000       0.000       0.000       0.000       0.000       0.000       0.000
       0.000       0.000       0.000       0.000       0.000       0.000       0.000       0.000       0.000       0.000
       0.000       0.000       0.000       0.000       0.000       0.000       0.000       0.000       0.000       0.000
       0.000       0.000       0.000       0.000       0.000       0.000       0.000       0.000       0.000       0.000
       0.000       0.000       0.000       0.000       0.000       0.000       0.000       0.000       0.000       0.000
       0.000       0.000       0.000       0.000       0.000       0.000       0.000       0.000       0.000       0.000
       0.000       0.000       0.000       0.000       0.000       0.000       0.000       0.000       0.000       0.000
       0.000       0.000       0.000       0.000       0.000       0.000       0.000       0.000       0.000       0.000
       0.000       0.000       0.000       0.000       0.000       0.000       0.000       0.000       0.000       0.000
       0.000       0.000       0.000       0.000       0.000       0.000       0.000       0.000       0.000       0.000
       0.000       0.000       0.000       0.000       0.000       0.000       0.000       0.000       0.000       0.000
       0.000       0.000       0.000       0.000       0.000       0.000       0.000       0.000       0.000       0.000
       0.000       0.000       0.000       0.000       0.000       0.000       0.000       0.000       0.000       0.000
       0.000       0.000       0.000       0.000       0.000       0.000       0.000       0.000       0.000       0.000
       0.000       0.000       0.000       0.000       0.000       0.000       0.000       0.000       0.000       0.000
       0.000       0.000       0.000       0.000       0.000       0.000       0.000       0.000       0.000       0.000
       0.000       0.000       0.000       0.000       0.000       0.000       0.000       0.000       0.000       0.000
       0.000       0.000       0.000       0.000       0.000       0.000       0.000       0.000       0.000       0.000
       0.000       0.000       0.000       0.000       0.000       0.000       0.000       0.000       0.000       0.000
       0.000       0.000       0.000       0.000       0.000       0.000       0.000       0.000       0.000       0.000
       0.000       0.000       0.000       0.000       0.000       0.000       0.000       0.000       0.000       0.000
       0.000       0.000       0.000       0.000       0.000       0.000       0.000       0.000       0.000       0.000
       0.000       0.000       0.000       0.000       0.000       0.000       0.000       0.000       0.000       0.000
       0.000       0.000       0.000       0.000       0.000       0.000       0.000       0.000       0.000       0.000
       0.000       0.000       0.000       0.000       0.000       0.000       0.000       0.000       0.000       0.000
       0.000       0.000       0.000       0.000       0.000       0.000       0.000       0.000       0.000       0.000
       0.000       0.000       0.000       0.000       0.000       0.000       0.000       0.000       0.000       0.000
       0.000       0.000       0.000       0.000       0.000       0.000       0.000       0.000       0.000       0.000
       0.000       0.000       0.000       0.000       0.000       0.000       0.000       0.000       0.000       0.000
       0.000       0.000       0.000       0.000       0.000       0.000       0.000       0.000       0.000       0.000
       0.000       0.000       0.000       0.000       0.000       0.000       0.000       0.000       0.000       0.000
       0.000       0.000       0.000       0.000       0.000       0.000       0.000       0.000       0.000       0.000
       0.000       0.000       0.000       0.000       0.000       0.000       0.000       0.000       0.000       0.000
       0.000       0.000       0.000       0.000       0.000       0.000       0.000       0.000       0.000       0.000
       0.000       0.000       0.000       0.000       0.000       0.000       0.000       0.000       0.000       0.000
       0.000       0.000       0.000       0.000       0.000       0.000       0.000       0.000       0.000       0.000
       0.000       0.000       0.000       0.000       0.000       0.000       0.000       0.000       0.000       0.000
       0.000       0.000       0.000       0.000       0.000       0.000       0.000       0.000       0.000       0.000
       0.000       0.000       0.000       0.000       0.000       0.000       0.000       0.000       0.000       0.000
       0.000       0.000       0.000       0.000       0.000       0.000       0.000       0.000       0.000       0.000
       0.000       0.000       0.000       0.000       0.000       0.000       0.000       0.000       0.000       0.000
       0.000       0.000       0.000       0.000       0.000       0.000       0.000       0.000       0.000       0.000
       0.000       0.000       0.000       0.000       0.000       0.000       0.000       0.000       0.000       0.000
       0.000       0.000       0.000       0.000       0.000       0.000       0.000       0.000       0.000       0.000
       0.000       0.000       0.000       0.000       0.000       0.000       0.000       0.000       0.000       0.000
       0.000       0.000       0.000       0.000       0.000       0.000       0.000       0.000       0.000       0.000
       0.000       0.000       0.000       0.000       0.000       0.000       0.000       0.000       0.000       0.000
       0.000       0.000       0.000       0.000       0.000       0.000       0.000       0.000       0.000       0.000
       0.000       0.000       0.000       0.000       0.000       0.000       0.000       0.000       0.000       0.000
       0.000       0.000       0.000       0.000       0.000       0.000       0.000       0.000       0.000       0.000
       0.000       0.000       0.000       0.000       0.000       0.000       0.000       0.000       0.000       0.000
       0.000       0.000       0.000       0.000       0.000       0.000       0.000       0.000       0.000       0.000
       0.000       0.000       0.000       0.000       0.000       0.000       0.000       0.000       0.000       0.000
       0.000       0.000       0.000       0.000       0.000       0.000       0.000       0.000       0.000       0.000
       0.000       0.000       0.000       0.000       0.000       0.000       0.000       0.000       0.000       0.000
       0.000       0.000       0.000       0.000       0.000       0.000       0.000       0.000       0.000       0.000
       0.000       0.000       0.000       0.000       0.000       0.000       0.000       0.000       0.000       0.000
       0.000       0.000       0.000       0.000       0.000       0.000       0.000       0.000       0.000       0.000
       0.000       0.000       0.000       0.000       0.000       0.000       0.000       0.000       0.000       0.000
       0.000       0.000       0.000       0.000       0.000       0.000       0.000       0.000       0.000       0.000
       0.000       0.000       0.000       0.000       0.000       0.000       0.000       0.000       0.000       0.000
       0.000       0.000       0.000       0.000       0.000       0.000       0.000       0.000       0.000       0.000
       0.000       0.000       0.000       0.000       0.000       0.000       0.000       0.000       0.000       0.000
       0.000       0.000       0.000       0.000       0.000       0.000       0.000       0.000       0.000       0.000
       0.000       0.000       0.000       0.000       0.000       0.000       0.000       0.000       0.000       0.000
       0.000       0.000       0.000       0.000       0.000       0.000       0.000       0.000       0.000       0.000
       0.000       0.000       0.000       0.000       0.000       0.000       0.000       0.000       0.000       0.000
       0.000       0.000       0.000       0.000       0.000       0.000       0.000       0.000       0.000       0.000
       0.000       0.000       0.000       0.000       0.000       0.000       0.000       0.000       0.000       0.000
       0.000       0.000       0.000       0.000       0.000       0.000       0.000       0.000       0.000       0.000
       0.000       0.000       0.000       0.000       0.000       0.000       0.000       0.000       0.000       0.000
       0.000       0.000       0.000       0.000       0.000       0.000       0.000       0.000       0.000       0.000
       0.000       0.000       0.000       0.000       0.000       0.000       0.000       0.000       0.000       0.000
       0.000       0.000       0.000       0.000       0.000       0.000       0.000       0.000       0.000       0.000
       0.000       0.000       0.000       0.000       0.000       0.000       0.000       0.000       0.000       0.000
       0.000       0.000       0.000       0.000       0.000       0.000       0.000       0.000       0.000       0.000
       0.000       0.000       0.000       0.000       0.000       0.000       0.000       0.000       0.000       0.000
       0.000       0.000       0.000       0.000       0.000       0.000       0.000       0.000       0.000       0.000
       0.000       0.000       0.000       0.000       0.000       0.000       0.000       0.000       0.000       0.000
       0.000       0.000       0.000       0.000       0.000       0.000       0.000       0.000       0.000       0.000
       0.000       0.000       0.000       0.000       0.000       0.000       0.000       0.000       0.000       0.000
       0.000       0.000       0.000       0.000       0.000       0.000       0.000       0.000       0.000       0.000
       0.000       0.000       0.000       0.000       0.000       0.000       0.000       0.000       0.000       0.000
       0.000       0.000       0.000       0.000       0.000       0.000       0.000       0.000       0.000       0.000
       0.000       0.000       0.000       0.000       0.000       0.000       0.000       0.000       0.000       0.000
       0.000       0.000       0.000       0.000       0.000       0.000       0.000       0.000       0.000       0.000
       0.000       0.000       0.000       0.000       0.000       0.000       0.000       0.000       0.000       0.000
       0.000       0.000       0.000       0.000       0.000       0.000       0.000       0.000       0.000       0.000
       0.000       0.000       0.000       0.000       0.000       0.000       0.000       0.000       0.000       0.000
       0.000       0.000       0.000       0.000       0.000       0.000       0.000       0.000       0.000       0.000
       0.000       0.000       0.000       0.000       0.000       0.000       0.000       0.000       0.000       0.000
       0.000       0.000       0.000       0.000       0.000       0.000       0.000       0.000       0.000       0.000
       0.000       0.000       0.000       0.000       0.000       0.000       0.000       0.000       0.000       0.000
       0.000       0.000       0.000       0.000       0.000       0.000       0.000       0.000       0.000       0.000
       0.000       0.000       0.000       0.000       0.000       0.000       0.000       0.000       0.000       0.000
       0.000       0.000       0.000       0.000       0.000       0.000       0.000       0.000