        2048     0.02000
      -0.023      -0.023      -0.023      -0.018      -0.023      -0.023      -0.028      -0.022      -0.021       0.022
      -0.018      -0.030      -0.105      -0.016      -0.022      -0.044      -0.040      -0.032      -0.081      -0.128
      -0.098      -0.065      -0.040      -0.068      -0.109      -0.073      -0.085      -0.095      -0.101      -0.205
      -0.183      -0.104      -0.183      -0.201      -0.142      -0.271      -0.215      -0.134      -0.373      -0.882
      -0.343       0.209       0.708      -0.620      -0.875      -0.355      -0.491      -1.271      -0.462       0.004
       0.588       0.494       0.714       1.563       0.561       0.582       1.747       0.603      -0.682      -1.217
       0.387       1.249       1.174       1.110       1.910       2.362       1.380       1.385       1.132       0.682
       0.801       1.650       0.229      -1.012       0.481       3.153       0.934      -1.767      -3.459      -1.562
      -0.144      -1.173      -1.467      -0.920      -0.629       0.912       3.264       2.201       0.370       0.465
       1.838       0.202      -1.426       0.042       3.579       4.632       3.847       2.931       4.643       5.510
       4.267       1.168      -1.830      -3.473      -4.059      -4.102      -4.407      -5.453      -6.609      -5.735
      -4.121      -4.090      -5.951      -7.198      -5.630      -5.058      -7.132      -7.752      -6.599      -6.224
      -5.150      -3.553      -4.585      -6.379      -4.412      -1.529      -1.379       0.599       6.667       9.372
       3.028      -3.046      -2.221       0.477       1.284      -0.081      -0.670      -0.966      -1.262      -0.364
       0.043      -0.151       2.194       5.670       7.478       5.806       4.854       7.226       8.785       3.979
      -2.005      -1.153       0.394      -0.177       0.812       2.629       2.437       2.889       4.628       6.649
       4.310       2.368       0.132      -2.838      -5.342      -8.808     -12.266     -11.721      -9.042      -6.568
      -8.205      -9.895      -5.013      -0.393       0.176      -3.112      -5.485      -5.843      -4.313      -0.263
       5.729      10.371      10.653       5.209      -2.395     -10.718     -12.847      -4.470       7.801      11.180
       8.657       6.324       2.808      -3.550      -2.875       3.764       5.063      -2.225      -6.538      -5.292
       1.911       8.273       4.939      -6.425     -17.939     -23.751     -19.337      -7.543       5.719       8.873
       8.511       4.961      -8.367     -19.255     -14.446      -6.525      -1.041       7.400      20.292      18.472
       8.047       2.137       4.255       0.086      -7.901     -16.322     -12.993      -6.436       0.173       2.026
       4.166       4.224       2.366       2.915      16.942      24.850      20.961      13.265       7.867      -4.358
     -15.523     -21.412     -21.166     -17.362     -11.336      -3.427       6.690       8.583       3.062       0.312
      11.203      21.962      24.227      22.865      15.644      -2.087     -14.926     -11.596      -4.192     -10.156
     -17.124     -20.834     -27.387     -24.692      -0.553      24.513      30.845      12.374      -3.875     -11.361
     -12.236     -10.820      -4.518      -0.192       0.371      -2.496       4.286      15.561      19.633      14.162
      11.595      16.215      17.110       7.315       1.523      -5.335     -11.963       2.368      19.076      17.898
       3.734      -8.618     -15.265     -20.097     -14.846      -9.382     -16.077     -18.425     -14.964       0.280
      21.097      27.613       9.232     -12.808     -21.414     -18.579     -12.350       9.025      33.404      39.623
      31.598      20.582       5.679     -10.290     -24.815     -39.983     -49.691     -39.682     -17.517      -0.366
      13.710      12.084       3.545      15.186      30.291      14.453     -12.058     -15.562      -7.486      -0.580
       8.178      20.823      22.015      19.261      31.328      40.188      40.927      51.151      49.975      38.735
      20.911      -0.290     -19.193     -35.364     -31.448     -21.509     -22.746     -26.885     -28.857     -21.319
      -9.232      -1.468       0.616       3.452       8.333      10.620       7.918      -7.070     -22.545     -25.630
     -36.260     -45.732     -41.828     -40.413     -35.076     -25.759      -3.434      12.391      11.921      10.707
      12.989      20.398      18.884      12.181      24.972      14.476     -11.723      -0.735      32.295      35.568
      15.454      -3.286      -8.750      -4.338      -0.387      13.983      33.070      36.575      17.798      -4.301
     -20.404     -27.384     -28.883      -6.403      22.514      18.235       3.737       6.136      21.558       9.860
      -2.873       8.033      14.618      -5.851     -35.581     -47.292     -27.496       5.800      49.015      72.283
      54.611      24.112      -4.069     -24.816     -41.590     -54.936     -49.007     -42.008     -15.131      20.519
      40.129      31.416       6.896     -11.065     -21.422     -22.950     -10.741       4.026      26.970      51.377
      49.354      28.767      11.768       1.128     -28.693     -39.364      -7.387      25.498      14.420     -17.417
     -20.087      -8.154     -12.084     -10.807       4.147       8.234     -19.999     -51.005     -45.730     -19.779
       3.247      15.568      23.051       7.702     -18.349     -38.879     -31.242      -7.197      16.723      18.165
      16.605      21.413      20.546      20.684      25.331      18.489      14.817      14.975       7.612      -0.004
      -8.459     -15.469     -14.503     -27.595     -25.269       2.073      43.682      80.223      84.208      62.767
      25.287     -23.579     -51.726     -58.916     -39.289     -26.425     -25.485     -16.254     -26.996     -35.276
     -12.657      24.984      58.201      57.976      37.623      22.980       9.632     -12.571     -26.312      -8.999
       7.576     -14.895     -24.721     -21.928     -18.228     -19.300     -11.387     -11.185     -30.813     -47.443
     -44.811     -23.549       4.864       8.127      -1.088     -19.324     -38.090     -49.172     -47.778     -28.830
     -12.952       7.604      29.208      42.026      47.765      45.499      43.799      41.649      27.794      10.892
       9.481      -0.151     -24.289     -26.910       1.899      30.749      37.946      21.333       3.159     -17.417
     -29.207     -21.588      -3.431      -3.249     -18.621     -28.169     -26.517     -11.310      13.071      33.935
      45.428      35.697      18.479      -0.035      -2.362      14.994      28.710       7.635      -9.787     -11.071
      -6.804     -21.388     -37.215     -39.452     -32.199     -23.891      -7.814      14.813      44.622      45.062
      16.090      -3.668       3.073      23.267      25.552       9.115       0.688       0.494       3.525       4.493
      -3.059     -45.985     -85.023     -83.447     -52.160     -18.246      16.320      30.222      31.141      10.852
      -0.319      -8.779      -3.330       6.052      20.396      31.630      31.825      18.989      13.140       1.089
     -19.842     -53.716     -55.509     -35.130     -13.242      -7.059     -19.388     -16.476      10.200      16.100
       9.683     -19.918     -32.887     -20.747      11.978      34.082      25.143       4.425     -10.415     -21.384
     -24.888     -17.098      -6.815      -7.967      -9.641      -2.701      19.232      40.220      34.046      13.562
       7.007      16.847      31.383      23.040       7.105     -16.000     -40.982     -58.325     -61.145     -44.159
     -24.636     -11.279       5.271      23.428      36.872      26.576       5.121      -4.473      -2.334      14.483
      21.421      14.747       0.236      -9.264     -13.403     -16.827      -6.770      22.241      40.223      32.348
       3.136      11.718      45.373      55.135      27.356      10.434      29.936      50.587      46.665      43.620
      39.164      21.893     -15.398     -43.848     -49.239     -29.752      -5.765      14.866      42.444      63.191
      30.918     -14.523     -26.312     -20.487     -28.341     -38.549     -43.483     -43.086     -22.216      16.871
      44.587      43.868      28.254      16.327      -2.513      -5.253       0.617      -5.167     -12.151       1.754
      39.029      59.202      39.098      26.787      32.348      39.520      48.539      63.371      64.307      25.009
     -28.509     -52.248     -55.476     -44.973     -32.849     -13.545       7.084      12.813      -4.821     -20.348
      -7.534       3.825       9.662      37.546      70.840      79.828      55.832      17.396      -5.594     -17.501
     -11.367       0.345      13.873      17.777       2.805      -3.572      19.047      37.860      26.535     -10.501
     -35.618     -40.683     -31.314      -9.514       8.118       8.322      -7.267      -5.628      13.494      11.122
      -1.567      -6.014       2.163      22.742      42.823      53.803      32.146      -1.590       3.146      28.981
      34.270      17.358       5.421       0.563     -10.036       2.346      18.049       3.856     -22.563     -36.761
     -52.639     -56.655     -27.594       4.861      10.078      10.776      25.030      26.977      17.823      15.773
      16.813      10.392      -6.653     -27.704     -43.377     -43.154     -23.640      -4.031     -12.273     -16.482
      -8.557      -8.192     -26.083     -24.668     -18.714     -41.760     -61.035     -28.187      18.768      42.775
      22.012     -18.092     -48.255     -48.573     -21.699       2.639      13.370      17.946       9.764      18.462
      41.886      60.907      48.500      16.741      -1.097      -3.221     -10.126     -13.830     -14.160      -6.044
      -1.835      16.624      35.290      39.910      22.142       5.769       8.683      13.567      14.861      -1.153
     -43.471     -72.021     -65.249     -32.380       6.695      34.932      30.839       3.342     -19.722     -25.565
     -23.250      -9.279       8.660      36.014      58.298      53.695      21.861      -3.259     -17.170     -21.027
     -16.540       1.144      12.907       5.958     -10.716     -19.968     -11.382       0.105      -5.244     -12.609
     -16.622     -23.500     -21.966     -19.975     -30.621     -42.020     -53.270     -55.923     -31.724      12.039
      47.694      67.230      66.501      43.249       9.177     -10.895     -15.894     -18.681      -7.725      -2.978
     -19.496     -27.971     -14.386       8.992      21.503      22.135      24.014      17.577       0.976     -15.774
     -26.333     -25.162     -10.591      14.777      34.316      38.359      24.869       3.567     -13.487     -23.687
     -18.622      -5.591       8.404      18.247      12.439      -3.746     -10.524      -6.591      -1.155      -8.001
     -22.609     -38.519     -41.685     -31.858     -23.595     -22.127     -21.619     -17.540     -15.807     -24.597
     -25.540     -19.869     -20.251     -22.227     -16.796      -4.599       6.861      14.165      23.698      22.960
      15.039      10.520       7.513      12.222      24.263      29.236      29.384      27.262      14.079      -6.482
     -20.394     -17.237      -8.039      -1.143      -1.317      -7.964      -8.046      -0.845      -0.033      -5.445
     -12.937     -25.265     -36.128     -36.237     -22.989      -5.617       5.208       4.208       0.011       6.194
      14.022      11.868       6.519       5.255       4.086      -1.333      -6.730      -3.270       1.085      -0.194
     -11.115     -23.024     -34.086     -43.264     -39.217     -21.002       0.400      18.986      23.717      20.996
      10.280     -11.600     -36.545     -36.753     -14.959      -0.304      -1.529      -3.874      -5.529      -2.228
      -1.940       5.180       7.617       1.439      -6.070     -13.853     -16.877     -12.368      -6.466       1.406
      -2.551      -6.831      -7.046      -5.925      -3.877      -0.567       2.234       6.058       3.647      -1.030
      -2.795       5.831      14.630      18.526      16.802       5.095     -10.327     -13.221      -7.460       1.748
       3.076       4.751       7.357      12.265      15.030      15.340      12.137       9.017      11.276      14.090
      11.323       5.603      -5.655      -5.519       3.622       9.912       6.871       3.184       5.862       9.888
      13.049      20.346      16.539       2.448     -16.239     -23.235     -14.827      -7.715      -3.435      -1.731
      -4.228      -6.981      -4.044       7.034      10.395      -0.665     -13.606     -13.685      -3.871      -0.742
      -6.660     -10.140      -9.073      -9.324     -10.154      -8.481     -12.803     -15.990     -12.337      -5.098
       6.080      13.272      13.197       8.254       0.365      -2.501      -3.254      -5.368     -14.764     -26.639
     -26.280     -15.026       1.571      14.926      16.283      12.966       9.279       4.933       2.099      -1.514
      -6.731      -9.949      -8.406      -6.373      -4.474       3.296      13.839      13.661       5.530       2.650
       4.898       6.128       4.421       3.022       6.631      10.146      10.650       6.467      -2.695     -10.507
     -14.880      -7.723       5.082       8.986       5.841       2.575       3.026       2.402      -1.120       1.391
       7.859       7.503      -1.693      -9.185      -6.716       1.534       3.914       1.110      -1.517       2.508
       3.402       2.957       6.656      11.113       9.064       4.862       4.490       0.402      -8.690      -6.500
       1.010       0.969      -5.924      -9.543      -6.202       0.601       6.081       8.484       8.246       7.349
       2.072      -2.977      -9.669     -14.623     -14.377     -11.905      -8.033      -1.878       0.605       1.194
       0.278       3.963       4.139       4.148       5.051       0.998      -5.302      -4.149      -0.557       3.369
       6.110       5.487       0.789       0.244       5.812      12.398      11.730       5.197       1.320       5.721
       9.553       9.579       6.860       6.854       2.021      -3.343      -5.193      -5.362      -4.863      -0.068
       5.447       7.423       5.229       4.627       7.118       6.642      -0.027      -6.310      -8.825     -11.022
     -13.719     -14.927     -12.305      -6.221      -3.054      -3.313      -2.585       1.863       3.783       0.715
      -3.119      -7.028     -10.635      -7.979       0.334       6.643       6.897       7.147       6.781       2.327
      -2.379      -1.601       7.663      16.075      17.335      14.036       9.345       3.644      -1.688      -6.012
      -8.603      -9.267      -6.074      -1.202       2.259       2.405       1.873       3.147       6.369       7.541
       7.820       9.258       9.829       5.284      -0.518      -3.626      -3.275      -2.524       0.930       3.667
       2.715       0.106       2.687       7.364       8.050       3.290       1.939       4.197       3.285       0.861
       1.334       2.736       1.619      -2.334      -5.492      -4.572       0.634       5.727       6.903       5.543
       4.198       4.201       5.348       3.843       0.207      -3.281      -5.126      -7.193     -10.383     -13.391
     -14.038     -11.663      -8.404      -7.227      -7.323      -6.940      -8.009      -9.524      -6.909      -2.857
      -2.401      -4.206      -8.129     -10.512      -9.646      -5.660       0.030       2.894       4.129       6.709
       9.020      11.247       9.128       2.770      -1.566      -2.068      -0.641       0.882       0.205       0.228
       0.029       1.288       3.531       4.237       4.349       6.333       5.647       4.159       2.995       4.268
       4.793       3.561       1.936       2.375       5.546       8.599       8.269       5.847       2.069       1.342
       5.129       8.561       5.757       0.342      -0.374       2.635       0.708      -4.321      -6.703      -5.488
      -3.238      -1.087      -0.512      -0.346      -1.265      -1.962      -1.788      -1.638      -0.829       1.599
       2.573       0.493      -4.077      -5.634      -4.738      -5.050      -6.162      -6.137      -3.983      -0.872
       1.021       1.117       0.265      -0.717      -1.701      -2.782      -4.540      -5.341      -3.769      -0.176
       1.224      -0.540      -0.786       1.370       3.015       2.742       2.006       1.452       0.161      -1.602
      -1.399      -0.530       0.078       0.259      -0.118      -1.575      -2.168      -0.638       1.732       1.836
       0.138      -1.303      -1.103       0.550       2.472       2.750       1.591       0.432       0.422       0.893
       0.632      -0.252      -0.615      -0.357       0.062       0.177       0.572       1.143       1.289       0.617
      -0.138      -0.307       0.036       0.217      -0.036      -0.281      -0.050       0.413       0.463      -0.039
      -0.473      -0.450      -0.070       0.137       0.139       0.009      -0.047      -0.064      -0.075      -0.163
      -0.221      -0.248      -0.175      -0.098      -0.050       0.010       0.091       0.092       0.027       0.000
       0.000       0.000       0.000       0.000       0.000       0.000       0.000       0.000       0.000       0.000
       0.000       0.000       0.000       0.000       0.000       0.000       0.000       0.000       0.000       0.000
       0.000       0.000       0.000       0.000       0.000       0.000       0.000       0.000       0.000       0.000
       0.000       0.000       0.000       0.000       0.000       0.000       0.000       0.000       0.000       0.000
       0.000       0.000       0.000       0.000       0.000       0.000       0.000       0.000       0.000       0.000
       0.000       0.000       0.000       0.000       0.000       0.000       0.000       0.000       0.000       0.000
       0.000       0.000       0.000       0.000       0.000       0.000       0.000       0.000       0.000       0.000
       0.000       0.000       0.000       0.000       0.000       0.000       0.000       0.000       0.000       0.000
       0.000       0.000       0.000       0.000       0.000       0.000       0.000       0.000       0.000       0.000
       0.000       0.000       0.000       0.000       0.000       0.000       0.000       0.000       0.000       0.000
       0.000       0.000       0.000       0.000       0.000       0.000       0.000       0.000       0.000       0.000
       0.000       0.000       0.000       0.000       0.000       0.000       0.000       0.000       0.000       0.000
       0.000       0.000       0.000       0.000       0.000       0.000       0.000       0.000       0.000       0.000
       0.000       0.000       0.000       0.000       0.000       0.000       0.000       0.000       0.000       0.000
       0.000       0.000       0.000       0.000       0.000       0.000       0.000       0.000       0.000       0.000
       0.000       0.000       0.000       0.000       0.000       0.000       0.000       0.000       0.000       0.000
       0.000       0.000       0.000       0.000       0.000       0.000       0.000       0.000       0.000       0.000
       0.000       0.000       0.000       0.000       0.000       0.000       0.000       0.000       0.000       0.000
       0.000       0.000       0.000       0.000       0.000       0.000       0.000       0.000       0.000       0.000
       0.000       0.000       0.000       0.000       0.000       0.000       0.000       0.000       0.000       0.000
       0.000       0.000       0.000       0.000       0.000       0.000       0.000       0.000       0.000       0.000
       0.000       0.000       0.000       0.000       0.000       0.000       0.000       0.000       0.000       0.000
       0.000       0.000       0.000       0.000       0.000       0.000       0.000       0.000       0.000       0.000
       0.000       0.000       0.000       0.000       0.000       0.000       0.000       0.000       0.000       0.000
       0.000       0.000       0.000       0.000       0.000       0.000       0.000       0.000       0.000       0.000
       0.000       0.000       0.000       0.000       0.000       0.000       0.000       0.000       0.000       0.000
       0.000       0.000       0.000       0.000       0.000       0.000       0.000       0.000       0.000       0.000
       0.000       0.000       0.000       0.000       0.000       0.000       0.000       0.000       0.000       0.000
       0.000       0.000       0.000       0.000       0.000       0.000       0.000       0.000       0.000       0.000
       0.000       0.000       0.000       0.000       0.000       0.000       0.000       0.000       0.000       0.000
       0.000       0.000       0.000       0.000       0.000       0.000       0.000       0.000       0.000       0.000
       0.000       0.000       0.000       0.000       0.000       0.000       0.000       0.000       0.000       0.000
       0.000       0.000       0.000       0.000       0.000       0.000       0.000       0.000       0.000       0.000
       0.000       0.000       0.000       0.000       0.000       0.000       0.000       0.000       0.000       0.000
       0.000       0.000       0.000       0.000       0.000       0.000       0.000       0.000       0.000       0.000
       0.000       0.000       0.000       0.000       0.000       0.000       0.000       0.000       0.000       0.000
       0.000       0.000       0.000       0.000       0.000       0.000       0.000       0.000       0.000       0.000
       0.000       0.000       0.000       0.000       0.000       0.000       0.000       0.000       0.000       0.000
       0.000       0.000       0.000       0.000       0.000       0.000       0.000       0.000       0.000       0.000
       0.000       0.000       0.000       0.000       0.000       0.000       0.000       0.000       0.000       0.000
       0.000       0.000       0.000       0.000       0.000       0.000       0.000       0.000       0.000       0.000
       0.000       0.000       0.000       0.000       0.000       0.000       0.000       0.000       0.000       0.000
       0.000       0.000       0.000       0.000       0.000       0.000       0.000       0.000       0.000       0.000
       0.000       0.000       0.000       0.000       0.000       0.000       0.000       0.000       0.000       0.000
       0.000       0.000       0.000       0.000       0.000       0.000       0.000       0.000       0.000       0.000
       0.000       0.000       0.000       0.000       0.000       0.000       0.000       0.000       0.000       0.000
       0.000       0.000       0.000       0.000       0.000       0.000       0.000       0.000       0.000       0.000
       0.000       0.000       0.000       0.000       0.000       0.000       0.000       0.000       0.000       0.000
       0.000       0.000       0.000       0.000       0.000       0.000       0.000       0.000       0.000       0.000
       0.000       0.000       0.000       0.000       0.000       0.000       0.000       0.000       0.000       0.000
       0.000       0.000       0.000       0.000       0.000       0.000       0.000       0.000       0.000       0.000
       0.000       0.000       0.000       0.000       0.000       0.000       0.000       0.000       0.000       0.000
       0.000       0.000       0.000       0.000       0.000       0.000       0.000       0.000       0.000       0.000
       0.000       0.000       0.000       0.000       0.000       0.000       0.000       0.000       0.000       0.000
       0.000       0.000       0.000       0.000       0.000       0.000       0.000       0.000       0.000       0.000
       0.000       0.000       0.000       0.000       0.000       0.000       0.000       0.000       0.000       0.000
       0.000       0.000       0.000       0.000       0.000       0.000       0.000       0.000       0.000       0.000
       0.000       0.000       0.000       0.000       0.000       0.000       0.000       0.000       0.000       0.000
       0.000       0.000       0.000       0.000       0.000       0.000       0.000       0.000       0.000       0.000
       0.000       0.000       0.000       0.000       0.000       0.000       0.000       0.000       0.000       0.000
       0.000       0.000       0.000       0.000       0.000       0.000       0.000       0.000