   0.020           0.1340000E+00
   0.040           0.1340000E+00
   0.060           0.1340000E+00
   0.080           0.1430000E+00
   0.100           0.1350000E+00
   0.120           0.1350000E+00
   0.140           0.1720000E+00
   0.160           0.1380000E+00
   0.180           0.1440000E+00
   0.200           0.1930000E+00
   0.220           0.9000000E-01
   0.240           0.1170000E+00
   0.260           0.1370000E+00
   0.280           0.2330000E+00
   0.300           0.1620000E+00
   0.320           0.1440000E+00
   0.340           0.2680000E+00
   0.360           0.1840000E+00
   0.380           0.1580000E+00
   0.400           0.4010000E+00
   0.420           0.2050000E+00
   0.440           0.1620000E+00
   0.460           0.4640000E+00
   0.480           0.2450000E+00
   0.500           0.1890000E+00
   0.520           0.6640000E+00
   0.540           0.3030000E+00
   0.560           0.2230000E+00
   0.580           0.9180000E+00
   0.600           0.5560000E+00
   0.620           0.4160000E+00
   0.640           0.1380000E+01
   0.660           0.5420000E+00
   0.680           0.5570000E+00
   0.700           0.1408000E+01
   0.720           0.4560000E+00
   0.740           0.4230000E+00
   0.760           0.1028000E+01
   0.780           0.5240000E+00
   0.800           0.7300000E+00
   0.820           0.2091000E+01
   0.840           0.7690000E+00
   0.860           0.8400000E+00
   0.880           0.2915000E+01
   0.900           0.2796000E+01
   0.920           0.1709000E+01
   0.940           0.3006000E+01
   0.960           0.2841000E+01
   0.980           0.3053000E+01
   1.000           0.4478000E+01
   1.020           0.2322000E+01
   1.040          -0.3160000E+00
   1.060           0.1846000E+01
   1.080           0.1096000E+01
   1.100          -0.4650000E+00
   1.120          -0.3299000E+01
   1.140          -0.3292000E+01
   1.160          -0.3253000E+01
   1.180          -0.5952000E+01
   1.200          -0.4314000E+01
   1.220          -0.1660000E+01
   1.240          -0.6240000E+00
   1.260           0.1535000E+01
   1.280          -0.6200000E-01
   1.300          -0.2024000E+01
   1.320          -0.5552000E+01
   1.340          -0.7747000E+01
   1.360          -0.4976000E+01
   1.380          -0.9530000E+00
   1.400           0.4236000E+01
   1.420           0.3790000E+01
   1.440           0.9400000E-01
   1.460          -0.2300000E+00
   1.480           0.3010000E+01
   1.500           0.6303000E+01
   1.520           0.4088000E+01
   1.540          -0.2972000E+01
   1.560          -0.4586000E+01
   1.580          -0.9220000E+00
   1.600           0.2454000E+01
   1.620           0.1945000E+01
   1.640          -0.3681000E+01
   1.660          -0.3560000E+00
   1.680           0.9838000E+01
   1.700           0.1289900E+02
   1.720           0.5763000E+01
   1.740          -0.4780000E+00
   1.760           0.2482000E+01
   1.780           0.8620000E+01
   1.800           0.1233200E+02
   1.820           0.1071700E+02
   1.840           0.5524000E+01
   1.860           0.9062000E+01
   1.880           0.1410900E+02
   1.900           0.1612000E+02
   1.920           0.1399100E+02
   1.940           0.6664000E+01
   1.960           0.3111000E+01
   1.980          -0.1315000E+01
   2.000          -0.1150800E+02
   2.020          -0.1636200E+02
   2.040          -0.1481700E+02
   2.060          -0.9569000E+01
   2.080          -0.5281000E+01
   2.100          -0.8728000E+01
   2.120          -0.1220300E+02
   2.140          -0.1071100E+02
   2.160          -0.1021600E+02
   2.180          -0.4343000E+01
   2.200           0.2493000E+01
   2.220           0.5587000E+01
   2.240           0.2896000E+01
   2.260          -0.5585000E+01
   2.280          -0.6621000E+01
   2.300          -0.3267000E+01
   2.320          -0.1567000E+01
   2.340          -0.2027000E+01
   2.360          -0.1167000E+01
   2.380           0.3780000E+00
   2.400          -0.9566000E+01
   2.420          -0.1306000E+02
   2.440          -0.1829700E+02
   2.460          -0.2679400E+02
   2.480          -0.2088100E+02
   2.500          -0.2007800E+02
   2.520          -0.2813500E+02
   2.540          -0.2478600E+02
   2.560          -0.2495900E+02
   2.580          -0.2277500E+02
   2.600          -0.1369900E+02
   2.620          -0.1221000E+02
   2.640          -0.2495000E+01
   2.660           0.1404800E+02
   2.680           0.1740000E+02
   2.700           0.6553000E+01
   2.720          -0.1033600E+02
   2.740          -0.1910600E+02
   2.760          -0.3255000E+01
   2.780           0.2026100E+02
   2.800           0.3101200E+02
   2.820           0.2608500E+02
   2.840           0.2091900E+02
   2.860           0.2184800E+02
   2.880           0.2511900E+02
   2.900           0.2399600E+02
   2.920           0.9492000E+01
   2.940           0.9590000E+00
   2.960           0.1220000E+01
   2.980           0.8670000E+00
   3.000          -0.1253000E+01
   3.020          -0.1344200E+02
   3.040          -0.1336800E+02
   3.060          -0.3965000E+01
   3.080           0.6520000E+00
   3.100           0.2072000E+01
   3.120          -0.1260200E+02
   3.140          -0.2271400E+02
   3.160          -0.1890600E+02
   3.180          -0.1707100E+02
   3.200          -0.2724000E+01
   3.220           0.1300200E+02
   3.240           0.2075700E+02
   3.260           0.3139900E+02
   3.280           0.3284700E+02
   3.300           0.2403300E+02
   3.320           0.9522000E+01
   3.340          -0.1269800E+02
   3.360          -0.2724700E+02
   3.380          -0.2651000E+02
   3.400          -0.2124300E+02
   3.420          -0.2167400E+02
   3.440          -0.1867300E+02
   3.460          -0.5626000E+01
   3.480           0.1436500E+02
   3.500           0.4035500E+02
   3.520           0.4569000E+02
   3.540           0.2428400E+02
   3.560           0.1340000E+01
   3.580          -0.2413700E+02
   3.600          -0.3397300E+02
   3.620          -0.2256700E+02
   3.640          -0.5667000E+01
   3.660           0.1608200E+02
   3.680           0.1768500E+02
   3.700           0.7348000E+01
   3.720           0.4092000E+01
   3.740          -0.1771000E+01
   3.760           0.1033000E+01
   3.780          -0.1785000E+01
   3.800          -0.2280000E+02
   3.820          -0.4427900E+02
   3.840          -0.5260300E+02
   3.860          -0.2890600E+02
   3.880           0.9040000E+00
   3.900           0.8920000E+01
   3.920          -0.8390000E+01
   3.940          -0.2764100E+02
   3.960          -0.2358200E+02
   3.980          -0.2034800E+02
   4.000          -0.2753300E+02
   4.020          -0.2946900E+02
   4.040          -0.3052800E+02
   4.060          -0.3494000E+02
   4.080          -0.4970700E+02
   4.100          -0.5081400E+02
   4.120          -0.3200100E+02
   4.140          -0.2025400E+02
   4.160          -0.1239300E+02
   4.180          -0.5729000E+01
   4.200          -0.1311300E+02
   4.220          -0.1532700E+02
   4.240          -0.1196200E+02
   4.260          -0.4130000E+00
   4.280           0.2959100E+02
   4.300           0.3390900E+02
   4.320           0.2024100E+02
   4.340           0.2074000E+02
   4.360           0.3482700E+02
   4.380           0.4223400E+02
   4.400           0.1815300E+02
   4.420          -0.1911000E+02
   4.440          -0.4303700E+02
   4.460          -0.5458400E+02
   4.480          -0.4597700E+02
   4.500          -0.3461500E+02
   4.520          -0.1868700E+02
   4.540           0.2717000E+01
   4.560           0.3035900E+02
   4.580           0.3982900E+02
   4.600           0.1949600E+02
   4.620           0.1541900E+02
   4.640           0.7581000E+01
   4.660           0.4004000E+01
   4.680           0.3511800E+02
   4.700           0.2765500E+02
   4.720           0.3710000E+01
   4.740           0.1480000E+01
   4.760          -0.3081000E+01
   4.780           0.4806000E+01
   4.800           0.2688700E+02
   4.820           0.3335900E+02
   4.840           0.2032600E+02
   4.860           0.5473000E+01
   4.880          -0.2400000E+00
   4.900          -0.9138000E+01
   4.920          -0.1412300E+02
   4.940          -0.1434700E+02
   4.960          -0.1066800E+02
   4.980          -0.5236000E+01
   5.000          -0.2495400E+02
   5.020          -0.4887400E+02
   5.040          -0.3800900E+02
   5.060          -0.1360900E+02
   5.080           0.2525100E+02
   5.100           0.5960500E+02
   5.120           0.6353900E+02
   5.140           0.5048400E+02
   5.160           0.9442000E+01
   5.180          -0.1740900E+02
   5.200          -0.2477600E+02
   5.220          -0.5361700E+02
   5.240          -0.4334500E+02
   5.260          -0.1011500E+02
   5.280           0.4259300E+02
   5.300           0.1190280E+03
   5.320           0.1271830E+03
   5.340           0.7995400E+02
   5.360           0.4833200E+02
   5.380           0.8150000E+01
   5.400          -0.4716500E+02
   5.420          -0.8163900E+02
   5.440          -0.8930900E+02
   5.460          -0.7807200E+02
   5.480          -0.6966100E+02
   5.500          -0.7938500E+02
   5.520          -0.8182700E+02
   5.540          -0.2869300E+02
   5.560           0.4110000E+02
   5.580           0.8106000E+02
   5.600           0.9950000E+02
   5.620           0.6285000E+02
   5.640          -0.2093300E+02
   5.660          -0.5179300E+02
   5.680          -0.2359300E+02
   5.700           0.3489400E+02
   5.720           0.9144200E+02
   5.740           0.9790000E+02
   5.760           0.7356600E+02
   5.780           0.3912700E+02
   5.800          -0.1633800E+02
   5.820          -0.7309600E+02
   5.840          -0.9094800E+02
   5.860          -0.7807600E+02
   5.880          -0.9067700E+02
   5.900          -0.9867600E+02
   5.920          -0.5546500E+02
   5.940           0.2171700E+02
   5.960           0.7852400E+02
   5.980           0.9051800E+02
   6.000           0.9217200E+02
   6.020           0.6127100E+02
   6.040           0.3360000E+00
   6.060          -0.3329200E+02
   6.080          -0.2416200E+02
   6.100           0.4120100E+02
   6.120           0.5038000E+02
   6.140          -0.1956300E+02
   6.160          -0.3452400E+02
   6.180          -0.2131100E+02
   6.200          -0.1109200E+02
   6.220          -0.1547000E+02
   6.240          -0.3264300E+02
   6.260          -0.6480000E+01
   6.280           0.1914500E+02
   6.300           0.1934800E+02
   6.320          -0.1980000E+01
   6.340          -0.4409300E+02
   6.360          -0.6666700E+02
   6.380          -0.6263600E+02
   6.400          -0.4463800E+02
   6.420          -0.7906000E+01
   6.440           0.1113100E+02
   6.460          -0.4700000E-01
   6.480           0.3028500E+02
   6.500           0.4857000E+02
   6.520           0.4950000E+01
   6.540          -0.4927800E+02
   6.560          -0.6671300E+02
   6.580          -0.4216700E+02
   6.600          -0.4139700E+02
   6.620          -0.4258100E+02
   6.640          -0.3672300E+02
   6.660          -0.1723600E+02
   6.680          -0.1563700E+02
   6.700          -0.2268900E+02
   6.720           0.5404000E+02
   6.740           0.9709700E+02
   6.760           0.4123800E+02
   6.780          -0.1936300E+02
   6.800          -0.9089100E+02
   6.820          -0.1364130E+03
   6.840          -0.1315100E+03
   6.860          -0.1097440E+03
   6.880          -0.3958900E+02
   6.900           0.1905500E+02
   6.920          -0.6938000E+01
   6.940          -0.4037900E+02
   6.960          -0.6155000E+01
   6.980           0.3394200E+02
   7.000           0.6059700E+02
   7.020           0.8483800E+02
   7.040           0.5377800E+02
   7.060          -0.1878700E+02
   7.080          -0.6466500E+02
   7.100          -0.4353900E+02
   7.120           0.2006900E+02
   7.140           0.7843600E+02
   7.160           0.7721000E+02
   7.180           0.4248100E+02
   7.200           0.7094000E+01
   7.220          -0.3303700E+02
   7.240          -0.8822100E+02
   7.260          -0.1231730E+03
   7.280          -0.8009600E+02
   7.300          -0.5040400E+02
   7.320          -0.7729600E+02
   7.340          -0.5813900E+02
   7.360          -0.3849500E+02
   7.380           0.8010000E+00
   7.400           0.4166500E+02
   7.420           0.2540400E+02
   7.440           0.3195600E+02
   7.460           0.1650100E+02
   7.480          -0.2357500E+02
   7.500          -0.3133400E+02
   7.520          -0.3292600E+02
   7.540          -0.3160200E+02
   7.560          -0.3293600E+02
   7.580          -0.3106000E+01
   7.600           0.1495200E+02
   7.620           0.7687000E+01
   7.640           0.5456000E+02
   7.660           0.9149800E+02
   7.680           0.1259780E+03
   7.700           0.1265970E+03
   7.720           0.5447600E+02
   7.740           0.5296000E+01
   7.760          -0.1815700E+02
   7.780          -0.4123800E+02
   7.800          -0.5224900E+02
   7.820          -0.5453300E+02
   7.840          -0.4658800E+02
   7.860          -0.6312300E+02
   7.880          -0.9574100E+02
   7.900          -0.9016700E+02
   7.920          -0.8341800E+02
   7.940          -0.1382830E+03
   7.960          -0.1868660E+03
   7.980          -0.1619030E+03
   8.000          -0.7001300E+02
   8.020           0.4486000E+01
   8.040           0.2063800E+02
   8.060           0.2165600E+02
   8.080           0.4238000E+01
   8.100          -0.2498700E+02
   8.120          -0.5794300E+02
   8.140          -0.8392900E+02
   8.160          -0.7992200E+02
   8.180          -0.8649500E+02
   8.200          -0.9759400E+02
   8.220          -0.8246600E+02
   8.240          -0.6451000E+01
   8.260           0.6242100E+02
   8.280           0.3847600E+02
   8.300           0.1992500E+02
   8.320           0.1924800E+02
   8.340          -0.2596000E+01
   8.360          -0.1078700E+02
   8.380          -0.3816500E+02
   8.400          -0.4545000E+02
   8.420          -0.5106000E+02
   8.440          -0.7329500E+02
   8.460          -0.7298800E+02
   8.480          -0.3307700E+02
   8.500          -0.1376300E+02
   8.520          -0.1397600E+02
   8.540           0.1305900E+02
   8.560           0.2360000E+02
   8.580          -0.2985000E+02
   8.600          -0.8105100E+02
   8.620          -0.5681800E+02
   8.640          -0.2264100E+02
   8.660          -0.9693000E+01
   8.680           0.5390800E+02
   8.700           0.1230530E+03
   8.720           0.1619040E+03
   8.740           0.1078440E+03
   8.760           0.5615000E+01
   8.780          -0.4100100E+02
   8.800          -0.3645900E+02
   8.820          -0.1128600E+02
   8.840           0.8066000E+01
   8.860           0.5543800E+02
   8.880           0.5447400E+02
   8.900          -0.5357600E+02
   8.920          -0.1152220E+03
   8.940          -0.1256090E+03
   8.960          -0.1033490E+03
   8.980          -0.4621200E+02
   9.000          -0.1808400E+02
   9.020           0.5918000E+01
   9.040           0.4807000E+01
   9.060          -0.1547100E+02
   9.080          -0.1079000E+02
   9.100           0.8057000E+01
   9.120          -0.1621500E+02
   9.140          -0.9008400E+02
   9.160          -0.8790800E+02
   9.180          -0.1343900E+02
   9.200           0.1821600E+02
   9.220          -0.1575000E+01
   9.240          -0.2160500E+02
   9.260          -0.3082800E+02
   9.280          -0.6429200E+02
   9.300          -0.9117800E+02
   9.320          -0.9229700E+02
   9.340          -0.6692500E+02
   9.360          -0.1437100E+02
   9.380           0.4116000E+01
   9.400          -0.5416000E+01
   9.420           0.1607400E+02
   9.440           0.3889400E+02
   9.460          -0.4818000E+01
   9.480          -0.3479200E+02
   9.500          -0.1834100E+02
   9.520          -0.1139100E+02
   9.540           0.3840900E+02
   9.560           0.8994300E+02
   9.580           0.1170300E+03
   9.600           0.1628070E+03
   9.620           0.1810430E+03
   9.640           0.1682710E+03
   9.660           0.1215320E+03
   9.680           0.4299500E+02
   9.700          -0.2136000E+02
   9.720          -0.5024100E+02
   9.740          -0.4296000E+02
   9.760          -0.9657300E+02
   9.780          -0.1388220E+03
   9.800          -0.1081500E+03
   9.820          -0.7441600E+02
   9.840          -0.3269800E+02
   9.860          -0.9616000E+01
   9.880           0.1153700E+02
   9.900           0.7431800E+02
   9.920           0.9149900E+02
   9.940           0.9067400E+02
   9.960           0.1094660E+03
   9.980           0.1034370E+03
  10.000           0.5643900E+02
  10.020          -0.1797700E+02
  10.040          -0.6881000E+02
  10.060          -0.9123600E+02
  10.080          -0.6253700E+02
  10.100          -0.8470000E+01
  10.120           0.6020000E+01
  10.140           0.3952400E+02
  10.160           0.9226300E+02
  10.180           0.8698000E+02
  10.200           0.5490800E+02
  10.220          -0.7350000E+01
  10.240          -0.6556900E+02
  10.260          -0.5041400E+02
  10.280          -0.3507700E+02
  10.300          -0.2577500E+02
  10.320          -0.3163600E+02
  10.340          -0.4134200E+02
  10.360          -0.3966000E+01
  10.380           0.2434100E+02
  10.400           0.2441100E+02
  10.420           0.3968000E+01
  10.440          -0.1353600E+02
  10.460          -0.1788200E+02
  10.480          -0.8435800E+02
  10.500          -0.1267810E+03
  10.520          -0.8957900E+02
  10.540          -0.6908500E+02
  10.560          -0.5696500E+02
  10.580          -0.2151300E+02
  10.600           0.3311500E+02
  10.620           0.9099300E+02
  10.640           0.1186620E+03
  10.660           0.9145600E+02
  10.680           0.4401700E+02
  10.700           0.3684400E+02
  10.720           0.1667900E+02
  10.740          -0.3513800E+02
  10.760          -0.1478300E+02
  10.780           0.3675500E+02
  10.800           0.4574200E+02
  10.820           0.4887500E+02
  10.840          -0.1283000E+01
  10.860          -0.7660700E+02
  10.880          -0.1007080E+03
  10.900          -0.6421900E+02
  10.920           0.1464200E+02
  10.940           0.4443900E+02
  10.960           0.4674400E+02
  10.980           0.5439600E+02
  11.000           0.4081400E+02
  11.020           0.3061200E+02
  11.040          -0.1388900E+02
  11.060          -0.2601000E+02
  11.080           0.1321600E+02
  11.100          -0.4668500E+02
  11.120          -0.1311080E+03
  11.140          -0.1465910E+03
  11.160          -0.9699600E+02
  11.180          -0.4358500E+02
  11.200          -0.3316300E+02
  11.220           0.6418000E+01
  11.240           0.4475100E+02
  11.260           0.5836600E+02
  11.280           0.4173800E+02
  11.300           0.2271900E+02
  11.320           0.5534100E+02
  11.340           0.3065600E+02
  11.360          -0.4090300E+02
  11.380          -0.5139300E+02
  11.400          -0.2250600E+02
  11.420          -0.7193000E+01
  11.440          -0.7496000E+01
  11.460           0.2522300E+02
  11.480           0.8904500E+02
  11.500           0.9725500E+02
  11.520           0.5596800E+02
  11.540          -0.5021000E+01
  11.560          -0.2726000E+02
  11.580           0.8087000E+01
  11.600          -0.9287000E+01
  11.620          -0.4490700E+02
  11.640           0.3392000E+01
  11.660           0.1913300E+02
  11.680          -0.6275000E+01
  11.700           0.1465900E+02
  11.720          -0.1253600E+02
  11.740          -0.1025190E+03
  11.760          -0.1059280E+03
  11.780          -0.2617800E+02
  11.800           0.2653400E+02
  11.820           0.4910800E+02
  11.840           0.5576800E+02
  11.860           0.3666700E+02
  11.880           0.6803600E+02
  11.900           0.6218800E+02
  11.920          -0.1674100E+02
  11.940          -0.3037900E+02
  11.960          -0.2034700E+02
  11.980          -0.2394900E+02
  12.000          -0.7547000E+01
  12.020           0.6964000E+01
  12.040           0.4189300E+02
  12.060           0.2997400E+02
  12.080           0.1426300E+02
  12.100           0.4752500E+02
  12.120           0.6393800E+02
  12.140           0.3370000E+02
  12.160          -0.3708700E+02
  12.180          -0.6605100E+02
  12.200          -0.1484600E+02
  12.220           0.6247300E+02
  12.240           0.1241930E+03
  12.260           0.1252780E+03
  12.280           0.5148200E+02
  12.300          -0.4854500E+02
  12.320          -0.1261740E+03
  12.340          -0.1153230E+03
  12.360          -0.5344000E+02
  12.380          -0.3228800E+02
  12.400          -0.3974300E+02
  12.420          -0.6017000E+02
  12.440          -0.7144000E+02
  12.460          -0.5418300E+02
  12.480          -0.2478900E+02
  12.500           0.5392800E+02
  12.520           0.1082690E+03
  12.540           0.7048000E+02
  12.560           0.3020600E+02
  12.580           0.4341900E+02
  12.600           0.1080980E+03
  12.620           0.1339550E+03
  12.640           0.1058490E+03
  12.660           0.7468500E+02
  12.680           0.3152000E+02
  12.700          -0.1796300E+02
  12.720          -0.5476600E+02
  12.740          -0.6512600E+02
  12.760          -0.4565400E+02
  12.780          -0.1591800E+02
  12.800          -0.1568400E+02
  12.820          -0.8628000E+01
  12.840           0.1213200E+02
  12.860           0.4515500E+02
  12.880           0.9580600E+02
  12.900           0.1151060E+03
  12.920           0.6639800E+02
  12.940          -0.4826000E+01
  12.960           0.9881000E+01
  12.980           0.5671900E+02
  13.000           0.5813000E+02
  13.020           0.5575100E+02
  13.040           0.5794700E+02
  13.060           0.9192800E+02
  13.080           0.9806200E+02
  13.100           0.5958000E+02
  13.120           0.1586900E+02
  13.140          -0.5023500E+02
  13.160          -0.8608700E+02
  13.180          -0.1064310E+03
  13.200          -0.7936800E+02
  13.220           0.5161800E+02
  13.240           0.1396090E+03
  13.260           0.1219150E+03
  13.280           0.9921400E+02
  13.300           0.7769600E+02
  13.320           0.5917900E+02
  13.340           0.5738000E+01
  13.360          -0.3787800E+02
  13.380          -0.2925300E+02
  13.400          -0.2635100E+02
  13.420          -0.2285100E+02
  13.440          -0.6232700E+02
  13.460          -0.1144890E+03
  13.480          -0.1072620E+03
  13.500          -0.7731400E+02
  13.520          -0.8396000E+01
  13.540           0.5452800E+02
  13.560           0.4947000E+02
  13.580           0.8729000E+01
  13.600          -0.7318000E+01
  13.620          -0.1142200E+02
  13.640          -0.7374500E+02
  13.660          -0.1334800E+03
  13.680          -0.9684500E+02
  13.700          -0.2126800E+02
  13.720           0.2419700E+02
  13.740           0.3154600E+02
  13.760           0.2774800E+02
  13.780           0.6669400E+02
  13.800           0.8855500E+02
  13.820           0.2824100E+02
  13.840          -0.2142900E+02
  13.860          -0.7490100E+02
  13.880          -0.1104830E+03
  13.900          -0.7106500E+02
  13.920          -0.3651000E+01
  13.940           0.4672100E+02
  13.960           0.4541300E+02
  13.980           0.1693200E+02
  14.000           0.8316000E+01
  14.020           0.5608800E+02
  14.040           0.8220300E+02
  14.060           0.3955500E+02
  14.080           0.3741600E+02
  14.100           0.1758900E+02
  14.120          -0.5981400E+02
  14.140          -0.1009510E+03
  14.160          -0.6056300E+02
  14.180          -0.4915000E+01
  14.200          -0.9682000E+01
  14.220          -0.2042300E+02
  14.240          -0.4208000E+02
  14.260          -0.7851800E+02
  14.280          -0.6483200E+02
  14.300          -0.2609900E+02
  14.320           0.3296700E+02
  14.340           0.9912900E+02
  14.360           0.6628500E+02
  14.380           0.1047000E+01
  14.400           0.3912000E+01
  14.420           0.2199700E+02
  14.440           0.1806600E+02
  14.460          -0.3367900E+02
  14.480          -0.7097600E+02
  14.500          -0.3571000E+01
  14.520           0.8055200E+02
  14.540           0.1270050E+03
  14.560           0.1375380E+03
  14.580           0.1252480E+03
  14.600           0.1134650E+03
  14.620           0.5725200E+02
  14.640           0.4194000E+01
  14.660           0.1456800E+02
  14.680           0.2608200E+02
  14.700           0.5663500E+02
  14.720           0.6620800E+02
  14.740           0.2794700E+02
  14.760          -0.8106000E+01
  14.780          -0.1940500E+02
  14.800          -0.1827800E+02
  14.820          -0.8610000E+01
  14.840          -0.1575200E+02
  14.860          -0.4241100E+02
  14.880          -0.4603500E+02
  14.900          -0.2344900E+02
  14.920          -0.1753000E+02
  14.940           0.8289000E+01
  14.960           0.6475400E+02
  14.980           0.5372800E+02
  15.000           0.4655000E+01
  15.020          -0.4178000E+02
  15.040          -0.1068670E+03
  15.060          -0.1149990E+03
  15.080          -0.6728800E+02
  15.100          -0.2813000E+02
  15.120           0.7299000E+01
  15.140           0.2636100E+02
  15.160          -0.5684000E+01
  15.180          -0.2917100E+02
  15.200           0.2171300E+02
  15.220           0.6278900E+02
  15.240           0.8540000E+01
  15.260          -0.7450800E+02
  15.280          -0.9894800E+02
  15.300          -0.6315900E+02
  15.320          -0.9733000E+01
  15.340           0.1166400E+02
  15.360           0.2626600E+02
  15.380           0.6926900E+02
  15.400           0.7421900E+02
  15.420           0.1610400E+02
  15.440          -0.3385300E+02
  15.460          -0.4335600E+02
  15.480          -0.3509400E+02
  15.500           0.1084600E+02
  15.520           0.5613500E+02
  15.540           0.4779600E+02
  15.560           0.6951500E+02
  15.580           0.8196500E+02
  15.600           0.4858500E+02
  15.620           0.2679500E+02
  15.640          -0.1841600E+02
  15.660          -0.3862000E+02
  15.680           0.1656200E+02
  15.700           0.6416300E+02
  15.720           0.6021600E+02
  15.740           0.1334100E+02
  15.760          -0.1929400E+02
  15.780          -0.4178300E+02
  15.800          -0.5002400E+02
  15.820           0.2062000E+01
  15.840           0.3850800E+02
  15.860           0.1002900E+02
  15.880          -0.1381500E+02
  15.900          -0.3670200E+02
  15.920          -0.5702900E+02
  15.940          -0.4760300E+02
  15.960          -0.4270800E+02
  15.980          -0.2724500E+02
  16.000           0.2791300E+02
  16.020           0.6539300E+02
  16.040           0.3087000E+02
  16.060          -0.2478200E+02
  16.080          -0.4885300E+02
  16.100          -0.8196700E+02
  16.120          -0.6741600E+02
  16.140          -0.9065000E+01
  16.160          -0.1745700E+02
  16.180          -0.4820200E+02
  16.200          -0.4944100E+02
  16.220          -0.3329200E+02
  16.240           0.2206000E+01
  16.260           0.3544900E+02
  16.280           0.4238300E+02
  16.300           0.3230100E+02
  16.320           0.1027700E+02
  16.340          -0.1043100E+02
  16.360           0.1331000E+01
  16.380           0.4790700E+02
  16.400           0.1034580E+03
  16.420           0.1251790E+03
  16.440           0.7685500E+02
  16.460           0.2410900E+02
  16.480           0.3637500E+02
  16.500           0.5034600E+02
  16.520           0.3405000E+02
  16.540           0.2236200E+02
  16.560           0.2802700E+02
  16.580           0.4202700E+02
  16.600           0.2466700E+02
  16.620           0.6416000E+01
  16.640           0.6335000E+01
  16.660          -0.2818000E+01
  16.680          -0.2736000E+01
  16.700          -0.1584000E+01
  16.720          -0.8983000E+01
  16.740           0.1348000E+01
  16.760           0.1064000E+02
  16.780          -0.1405400E+02
  16.800          -0.3756900E+02
  16.820          -0.3629900E+02
  16.840          -0.1045500E+02
  16.860           0.2909900E+02
  16.880           0.3652600E+02
  16.900           0.6136000E+01
  16.920          -0.3068800E+02
  16.940          -0.1981400E+02
  16.960           0.1166100E+02
  16.980          -0.4989000E+01
  17.000          -0.1521700E+02
  17.020          -0.2919000E+01
  17.040           0.3136500E+02
  17.060           0.5475500E+02
  17.080           0.3840100E+02
  17.100           0.5110600E+02
  17.120           0.8346600E+02
  17.140           0.8248500E+02
  17.160           0.5648300E+02
  17.180           0.2917800E+02
  17.200           0.3411000E+02
  17.220           0.3140400E+02
  17.240          -0.1537000E+01
  17.260          -0.2930700E+02
  17.280          -0.3411500E+02
  17.300          -0.2850000E+02
  17.320          -0.4656900E+02
  17.340          -0.7181100E+02
  17.360          -0.6668000E+02
  17.380          -0.5005700E+02
  17.400          -0.1127500E+02
  17.420           0.2159100E+02
  17.440           0.1291000E+02
  17.460           0.1136700E+02
  17.480           0.4767000E+01
  17.500          -0.3652300E+02
  17.520          -0.4962100E+02
  17.540          -0.4108900E+02
  17.560          -0.2946400E+02
  17.580           0.1863000E+01
  17.600           0.2235200E+02
  17.620           0.6230000E+01
  17.640          -0.4324000E+01
  17.660           0.2232500E+02
  17.680           0.5119200E+02
  17.700           0.5625600E+02
  17.720           0.4346800E+02
  17.740           0.9524000E+01
  17.760          -0.6029000E+01
  17.780          -0.7220000E+01
  17.800          -0.3488000E+01
  17.820           0.2555400E+02
  17.840           0.4999800E+02
  17.860           0.7752900E+02
  17.880           0.9880500E+02
  17.900           0.9753800E+02
  17.920           0.8720500E+02
  17.940           0.7046700E+02
  17.960           0.5375300E+02
  17.980           0.1831500E+02
  18.000          -0.2055700E+02
  18.020          -0.3339600E+02
  18.040          -0.4326600E+02
  18.060          -0.4196400E+02
  18.080          -0.3044600E+02
  18.100          -0.2880200E+02
  18.120          -0.4349400E+02
  18.140          -0.6340900E+02
  18.160          -0.6013300E+02
  18.180          -0.5176200E+02
  18.200          -0.4157300E+02
  18.220          -0.1118100E+02
  18.240           0.2256000E+01
  18.260           0.6830000E+00
  18.280           0.1537900E+02
  18.300           0.2444500E+02
  18.320           0.3731400E+02
  18.340           0.3382400E+02
  18.360          -0.8196000E+01
  18.380          -0.1840800E+02
  18.400           0.6555000E+01
  18.420           0.1791900E+02
  18.440           0.1812100E+02
  18.460           0.3038300E+02
  18.480           0.4111900E+02
  18.500           0.3160200E+02
  18.520           0.3342200E+02
  18.540           0.4562300E+02
  18.560           0.5596300E+02
  18.580           0.7412800E+02
  18.600           0.7510100E+02
  18.620           0.5724400E+02
  18.640           0.4679300E+02
  18.660           0.2368700E+02
  18.680          -0.1080000E+02
  18.700          -0.2372600E+02
  18.720          -0.1635700E+02
  18.740          -0.4175000E+01
  18.760           0.1183000E+02
  18.780           0.1787700E+02
  18.800           0.7952000E+01
  18.820          -0.2404000E+01
  18.840          -0.2012400E+02
  18.860          -0.3067500E+02
  18.880          -0.3012900E+02
  18.900          -0.3141000E+02
  18.920          -0.2049000E+01
  18.940           0.3370600E+02
  18.960           0.2457400E+02
  18.980          -0.2227000E+01
  19.000           0.5105000E+01
  19.020           0.3503500E+02
  19.040           0.4171900E+02
  19.060           0.1612100E+02
  19.080           0.5280000E+01
  19.100           0.1307800E+02
  19.120           0.7455000E+01
  19.140          -0.1551600E+02
  19.160          -0.4351600E+02
  19.180          -0.3920900E+02
  19.200          -0.1808000E+01
  19.220           0.3674000E+01
  19.240          -0.6324000E+01
  19.260           0.5583000E+01
  19.280          -0.7447000E+01
  19.300          -0.4345200E+02
  19.320          -0.5719700E+02
  19.340          -0.3789700E+02
  19.360          -0.2514000E+01
  19.380           0.2623200E+02
  19.400           0.3255700E+02
  19.420           0.9825000E+01
  19.440          -0.2467800E+02
  19.460          -0.6619000E+02
  19.480          -0.9505600E+02
  19.500          -0.7501300E+02
  19.520          -0.3317000E+02
  19.540           0.4175000E+01
  19.560           0.3856700E+02
  19.580           0.5394800E+02
  19.600           0.4370100E+02
  19.620           0.2647900E+02
  19.640           0.2156700E+02
  19.660           0.1113500E+02
  19.680          -0.1489900E+02
  19.700          -0.3440500E+02
  19.720          -0.2414800E+02
  19.740           0.1382900E+02
  19.760           0.3436000E+02
  19.780           0.9913000E+01
  19.800           0.6300000E-01
  19.820           0.1748100E+02
  19.840           0.3124000E+01
  19.860          -0.2604700E+02
  19.880          -0.4028900E+02
  19.900          -0.3707400E+02
  19.920          -0.6466000E+01
  19.940           0.3919000E+01
  19.960          -0.2037300E+02
  19.980          -0.3288600E+02
  20.000          -0.3551200E+02
  20.020          -0.4520300E+02
  20.040          -0.6065300E+02
  20.060          -0.5415700E+02
  20.080          -0.3388800E+02
  20.100          -0.2237100E+02
  20.120          -0.1869200E+02
  20.140          -0.2742000E+02
  20.160          -0.4636900E+02
  20.180          -0.5717300E+02
  20.200          -0.4560700E+02
  20.220          -0.3663800E+02
  20.240          -0.3926900E+02
  20.260          -0.2887900E+02
  20.280          -0.1955500E+02
  20.300          -0.6947000E+01
  20.320           0.7303000E+01
  20.340           0.1281000E+01
  20.360           0.1298700E+02
  20.380           0.4334800E+02
  20.400           0.4735700E+02
  20.420           0.3702700E+02
  20.440           0.2156300E+02
  20.460          -0.2743000E+01
  20.480          -0.2236000E+02
  20.500          -0.2604700E+02
  20.520          -0.4105000E+01
  20.540           0.3738200E+02
  20.560           0.6553100E+02
  20.580           0.5499800E+02
  20.600           0.3724400E+02
  20.620           0.3353300E+02
  20.640           0.2224000E+02
  20.660          -0.3714000E+01
  20.680          -0.2273600E+02
  20.700          -0.2521400E+02
  20.720          -0.1385100E+02
  20.740          -0.8930000E+00
  20.760          -0.5719000E+01
  20.780          -0.2630000E+00
  20.800           0.2281200E+02
  20.820           0.2662000E+02
  20.840           0.1943600E+02
  20.860           0.1385500E+02
  20.880           0.9496000E+01
  20.900           0.1860800E+02
  20.920           0.4146500E+02
  20.940           0.4965200E+02
  20.960           0.2813600E+02
  20.980           0.5734000E+01
  21.000          -0.3163000E+01
  21.020           0.3029000E+01
  21.040           0.1326400E+02
  21.060           0.4764000E+01
  21.080          -0.1359000E+01
  21.100           0.5668000E+01
  21.120           0.1255300E+02
  21.140          -0.2795000E+01
  21.160          -0.2123200E+02
  21.180          -0.2728500E+02
  21.200          -0.2494000E+02
  21.220          -0.5461000E+01
  21.240           0.2260900E+02
  21.260           0.4148200E+02
  21.280           0.4213300E+02
  21.300           0.2659700E+02
  21.320           0.7994000E+01
  21.340          -0.2136000E+01
  21.360          -0.1391000E+01
  21.380           0.1264000E+01
  21.400           0.8223000E+01
  21.420           0.1169100E+02
  21.440           0.8192000E+01
  21.460           0.1870000E+00
  21.480          -0.4469000E+01
  21.500           0.3324000E+01
  21.520           0.1166800E+02
  21.540           0.1311900E+02
  21.560           0.8699000E+01
  21.580           0.5409000E+01
  21.600           0.1227600E+02
  21.620           0.2307300E+02
  21.640           0.3569800E+02
  21.660           0.4130000E+02
  21.680           0.3409600E+02
  21.700           0.2951000E+02
  21.720           0.2750200E+02
  21.740           0.1401100E+02
  21.760          -0.3351000E+01
  21.780          -0.1414900E+02
  21.800          -0.2326900E+02
  21.820          -0.2191300E+02
  21.840          -0.7138000E+01
  21.860           0.6429000E+01
  21.880           0.1070200E+02
  21.900           0.1388300E+02
  21.920           0.1606400E+02
  21.940           0.1716300E+02
  21.960           0.1557800E+02
  21.980           0.7226000E+01
  22.000          -0.3037000E+01
  22.020          -0.1331900E+02
  22.040          -0.2175000E+02
  22.060          -0.1695300E+02
  22.080           0.2746000E+01
  22.100           0.2228800E+02
  22.120           0.3182200E+02
  22.140           0.1886300E+02
  22.160          -0.3219000E+01
  22.180          -0.7930000E+01
  22.200          -0.2302000E+01
  22.220           0.5736000E+01
  22.240           0.1332000E+02
  22.260           0.1279500E+02
  22.280           0.5979000E+01
  22.300          -0.2271000E+01
  22.320          -0.9244000E+01
  22.340          -0.1613700E+02
  22.360          -0.1305000E+02
  22.380          -0.3879000E+01
  22.400           0.1317000E+01
  22.420           0.1080400E+02
  22.440           0.2227800E+02
  22.460           0.2886200E+02
  22.480           0.1741600E+02
  22.500           0.2429000E+01
  22.520          -0.2537000E+01
  22.540          -0.8793000E+01
  22.560          -0.1070900E+02
  22.580          -0.1124600E+02
  22.600          -0.1102500E+02
  22.620          -0.8293000E+01
  22.640          -0.1059600E+02
  22.660          -0.9781000E+01
  22.680           0.2968000E+01
  22.700           0.2286900E+02
  22.720           0.2758000E+02
  22.740           0.1352400E+02
  22.760           0.4949000E+01
  22.780           0.3958000E+01
  22.800           0.6766000E+01
  22.820           0.1058800E+02
  22.840           0.1193500E+02
  22.860           0.1028500E+02
  22.880           0.6933000E+01
  22.900           0.7528000E+01
  22.920           0.1296700E+02
  22.940           0.1457600E+02
  22.960           0.5899000E+01
  22.980          -0.1069000E+01
  23.000           0.7010000E+00
  23.020          -0.3602000E+01
  23.040          -0.1959600E+02
  23.060          -0.3092800E+02
  23.080          -0.2621600E+02
  23.100          -0.1400800E+02
  23.120          -0.9980000E+01
  23.140          -0.1404900E+02
  23.160          -0.1727400E+02
  23.180          -0.1902300E+02
  23.200          -0.2049400E+02
  23.220          -0.2051100E+02
  23.240          -0.1078200E+02
  23.260           0.9410000E+00
  23.280          -0.8100000E-01
  23.300          -0.5372000E+01
  23.320          -0.1481800E+02
  23.340          -0.3078400E+02
  23.360          -0.3440100E+02
  23.380          -0.2483400E+02
  23.400          -0.1883800E+02
  23.420          -0.1148500E+02
  23.440          -0.3593000E+01
  23.460          -0.4034000E+01
  23.480          -0.4049000E+01
  23.500          -0.1853000E+01
  23.520          -0.1829000E+01
  23.540           0.3208000E+01
  23.560           0.9710000E+01
  23.580           0.3521000E+01
  23.600          -0.5336000E+01
  23.620          -0.4156000E+01
  23.640          -0.1106200E+02
  23.660          -0.2545100E+02
  23.680          -0.3204900E+02
  23.700          -0.2381000E+02
  23.720          -0.2387000E+01
  23.740           0.1495300E+02
  23.760           0.1471200E+02
  23.780           0.4758000E+01
  23.800           0.2430000E+01
  23.820           0.6346000E+01
  23.840           0.4091000E+01
  23.860          -0.1329000E+01
  23.880          -0.2182000E+01
  23.900           0.8481000E+01
  23.920           0.2655600E+02
  23.940           0.3562000E+02
  23.960           0.3829000E+02
  23.980           0.4377100E+02
  24.000           0.4007500E+02
  24.020           0.2116100E+02
  24.040           0.3487000E+01
  24.060          -0.3476000E+01
  24.080           0.2470000E+00
  24.100           0.8892000E+01
  24.120           0.1152500E+02
  24.140           0.1836400E+02
  24.160           0.2746000E+02
  24.180           0.2483500E+02
  24.200           0.1213400E+02
  24.220           0.3815000E+01
  24.240           0.4350000E+01
  24.260           0.1650000E+01
  24.280          -0.1945000E+01
  24.300          -0.1456000E+01
  24.320           0.3365000E+01
  24.340           0.8797000E+01
  24.360           0.3121000E+01
  24.380          -0.5132000E+01
  24.400          -0.6414000E+01
  24.420          -0.3951000E+01
  24.440          -0.2996000E+01
  24.460          -0.1111400E+02
  24.480          -0.1886500E+02
  24.500          -0.2276900E+02
  24.520          -0.2498100E+02
  24.540          -0.1719800E+02
  24.560          -0.6785000E+01
  24.580          -0.1000000E+01
  24.600           0.2361000E+01
  24.620           0.4360000E+01
  24.640           0.1164500E+02
  24.660           0.1696900E+02
  24.680           0.1809600E+02
  24.700           0.1978500E+02
  24.720           0.2227100E+02
  24.740           0.2617300E+02
  24.760           0.2782400E+02
  24.780           0.2714300E+02
  24.800           0.2322000E+02
  24.820           0.1057700E+02
  24.840          -0.3527000E+01
  24.860          -0.1613800E+02
  24.880          -0.2338900E+02
  24.900          -0.1264500E+02
  24.920           0.4422000E+01
  24.940           0.1358000E+02
  24.960           0.1177400E+02
  24.980          -0.4480000E+01
  25.000          -0.1780300E+02
  25.020          -0.1992000E+02
  25.040          -0.2204000E+02
  25.060          -0.2517300E+02
  25.080          -0.2699300E+02
  25.100          -0.2175000E+02
  25.120          -0.1001800E+02
  25.140          -0.4517000E+01
  25.160          -0.1060400E+02
  25.180          -0.2191400E+02
  25.200          -0.2934300E+02
  25.220          -0.2915500E+02
  25.240          -0.2454700E+02
  25.260          -0.1925800E+02
  25.280          -0.1188400E+02
  25.300          -0.4594000E+01
  25.320           0.2186000E+01
  25.340           0.9492000E+01
  25.360           0.1058100E+02
  25.380           0.7546000E+01
  25.400           0.5345000E+01
  25.420           0.6093000E+01
  25.440           0.7658000E+01
  25.460           0.5948000E+01
  25.480           0.3040000E+01
  25.500           0.4188000E+01
  25.520           0.7410000E+01
  25.540           0.3285000E+01
  25.560          -0.2174000E+01
  25.580          -0.1753000E+01
  25.600           0.1672000E+01
  25.620           0.7080000E+01
  25.640           0.8439000E+01
  25.660           0.2216000E+01
  25.680          -0.5372000E+01
  25.700          -0.5566000E+01
  25.720           0.1946000E+01
  25.740           0.1391100E+02
  25.760           0.2144300E+02
  25.780           0.1952200E+02
  25.800           0.1551600E+02
  25.820           0.1438300E+02
  25.840           0.1045600E+02
  25.860           0.2253000E+01
  25.880          -0.6038000E+01
  25.900          -0.7394000E+01
  25.920          -0.5290000E+00
  25.940           0.8349000E+01
  25.960           0.9033000E+01
  25.980           0.1840000E+00
  26.000          -0.3547000E+01
  26.020          -0.1200000E+00
  26.040           0.1716000E+01
  26.060           0.8040000E+01
  26.080           0.1580800E+02
  26.100           0.1745800E+02
  26.120           0.1850300E+02
  26.140           0.1085500E+02
  26.160          -0.8094000E+01
  26.180          -0.1763500E+02
  26.200          -0.1459300E+02
  26.220          -0.7176000E+01
  26.240          -0.7970000E+00
  26.260          -0.4819000E+01
  26.280          -0.9470000E+01
  26.300          -0.4877000E+01
  26.320           0.1770000E+01
  26.340           0.4582000E+01
  26.360           0.1094000E+01
  26.380          -0.4893000E+01
  26.400          -0.8301000E+01
  26.420          -0.8347000E+01
  26.440          -0.2347000E+01
  26.460           0.5090000E+00
  26.480          -0.1396000E+01
  26.500          -0.1540000E+00
  26.520           0.3689000E+01
  26.540           0.9449000E+01
  26.560           0.1111300E+02
  26.580           0.3048000E+01
  26.600          -0.5320000E+00
  26.620           0.5024000E+01
  26.640           0.9101000E+01
  26.660           0.9552000E+01
  26.680           0.5021000E+01
  26.700          -0.1902000E+01
  26.720          -0.5109000E+01
  26.740          -0.9429000E+01
  26.760          -0.1420400E+02
  26.780          -0.1401200E+02
  26.800          -0.6692000E+01
  26.820           0.2336000E+01
  26.840           0.1945000E+01
  26.860          -0.9138000E+01
  26.880          -0.1587400E+02
  26.900          -0.9628000E+01
  26.920           0.1780000E+00
  26.940           0.9700000E+00
  26.960          -0.7950000E+01
  26.980          -0.1598800E+02
  27.000          -0.1496200E+02
  27.020          -0.1276200E+02
  27.040          -0.1246200E+02
  27.060          -0.9813000E+01
  27.080          -0.5552000E+01
  27.100          -0.1792000E+01
  27.120           0.1067000E+01
  27.140           0.2429000E+01
  27.160          -0.1591000E+01
  27.180          -0.4883000E+01
  27.200          -0.5359000E+01
  27.220          -0.2492000E+01
  27.240           0.3445000E+01
  27.260           0.5211000E+01
  27.280           0.5141000E+01
  27.300           0.2635000E+01
  27.320          -0.3200000E+01
  27.340          -0.5472000E+01
  27.360          -0.5677000E+01
  27.380          -0.4071000E+01
  27.400          -0.2070000E+00
  27.420           0.5760000E+00
  27.440          -0.2641000E+01
  27.460          -0.7365000E+01
  27.480          -0.1218900E+02
  27.500          -0.1310500E+02
  27.520          -0.8146000E+01
  27.540          -0.5608000E+01
  27.560          -0.1157800E+02
  27.580          -0.1720000E+02
  27.600          -0.1223500E+02
  27.620           0.1280000E+00
  27.640           0.7640000E+01
  27.660           0.4739000E+01
  27.680          -0.8210000E+00
  27.700          -0.4490000E+00
  27.720           0.3352000E+01
  27.740           0.3293000E+01
  27.760          -0.1280000E+01
  27.780          -0.2760000E+01
  27.800           0.1432000E+01
  27.820           0.7367000E+01
  27.840           0.8658000E+01
  27.860           0.2070000E+01
  27.880          -0.4007000E+01
  27.900          -0.2710000E+01
  27.920           0.1029000E+01
  27.940           0.3115000E+01
  27.960           0.1511000E+01
  27.980          -0.8180000E+00
  28.000           0.6250000E+00
  28.020           0.1505000E+01
  28.040           0.9710000E+00
  28.060           0.2130000E+00
  28.080          -0.1870000E+00
  28.100           0.2537000E+01
  28.120           0.5299000E+01
  28.140           0.5537000E+01
  28.160           0.3003000E+01
  28.180          -0.1060000E+00
  28.200           0.1336000E+01
  28.220           0.4169000E+01
  28.240           0.5579000E+01
  28.260           0.5425000E+01
  28.280           0.3396000E+01
  28.300           0.4153000E+01
  28.320           0.6102000E+01
  28.340           0.7290000E+01
  28.360           0.7253000E+01
  28.380           0.4927000E+01
  28.400           0.4878000E+01
  28.420           0.6024000E+01
  28.440           0.5132000E+01
  28.460           0.4454000E+01
  28.480           0.3975000E+01
  28.500           0.4597000E+01
  28.520           0.7622000E+01
  28.540           0.8916000E+01
  28.560           0.7032000E+01
  28.580           0.4660000E+01
  28.600           0.2790000E+01
  28.620           0.2461000E+01
  28.640           0.2647000E+01
  28.660           0.1488000E+01
  28.680           0.4110000E+00
  28.700           0.9930000E+00
  28.720           0.2679000E+01
  28.740           0.3426000E+01
  28.760           0.2745000E+01
  28.780           0.1607000E+01
  28.800           0.8830000E+00
  28.820           0.1149000E+01
  28.840           0.8550000E+00
  28.860          -0.4860000E+00
  28.880          -0.1494000E+01
  28.900          -0.1494000E+01
  28.920          -0.5220000E+00
  28.940           0.1730000E+00
  28.960          -0.2700000E-01
  28.980          -0.3030000E+00
  29.000          -0.9800000E-01
  29.020           0.3080000E+00
  29.040           0.2630000E+00
  29.060          -0.1980000E+00
  29.080          -0.5140000E+00
  29.100          -0.4110000E+00
  29.120          -0.1810000E+00
  29.140          -0.1630000E+00
  29.160          -0.2040000E+00
  29.180          -0.1300000E+00
  29.200           0.0000000E+00
  29.220           0.0000000E+00
  29.240           0.0000000E+00
  29.260           0.0000000E+00
  29.280           0.0000000E+00
  29.300           0.0000000E+00
  29.320           0.0000000E+00
  29.340           0.0000000E+00
  29.360           0.0000000E+00
  29.380           0.0000000E+00
  29.400           0.0000000E+00
  29.420           0.0000000E+00
  29.440           0.0000000E+00
  29.460           0.0000000E+00
  29.480           0.0000000E+00
  29.500           0.0000000E+00
  29.520           0.0000000E+00
  29.540           0.0000000E+00
  29.560           0.0000000E+00
  29.580           0.0000000E+00
  29.600           0.0000000E+00
  29.620           0.0000000E+00
  29.640           0.0000000E+00
  29.660           0.0000000E+00
  29.680           0.0000000E+00
  29.700           0.0000000E+00
  29.720           0.0000000E+00
  29.740           0.0000000E+00
  29.760           0.0000000E+00
  29.780           0.0000000E+00
  29.800           0.0000000E+00
  29.820           0.0000000E+00
  29.840           0.0000000E+00
  29.860           0.0000000E+00
  29.880           0.0000000E+00
  29.900           0.0000000E+00
  29.920           0.0000000E+00
  29.940           0.0000000E+00
  29.960           0.0000000E+00
  29.980           0.0000000E+00
  30.000           0.0000000E+00
  30.020           0.0000000E+00
  30.040           0.0000000E+00
  30.060           0.0000000E+00
  30.080           0.0000000E+00
  30.100           0.0000000E+00
  30.120           0.0000000E+00
  30.140           0.0000000E+00
  30.160           0.0000000E+00
  30.180           0.0000000E+00
  30.200           0.0000000E+00
  30.220           0.0000000E+00
  30.240           0.0000000E+00
  30.260           0.0000000E+00
  30.280           0.0000000E+00
  30.300           0.0000000E+00
  30.320           0.0000000E+00
  30.340           0.0000000E+00
  30.360           0.0000000E+00
  30.380           0.0000000E+00
  30.400           0.0000000E+00
  30.420           0.0000000E+00
  30.440           0.0000000E+00
  30.460           0.0000000E+00
  30.480           0.0000000E+00
  30.500           0.0000000E+00
  30.520           0.0000000E+00
  30.540           0.0000000E+00
  30.560           0.0000000E+00
  30.580           0.0000000E+00
  30.600           0.0000000E+00
  30.620           0.0000000E+00
  30.640           0.0000000E+00
  30.660           0.0000000E+00
  30.680           0.0000000E+00
  30.700           0.0000000E+00
  30.720           0.0000000E+00
  30.740           0.0000000E+00
  30.760           0.0000000E+00
  30.780           0.0000000E+00
  30.800           0.0000000E+00
  30.820           0.0000000E+00
  30.840           0.0000000E+00
  30.860           0.0000000E+00
  30.880           0.0000000E+00
  30.900           0.0000000E+00
  30.920           0.0000000E+00
  30.940           0.0000000E+00
  30.960           0.0000000E+00
  30.980           0.0000000E+00
  31.000           0.0000000E+00
  31.020           0.0000000E+00
  31.040           0.0000000E+00
  31.060           0.0000000E+00
  31.080           0.0000000E+00
  31.100           0.0000000E+00
  31.120           0.0000000E+00
  31.140           0.0000000E+00
  31.160           0.0000000E+00
  31.180           0.0000000E+00
  31.200           0.0000000E+00
  31.220           0.0000000E+00
  31.240           0.0000000E+00
  31.260           0.0000000E+00
  31.280           0.0000000E+00
  31.300           0.0000000E+00
  31.320           0.0000000E+00
  31.340           0.0000000E+00
  31.360           0.0000000E+00
  31.380           0.0000000E+00
  31.400           0.0000000E+00
  31.420           0.0000000E+00
  31.440           0.0000000E+00
  31.460           0.0000000E+00
  31.480           0.0000000E+00
  31.500           0.0000000E+00
  31.520           0.0000000E+00
  31.540           0.0000000E+00
  31.560           0.0000000E+00
  31.580           0.0000000E+00
  31.600           0.0000000E+00
  31.620           0.0000000E+00
  31.640           0.0000000E+00
  31.660           0.0000000E+00
  31.680           0.0000000E+00
  31.700           0.0000000E+00
  31.720           0.0000000E+00
  31.740           0.0000000E+00
  31.760           0.0000000E+00
  31.780           0.0000000E+00
  31.800           0.0000000E+00
  31.820           0.0000000E+00
  31.840           0.0000000E+00
  31.860           0.0000000E+00
  31.880           0.0000000E+00
  31.900           0.0000000E+00
  31.920           0.0000000E+00
  31.940           0.0000000E+00
  31.960           0.0000000E+00
  31.980           0.0000000E+00
  32.000           0.0000000E+00
  32.020           0.0000000E+00
  32.040           0.0000000E+00
  32.060           0.0000000E+00
  32.080           0.0000000E+00
  32.100           0.0000000E+00
  32.120           0.0000000E+00
  32.140           0.0000000E+00
  32.160           0.0000000E+00
  32.180           0.0000000E+00
  32.200           0.0000000E+00
  32.220           0.0000000E+00
  32.240           0.0000000E+00
  32.260           0.0000000E+00
  32.280           0.0000000E+00
  32.300           0.0000000E+00
  32.320           0.0000000E+00
  32.340           0.0000000E+00
  32.360           0.0000000E+00
  32.380           0.0000000E+00
  32.400           0.0000000E+00
  32.420           0.0000000E+00
  32.440           0.0000000E+00
  32.460           0.0000000E+00
  32.480           0.0000000E+00
  32.500           0.0000000E+00
  32.520           0.0000000E+00
  32.540           0.0000000E+00
  32.560           0.0000000E+00
  32.580           0.0000000E+00
  32.600           0.0000000E+00
  32.620           0.0000000E+00
  32.640           0.0000000E+00
  32.660           0.0000000E+00
  32.680           0.0000000E+00
  32.700           0.0000000E+00
  32.720           0.0000000E+00
  32.740           0.0000000E+00
  32.760           0.0000000E+00
  32.780           0.0000000E+00
  32.800           0.0000000E+00
  32.820           0.0000000E+00
  32.840           0.0000000E+00
  32.860           0.0000000E+00
  32.880           0.0000000E+00
  32.900           0.0000000E+00
  32.920           0.0000000E+00
  32.940           0.0000000E+00
  32.960           0.0000000E+00
  32.980           0.0000000E+00
  33.000           0.0000000E+00
  33.020           0.0000000E+00
  33.040           0.0000000E+00
  33.060           0.0000000E+00
  33.080           0.0000000E+00
  33.100           0.0000000E+00
  33.120           0.0000000E+00
  33.140           0.0000000E+00
  33.160           0.0000000E+00
  33.180           0.0000000E+00
  33.200           0.0000000E+00
  33.220           0.0000000E+00
  33.240           0.0000000E+00
  33.260           0.0000000E+00
  33.280           0.0000000E+00
  33.300           0.0000000E+00
  33.320           0.0000000E+00
  33.340           0.0000000E+00
  33.360           0.0000000E+00
  33.380           0.0000000E+00
  33.400           0.0000000E+00
  33.420           0.0000000E+00
  33.440           0.0000000E+00
  33.460           0.0000000E+00
  33.480           0.0000000E+00
  33.500           0.0000000E+00
  33.520           0.0000000E+00
  33.540           0.0000000E+00
  33.560           0.0000000E+00
  33.580           0.0000000E+00
  33.600           0.0000000E+00
  33.620           0.0000000E+00
  33.640           0.0000000E+00
  33.660           0.0000000E+00
  33.680           0.0000000E+00
  33.700           0.0000000E+00
  33.720           0.0000000E+00
  33.740           0.0000000E+00
  33.760           0.0000000E+00
  33.780           0.0000000E+00
  33.800           0.0000000E+00
  33.820           0.0000000E+00
  33.840           0.0000000E+00
  33.860           0.0000000E+00
  33.880           0.0000000E+00
  33.900           0.0000000E+00
  33.920           0.0000000E+00
  33.940           0.0000000E+00
  33.960           0.0000000E+00
  33.980           0.0000000E+00
  34.000           0.0000000E+00
  34.020           0.0000000E+00
  34.040           0.0000000E+00
  34.060           0.0000000E+00
  34.080           0.0000000E+00
  34.100           0.0000000E+00
  34.120           0.0000000E+00
  34.140           0.0000000E+00
  34.160           0.0000000E+00
  34.180           0.0000000E+00
  34.200           0.0000000E+00
  34.220           0.0000000E+00
  34.240           0.0000000E+00
  34.260           0.0000000E+00
  34.280           0.0000000E+00
  34.300           0.0000000E+00
  34.320           0.0000000E+00
  34.340           0.0000000E+00
  34.360           0.0000000E+00
  34.380           0.0000000E+00
  34.400           0.0000000E+00
  34.420           0.0000000E+00
  34.440           0.0000000E+00
  34.460           0.0000000E+00
  34.480           0.0000000E+00
  34.500           0.0000000E+00
  34.520           0.0000000E+00
  34.540           0.0000000E+00
  34.560           0.0000000E+00
  34.580           0.0000000E+00
  34.600           0.0000000E+00
  34.620           0.0000000E+00
  34.640           0.0000000E+00
  34.660           0.0000000E+00
  34.680           0.0000000E+00
  34.700           0.0000000E+00
  34.720           0.0000000E+00
  34.740           0.0000000E+00
  34.760           0.0000000E+00
  34.780           0.0000000E+00
  34.800           0.0000000E+00
  34.820           0.0000000E+00
  34.840           0.0000000E+00
  34.860           0.0000000E+00
  34.880           0.0000000E+00
  34.900           0.0000000E+00
  34.920           0.0000000E+00
  34.940           0.0000000E+00
  34.960           0.0000000E+00
  34.980           0.0000000E+00
  35.000           0.0000000E+00
  35.020           0.0000000E+00
  35.040           0.0000000E+00
  35.060           0.0000000E+00
  35.080           0.0000000E+00
  35.100           0.0000000E+00
  35.120           0.0000000E+00
  35.140           0.0000000E+00
  35.160           0.0000000E+00
  35.180           0.0000000E+00
  35.200           0.0000000E+00
  35.220           0.0000000E+00
  35.240           0.0000000E+00
  35.260           0.0000000E+00
  35.280           0.0000000E+00
  35.300           0.0000000E+00
  35.320           0.0000000E+00
  35.340           0.0000000E+00
  35.360           0.0000000E+00
  35.380           0.0000000E+00
  35.400           0.0000000E+00
  35.420           0.0000000E+00
  35.440           0.0000000E+00
  35.460           0.0000000E+00
  35.480           0.0000000E+00
  35.500           0.0000000E+00
  35.520           0.0000000E+00
  35.540           0.0000000E+00
  35.560           0.0000000E+00
  35.580           0.0000000E+00
  35.600           0.0000000E+00
  35.620           0.0000000E+00
  35.640           0.0000000E+00
  35.660           0.0000000E+00
  35.680           0.0000000E+00
  35.700           0.0000000E+00
  35.720           0.0000000E+00
  35.740           0.0000000E+00
  35.760           0.0000000E+00
  35.780           0.0000000E+00
  35.800           0.0000000E+00
  35.820           0.0000000E+00
  35.840           0.0000000E+00
  35.860           0.0000000E+00
  35.880           0.0000000E+00
  35.900           0.0000000E+00
  35.920           0.0000000E+00
  35.940           0.0000000E+00
  35.960           0.0000000E+00
  35.980           0.0000000E+00
  36.000           0.0000000E+00
  36.020           0.0000000E+00
  36.040           0.0000000E+00
  36.060           0.0000000E+00
  36.080           0.0000000E+00
  36.100           0.0000000E+00
  36.120           0.0000000E+00
  36.140           0.0000000E+00
  36.160           0.0000000E+00
  36.180           0.0000000E+00
  36.200           0.0000000E+00
  36.220           0.0000000E+00
  36.240           0.0000000E+00
  36.260           0.0000000E+00
  36.280           0.0000000E+00
  36.300           0.0000000E+00
  36.320           0.0000000E+00
  36.340           0.0000000E+00
  36.360           0.0000000E+00
  36.380           0.0000000E+00
  36.400           0.0000000E+00
  36.420           0.0000000E+00
  36.440           0.0000000E+00
  36.460           0.0000000E+00
  36.480           0.0000000E+00
  36.500           0.0000000E+00
  36.520           0.0000000E+00
  36.540           0.0000000E+00
  36.560           0.0000000E+00
  36.580           0.0000000E+00
  36.600           0.0000000E+00
  36.620           0.0000000E+00
  36.640           0.0000000E+00
  36.660           0.0000000E+00
  36.680           0.0000000E+00
  36.700           0.0000000E+00
  36.720           0.0000000E+00
  36.740           0.0000000E+00
  36.760           0.0000000E+00
  36.780           0.0000000E+00
  36.800           0.0000000E+00
  36.820           0.0000000E+00
  36.840           0.0000000E+00
  36.860           0.0000000E+00
  36.880           0.0000000E+00
  36.900           0.0000000E+00
  36.920           0.0000000E+00
  36.940           0.0000000E+00
  36.960           0.0000000E+00
  36.980           0.0000000E+00
  37.000           0.0000000E+00
  37.020           0.0000000E+00
  37.040           0.0000000E+00
  37.060           0.0000000E+00
  37.080           0.0000000E+00
  37.100           0.0000000E+00
  37.120           0.0000000E+00
  37.140           0.0000000E+00
  37.160           0.0000000E+00
  37.180           0.0000000E+00
  37.200           0.0000000E+00
  37.220           0.0000000E+00
  37.240           0.0000000E+00
  37.260           0.0000000E+00
  37.280           0.0000000E+00
  37.300           0.0000000E+00
  37.320           0.0000000E+00
  37.340           0.0000000E+00
  37.360           0.0000000E+00
  37.380           0.0000000E+00
  37.400           0.0000000E+00
  37.420           0.0000000E+00
  37.440           0.0000000E+00
  37.460           0.0000000E+00
  37.480           0.0000000E+00
  37.500           0.0000000E+00
  37.520           0.0000000E+00
  37.540           0.0000000E+00
  37.560           0.0000000E+00
  37.580           0.0000000E+00
  37.600           0.0000000E+00
  37.620           0.0000000E+00
  37.640           0.0000000E+00
  37.660           0.0000000E+00
  37.680           0.0000000E+00
  37.700           0.0000000E+00
  37.720           0.0000000E+00
  37.740           0.0000000E+00
  37.760           0.0000000E+00
  37.780           0.0000000E+00
  37.800           0.0000000E+00
  37.820           0.0000000E+00
  37.840           0.0000000E+00
  37.860           0.0000000E+00
  37.880           0.0000000E+00
  37.900           0.0000000E+00
  37.920           0.0000000E+00
  37.940           0.0000000E+00
  37.960           0.0000000E+00
  37.980           0.0000000E+00
  38.000           0.0000000E+00
  38.020           0.0000000E+00
  38.040           0.0000000E+00
  38.060           0.0000000E+00
  38.080           0.0000000E+00
  38.100           0.0000000E+00
  38.120           0.0000000E+00
  38.140           0.0000000E+00
  38.160           0.0000000E+00
  38.180           0.0000000E+00
  38.200           0.0000000E+00
  38.220           0.0000000E+00
  38.240           0.0000000E+00
  38.260           0.0000000E+00
  38.280           0.0000000E+00
  38.300           0.0000000E+00
  38.320           0.0000000E+00
  38.340           0.0000000E+00
  38.360           0.0000000E+00
  38.380           0.0000000E+00
  38.400           0.0000000E+00
  38.420           0.0000000E+00
  38.440           0.0000000E+00
  38.460           0.0000000E+00
  38.480           0.0000000E+00
  38.500           0.0000000E+00
  38.520           0.0000000E+00
  38.540           0.0000000E+00
  38.560           0.0000000E+00
  38.580           0.0000000E+00
  38.600           0.0000000E+00
  38.620           0.0000000E+00
  38.640           0.0000000E+00
  38.660           0.0000000E+00
  38.680           0.0000000E+00
  38.700           0.0000000E+00
  38.720           0.0000000E+00
  38.740           0.0000000E+00
  38.760           0.0000000E+00
  38.780           0.0000000E+00
  38.800           0.0000000E+00
  38.820           0.0000000E+00
  38.840           0.0000000E+00
  38.860           0.0000000E+00
  38.880           0.0000000E+00
  38.900           0.0000000E+00
  38.920           0.0000000E+00
  38.940           0.0000000E+00
  38.960           0.0000000E+00
  38.980           0.0000000E+00
  39.000           0.0000000E+00
  39.020           0.0000000E+00
  39.040           0.0000000E+00
  39.060           0.0000000E+00
  39.080           0.0000000E+00
  39.100           0.0000000E+00
  39.120           0.0000000E+00
  39.140           0.0000000E+00
  39.160           0.0000000E+00
  39.180           0.0000000E+00
  39.200           0.0000000E+00
  39.220           0.0000000E+00
  39.240           0.0000000E+00
  39.260           0.0000000E+00
  39.280           0.0000000E+00
  39.300           0.0000000E+00
  39.320           0.0000000E+00
  39.340           0.0000000E+00
  39.360           0.0000000E+00
  39.380           0.0000000E+00
  39.400           0.0000000E+00
  39.420           0.0000000E+00
  39.440           0.0000000E+00
  39.460           0.0000000E+00
  39.480           0.0000000E+00
  39.500           0.0000000E+00
  39.520           0.0000000E+00
  39.540           0.0000000E+00
  39.560           0.0000000E+00
  39.580           0.0000000E+00
  39.600           0.0000000E+00
  39.620           0.0000000E+00
  39.640           0.0000000E+00
  39.660           0.0000000E+00
  39.680           0.0000000E+00
  39.700           0.0000000E+00
  39.720           0.0000000E+00
  39.740           0.0000000E+00
  39.760           0.0000000E+00
  39.780           0.0000000E+00
  39.800           0.0000000E+00
  39.820           0.0000000E+00
  39.840           0.0000000E+00
  39.860           0.0000000E+00
  39.880           0.0000000E+00
  39.900           0.0000000E+00
  39.920           0.0000000E+00
  39.940           0.0000000E+00
  39.960           0.0000000E+00
  39.980           0.0000000E+00
  40.000           0.0000000E+00
  40.020           0.0000000E+00
  40.040           0.0000000E+00
  40.060           0.0000000E+00
  40.080           0.0000000E+00
  40.100           0.0000000E+00
  40.120           0.0000000E+00
  40.140           0.0000000E+00
  40.160           0.0000000E+00
  40.180           0.0000000E+00
  40.200           0.0000000E+00
  40.220           0.0000000E+00
  40.240           0.0000000E+00
  40.260           0.0000000E+00
  40.280           0.0000000E+00
  40.300           0.0000000E+00
  40.320           0.0000000E+00
  40.340           0.0000000E+00
  40.360           0.0000000E+00
  40.380           0.0000000E+00
  40.400           0.0000000E+00
  40.420           0.0000000E+00
  40.440           0.0000000E+00
  40.460           0.0000000E+00
  40.480           0.0000000E+00
  40.500           0.0000000E+00
  40.520           0.0000000E+00
  40.540           0.0000000E+00
  40.560           0.0000000E+00
  40.580           0.0000000E+00
  40.600           0.0000000E+00
  40.620           0.0000000E+00
  40.640           0.0000000E+00
  40.660           0.0000000E+00
  40.680           0.0000000E+00
  40.700           0.0000000E+00
  40.720           0.0000000E+00
  40.740           0.0000000E+00
  40.760           0.0000000E+00
  40.780           0.0000000E+00
  40.800           0.0000000E+00
  40.820           0.0000000E+00
  40.840           0.0000000E+00
  40.860           0.0000000E+00
  40.880           0.0000000E+00
  40.900           0.0000000E+00
  40.920           0.0000000E+00
  40.940           0.0000000E+00
  40.960           0.0000000E+00
