   0.020           0.1400000E-01
   0.040           0.1400000E-01
   0.060           0.1400000E-01
   0.080           0.1000000E-01
   0.100           0.1400000E-01
   0.120           0.1400000E-01
   0.140           0.1000000E-02
   0.160           0.1200000E-01
   0.180           0.1300000E-01
   0.200           0.4000000E-01
   0.220           0.1300000E-01
   0.240           0.1200000E-01
   0.260           0.2900000E-01
   0.280           0.1600000E-01
   0.300           0.1700000E-01
   0.320           0.7800000E-01
   0.340           0.3400000E-01
   0.360           0.3000000E-01
   0.380           0.7500000E-01
   0.400           0.6900000E-01
   0.420           0.6200000E-01
   0.440           0.4600000E-01
   0.460          -0.1000000E-01
   0.480          -0.1800000E-01
   0.500          -0.3400000E-01
   0.520          -0.8200000E-01
   0.540          -0.1690000E+00
   0.560          -0.2350000E+00
   0.580          -0.6600000E-01
   0.600          -0.8200000E-01
   0.620           0.4910000E+00
   0.640           0.1670000E+00
   0.660          -0.2720000E+00
   0.680           0.6050000E+00
   0.700           0.2230000E+00
   0.720          -0.9800000E-01
   0.740           0.7180000E+00
   0.760          -0.6800000E+00
   0.780          -0.1360000E+00
   0.800          -0.3610000E+00
   0.820          -0.2700000E+00
   0.840          -0.5500000E-01
   0.860          -0.4980000E+00
   0.880          -0.2820000E+00
   0.900          -0.1020000E+00
   0.920          -0.4200000E+00
   0.940          -0.3510000E+00
   0.960          -0.1220000E+00
   0.980          -0.4150000E+00
   1.000          -0.1080000E+01
   1.020          -0.3780000E+00
   1.040          -0.5110000E+00
   1.060          -0.1455000E+01
   1.080          -0.5800000E+00
   1.100           0.1210000E+00
   1.120          -0.5790000E+00
   1.140          -0.1177000E+01
   1.160          -0.4010000E+00
   1.180          -0.4440000E+00
   1.200          -0.1133000E+01
   1.220          -0.6280000E+00
   1.240          -0.4920000E+00
   1.260          -0.1252000E+01
   1.280          -0.2143000E+01
   1.300          -0.1328000E+01
   1.320          -0.4280000E+00
   1.340           0.1749000E+01
   1.360           0.2453000E+01
   1.380           0.1212000E+01
   1.400           0.1690000E+00
   1.420          -0.2233000E+01
   1.440          -0.2725000E+01
   1.460          -0.4300000E+00
   1.480           0.5400000E-01
   1.500          -0.1670000E+00
   1.520           0.2749000E+01
   1.540           0.1259000E+01
   1.560          -0.1354000E+01
   1.580           0.1886000E+01
   1.600           0.3357000E+01
   1.620           0.1063000E+01
   1.640           0.1529000E+01
   1.660           0.3667000E+01
   1.680           0.3201000E+01
   1.700           0.1871000E+01
   1.720           0.1120000E+01
   1.740           0.1403000E+01
   1.760          -0.1607000E+01
   1.780          -0.4085000E+01
   1.800          -0.1610000E+01
   1.820          -0.2216000E+01
   1.840          -0.4183000E+01
   1.860          -0.3420000E+01
   1.880          -0.1613000E+01
   1.900          -0.3236000E+01
   1.920          -0.4890000E+01
   1.940          -0.1971000E+01
   1.960          -0.7540000E+00
   1.980          -0.2602000E+01
   2.000          -0.2366000E+01
   2.020          -0.4447000E+01
   2.040          -0.5529000E+01
   2.060          -0.2901000E+01
   2.080          -0.3620000E+00
   2.100           0.2426000E+01
   2.120           0.3509000E+01
   2.140           0.4157000E+01
   2.160           0.4455000E+01
   2.180           0.3087000E+01
   2.200           0.3112000E+01
   2.220           0.4258000E+01
   2.240           0.3574000E+01
   2.260           0.4484000E+01
   2.280           0.6925000E+01
   2.300           0.7075000E+01
   2.320           0.5338000E+01
   2.340           0.1946000E+01
   2.360           0.6091000E+01
   2.380           0.7158000E+01
   2.400           0.1609000E+01
   2.420          -0.2650000E+00
   2.440          -0.1304000E+01
   2.460          -0.1298000E+01
   2.480           0.3883000E+01
   2.500           0.5641000E+01
   2.520           0.4009000E+01
   2.540          -0.1319000E+01
   2.560          -0.4368000E+01
   2.580          -0.7436000E+01
   2.600          -0.9027000E+01
   2.620          -0.6611000E+01
   2.640          -0.3872000E+01
   2.660           0.7000000E-02
   2.680           0.3791000E+01
   2.700           0.6044000E+01
   2.720           0.6643000E+01
   2.740           0.1300000E+01
   2.760          -0.4850000E+01
   2.780          -0.5805000E+01
   2.800          -0.8513000E+01
   2.820          -0.1063500E+02
   2.840          -0.6883000E+01
   2.860          -0.4331000E+01
   2.880          -0.6238000E+01
   2.900          -0.1128000E+01
   2.920           0.1980000E+01
   2.940           0.1006000E+01
   2.960           0.5539000E+01
   2.980           0.1059300E+02
   3.000           0.1207600E+02
   3.020           0.1142800E+02
   3.040           0.5842000E+01
   3.060          -0.7980000E+00
   3.080          -0.2426000E+01
   3.100          -0.7970000E+00
   3.120           0.4853000E+01
   3.140           0.1034300E+02
   3.160           0.1016900E+02
   3.180           0.9745000E+01
   3.200           0.1206700E+02
   3.220           0.1392200E+02
   3.240           0.5964000E+01
   3.260           0.9545000E+01
   3.280           0.1444900E+02
   3.300           0.8418000E+01
   3.320           0.1132000E+02
   3.340           0.1498500E+02
   3.360           0.6530000E+01
   3.380           0.3848000E+01
   3.400           0.2404000E+01
   3.420          -0.3257000E+01
   3.440          -0.1201600E+02
   3.460          -0.1164700E+02
   3.480          -0.4247000E+01
   3.500           0.1194000E+01
   3.520           0.6023000E+01
   3.540           0.5635000E+01
   3.560          -0.1495000E+01
   3.580          -0.9636000E+01
   3.600          -0.1739400E+02
   3.620          -0.1584000E+02
   3.640          -0.1104000E+02
   3.660          -0.7583000E+01
   3.680           0.8660000E+00
   3.700           0.2858000E+01
   3.720          -0.2334000E+01
   3.740          -0.1094000E+01
   3.760           0.3546000E+01
   3.780          -0.2660000E+00
   3.800           0.2018000E+01
   3.820           0.1361600E+02
   3.840           0.1332400E+02
   3.860           0.1468500E+02
   3.880           0.2025100E+02
   3.900           0.1625200E+02
   3.920           0.6048000E+01
   3.940          -0.3775000E+01
   3.960          -0.9370000E+01
   3.980          -0.9591000E+01
   4.000          -0.4272000E+01
   4.020          -0.3049000E+01
   4.040          -0.3405000E+01
   4.060          -0.9030000E+01
   4.080          -0.1265800E+02
   4.100          -0.1485600E+02
   4.120          -0.1247000E+02
   4.140          -0.8664000E+01
   4.160          -0.6350000E+01
   4.180          -0.8600000E-01
   4.200          -0.4064000E+01
   4.220          -0.3022000E+01
   4.240           0.6680000E+01
   4.260          -0.3716000E+01
   4.280          -0.4205000E+01
   4.300           0.6770000E+00
   4.320          -0.3359000E+01
   4.340          -0.6427000E+01
   4.360          -0.1565600E+02
   4.380          -0.1643900E+02
   4.400          -0.2088600E+02
   4.420          -0.2628200E+02
   4.440          -0.1899300E+02
   4.460          -0.1977200E+02
   4.480          -0.2470000E+02
   4.500          -0.1752800E+02
   4.520          -0.1249800E+02
   4.540           0.6266000E+01
   4.560           0.2156800E+02
   4.580           0.2780600E+02
   4.600           0.2850500E+02
   4.620           0.1436100E+02
   4.640           0.1247500E+02
   4.660           0.1527800E+02
   4.680           0.2114000E+01
   4.700           0.2538000E+01
   4.720           0.8186000E+01
   4.740           0.1215300E+02
   4.760           0.1325600E+02
   4.780           0.1952100E+02
   4.800           0.2577200E+02
   4.820           0.1419700E+02
   4.840           0.1212000E+01
   4.860          -0.2471000E+01
   4.880          -0.1078300E+02
   4.900          -0.8030000E+00
   4.920           0.5706000E+01
   4.940           0.9292000E+01
   4.960           0.1664200E+02
   4.980           0.4333000E+01
   5.000          -0.4567000E+01
   5.020          -0.4422000E+01
   5.040          -0.7127000E+01
   5.060           0.8616000E+01
   5.080           0.1792600E+02
   5.100           0.1045500E+02
   5.120          -0.4167000E+01
   5.140          -0.8041000E+01
   5.160           0.2815000E+01
   5.180           0.4613000E+01
   5.200           0.1410000E+02
   5.220           0.1989600E+02
   5.240           0.3685000E+01
   5.260          -0.2631000E+01
   5.280          -0.1539600E+02
   5.300          -0.3295400E+02
   5.320          -0.3149400E+02
   5.340          -0.1788100E+02
   5.360          -0.1036200E+02
   5.380          -0.1517400E+02
   5.400          -0.1195500E+02
   5.420          -0.5633000E+01
   5.440           0.6467000E+01
   5.460           0.2626200E+02
   5.480           0.2071200E+02
   5.500           0.2642000E+01
   5.520          -0.1602200E+02
   5.540          -0.3186400E+02
   5.560          -0.2071400E+02
   5.580          -0.1655500E+02
   5.600          -0.2531900E+02
   5.620          -0.2148900E+02
   5.640          -0.1818200E+02
   5.660          -0.1617200E+02
   5.680          -0.8155000E+01
   5.700           0.5450000E+00
   5.720          -0.2810000E+00
   5.740          -0.2761500E+02
   5.760          -0.3171500E+02
   5.780          -0.1032300E+02
   5.800          -0.5976000E+01
   5.820          -0.1490200E+02
   5.840          -0.2414900E+02
   5.860          -0.2341900E+02
   5.880          -0.9817000E+01
   5.900           0.8770000E+00
   5.920           0.1626300E+02
   5.940           0.1762900E+02
   5.960           0.2226500E+02
   5.980           0.1707900E+02
   6.000          -0.2263700E+02
   6.020          -0.4468000E+02
   6.040          -0.3501400E+02
   6.060          -0.1718100E+02
   6.080           0.2455000E+01
   6.100           0.1711300E+02
   6.120           0.4359200E+02
   6.140           0.4785800E+02
   6.160           0.3723900E+02
   6.180           0.5110400E+02
   6.200           0.4889100E+02
   6.220           0.4775800E+02
   6.240           0.5191500E+02
   6.260           0.2240900E+02
   6.280           0.4022000E+01
   6.300          -0.9067000E+01
   6.320          -0.3069800E+02
   6.340          -0.2920300E+02
   6.360          -0.2406500E+02
   6.380          -0.1577400E+02
   6.400          -0.9675000E+01
   6.420          -0.9232000E+01
   6.440          -0.5692000E+01
   6.460          -0.1460200E+02
   6.480          -0.3718200E+02
   6.500          -0.4654300E+02
   6.520          -0.3663500E+02
   6.540          -0.1632500E+02
   6.560          -0.1449000E+02
   6.580          -0.9430000E+01
   6.600           0.7929000E+01
   6.620           0.7146000E+01
   6.640          -0.5916000E+01
   6.660          -0.1810600E+02
   6.680          -0.3089300E+02
   6.700          -0.1993000E+02
   6.720           0.8648000E+01
   6.740           0.3695100E+02
   6.760           0.3930200E+02
   6.780           0.2413800E+02
   6.800           0.9375000E+01
   6.820           0.2239100E+02
   6.840           0.4342000E+02
   6.860           0.2542700E+02
   6.880          -0.9417000E+01
   6.900          -0.3158900E+02
   6.920          -0.5072700E+02
   6.940          -0.3511100E+02
   6.960          -0.2049400E+02
   6.980          -0.1501300E+02
   7.000           0.1801600E+02
   7.020           0.4999400E+02
   7.040           0.4979700E+02
   7.060           0.2831600E+02
   7.080           0.1358600E+02
   7.100           0.2058000E+01
   7.120          -0.2139900E+02
   7.140          -0.2300000E+02
   7.160          -0.2237500E+02
   7.180          -0.2717100E+02
   7.200          -0.1124400E+02
   7.220          -0.4278200E+02
   7.240          -0.7079100E+02
   7.260          -0.4384500E+02
   7.280          -0.4837000E+01
   7.300           0.7150000E+01
   7.320          -0.5369000E+01
   7.340          -0.1617000E+02
   7.360          -0.2450100E+02
   7.380          -0.1853300E+02
   7.400          -0.6698000E+01
   7.420          -0.3369800E+02
   7.440          -0.3864800E+02
   7.460          -0.1712600E+02
   7.480          -0.1485200E+02
   7.500           0.1258700E+02
   7.520           0.4799100E+02
   7.540           0.4818900E+02
   7.560           0.4382900E+02
   7.580           0.2352100E+02
   7.600          -0.1243500E+02
   7.620          -0.3297100E+02
   7.640          -0.4015400E+02
   7.660          -0.3324300E+02
   7.680          -0.6470000E+01
   7.700           0.9013000E+01
   7.720           0.1193500E+02
   7.740           0.1850900E+02
   7.760           0.2990600E+02
   7.780           0.3943300E+02
   7.800           0.6536400E+02
   7.820           0.5301300E+02
   7.840          -0.4219000E+01
   7.860          -0.4055700E+02
   7.880          -0.4727500E+02
   7.900          -0.3760300E+02
   7.920          -0.2124000E+02
   7.940          -0.2870000E+02
   7.960          -0.3652200E+02
   7.980          -0.2531300E+02
   8.000          -0.9370000E+00
   8.020           0.2091200E+02
   8.040           0.3239400E+02
   8.060           0.4551200E+02
   8.080           0.3345300E+02
   8.100           0.1182100E+02
   8.120          -0.1556600E+02
   8.140          -0.4132600E+02
   8.160          -0.2542300E+02
   8.180          -0.1053700E+02
   8.200          -0.1316900E+02
   8.220           0.7975000E+01
   8.240           0.1444500E+02
   8.260           0.2304900E+02
   8.280           0.2337400E+02
   8.300           0.2617200E+02
   8.320           0.2795300E+02
   8.340           0.7734000E+01
   8.360           0.1885200E+02
   8.380           0.4521000E+01
   8.400          -0.1066400E+02
   8.420           0.3125100E+02
   8.440           0.4042700E+02
   8.460           0.5218600E+02
   8.480           0.3338200E+02
   8.500          -0.1377700E+02
   8.520          -0.1075000E+01
   8.540           0.9582000E+01
   8.560          -0.7425000E+01
   8.580          -0.2773600E+02
   8.600          -0.5978700E+02
   8.620          -0.4008300E+02
   8.640           0.7563000E+01
   8.660           0.4534800E+02
   8.680           0.5107300E+02
   8.700           0.1360400E+02
   8.720          -0.8551000E+01
   8.740          -0.1246000E+01
   8.760           0.2767700E+02
   8.780           0.7651000E+02
   8.800           0.6454900E+02
   8.820           0.4069000E+02
   8.840           0.5583900E+02
   8.860           0.3702100E+02
   8.880          -0.1450000E+01
   8.900          -0.3273400E+02
   8.920          -0.2731800E+02
   8.940          -0.5405000E+01
   8.960          -0.1748000E+02
   8.980          -0.3944900E+02
   9.000          -0.5050100E+02
   9.020          -0.2392500E+02
   9.040           0.2990000E+01
   9.060          -0.2062000E+02
   9.080          -0.2491500E+02
   9.100          -0.4216100E+02
   9.120          -0.5905300E+02
   9.140          -0.8510000E+01
   9.160           0.2007800E+02
   9.180           0.1590400E+02
   9.200           0.2328000E+02
   9.220           0.5958000E+01
   9.240          -0.7872000E+01
   9.260          -0.1694200E+02
   9.280          -0.1475700E+02
   9.300          -0.1209300E+02
   9.320           0.2127900E+02
   9.340           0.5509300E+02
   9.360           0.2379100E+02
   9.380           0.5171000E+01
   9.400           0.3676000E+02
   9.420           0.3897300E+02
   9.440           0.2692300E+02
   9.460          -0.8727000E+01
   9.480          -0.2547500E+02
   9.500          -0.2157900E+02
   9.520          -0.3022000E+02
   9.540          -0.2282700E+02
   9.560           0.3634000E+01
   9.580           0.2420000E+02
   9.600           0.4224700E+02
   9.620           0.5120100E+02
   9.640           0.6665400E+02
   9.660           0.8176800E+02
   9.680           0.8861700E+02
   9.700           0.7307300E+02
   9.720          -0.5084000E+01
   9.740          -0.6497900E+02
   9.760          -0.8834000E+02
   9.780          -0.8883800E+02
   9.800          -0.3283000E+02
   9.820          -0.7622000E+01
   9.840          -0.7319000E+01
   9.860           0.6050000E+00
   9.880          -0.5650000E+01
   9.900           0.2796300E+02
   9.920           0.1434000E+02
   9.940          -0.3236300E+02
   9.960          -0.2452200E+02
   9.980          -0.4053500E+02
  10.000          -0.5249500E+02
  10.020          -0.2757300E+02
  10.040           0.1478300E+02
  10.060           0.6208300E+02
  10.080           0.5098200E+02
  10.100           0.4182000E+02
  10.120           0.3709200E+02
  10.140           0.1996300E+02
  10.160           0.2007600E+02
  10.180           0.9293000E+01
  10.200          -0.2742000E+01
  10.220           0.3090000E+01
  10.240          -0.1936800E+02
  10.260           0.4225000E+01
  10.280           0.4381300E+02
  10.300           0.5608600E+02
  10.320           0.4837600E+02
  10.340           0.1467700E+02
  10.360          -0.6994000E+01
  10.380          -0.6654000E+01
  10.400          -0.4686000E+01
  10.420          -0.2078000E+01
  10.440          -0.7181000E+01
  10.460          -0.4371000E+01
  10.480          -0.4096100E+02
  10.500          -0.5786300E+02
  10.520          -0.4994000E+01
  10.540           0.4865000E+01
  10.560          -0.1531300E+02
  10.580          -0.1218300E+02
  10.600          -0.1620700E+02
  10.620          -0.5395000E+02
  10.640          -0.6699600E+02
  10.660          -0.1780200E+02
  10.680           0.2910900E+02
  10.700           0.5474400E+02
  10.720           0.6484300E+02
  10.740           0.2098300E+02
  10.760          -0.1628500E+02
  10.780          -0.3323200E+02
  10.800          -0.5125600E+02
  10.820          -0.1396600E+02
  10.840           0.6044000E+01
  10.860          -0.1555900E+02
  10.880          -0.3124100E+02
  10.900          -0.5526200E+02
  10.920          -0.5043100E+02
  10.940          -0.3142800E+02
  10.960          -0.3600000E+00
  10.980           0.2715100E+02
  11.000           0.5799400E+02
  11.020           0.9796600E+02
  11.040           0.7361900E+02
  11.060           0.3484100E+02
  11.080           0.2048400E+02
  11.100          -0.5015300E+02
  11.120          -0.7413700E+02
  11.140          -0.5686700E+02
  11.160          -0.3374900E+02
  11.180           0.5133000E+01
  11.200           0.1056600E+02
  11.220          -0.3230000E+00
  11.240           0.6052000E+01
  11.260           0.1808300E+02
  11.280           0.6063300E+02
  11.300           0.4219400E+02
  11.320          -0.1541100E+02
  11.340          -0.3592700E+02
  11.360          -0.3014500E+02
  11.380          -0.1321400E+02
  11.400          -0.5137700E+02
  11.420          -0.8919200E+02
  11.440          -0.6308400E+02
  11.460          -0.4156300E+02
  11.480          -0.2001000E+01
  11.500           0.3880500E+02
  11.520           0.5202300E+02
  11.540           0.3461400E+02
  11.560          -0.2866700E+02
  11.580          -0.7417300E+02
  11.600          -0.5397800E+02
  11.620           0.1141100E+02
  11.640           0.4781300E+02
  11.660           0.2185300E+02
  11.680           0.1146100E+02
  11.700           0.1906500E+02
  11.720          -0.5809000E+01
  11.740          -0.9922000E+01
  11.760           0.8303000E+01
  11.780           0.4040400E+02
  11.800           0.3410300E+02
  11.820          -0.1762900E+02
  11.840          -0.4140700E+02
  11.860          -0.5895500E+02
  11.880          -0.7633200E+02
  11.900          -0.4168200E+02
  11.920           0.3048000E+01
  11.940           0.3498300E+02
  11.960           0.1534400E+02
  11.980           0.1241300E+02
  12.000           0.1819500E+02
  12.020           0.7887000E+01
  12.040           0.4725000E+01
  12.060          -0.3556400E+02
  12.080          -0.6257600E+02
  12.100          -0.1937400E+02
  12.120           0.1439500E+02
  12.140           0.5588100E+02
  12.160           0.8563200E+02
  12.180           0.9528100E+02
  12.200           0.7574300E+02
  12.220           0.1286600E+02
  12.240          -0.3221600E+02
  12.260          -0.3784900E+02
  12.280          -0.1394100E+02
  12.300          -0.9545000E+01
  12.320          -0.1990000E+02
  12.340           0.3369000E+02
  12.360           0.6039200E+02
  12.380           0.3844600E+02
  12.400           0.3286200E+02
  12.420          -0.1315600E+02
  12.440          -0.4938200E+02
  12.460          -0.2724600E+02
  12.480          -0.2580100E+02
  12.500          -0.4166800E+02
  12.520          -0.3335100E+02
  12.540           0.1615000E+02
  12.560           0.5796900E+02
  12.580           0.4258400E+02
  12.600           0.2925600E+02
  12.620           0.2411000E+01
  12.640           0.6919000E+01
  12.660           0.3087500E+02
  12.680           0.8675000E+01
  12.700          -0.3261900E+02
  12.720          -0.5344600E+02
  12.740          -0.6208400E+02
  12.760          -0.4421100E+02
  12.780          -0.3746200E+02
  12.800          -0.3182700E+02
  12.820          -0.1903900E+02
  12.840           0.1172300E+02
  12.860           0.1937100E+02
  12.880          -0.1870500E+02
  12.900          -0.3513700E+02
  12.920          -0.2953700E+02
  12.940          -0.8427000E+01
  12.960           0.4275600E+02
  12.980           0.2203500E+02
  13.000           0.4913000E+01
  13.020           0.4090200E+02
  13.040           0.1823700E+02
  13.060          -0.9495000E+01
  13.080          -0.5664000E+01
  13.100          -0.1421600E+02
  13.120           0.1038400E+02
  13.140           0.2199100E+02
  13.160           0.2943300E+02
  13.180           0.3722600E+02
  13.200           0.3097100E+02
  13.220           0.1071200E+02
  13.240          -0.5299900E+02
  13.260          -0.7189800E+02
  13.280          -0.3545700E+02
  13.300          -0.3647000E+01
  13.320           0.4504000E+02
  13.340           0.4357400E+02
  13.360           0.2298600E+02
  13.380           0.5084600E+02
  13.400           0.4452600E+02
  13.420           0.3408000E+02
  13.440           0.2980800E+02
  13.460           0.1885500E+02
  13.480           0.5794000E+01
  13.500           0.3345000E+01
  13.520           0.2794200E+02
  13.540           0.2846300E+02
  13.560          -0.1432000E+01
  13.580           0.9466000E+01
  13.600           0.2579000E+01
  13.620          -0.1066100E+02
  13.640          -0.3124100E+02
  13.660          -0.6079700E+02
  13.680          -0.7309700E+02
  13.700          -0.6854800E+02
  13.720          -0.5086900E+02
  13.740          -0.4275800E+02
  13.760          -0.3675300E+02
  13.780          -0.1451400E+02
  13.800          -0.2251400E+02
  13.820          -0.4061000E+01
  13.840           0.1477500E+02
  13.860           0.9627000E+01
  13.880           0.3766800E+02
  13.900           0.4884500E+02
  13.920           0.3828600E+02
  13.940           0.3277000E+02
  13.960          -0.1872900E+02
  13.980          -0.5224900E+02
  14.000          -0.6680300E+02
  14.020          -0.5203300E+02
  14.040          -0.1557000E+01
  14.060          -0.1533600E+02
  14.080          -0.7620000E+01
  14.100           0.5346000E+02
  14.120           0.9297300E+02
  14.140           0.1110140E+03
  14.160           0.7661000E+02
  14.180           0.1603100E+02
  14.200           0.7850000E+00
  14.220           0.7699000E+01
  14.240          -0.4111000E+01
  14.260          -0.3353300E+02
  14.280          -0.4747800E+02
  14.300          -0.5325700E+02
  14.320          -0.6580600E+02
  14.340          -0.3445100E+02
  14.360          -0.3348000E+01
  14.380          -0.1191100E+02
  14.400          -0.4993000E+01
  14.420          -0.2365700E+02
  14.440          -0.3562400E+02
  14.460          -0.2525300E+02
  14.480          -0.1683000E+02
  14.500           0.7053000E+01
  14.520           0.4701800E+02
  14.540           0.6626200E+02
  14.560           0.7659400E+02
  14.580           0.6493400E+02
  14.600           0.4130700E+02
  14.620          -0.7476000E+01
  14.640          -0.3887900E+02
  14.660          -0.1517800E+02
  14.680           0.2098700E+02
  14.700           0.4595600E+02
  14.720           0.5129300E+02
  14.740           0.2444400E+02
  14.760           0.3199100E+02
  14.780           0.3630600E+02
  14.800           0.2190600E+02
  14.820           0.7771000E+01
  14.840          -0.8235000E+01
  14.860          -0.3449000E+01
  14.880          -0.3150000E+00
  14.900          -0.9896000E+01
  14.920          -0.1000500E+02
  14.940          -0.5960000E+00
  14.960           0.2243100E+02
  14.980           0.2963800E+02
  15.000           0.2869300E+02
  15.020           0.3864800E+02
  15.040           0.4600600E+02
  15.060           0.4279900E+02
  15.080           0.9800000E+00
  15.100          -0.4104700E+02
  15.120          -0.5582500E+02
  15.140          -0.3914100E+02
  15.160          -0.7253000E+01
  15.180           0.1238700E+02
  15.200           0.1546000E+02
  15.220           0.1057500E+02
  15.240          -0.4316000E+01
  15.260          -0.1217000E+01
  15.280          -0.2104800E+02
  15.300          -0.3745200E+02
  15.320          -0.2339400E+02
  15.340           0.3243000E+01
  15.360           0.6898000E+01
  15.380          -0.3029600E+02
  15.400          -0.7250700E+02
  15.420          -0.5327400E+02
  15.440          -0.2195200E+02
  15.460           0.9942000E+01
  15.480           0.4402200E+02
  15.500           0.5872500E+02
  15.520           0.4167300E+02
  15.540           0.6362000E+01
  15.560          -0.1525900E+02
  15.580          -0.2275200E+02
  15.600          -0.4074500E+02
  15.620          -0.1984900E+02
  15.640           0.1449500E+02
  15.660           0.1106300E+02
  15.680          -0.1856700E+02
  15.700          -0.2538500E+02
  15.720          -0.2300900E+02
  15.740          -0.1568400E+02
  15.760          -0.3853000E+01
  15.780           0.6451000E+01
  15.800           0.3617100E+02
  15.820           0.7438400E+02
  15.840           0.6454900E+02
  15.860           0.1954400E+02
  15.880          -0.8187000E+01
  15.900          -0.1929400E+02
  15.920          -0.1749900E+02
  15.940          -0.2468900E+02
  15.960          -0.1711400E+02
  15.980          -0.5779000E+01
  16.000          -0.2433500E+02
  16.020          -0.2632600E+02
  16.040          -0.6232000E+01
  16.060          -0.5654000E+01
  16.080          -0.1352600E+02
  16.100          -0.1967600E+02
  16.120           0.4757000E+01
  16.140           0.3911900E+02
  16.160           0.5567300E+02
  16.180           0.2100100E+02
  16.200          -0.5700000E-01
  16.220           0.1281400E+02
  16.240           0.3244000E+01
  16.260          -0.9743000E+01
  16.280           0.1706000E+02
  16.300           0.3533400E+02
  16.320           0.6042700E+02
  16.340           0.6993300E+02
  16.360           0.3669700E+02
  16.380           0.2005600E+02
  16.400           0.2387100E+02
  16.420          -0.3184800E+02
  16.440          -0.7628000E+02
  16.460          -0.6986500E+02
  16.480          -0.4093800E+02
  16.500          -0.1647000E+02
  16.520           0.1005000E+01
  16.540          -0.5673000E+01
  16.560          -0.4166300E+02
  16.580          -0.3964900E+02
  16.600           0.1007800E+02
  16.620           0.1650600E+02
  16.640           0.1241500E+02
  16.660           0.3781600E+02
  16.680           0.5050600E+02
  16.700           0.5429300E+02
  16.720           0.4493600E+02
  16.740           0.2912600E+02
  16.760           0.5766000E+01
  16.780          -0.4027700E+02
  16.800          -0.7126100E+02
  16.820          -0.5800000E+02
  16.840          -0.2486300E+02
  16.860           0.2158200E+02
  16.880           0.6186100E+02
  16.900           0.8180700E+02
  16.920           0.6169000E+02
  16.940           0.1082600E+02
  16.960          -0.3007200E+02
  16.980          -0.2944400E+02
  17.000          -0.8589000E+01
  17.020           0.2164400E+02
  17.040           0.2023200E+02
  17.060           0.6540000E+01
  17.080          -0.7255000E+01
  17.100           0.1676000E+01
  17.120           0.5974000E+01
  17.140           0.1078000E+02
  17.160           0.7331000E+01
  17.180          -0.2990500E+02
  17.200          -0.4813100E+02
  17.220          -0.1706300E+02
  17.240          -0.1643300E+02
  17.260          -0.1387100E+02
  17.280           0.1231900E+02
  17.300           0.2907500E+02
  17.320           0.1462000E+02
  17.340           0.2050000E+00
  17.360           0.1361800E+02
  17.380           0.4793200E+02
  17.400           0.7223100E+02
  17.420           0.6596400E+02
  17.440           0.3211800E+02
  17.460           0.1030700E+02
  17.480           0.7280000E+01
  17.500          -0.2410000E+00
  17.520           0.5311000E+01
  17.540           0.2550300E+02
  17.560           0.3476800E+02
  17.580           0.4176000E+01
  17.600          -0.3088500E+02
  17.620          -0.9447000E+01
  17.640           0.2734200E+02
  17.660           0.4040100E+02
  17.680           0.1915500E+02
  17.700          -0.8717000E+01
  17.720          -0.1303200E+02
  17.740          -0.3440800E+02
  17.760          -0.3537200E+02
  17.780          -0.2135300E+02
  17.800          -0.2941300E+02
  17.820          -0.2000200E+02
  17.840           0.5927000E+01
  17.860          -0.1466500E+02
  17.880          -0.3827200E+02
  17.900          -0.3963500E+02
  17.920          -0.5327000E+01
  17.940           0.1383800E+02
  17.960          -0.3045000E+01
  17.980          -0.2740200E+02
  18.000          -0.2235900E+02
  18.020          -0.3694000E+01
  18.040          -0.3269000E+01
  18.060          -0.1250300E+02
  18.080           0.1498600E+02
  18.100           0.2837900E+02
  18.120           0.2417300E+02
  18.140          -0.8088000E+01
  18.160          -0.3981600E+02
  18.180          -0.3998900E+02
  18.200          -0.5897000E+01
  18.220           0.1368200E+02
  18.240           0.1690600E+02
  18.260           0.2976800E+02
  18.280           0.3340600E+02
  18.300           0.1713000E+02
  18.320           0.2176900E+02
  18.340           0.8304000E+01
  18.360          -0.3099300E+02
  18.380          -0.2051300E+02
  18.400           0.7167000E+01
  18.420           0.9610000E+00
  18.440          -0.1834000E+02
  18.460          -0.3001500E+02
  18.480          -0.1670400E+02
  18.500           0.5624000E+01
  18.520           0.7824000E+01
  18.540           0.1287300E+02
  18.560           0.2961000E+01
  18.580           0.9524000E+01
  18.600           0.1008600E+02
  18.620          -0.1279100E+02
  18.640          -0.1730700E+02
  18.660          -0.1295300E+02
  18.680          -0.2333400E+02
  18.700          -0.1951700E+02
  18.720          -0.2445000E+02
  18.740          -0.1978400E+02
  18.760          -0.1079600E+02
  18.780           0.3540000E+01
  18.800           0.1089000E+01
  18.820          -0.1799700E+02
  18.840          -0.3076600E+02
  18.860          -0.4331500E+02
  18.880          -0.3691100E+02
  18.900           0.8590000E+01
  18.920           0.1252000E+02
  18.940          -0.7948000E+01
  18.960          -0.2116300E+02
  18.980          -0.1256900E+02
  19.000           0.1670000E+02
  19.020           0.4582100E+02
  19.040           0.4526000E+02
  19.060           0.1510100E+02
  19.080          -0.3420700E+02
  19.100          -0.4265300E+02
  19.120          -0.2598000E+02
  19.140          -0.2769000E+01
  19.160           0.5058100E+02
  19.180           0.5944400E+02
  19.200           0.1200600E+02
  19.220          -0.7625000E+01
  19.240           0.8380000E+00
  19.260          -0.8538000E+01
  19.280          -0.4272600E+02
  19.300          -0.7407600E+02
  19.320          -0.7204800E+02
  19.340          -0.5394300E+02
  19.360          -0.3795100E+02
  19.380          -0.3122800E+02
  19.400          -0.2536100E+02
  19.420          -0.1134700E+02
  19.440           0.1914400E+02
  19.460           0.4979400E+02
  19.480           0.6574900E+02
  19.500           0.6169800E+02
  19.520           0.5634400E+02
  19.540           0.3008200E+02
  19.560           0.1421900E+02
  19.580           0.1038200E+02
  19.600           0.8417000E+01
  19.620           0.3236000E+01
  19.640           0.9591000E+01
  19.660           0.2781500E+02
  19.680           0.2577500E+02
  19.700          -0.1539500E+02
  19.720          -0.4070400E+02
  19.740          -0.6736600E+02
  19.760          -0.6215900E+02
  19.780          -0.1728900E+02
  19.800          -0.9398000E+01
  19.820          -0.4111600E+02
  19.840          -0.4896900E+02
  19.860          -0.3704800E+02
  19.880          -0.1245100E+02
  19.900          -0.3725000E+01
  19.920           0.1032500E+02
  19.940           0.1490500E+02
  19.960          -0.4367000E+01
  19.980          -0.1097000E+02
  20.000          -0.7370000E+01
  20.020           0.3968000E+01
  20.040          -0.3773000E+01
  20.060          -0.3654700E+02
  20.080          -0.3377800E+02
  20.100          -0.2050200E+02
  20.120          -0.1710000E+00
  20.140           0.2445300E+02
  20.160           0.9486000E+01
  20.180          -0.7000000E+00
  20.200          -0.6886000E+01
  20.220          -0.1943600E+02
  20.240          -0.2681800E+02
  20.260          -0.2711200E+02
  20.280          -0.1656900E+02
  20.300          -0.5443000E+01
  20.320           0.1094200E+02
  20.340           0.4166900E+02
  20.360           0.2904100E+02
  20.380           0.1199900E+02
  20.400           0.1188900E+02
  20.420           0.9279000E+01
  20.440           0.4421000E+01
  20.460          -0.3588000E+01
  20.480          -0.4486000E+01
  20.500           0.3315800E+02
  20.520           0.5889000E+02
  20.540           0.6340200E+02
  20.560           0.5477300E+02
  20.580           0.4876100E+02
  20.600           0.4356200E+02
  20.620           0.2587100E+02
  20.640           0.1154000E+02
  20.660           0.6980000E+00
  20.680          -0.2448700E+02
  20.700          -0.1460700E+02
  20.720          -0.1561700E+02
  20.740          -0.2434400E+02
  20.760          -0.7383000E+01
  20.780           0.6663000E+01
  20.800           0.4234000E+01
  20.820          -0.6727000E+01
  20.840          -0.6340000E+01
  20.860          -0.6104000E+01
  20.880          -0.2559000E+02
  20.900          -0.2368300E+02
  20.920          -0.2471100E+02
  20.940          -0.2363700E+02
  20.960           0.5032000E+01
  20.980           0.2175100E+02
  21.000           0.2889800E+02
  21.020           0.9440000E+01
  21.040          -0.1361800E+02
  21.060          -0.1107100E+02
  21.080           0.6922000E+01
  21.100           0.4029300E+02
  21.120           0.4940200E+02
  21.140           0.2300400E+02
  21.160           0.5063000E+01
  21.180          -0.3086200E+02
  21.200          -0.5665400E+02
  21.220          -0.6129100E+02
  21.240          -0.4471300E+02
  21.260          -0.1592700E+02
  21.280           0.6858000E+01
  21.300           0.1356900E+02
  21.320           0.1832300E+02
  21.340           0.1501100E+02
  21.360           0.9200000E+01
  21.380          -0.4430000E+00
  21.400           0.1128100E+02
  21.420           0.4097000E+01
  21.440          -0.2544900E+02
  21.460          -0.3233200E+02
  21.480          -0.1442300E+02
  21.500           0.2940000E+01
  21.520           0.1629300E+02
  21.540          -0.3202000E+01
  21.560          -0.2389500E+02
  21.580          -0.4280900E+02
  21.600          -0.5357100E+02
  21.620          -0.4359300E+02
  21.640          -0.3917700E+02
  21.660          -0.2852200E+02
  21.680          -0.2859600E+02
  21.700          -0.3415800E+02
  21.720          -0.1215700E+02
  21.740           0.1409000E+01
  21.760           0.1702900E+02
  21.780           0.1698300E+02
  21.800          -0.4929000E+01
  21.820          -0.4075000E+01
  21.840          -0.1850000E+00
  21.860           0.1373800E+02
  21.880           0.2802700E+02
  21.900           0.2317500E+02
  21.920           0.1092900E+02
  21.940          -0.1655000E+01
  21.960          -0.2367000E+01
  21.980           0.4112000E+01
  22.000           0.4422000E+01
  22.020           0.3334700E+02
  22.040           0.4169800E+02
  22.060           0.2817200E+02
  22.080           0.2541400E+02
  22.100           0.2261900E+02
  22.120           0.1739100E+02
  22.140           0.8621000E+01
  22.160          -0.1172600E+02
  22.180          -0.1580100E+02
  22.200          -0.2133000E+02
  22.220          -0.2391900E+02
  22.240          -0.1952800E+02
  22.260          -0.9947000E+01
  22.280          -0.3784000E+01
  22.300          -0.3146000E+01
  22.320          -0.1266000E+01
  22.340           0.1689600E+02
  22.360           0.1772300E+02
  22.380           0.8028000E+01
  22.400          -0.1321000E+01
  22.420          -0.3111000E+01
  22.440           0.9764000E+01
  22.460           0.2335400E+02
  22.480           0.2274300E+02
  22.500           0.1547200E+02
  22.520           0.1113000E+02
  22.540           0.3077000E+01
  22.560          -0.1767100E+02
  22.580          -0.2242100E+02
  22.600          -0.2635400E+02
  22.620          -0.2801800E+02
  22.640          -0.1942000E+01
  22.660           0.1706500E+02
  22.680           0.2794200E+02
  22.700           0.2729300E+02
  22.720           0.7189000E+01
  22.740          -0.7115000E+01
  22.760          -0.8399000E+01
  22.780          -0.9234000E+01
  22.800          -0.7867000E+01
  22.820          -0.1342200E+02
  22.840          -0.1158700E+02
  22.860          -0.3912000E+01
  22.880           0.9843000E+01
  22.900           0.1694200E+02
  22.920           0.1073600E+02
  22.940           0.2853000E+01
  22.960          -0.5757000E+01
  22.980          -0.8014000E+01
  23.000           0.4802000E+01
  23.020          -0.2019000E+01
  23.040          -0.1086200E+02
  23.060          -0.1662700E+02
  23.080          -0.1336600E+02
  23.100          -0.7490000E+00
  23.120          -0.3820000E+00
  23.140          -0.8265000E+01
  23.160          -0.2645000E+01
  23.180           0.1390000E+00
  23.200           0.1167200E+02
  23.220           0.5784000E+01
  23.240          -0.1141600E+02
  23.260          -0.2134800E+02
  23.280          -0.1795800E+02
  23.300          -0.4509000E+01
  23.320           0.9377000E+01
  23.340           0.2232500E+02
  23.360           0.3599000E+02
  23.380           0.3533100E+02
  23.400           0.2747900E+02
  23.420           0.1721100E+02
  23.440           0.1365500E+02
  23.460           0.1442800E+02
  23.480           0.1296600E+02
  23.500           0.2184500E+02
  23.520           0.2510900E+02
  23.540           0.1485800E+02
  23.560          -0.1768000E+01
  23.580          -0.1189400E+02
  23.600          -0.1735900E+02
  23.620          -0.2591700E+02
  23.640          -0.2511500E+02
  23.660          -0.1409600E+02
  23.680          -0.1222500E+02
  23.700          -0.2038000E+01
  23.720           0.1122000E+01
  23.740           0.9540000E+00
  23.760           0.5987000E+01
  23.780          -0.2183000E+01
  23.800          -0.2046400E+02
  23.820          -0.2185100E+02
  23.840          -0.4463000E+01
  23.860           0.1688600E+02
  23.880           0.1498700E+02
  23.900           0.1078300E+02
  23.920          -0.7010000E+01
  23.940          -0.1738500E+02
  23.960          -0.4167000E+01
  23.980           0.2575000E+01
  24.000           0.5400000E+00
  24.020          -0.2140000E+00
  24.040          -0.1269000E+02
  24.060          -0.9568000E+01
  24.080          -0.5562000E+01
  24.100          -0.9010000E+00
  24.120           0.4072000E+01
  24.140          -0.1474000E+01
  24.160           0.2613000E+01
  24.180           0.1191100E+02
  24.200           0.2004100E+02
  24.220           0.2926400E+02
  24.240           0.1347900E+02
  24.260           0.4127000E+01
  24.280           0.7701000E+01
  24.300           0.2101000E+01
  24.320           0.8550000E+01
  24.340           0.1213300E+02
  24.360          -0.1632000E+01
  24.380          -0.1221100E+02
  24.400          -0.1584300E+02
  24.420          -0.1955400E+02
  24.440          -0.2345400E+02
  24.460          -0.2463100E+02
  24.480          -0.1477100E+02
  24.500          -0.1020800E+02
  24.520           0.3453000E+01
  24.540           0.1224100E+02
  24.560           0.2313000E+01
  24.580          -0.6229000E+01
  24.600          -0.1567200E+02
  24.620          -0.1723900E+02
  24.640          -0.6637000E+01
  24.660          -0.6619000E+01
  24.680           0.3812000E+01
  24.700           0.3729000E+01
  24.720          -0.2661000E+01
  24.740          -0.7564000E+01
  24.760          -0.2449300E+02
  24.780          -0.3329800E+02
  24.800          -0.2700700E+02
  24.820          -0.1533700E+02
  24.840           0.4017000E+01
  24.860           0.9321000E+01
  24.880           0.2105000E+02
  24.900           0.3099400E+02
  24.920           0.2737200E+02
  24.940           0.1806100E+02
  24.960           0.7145000E+01
  24.980          -0.4567000E+01
  25.000          -0.1726900E+02
  25.020          -0.2631200E+02
  25.040          -0.2224800E+02
  25.060          -0.2151000E+02
  25.080          -0.1497000E+02
  25.100          -0.1177500E+02
  25.120          -0.2196900E+02
  25.140          -0.2749600E+02
  25.160          -0.2964700E+02
  25.180          -0.2470300E+02
  25.200          -0.1325100E+02
  25.220          -0.2493000E+01
  25.240           0.1152900E+02
  25.260           0.9139000E+01
  25.280          -0.5968000E+01
  25.300          -0.1233100E+02
  25.320          -0.2189300E+02
  25.340          -0.1948400E+02
  25.360          -0.7216000E+01
  25.380           0.9665000E+01
  25.400           0.1860600E+02
  25.420           0.5696000E+01
  25.440          -0.2314000E+01
  25.460           0.2688000E+01
  25.480          -0.1350000E+01
  25.500           0.3280000E+00
  25.520          -0.6463000E+01
  25.540          -0.1167800E+02
  25.560          -0.3416000E+01
  25.580           0.1022600E+02
  25.600           0.2084900E+02
  25.620           0.1698400E+02
  25.640           0.8772000E+01
  25.660           0.8811000E+01
  25.680           0.4425000E+01
  25.700           0.1418900E+02
  25.720           0.1667400E+02
  25.740           0.7697000E+01
  25.760           0.6400000E-01
  25.780          -0.2674000E+01
  25.800          -0.2829000E+01
  25.820          -0.6341000E+01
  25.840          -0.4085000E+01
  25.860           0.8913000E+01
  25.880           0.1167000E+02
  25.900           0.1116000E+02
  25.920           0.8925000E+01
  25.940           0.6791000E+01
  25.960           0.7262000E+01
  25.980          -0.7040000E+00
  26.000          -0.5934000E+01
  26.020          -0.1342000E+01
  26.040          -0.7501000E+01
  26.060          -0.1663400E+02
  26.080          -0.2012200E+02
  26.100          -0.2653100E+02
  26.120          -0.2731400E+02
  26.140          -0.2125500E+02
  26.160          -0.1264200E+02
  26.180          -0.7986000E+01
  26.200          -0.2070000E+01
  26.220           0.8043000E+01
  26.240           0.1154100E+02
  26.260           0.8392000E+01
  26.280           0.5117000E+01
  26.300          -0.6317000E+01
  26.320          -0.1103700E+02
  26.340          -0.4013000E+01
  26.360           0.4812000E+01
  26.380          -0.3610000E+00
  26.400          -0.1704000E+01
  26.420           0.3663000E+01
  26.440           0.5895000E+01
  26.460           0.5310000E+01
  26.480           0.6311000E+01
  26.500           0.1761000E+01
  26.520           0.1590000E+01
  26.540          -0.6170000E+00
  26.560           0.6526000E+01
  26.580           0.1061800E+02
  26.600           0.2469000E+01
  26.620           0.1766000E+01
  26.640           0.4099000E+01
  26.660          -0.2094000E+01
  26.680          -0.2072000E+01
  26.700          -0.1040000E+01
  26.720           0.2402000E+01
  26.740           0.7484000E+01
  26.760           0.1437400E+02
  26.780           0.2110900E+02
  26.800           0.1992700E+02
  26.820           0.1712300E+02
  26.840           0.1133800E+02
  26.860           0.2800000E+00
  26.880          -0.3183000E+01
  26.900           0.3033000E+01
  26.920           0.9535000E+01
  26.940           0.1090100E+02
  26.960           0.1627700E+02
  26.980           0.2554600E+02
  27.000           0.2123000E+02
  27.020           0.1686200E+02
  27.040           0.1331900E+02
  27.060           0.7590000E+01
  27.080           0.4498000E+01
  27.100          -0.2300000E-01
  27.120           0.1323000E+01
  27.140           0.4652000E+01
  27.160          -0.7168000E+01
  27.180          -0.7735000E+01
  27.200          -0.3511000E+01
  27.220          -0.5806000E+01
  27.240          -0.6614000E+01
  27.260          -0.4555000E+01
  27.280           0.6440000E+00
  27.300           0.1105700E+02
  27.320           0.2179100E+02
  27.340           0.3146500E+02
  27.360           0.2836900E+02
  27.380           0.1951800E+02
  27.400           0.7879000E+01
  27.420          -0.1691000E+01
  27.440          -0.2096000E+01
  27.460           0.8354000E+01
  27.480           0.1258500E+02
  27.500           0.1185300E+02
  27.520           0.1390900E+02
  27.540           0.1780000E+02
  27.560           0.1474700E+02
  27.580           0.6415000E+01
  27.600          -0.3313000E+01
  27.620          -0.1069100E+02
  27.640          -0.1342000E+02
  27.660          -0.7372000E+01
  27.680          -0.3077000E+01
  27.700          -0.5072000E+01
  27.720          -0.7729000E+01
  27.740          -0.7100000E+01
  27.760          -0.4816000E+01
  27.780          -0.4712000E+01
  27.800          -0.4860000E+00
  27.820           0.8301000E+01
  27.840           0.1223500E+02
  27.860           0.1019300E+02
  27.880           0.7277000E+01
  27.900           0.9660000E+00
  27.920          -0.5575000E+01
  27.940          -0.1457000E+02
  27.960          -0.1730400E+02
  27.980          -0.1646800E+02
  28.000          -0.1727900E+02
  28.020          -0.1137200E+02
  28.040          -0.1796000E+01
  28.060          -0.7940000E+00
  28.080           0.3079000E+01
  28.100           0.5114000E+01
  28.120           0.4912000E+01
  28.140           0.2559000E+01
  28.160          -0.1944000E+01
  28.180          -0.6952000E+01
  28.200          -0.8210000E+01
  28.220          -0.8303000E+01
  28.240          -0.1079900E+02
  28.260          -0.1952500E+02
  28.280          -0.1717900E+02
  28.300          -0.6081000E+01
  28.320           0.1861000E+01
  28.340           0.6400000E+01
  28.360           0.9005000E+01
  28.380           0.8488000E+01
  28.400           0.3052000E+01
  28.420          -0.8161000E+01
  28.440          -0.1166600E+02
  28.460          -0.1240200E+02
  28.480          -0.1344000E+02
  28.500          -0.1146500E+02
  28.520          -0.6794000E+01
  28.540          -0.3021000E+01
  28.560          -0.2891000E+01
  28.580          -0.7664000E+01
  28.600          -0.1089700E+02
  28.620          -0.1026200E+02
  28.640          -0.2254000E+01
  28.660           0.9729000E+01
  28.680           0.1478600E+02
  28.700           0.1791500E+02
  28.720           0.1767000E+02
  28.740           0.1366800E+02
  28.760           0.9271000E+01
  28.780           0.3027000E+01
  28.800          -0.5450000E+00
  28.820           0.3776000E+01
  28.840           0.9863000E+01
  28.860           0.1847500E+02
  28.880           0.1511100E+02
  28.900           0.2119000E+01
  28.920          -0.7657000E+01
  28.940          -0.6891000E+01
  28.960          -0.4776000E+01
  28.980          -0.5866000E+01
  29.000          -0.7809000E+01
  29.020          -0.8678000E+01
  29.040          -0.1128500E+02
  29.060          -0.2832000E+01
  29.080           0.9105000E+01
  29.100           0.1184500E+02
  29.120           0.8071000E+01
  29.140           0.4162000E+01
  29.160          -0.1260000E+01
  29.180          -0.1700000E-01
  29.200           0.1816000E+01
  29.220           0.2786000E+01
  29.240          -0.5440000E+00
  29.260          -0.8574000E+01
  29.280          -0.1362700E+02
  29.300          -0.1320200E+02
  29.320          -0.7922000E+01
  29.340          -0.2403000E+01
  29.360          -0.8580000E+00
  29.380           0.3346000E+01
  29.400           0.2809000E+01
  29.420          -0.1540000E+00
  29.440          -0.1333000E+01
  29.460          -0.3322000E+01
  29.480           0.1396000E+01
  29.500           0.5987000E+01
  29.520           0.3915000E+01
  29.540          -0.6340000E+00
  29.560          -0.1976000E+01
  29.580          -0.2373000E+01
  29.600          -0.6710000E+01
  29.620          -0.9098000E+01
  29.640          -0.5027000E+01
  29.660          -0.7562000E+01
  29.680          -0.7205000E+01
  29.700          -0.1507000E+01
  29.720          -0.9480000E+00
  29.740          -0.2329000E+01
  29.760           0.5460000E+00
  29.780           0.4940000E+00
  29.800          -0.1927000E+01
  29.820          -0.4847000E+01
  29.840          -0.4307000E+01
  29.860          -0.5297000E+01
  29.880          -0.9037000E+01
  29.900          -0.1372900E+02
  29.920          -0.1540100E+02
  29.940          -0.1880600E+02
  29.960          -0.1850400E+02
  29.980          -0.1700500E+02
  30.000          -0.1540300E+02
  30.020          -0.1173200E+02
  30.040          -0.6972000E+01
  30.060          -0.8184000E+01
  30.080          -0.1437300E+02
  30.100          -0.1788400E+02
  30.120          -0.1586300E+02
  30.140          -0.1175900E+02
  30.160          -0.3548000E+01
  30.180           0.4978000E+01
  30.200           0.1303900E+02
  30.220           0.1435300E+02
  30.240           0.1069900E+02
  30.260           0.1121300E+02
  30.280           0.1102300E+02
  30.300           0.1091700E+02
  30.320           0.1238300E+02
  30.340           0.1276800E+02
  30.360           0.1243700E+02
  30.380           0.1078400E+02
  30.400           0.1085700E+02
  30.420           0.1394000E+02
  30.440           0.1432500E+02
  30.460           0.1365900E+02
  30.480           0.1452500E+02
  30.500           0.1576300E+02
  30.520           0.1424200E+02
  30.540           0.1203800E+02
  30.560           0.9315000E+01
  30.580           0.1099900E+02
  30.600           0.1235400E+02
  30.620           0.7061000E+01
  30.640          -0.1513000E+01
  30.660          -0.3912000E+01
  30.680          -0.1500000E+00
  30.700           0.4645000E+01
  30.720           0.3022000E+01
  30.740           0.1623000E+01
  30.760          -0.1699000E+01
  30.780          -0.5120000E+01
  30.800          -0.5192000E+01
  30.820          -0.1838000E+01
  30.840          -0.2934000E+01
  30.860          -0.8137000E+01
  30.880          -0.8926000E+01
  30.900          -0.4072000E+01
  30.920          -0.4120000E+00
  30.940           0.4450000E+01
  30.960           0.3519000E+01
  30.980          -0.4150000E+00
  31.000          -0.2868000E+01
  31.020          -0.4260000E+01
  31.040          -0.2019000E+01
  31.060          -0.5630000E+00
  31.080          -0.4199000E+01
  31.100          -0.5899000E+01
  31.120          -0.7332000E+01
  31.140          -0.8484000E+01
  31.160          -0.6125000E+01
  31.180          -0.6730000E+01
  31.200          -0.5966000E+01
  31.220          -0.1170000E+00
  31.240           0.2785000E+01
  31.260           0.4440000E+00
  31.280          -0.5281000E+01
  31.300          -0.7259000E+01
  31.320          -0.2675000E+01
  31.340          -0.9680000E+00
  31.360           0.2880000E+01
  31.380           0.3142000E+01
  31.400          -0.2585000E+01
  31.420          -0.5524000E+01
  31.440          -0.5568000E+01
  31.460          -0.4862000E+01
  31.480          -0.6214000E+01
  31.500          -0.1024400E+02
  31.520          -0.7246000E+01
  31.540          -0.5406000E+01
  31.560          -0.5403000E+01
  31.580          -0.6602000E+01
  31.600          -0.8943000E+01
  31.620          -0.9777000E+01
  31.640          -0.7441000E+01
  31.660          -0.1999000E+01
  31.680           0.5304000E+01
  31.700           0.7392000E+01
  31.720           0.8682000E+01
  31.740           0.5146000E+01
  31.760           0.9730000E+00
  31.780           0.2475000E+01
  31.800           0.6838000E+01
  31.820           0.8634000E+01
  31.840           0.9436000E+01
  31.860           0.1043100E+02
  31.880           0.1134300E+02
  31.900           0.9742000E+01
  31.920           0.1099900E+02
  31.940           0.1388600E+02
  31.960           0.1221600E+02
  31.980           0.8606000E+01
  32.000           0.6834000E+01
  32.020           0.5473000E+01
  32.040           0.3651000E+01
  32.060           0.3566000E+01
  32.080           0.5351000E+01
  32.100           0.4952000E+01
  32.120           0.1516000E+01
  32.140           0.1681000E+01
  32.160           0.1860000E+01
  32.180           0.1200000E-01
  32.200           0.9210000E+00
  32.220           0.4059000E+01
  32.240           0.4409000E+01
  32.260           0.5202000E+01
  32.280           0.5116000E+01
  32.300           0.3706000E+01
  32.320           0.3712000E+01
  32.340           0.4422000E+01
  32.360           0.2136000E+01
  32.380           0.1680000E+00
  32.400           0.1000000E-01
  32.420           0.1952000E+01
  32.440           0.1867000E+01
  32.460           0.8720000E+00
  32.480           0.7750000E+00
  32.500           0.1199000E+01
  32.520           0.1027000E+01
  32.540           0.1014000E+01
  32.560           0.1771000E+01
  32.580           0.3259000E+01
  32.600           0.2429000E+01
  32.620           0.2807000E+01
  32.640           0.3658000E+01
  32.660           0.3300000E+01
  32.680           0.3817000E+01
  32.700           0.5807000E+01
  32.720           0.6559000E+01
  32.740           0.5046000E+01
  32.760           0.3467000E+01
  32.780           0.3209000E+01
  32.800           0.1364000E+01
  32.820           0.7200000E+00
  32.840           0.2175000E+01
  32.860           0.1792000E+01
  32.880           0.1364000E+01
  32.900           0.1606000E+01
  32.920           0.3030000E+00
  32.940          -0.1108000E+01
  32.960          -0.2514000E+01
  32.980          -0.2780000E+01
  33.000          -0.2166000E+01
  33.020          -0.3098000E+01
  33.040          -0.2932000E+01
  33.060          -0.2371000E+01
  33.080          -0.2866000E+01
  33.100          -0.3095000E+01
  33.120          -0.3408000E+01
  33.140          -0.4532000E+01
  33.160          -0.5198000E+01
  33.180          -0.4241000E+01
  33.200          -0.2230000E+01
  33.220          -0.1884000E+01
  33.240          -0.1303000E+01
  33.260          -0.4600000E+00
  33.280          -0.7870000E+00
  33.300          -0.1093000E+01
  33.320          -0.7730000E+00
  33.340          -0.3210000E+00
  33.360           0.3730000E+00
  33.380           0.6740000E+00
  33.400           0.1346000E+01
  33.420           0.8660000E+00
  33.440          -0.2030000E+00
  33.460          -0.1670000E+00
  33.480           0.7000000E-02
  33.500          -0.2340000E+00
  33.520          -0.5460000E+00
  33.540          -0.9870000E+00
  33.560          -0.9670000E+00
  33.580          -0.1032000E+01
  33.600          -0.7450000E+00
  33.620          -0.2210000E+00
  33.640          -0.1370000E+00
  33.660          -0.5000000E-01
  33.680          -0.3000000E-01
  33.700          -0.2340000E+00
  33.720          -0.2700000E+00
  33.740          -0.1700000E+00
  33.760          -0.1900000E-01
  33.780           0.7000000E-02
  33.800          -0.8000000E-02
  33.820           0.0000000E+00
  33.840           0.0000000E+00
  33.860           0.0000000E+00
  33.880           0.0000000E+00
  33.900           0.0000000E+00
  33.920           0.0000000E+00
  33.940           0.0000000E+00
  33.960           0.0000000E+00
  33.980           0.0000000E+00
  34.000           0.0000000E+00
  34.020           0.0000000E+00
  34.040           0.0000000E+00
  34.060           0.0000000E+00
  34.080           0.0000000E+00
  34.100           0.0000000E+00
  34.120           0.0000000E+00
  34.140           0.0000000E+00
  34.160           0.0000000E+00
  34.180           0.0000000E+00
  34.200           0.0000000E+00
  34.220           0.0000000E+00
  34.240           0.0000000E+00
  34.260           0.0000000E+00
  34.280           0.0000000E+00
  34.300           0.0000000E+00
  34.320           0.0000000E+00
  34.340           0.0000000E+00
  34.360           0.0000000E+00
  34.380           0.0000000E+00
  34.400           0.0000000E+00
  34.420           0.0000000E+00
  34.440           0.0000000E+00
  34.460           0.0000000E+00
  34.480           0.0000000E+00
  34.500           0.0000000E+00
  34.520           0.0000000E+00
  34.540           0.0000000E+00
  34.560           0.0000000E+00
  34.580           0.0000000E+00
  34.600           0.0000000E+00
  34.620           0.0000000E+00
  34.640           0.0000000E+00
  34.660           0.0000000E+00
  34.680           0.0000000E+00
  34.700           0.0000000E+00
  34.720           0.0000000E+00
  34.740           0.0000000E+00
  34.760           0.0000000E+00
  34.780           0.0000000E+00
  34.800           0.0000000E+00
  34.820           0.0000000E+00
  34.840           0.0000000E+00
  34.860           0.0000000E+00
  34.880           0.0000000E+00
  34.900           0.0000000E+00
  34.920           0.0000000E+00
  34.940           0.0000000E+00
  34.960           0.0000000E+00
  34.980           0.0000000E+00
  35.000           0.0000000E+00
  35.020           0.0000000E+00
  35.040           0.0000000E+00
  35.060           0.0000000E+00
  35.080           0.0000000E+00
  35.100           0.0000000E+00
  35.120           0.0000000E+00
  35.140           0.0000000E+00
  35.160           0.0000000E+00
  35.180           0.0000000E+00
  35.200           0.0000000E+00
  35.220           0.0000000E+00
  35.240           0.0000000E+00
  35.260           0.0000000E+00
  35.280           0.0000000E+00
  35.300           0.0000000E+00
  35.320           0.0000000E+00
  35.340           0.0000000E+00
  35.360           0.0000000E+00
  35.380           0.0000000E+00
  35.400           0.0000000E+00
  35.420           0.0000000E+00
  35.440           0.0000000E+00
  35.460           0.0000000E+00
  35.480           0.0000000E+00
  35.500           0.0000000E+00
  35.520           0.0000000E+00
  35.540           0.0000000E+00
  35.560           0.0000000E+00
  35.580           0.0000000E+00
  35.600           0.0000000E+00
  35.620           0.0000000E+00
  35.640           0.0000000E+00
  35.660           0.0000000E+00
  35.680           0.0000000E+00
  35.700           0.0000000E+00
  35.720           0.0000000E+00
  35.740           0.0000000E+00
  35.760           0.0000000E+00
  35.780           0.0000000E+00
  35.800           0.0000000E+00
  35.820           0.0000000E+00
  35.840           0.0000000E+00
  35.860           0.0000000E+00
  35.880           0.0000000E+00
  35.900           0.0000000E+00
  35.920           0.0000000E+00
  35.940           0.0000000E+00
  35.960           0.0000000E+00
  35.980           0.0000000E+00
  36.000           0.0000000E+00
  36.020           0.0000000E+00
  36.040           0.0000000E+00
  36.060           0.0000000E+00
  36.080           0.0000000E+00
  36.100           0.0000000E+00
  36.120           0.0000000E+00
  36.140           0.0000000E+00
  36.160           0.0000000E+00
  36.180           0.0000000E+00
  36.200           0.0000000E+00
  36.220           0.0000000E+00
  36.240           0.0000000E+00
  36.260           0.0000000E+00
  36.280           0.0000000E+00
  36.300           0.0000000E+00
  36.320           0.0000000E+00
  36.340           0.0000000E+00
  36.360           0.0000000E+00
  36.380           0.0000000E+00
  36.400           0.0000000E+00
  36.420           0.0000000E+00
  36.440           0.0000000E+00
  36.460           0.0000000E+00
  36.480           0.0000000E+00
  36.500           0.0000000E+00
  36.520           0.0000000E+00
  36.540           0.0000000E+00
  36.560           0.0000000E+00
  36.580           0.0000000E+00
  36.600           0.0000000E+00
  36.620           0.0000000E+00
  36.640           0.0000000E+00
  36.660           0.0000000E+00
  36.680           0.0000000E+00
  36.700           0.0000000E+00
  36.720           0.0000000E+00
  36.740           0.0000000E+00
  36.760           0.0000000E+00
  36.780           0.0000000E+00
  36.800           0.0000000E+00
  36.820           0.0000000E+00
  36.840           0.0000000E+00
  36.860           0.0000000E+00
  36.880           0.0000000E+00
  36.900           0.0000000E+00
  36.920           0.0000000E+00
  36.940           0.0000000E+00
  36.960           0.0000000E+00
  36.980           0.0000000E+00
  37.000           0.0000000E+00
  37.020           0.0000000E+00
  37.040           0.0000000E+00
  37.060           0.0000000E+00
  37.080           0.0000000E+00
  37.100           0.0000000E+00
  37.120           0.0000000E+00
  37.140           0.0000000E+00
  37.160           0.0000000E+00
  37.180           0.0000000E+00
  37.200           0.0000000E+00
  37.220           0.0000000E+00
  37.240           0.0000000E+00
  37.260           0.0000000E+00
  37.280           0.0000000E+00
  37.300           0.0000000E+00
  37.320           0.0000000E+00
  37.340           0.0000000E+00
  37.360           0.0000000E+00
  37.380           0.0000000E+00
  37.400           0.0000000E+00
  37.420           0.0000000E+00
  37.440           0.0000000E+00
  37.460           0.0000000E+00
  37.480           0.0000000E+00
  37.500           0.0000000E+00
  37.520           0.0000000E+00
  37.540           0.0000000E+00
  37.560           0.0000000E+00
  37.580           0.0000000E+00
  37.600           0.0000000E+00
  37.620           0.0000000E+00
  37.640           0.0000000E+00
  37.660           0.0000000E+00
  37.680           0.0000000E+00
  37.700           0.0000000E+00
  37.720           0.0000000E+00
  37.740           0.0000000E+00
  37.760           0.0000000E+00
  37.780           0.0000000E+00
  37.800           0.0000000E+00
  37.820           0.0000000E+00
  37.840           0.0000000E+00
  37.860           0.0000000E+00
  37.880           0.0000000E+00
  37.900           0.0000000E+00
  37.920           0.0000000E+00
  37.940           0.0000000E+00
  37.960           0.0000000E+00
  37.980           0.0000000E+00
  38.000           0.0000000E+00
  38.020           0.0000000E+00
  38.040           0.0000000E+00
  38.060           0.0000000E+00
  38.080           0.0000000E+00
  38.100           0.0000000E+00
  38.120           0.0000000E+00
  38.140           0.0000000E+00
  38.160           0.0000000E+00
  38.180           0.0000000E+00
  38.200           0.0000000E+00
  38.220           0.0000000E+00
  38.240           0.0000000E+00
  38.260           0.0000000E+00
  38.280           0.0000000E+00
  38.300           0.0000000E+00
  38.320           0.0000000E+00
  38.340           0.0000000E+00
  38.360           0.0000000E+00
  38.380           0.0000000E+00
  38.400           0.0000000E+00
  38.420           0.0000000E+00
  38.440           0.0000000E+00
  38.460           0.0000000E+00
  38.480           0.0000000E+00
  38.500           0.0000000E+00
  38.520           0.0000000E+00
  38.540           0.0000000E+00
  38.560           0.0000000E+00
  38.580           0.0000000E+00
  38.600           0.0000000E+00
  38.620           0.0000000E+00
  38.640           0.0000000E+00
  38.660           0.0000000E+00
  38.680           0.0000000E+00
  38.700           0.0000000E+00
  38.720           0.0000000E+00
  38.740           0.0000000E+00
  38.760           0.0000000E+00
  38.780           0.0000000E+00
  38.800           0.0000000E+00
  38.820           0.0000000E+00
  38.840           0.0000000E+00
  38.860           0.0000000E+00
  38.880           0.0000000E+00
  38.900           0.0000000E+00
  38.920           0.0000000E+00
  38.940           0.0000000E+00
  38.960           0.0000000E+00
  38.980           0.0000000E+00
  39.000           0.0000000E+00
  39.020           0.0000000E+00
  39.040           0.0000000E+00
  39.060           0.0000000E+00
  39.080           0.0000000E+00
  39.100           0.0000000E+00
  39.120           0.0000000E+00
  39.140           0.0000000E+00
  39.160           0.0000000E+00
  39.180           0.0000000E+00
  39.200           0.0000000E+00
  39.220           0.0000000E+00
  39.240           0.0000000E+00
  39.260           0.0000000E+00
  39.280           0.0000000E+00
  39.300           0.0000000E+00
  39.320           0.0000000E+00
  39.340           0.0000000E+00
  39.360           0.0000000E+00
  39.380           0.0000000E+00
  39.400           0.0000000E+00
  39.420           0.0000000E+00
  39.440           0.0000000E+00
  39.460           0.0000000E+00
  39.480           0.0000000E+00
  39.500           0.0000000E+00
  39.520           0.0000000E+00
  39.540           0.0000000E+00
  39.560           0.0000000E+00
  39.580           0.0000000E+00
  39.600           0.0000000E+00
  39.620           0.0000000E+00
  39.640           0.0000000E+00
  39.660           0.0000000E+00
  39.680           0.0000000E+00
  39.700           0.0000000E+00
  39.720           0.0000000E+00
  39.740           0.0000000E+00
  39.760           0.0000000E+00
  39.780           0.0000000E+00
  39.800           0.0000000E+00
  39.820           0.0000000E+00
  39.840           0.0000000E+00
  39.860           0.0000000E+00
  39.880           0.0000000E+00
  39.900           0.0000000E+00
  39.920           0.0000000E+00
  39.940           0.0000000E+00
  39.960           0.0000000E+00
  39.980           0.0000000E+00
  40.000           0.0000000E+00
  40.020           0.0000000E+00
  40.040           0.0000000E+00
  40.060           0.0000000E+00
  40.080           0.0000000E+00
  40.100           0.0000000E+00
  40.120           0.0000000E+00
  40.140           0.0000000E+00
  40.160           0.0000000E+00
  40.180           0.0000000E+00
  40.200           0.0000000E+00
  40.220           0.0000000E+00
  40.240           0.0000000E+00
  40.260           0.0000000E+00
  40.280           0.0000000E+00
  40.300           0.0000000E+00
  40.320           0.0000000E+00
  40.340           0.0000000E+00
  40.360           0.0000000E+00
  40.380           0.0000000E+00
  40.400           0.0000000E+00
  40.420           0.0000000E+00
  40.440           0.0000000E+00
  40.460           0.0000000E+00
  40.480           0.0000000E+00
  40.500           0.0000000E+00
  40.520           0.0000000E+00
  40.540           0.0000000E+00
  40.560           0.0000000E+00
  40.580           0.0000000E+00
  40.600           0.0000000E+00
  40.620           0.0000000E+00
  40.640           0.0000000E+00
  40.660           0.0000000E+00
  40.680           0.0000000E+00
  40.700           0.0000000E+00
  40.720           0.0000000E+00
  40.740           0.0000000E+00
  40.760           0.0000000E+00
  40.780           0.0000000E+00
  40.800           0.0000000E+00
  40.820           0.0000000E+00
  40.840           0.0000000E+00
  40.860           0.0000000E+00
  40.880           0.0000000E+00
  40.900           0.0000000E+00
  40.920           0.0000000E+00
  40.940           0.0000000E+00
  40.960           0.0000000E+00
