        2048     0.02000
       0.001       0.001       0.001      -0.001       0.000       0.001       0.001       0.001       0.001       0.003
       0.001       0.001       0.004       0.000      -0.001      -0.007      -0.000      -0.003      -0.013      -0.001
      -0.005      -0.069      -0.002       0.001       0.046       0.015       0.015       0.115       0.012       0.002
       0.083       0.095       0.018       0.031      -0.090      -0.045      -0.072      -0.172      -0.015      -0.027
      -0.145      -0.052      -0.075      -0.291      -0.009       0.040       0.280       0.062       0.066       0.379
       0.077       0.079       0.427       0.345       0.082       0.040      -0.162      -0.149      -0.098      -0.263
      -0.500      -0.217      -0.269      -0.513      -0.645      -0.239      -0.048       0.355       0.675       0.751
       0.372      -0.180      -0.521      -0.277      -0.311      -0.391      -0.268      -0.489      -0.897      -0.888
      -0.829      -0.503      -0.598      -0.886      -1.112      -0.936      -0.142       0.342       0.712       0.343
       0.386       0.775       0.349       0.510       1.090       0.592       0.792       1.484       0.730       0.064
      -0.720      -0.054       0.447       1.150       1.088       0.688       0.904       1.088       1.003       1.507
       1.908       0.827      -0.335      -0.701      -0.588      -0.420      -0.819      -1.390      -1.378      -1.555
      -2.270      -2.250      -1.703      -0.492       1.099       1.533       1.974       1.500       1.515       2.297
       2.456       2.430       2.747       1.838       0.418      -0.711      -1.998      -2.802      -3.002      -1.925
      -1.526      -2.438      -3.102      -1.737       0.393       1.105       2.188       3.407       2.514       2.602
       3.548       1.751       0.181      -1.595      -3.325      -2.791      -2.312      -3.078      -3.083      -3.466
      -3.074      -1.959      -1.825      -2.190      -0.382       0.878       1.225       0.363      -1.641      -2.706
      -1.349       1.298       4.082       4.243       3.781       1.456      -0.005      -1.586      -3.081      -3.719
      -3.579      -3.420      -4.479      -5.279      -4.055      -2.958      -0.892       1.032       2.756       4.564
       4.796       4.402       4.619       2.398       0.186      -3.948      -5.601      -2.604      -1.249      -1.562
      -2.135      -2.647      -0.990       0.427       2.120       3.497       3.843       0.623      -1.760      -0.876
      -0.194      -1.074      -3.883      -4.427      -1.204       3.104       3.519       0.702      -0.892      -4.790
      -7.417      -7.699      -6.376      -5.361      -5.951      -4.886      -3.143      -1.095       1.900       3.606
       5.405       4.884       4.527       5.544       4.402       3.807       1.470      -2.196      -3.322      -4.637
      -7.610      -8.749      -5.330       1.178       4.452       5.703       7.956       3.348       1.561       4.091
       3.675       6.236       4.568      -1.214      -2.458      -0.484       2.924       7.145      10.494       6.604
       3.310       3.912       1.783       2.389       4.082       0.785      -1.274      -1.554      -5.123      -5.209
      -1.784      -0.283       2.549       6.811       8.536       8.308       4.858      -3.101      -5.393      -5.766
      -6.295      -3.160      -2.421      -1.810      -7.525      -9.804       0.328       6.807       8.958       6.539
       2.032      -1.769      -5.685      -4.254       1.379       6.739       5.593       2.570       3.583       0.163
      -0.882       0.313      -3.547      -3.555      -5.762      -3.733       5.221       6.759       4.554       2.474
       1.177       3.899       4.579       7.366       6.115      -1.916      -6.837      -6.821      -6.562      -5.417
      -4.925      -1.736       7.258       4.989      -2.069      -5.546      -7.147      -2.263      -1.951      -2.032
       3.917       5.476       2.059      -2.607       3.518      10.238      10.475       7.637       1.350       1.697
       3.593      -1.462       0.441       5.042       1.946       2.402      -3.517      -9.734     -13.708     -14.967
      -7.621      -4.051       4.496       7.141      -0.498      -6.974      -8.159      -3.301       0.517      -1.695
      -6.485       0.705       0.280      -5.511      -3.247      -2.984       2.479      -1.056      -3.053       3.637
       2.179       3.964       9.007       6.975      -2.983     -14.496     -12.431      -5.513       2.645       1.404
      -3.797       6.187       9.178      -1.434     -11.341     -11.925      -8.276      -9.018     -10.366     -10.640
      -5.305       7.449       5.493       5.656      14.987      10.841      10.970      22.019      15.206       2.674
       0.485      -5.225     -12.618     -11.244      -8.581      -5.891      -2.062       0.494       8.278      16.045
      16.415       5.060      -5.629      -0.867      -0.108       2.268      12.394      10.756       1.554      -1.775
      -3.396     -13.048     -10.491      -4.679      -0.680       5.296      -8.299     -14.697      -4.132       1.255
       2.725       6.129       1.714     -10.408      -6.328      -1.716       6.810      26.454      23.128       7.937
      -9.367     -19.460     -15.801      -2.798       8.018      13.646      17.167       8.542       7.330       8.939
      -4.016      -5.847      -4.424      -3.992      10.625       9.042      -0.158      -5.989     -16.193     -28.209
     -33.358     -15.921      -0.017       1.887       2.777       3.690      14.259      14.636      12.940      10.982
      17.618      23.397       7.419       1.397       4.763      -0.107      -5.376      -0.209      -0.298      -2.406
       5.412       6.877       5.836      -7.895     -26.715     -14.414       0.509      -7.819     -16.603     -17.621
     -13.614      -7.879      -2.822       4.228      16.912      29.349      12.784     -11.458     -16.312     -24.072
     -10.903       4.273      12.739      16.988       8.571       1.254      -7.056      -3.021      11.319      16.966
      15.467      13.721      24.142      17.492       1.239      -3.350      -5.882      -5.293      -8.863       1.717
      -3.914     -13.487     -13.019     -21.943      -5.678      -7.076      -6.225      19.152      20.727       0.283
     -31.037     -40.716     -27.440     -30.863     -24.147      -6.895       9.279      20.391      13.664       6.816
       6.901      -8.921     -15.324      -0.611      -0.042      -1.630      11.757       6.082      -0.158      -1.644
     -14.654     -11.730      12.371      31.641      31.374      38.962      28.417       0.168     -13.110     -26.395
     -18.956       2.998       9.350      15.685      12.450      14.299      26.176       8.094     -18.680     -45.219
     -41.513     -13.149      -4.828      -0.711      -8.778     -12.633      -3.368       3.179      14.217      19.780
      30.603      16.957      -3.799     -14.000     -30.397     -19.560     -14.870      -9.974       3.548       6.040
       7.786       2.653       6.046       8.053      12.121      17.472      18.628      27.010      20.435      -2.126
     -36.098     -49.362     -31.569     -19.304      -4.983      -1.012       6.633      17.694      -6.582     -13.666
      26.786      41.118      30.909      31.455      20.336      -7.491      -2.439      -5.424     -20.232      -8.100
     -20.828     -13.565       3.454      -1.133       1.405     -13.210     -11.826      -9.898     -13.466       1.484
      10.963      14.444      20.746      25.471      27.103      30.611      19.800      10.430       6.854      -8.406
     -19.742     -18.437      -8.098       9.681       5.135     -11.360      -2.751      -1.109      -2.721      -3.205
       1.749      20.664      14.723       7.647     -15.750     -30.294     -27.023     -33.777     -18.211     -24.272
     -18.002      17.689      33.530      39.913      33.143      12.674     -10.527     -19.371     -26.100     -26.999
     -17.446      -9.196       5.267      11.411      31.435      32.531      13.146      -1.544     -31.772     -38.314
     -30.221     -30.271      -9.048       3.835       3.310      12.832      16.687      30.075      15.104       7.291
      21.581      23.188      21.920      11.368       4.115      -6.592     -26.311     -29.913     -31.787     -21.166
      -3.428      28.270      37.128      -1.151     -25.865     -36.045     -25.822      -8.357       9.630      35.430
      49.313      26.778       0.159       6.078      13.252       6.555     -11.396     -26.487      -8.951      10.756
       7.718      14.514       0.131     -17.825     -23.071     -25.904      -8.649       2.655      -4.941     -13.612
     -15.775       3.410      -0.094      -7.670     -10.325     -23.833     -16.180       0.765       1.805       7.229
       2.338      -1.444      10.513       4.657      12.093      26.989      17.246      11.996       2.258     -11.200
      -6.607     -15.111     -20.945      -1.623      -0.261     -12.208     -29.176     -22.821      11.134      39.594
      55.480      56.001      28.672     -13.503     -38.726     -26.603     -19.427     -18.478     -16.053     -13.439
      -2.154      14.560      29.989      20.885       1.106      -8.224      -1.355      17.272       7.359     -11.857
     -14.080     -19.263     -24.353      -9.443       7.282      17.721      22.232       2.227     -17.888     -18.585
     -14.847       6.275      26.850      24.677       3.785      -6.732     -13.541     -17.591     -15.962     -21.588
     -16.059       5.651      -2.683      -6.966     -10.392     -18.155     -20.252     -23.462      -0.310      21.485
      25.278      36.073      39.282      30.347      -3.120     -35.026     -20.283      -6.609       3.799      24.530
      19.222       2.828       0.391     -11.371     -22.250      -7.987       6.207       7.230       0.730      -1.225
      -6.914      -8.244      -3.454       3.713       1.335       6.460      12.725      23.246      24.549      -7.469
     -22.746     -21.619     -11.088      11.675       5.323       7.510      -4.083     -19.080      -8.833      -8.266
      -2.960      -9.672     -12.747      -7.390      -8.134       2.650      13.799      27.282      25.318      -0.738
     -16.437      -7.462      15.896      17.867     -17.069     -36.870     -34.343     -17.273       6.627      15.189
       9.920       4.699       4.545      12.123      18.753       5.050     -16.060      -9.224       8.189      29.879
      38.927      34.633      34.365      11.745     -10.454     -32.807     -24.185       1.206      -8.751     -13.020
     -13.830      -3.154      10.873      -3.635      -7.131       2.051      -2.582       3.137       3.686       8.285
      28.181       7.788     -22.765     -25.294     -17.800      -2.371       8.274      24.605      43.232      28.592
       8.960      -0.166      -4.763      -1.413     -16.582     -31.552     -33.313     -25.482       2.016      16.035
      14.389       1.613     -10.117       9.737      18.487      16.250      28.612      27.371      26.982      11.801
      -5.422      -3.302     -11.075     -23.211     -25.009      -0.620      33.559      40.619      28.052      17.511
      10.043      -1.012      -8.481      -8.853     -20.142     -36.891     -43.215     -25.900       6.930      14.497
       5.469     -17.274     -22.261      -4.379      13.883      14.944       6.681       1.925      10.966      11.978
       2.692      -7.131     -28.303     -46.606     -44.221     -21.398      11.133      20.933      17.958      11.806
      -6.031     -14.896      -9.340       4.474      26.612      29.140      16.673      18.064      18.534       8.830
      -4.464     -30.006     -36.089     -17.491      -9.670       1.891       8.327     -22.343     -28.708     -24.888
     -15.098      16.505      37.734      34.813      13.573     -16.858     -23.631     -22.346      -0.866      23.134
      21.127       1.115     -14.365     -12.247      -7.481      -4.538      -1.680      -2.218      12.643      24.640
      29.281      34.060       8.910     -11.019       4.358      29.959      44.493      31.179      22.102       9.849
     -19.535     -22.434     -11.491      -3.820      15.535       8.918     -13.180     -27.740     -17.443       0.560
      -9.429     -26.796     -12.694       5.005      26.181      33.911      12.099      -1.759     -10.672      -1.487
      19.490      18.506      11.797       3.692      -8.160     -29.861     -41.387     -24.243     -13.324      -9.850
       3.746      10.408       6.934      -8.385     -16.474     -17.737     -14.412      -2.894       6.518       9.617
      14.411      11.775       2.983       4.667      10.748      10.090       5.830     -12.198     -11.102       6.946
       6.529      13.394      23.879      26.482      23.627      -1.302      -2.114      -3.056      -6.425      -0.676
     -10.399     -19.016     -34.974     -35.729     -19.382      -3.445       6.762       0.516       6.437      13.896
      10.836       0.502     -11.938     -18.114     -11.965      -0.382      19.293      38.330      34.126      17.149
       5.193      -6.016      -3.065       1.861      -4.924     -10.221     -12.081      -9.849      -3.690      -3.381
      -5.478     -11.267     -14.861      -9.470      -1.996      15.922       9.411     -17.700     -20.652     -19.355
     -17.263     -11.790      -5.576      -0.814       5.104      18.241      25.547      31.812      26.337       4.231
     -14.141     -14.581      -4.837      -0.487      16.046      22.040       8.439      -6.962     -12.448      -1.225
       4.998       0.056      -1.589       2.227       0.656      -6.604      -9.074     -15.427     -19.004      -8.981
      -2.285       7.265       9.655       1.345       1.035      -4.043      -9.290      -6.571      -7.826      -3.174
       7.707       6.075     -10.722     -22.438     -11.716       1.209       0.276      -2.875      -8.328      -5.144
       5.428      17.438      28.106      30.996      26.863      23.979      18.295       5.005     -10.255     -20.970
     -28.147     -28.424     -17.235      -7.681     -11.868     -18.236     -20.917     -15.909      -1.090       6.725
       3.364       9.805       8.406       0.881      -2.127       2.392      15.364      16.521       4.650      -2.602
       5.863      17.879      10.790      -7.339     -15.087      -4.953       3.068       6.082       8.202      10.470
       8.326       1.472      -4.520       5.761      18.017      18.908       3.441      -8.028      -4.121       0.930
      -8.293     -13.039      -9.640      -1.920       7.781       6.552      -2.019      -5.020      -9.435      -9.752
       1.941      15.105      23.349      22.027      12.948       2.729      -5.138      -4.365      -7.789      -4.702
       1.580      -1.224       0.129      -3.094     -12.396      -6.915       0.214       7.340       3.547      -1.358
      -6.040     -17.341     -21.921     -20.388     -10.889       0.701       3.994       6.562       7.171      12.425
       6.801      -2.236     -10.210     -12.505      -6.593      -6.011     -10.525     -13.723     -10.055      -4.855
       2.080      12.060      11.750      13.819      13.036      10.568      13.943      10.064       2.356      -3.937
      -7.501      -5.612       1.494       5.882      -0.654       0.191       0.583       1.475       8.460      10.182
       2.114       4.073       8.049       3.162      -1.608       0.427       1.567       0.006      -0.865       6.838
      18.709      11.052      -5.759      -9.975      -9.425      -6.666      -9.628      -6.539      -2.081      -7.480
      -7.710      -2.314       6.693      11.121       1.578      -4.976      -3.532       6.365      10.861       7.875
       3.987      -2.092      -0.714       1.901       0.566       2.731      -0.041      -5.033      -9.175     -14.524
     -15.164     -12.369     -13.739     -13.560      -9.273      -2.951      -0.259       0.732       1.049       3.058
       4.915       5.820       2.892      -0.282       2.305       2.116       0.961      -1.856      -5.403      -4.587
      -6.210      -1.935       4.437       6.080       2.697      -1.848      -2.215       1.199       3.253       2.843
      -1.254      -4.130      -3.851      -3.822      -2.205      -1.367      -5.821      -2.649       2.757       4.043
       6.007       6.025       4.469       1.743       0.700       4.793       8.835      11.537       8.971       1.267
      -0.092       2.949       3.119       4.503      -0.300      -3.139      -1.028      -2.532      -0.125       2.927
       5.966       7.080       5.690       7.836       6.322       3.115       1.385       0.341      -1.556      -5.115
      -8.434     -11.573      -9.998      -6.219      -6.440      -5.094      -2.252      -2.551      -2.164       1.254
       4.183       3.659       2.581       0.944       1.323       3.918       8.101       9.850       8.126       4.829
       2.070       4.103       6.888       2.949       1.417       1.255      -4.594      -9.194      -7.274      -2.585
      -1.470      -4.500      -1.542       4.429       8.916       8.548       4.488       1.655       5.096       5.907
       4.977       5.162       3.181      -3.186      -7.343      -6.707      -5.919      -5.126      -5.704      -5.021
      -1.673      -2.547      -2.186       1.059      -1.258      -3.450      -0.749      -0.477       0.588      -2.081
      -4.765      -1.696       0.641      -0.197      -2.546      -5.018      -5.509      -5.827      -6.956      -6.595
      -1.301       1.963       0.910       3.086       6.714       6.494       4.519       1.156       3.656       6.905
       6.863       4.321       1.506      -0.692      -5.621     -10.103      -9.864      -7.558      -2.569      -1.373
      -0.613       1.290      -1.177      -2.006      -1.843      -1.289       0.724       2.609       6.145       6.472
       1.154      -5.191      -3.941      -2.858      -4.508      -6.566      -4.593      -0.694      -1.273      -2.632
       1.581       4.151       1.707      -0.176       1.718       6.732       8.841       7.191       5.875       4.268
       3.964       0.007      -3.180      -3.348      -4.111      -4.203      -3.968      -3.961      -5.160      -9.356
     -10.600      -8.625      -4.179       2.568       7.688       8.546       8.462       7.926       8.406      10.535
       7.936       5.209       2.015      -0.780      -0.949      -4.932      -5.051      -4.627      -3.614       0.330
       0.259       1.823       3.668       3.986       4.391       1.690       1.913       1.128      -2.176      -2.310
      -3.784      -3.644      -2.710      -2.914      -2.571      -2.840      -1.987      -1.293      -1.561      -2.557
      -0.387       1.091       0.071       3.347       6.518       4.849       2.223       1.592       2.261       1.810
       2.625       2.660       2.518       1.408      -1.554      -0.743       0.907       1.696       2.195      -0.946
      -0.392       2.330       3.139       2.772       0.792      -0.220       0.339       1.035       1.737       0.811
      -0.388      -3.420      -4.956      -4.835      -6.640      -7.731      -6.946      -5.939      -5.616      -3.357
      -0.653       1.206       1.586       1.627       5.205       3.949       2.943       5.836       4.421       2.760
       0.000      -3.507      -4.170      -4.847      -4.181      -5.840      -7.868      -8.717      -9.269      -7.088
      -4.849      -0.920       2.304       2.525       3.626       5.320       5.874       5.576       3.930       2.158
      -0.080      -0.884      -1.799      -2.977      -4.763      -6.834      -6.782      -4.783      -3.183      -1.510
      -0.565       0.624       1.913       2.679       3.165       5.281       6.050       5.409       5.596       6.669
       6.429       4.691       0.725      -3.235      -4.255      -5.582      -6.313      -3.814      -1.779      -1.284
       0.236       1.429       1.904       3.062       3.630       5.163       5.482       4.657       3.977       3.023
       2.303       1.074      -0.566      -1.000      -1.257      -0.748       0.029       0.739       1.027       0.813
       0.957       1.685       2.146       2.305       2.613       2.572       2.410       2.604       2.229       2.040
       0.988      -0.410      -1.423      -2.770      -3.371      -3.499      -3.385      -3.118      -3.093      -2.582
      -1.745      -1.100      -0.136       0.513       1.193       2.215       2.871       3.085       2.148       1.240
       0.645      -0.063      -0.627      -1.002      -1.192      -1.350      -1.700      -1.619      -1.318      -0.859
      -0.159       0.296       0.705       0.974       1.035       1.331       1.500       1.438       1.291       0.837
       0.432       0.159      -0.186      -0.342      -0.519      -0.631      -0.603      -0.647      -0.572      -0.398
      -0.152       0.081       0.199       0.233       0.214       0.156       0.154       0.105       0.061       0.024
       0.000       0.000       0.000       0.000       0.000       0.000       0.000       0.000       0.000       0.000
       0.000       0.000       0.000       0.000       0.000       0.000       0.000       0.000       0.000       0.000
       0.000       0.000       0.000       0.000       0.000       0.000       0.000       0.000       0.000       0.000
       0.000       0.000       0.000       0.000       0.000       0.000       0.000       0.000       0.000       0.000
       0.000       0.000       0.000       0.000       0.000       0.000       0.000       0.000       0.000       0.000
       0.000       0.000       0.000       0.000       0.000       0.000       0.000       0.000       0.000       0.000
       0.000       0.000       0.000       0.000       0.000       0.000       0.000       0.000       0.000       0.000
       0.000       0.000       0.000       0.000       0.000       0.000       0.000       0.000       0.000       0.000
       0.000       0.000       0.000       0.000       0.000       0.000       0.000       0.000       0.000       0.000
       0.000       0.000       0.000       0.000       0.000       0.000       0.000       0.000       0.000       0.000
       0.000       0.000       0.000       0.000       0.000       0.000       0.000       0.000       0.000       0.000
       0.000       0.000       0.000       0.000       0.000       0.000       0.000       0.000       0.000       0.000
       0.000       0.000       0.000       0.000       0.000       0.000       0.000       0.000       0.000       0.000
       0.000       0.000       0.000       0.000       0.000       0.000       0.000       0.000       0.000       0.000
       0.000       0.000       0.000       0.000       0.000       0.000       0.000       0.000       0.000       0.000
       0.000       0.000       0.000       0.000       0.000       0.000       0.000       0.000       0.000       0.000
       0.000       0.000       0.000       0.000       0.000       0.000       0.000       0.000       0.000       0.000
       0.000       0.000       0.000       0.000       0.000       0.000       0.000       0.000       0.000       0.000
       0.000       0.000       0.000       0.000       0.000       0.000       0.000       0.000       0.000       0.000
       0.000       0.000       0.000       0.000       0.000       0.000       0.000       0.000       0.000       0.000
       0.000       0.000       0.000       0.000       0.000       0.000       0.000       0.000       0.000       0.000
       0.000       0.000       0.000       0.000       0.000       0.000       0.000       0.000       0.000       0.000
       0.000       0.000       0.000       0.000       0.000       0.000       0.000       0.000       0.000       0.000
       0.000       0.000       0.000       0.000       0.000       0.000       0.000       0.000       0.000       0.000
       0.000       0.000       0.000       0.000       0.000       0.000       0.000       0.000       0.000       0.000
       0.000       0.000       0.000       0.000       0.000       0.000       0.000       0.000       0.000       0.000
       0.000       0.000       0.000       0.000       0.000       0.000       0.000       0.000       0.000       0.000
       0.000       0.000       0.000       0.000       0.000       0.000       0.000       0.000       0.000       0.000
       0.000       0.000       0.000       0.000       0.000       0.000       0.000       0.000