        2048     0.02000
      -0.001      -0.001      -0.001       0.001      -0.001      -0.001      -0.005      -0.001      -0.001      -0.008
      -0.002      -0.001      -0.017       0.000      -0.000       0.026       0.002       0.003       0.041       0.002
       0.005       0.031      -0.019      -0.003       0.013       0.024       0.002       0.015       0.123       0.003
      -0.003      -0.142      -0.030      -0.005      -0.120       0.010       0.059       0.215       0.075       0.011
       0.125       0.103      -0.228      -0.292      -0.029       0.039       0.207       0.056       0.077       0.378
       0.040       0.006      -0.238      -0.278      -0.234      -0.354       0.124       0.511       0.126       0.019
      -0.195      -0.170      -0.092      -0.278      -0.647      -0.330      -0.208       0.302       0.356       0.503
       0.759       0.122      -0.249      -0.681      -0.272      -0.251      -0.911      -0.826      -0.137       0.355
       0.685       0.572       0.688       1.085       0.345       0.716       1.165       0.602       0.093       0.442
       1.276       1.201       0.729       1.363       0.774      -0.444      -1.454      -0.163       0.276       1.132
       0.717       0.786       1.353      -0.010      -0.801      -1.739      -1.003      -0.688      -1.840      -1.168
      -0.147      -1.438      -1.794      -0.499      -0.735      -1.500      -2.122      -2.032      -1.243      -1.242
      -1.527      -0.921      -1.493      -1.513      -2.425      -1.083       1.377       0.662       0.790       1.729
       0.945       1.262      -0.013       1.991       2.702      -0.390      -0.269      -0.426       0.394       1.731
      -0.273       1.348      -0.147      -1.853      -0.209      -1.212      -0.626      -0.850      -2.131       0.922
       0.639       2.325       3.641       2.343       1.492      -1.339      -3.593      -3.327      -3.936      -0.921
       1.570       1.235       2.342       0.460      -1.424      -2.831      -4.201      -1.980      -0.954       0.445
       0.424       1.121       2.679       0.528      -1.375      -0.535      -1.431      -1.959      -2.026      -1.541
      -1.188      -0.286       2.434       4.561       3.848      -0.130      -3.022      -1.436      -0.380      -1.410
      -0.881       0.495       0.457      -0.067       0.299       0.664       0.212      -3.067      -3.375      -0.505
       0.315       0.110      -0.645      -1.198      -1.230      -0.289       1.741       3.569       2.938       0.505
      -0.700       2.467       4.489       1.121      -0.268       0.365      -2.254      -3.972      -0.315       3.862
       2.686       0.595       1.587       0.037      -0.652      -1.604      -1.685      -0.010      -0.836      -2.177
      -0.085      -0.495      -1.491      -2.884      -0.641       4.867       4.432       3.418       2.732       0.452
       1.685       2.948       5.655       6.013       2.587       2.149       0.698      -2.219      -2.570      -5.740
      -5.089      -0.027       1.917       3.462       2.588      -1.525      -4.594      -4.524      -4.324      -4.985
      -1.465       2.944       1.927       0.217      -1.984      -4.632      -2.193      -0.158      -0.053      -1.571
      -6.289      -7.157      -3.517       2.375       3.776       2.302       1.753      -2.756      -6.959      -5.908
      -4.972      -2.921       1.318       2.486       2.831       3.291      -0.568      -0.415       6.216       8.963
       8.354       9.252       9.289       9.468      10.153       6.475       2.542      -3.794      -8.829     -10.149
      -5.853      -0.618      -2.066      -2.626       0.323      -0.249      -0.939       2.740       5.241       1.564
      -6.405      -9.825      -5.509      -3.426      -3.474      -1.420       3.850       0.241      -5.598      -4.620
       0.950       2.177      -0.975      -0.155       1.173      -0.985      -0.584       3.984       8.040       2.582
      -6.499     -11.302      -4.537       1.752       4.457       9.399       9.195       8.230       7.615       4.048
       2.008      -3.795     -10.629      -6.818       3.501       6.196       2.703       0.325       0.902      -4.320
      -6.149      -2.432      -2.881      -2.861      -0.462      -6.836      -9.378     -10.630     -10.143       0.599
       6.601       9.372       9.493       4.901       6.117       1.871      -2.610      -2.493      -3.546      -2.259
       2.326       4.856       5.055      -3.067      -2.023      -3.679      -8.390      -0.253       1.705      -0.558
      -1.387      -6.805      -6.489     -14.164     -11.384       0.607      11.403      15.161       9.377       8.157
       6.165      -6.025      -9.748      -6.425      -8.070      -6.364      -3.149      -2.391      -5.236     -11.306
      -5.955       5.597      13.144      10.658       5.399       2.682      -0.425      -1.355       7.489      11.290
       1.938      -7.747     -16.227     -14.936      -1.692       9.089      15.311      16.257      11.745      -2.113
      -3.828       4.974       3.426      -0.116      -2.702      -5.301       2.236       0.888       1.100       3.839
     -10.124     -16.722      -9.529      -4.082       2.569       2.166      -5.788      -8.803      -3.314       1.127
      -0.420      13.346      23.040      13.132      12.019       7.418     -10.723     -18.737     -14.260      -6.564
       3.390       1.797       0.088       3.738       6.403       3.929      -3.000       1.021       3.906      -0.952
       2.644       8.915       3.816      -4.295     -18.694     -18.208     -13.511     -15.231      -3.702       3.190
       9.930      11.204       1.834      -0.423      -7.684      -8.874       1.323      12.749      20.584      10.446
      -7.733     -13.408     -19.760      -7.539       7.701       4.968      11.240      14.476      12.989       4.164
     -11.338     -16.323      -4.731      13.792      25.843      30.365      20.191      -4.523     -21.856     -21.512
     -18.701      -6.338      11.568      17.507      17.159       7.450      -0.626      -0.934      -8.329     -22.285
     -20.012     -12.369      -7.732      -6.618       2.555       4.938      -6.124      -7.771      -0.563       0.673
       4.985       0.261      -8.115      -7.421     -11.452      -4.735      14.025      23.544      17.725      10.194
      14.391      10.773       2.634       0.897       2.693       0.467      -9.881      -8.188       6.140       7.634
      -3.456     -14.598     -23.337     -28.923     -33.102     -21.423      -3.036      14.477      20.213      16.630
      12.290       4.692      -1.089       4.889      16.762      13.658       6.298      12.146      13.133       2.022
      -0.307      -8.015     -15.147     -16.706     -11.972       1.516       4.656      13.413      15.997      -2.209
      -6.278      -8.651     -12.742     -17.713     -15.963      -0.124      16.250      30.333      34.536      24.218
      13.798      -8.814     -22.924      -5.344       7.995      13.195      20.345      16.961      -6.339     -27.422
     -33.751     -41.749     -37.786     -19.764      -8.588      14.358      33.309      23.289      10.084       9.264
      -2.034     -16.825      -5.743      13.290      20.769      24.119      24.310       6.358       4.553      10.340
       1.332      -0.880      -9.812     -19.253     -13.864      -1.114       4.271      -0.019      -3.469       4.156
      15.472      26.762      23.679       7.177      -9.371     -31.060     -40.642     -20.869       4.446      10.464
      -0.727      -0.185      -0.657     -15.829     -16.162       2.271      17.579      28.161      42.300      52.987
      46.680      15.801     -10.087     -15.462     -15.102     -15.864     -26.425     -31.202     -19.394      -5.209
       8.391      28.844      23.310       1.069      -5.579       6.379      10.799       0.862     -11.350     -16.656
     -21.197     -29.083     -30.568     -15.384       1.329       4.330      16.674      40.715      36.142      15.943
       6.974      -5.408     -10.577       2.560      13.154       9.577       3.059      -2.642      -7.407       1.084
      22.613      30.187      12.942      -9.851     -26.700     -26.913     -20.144      -6.234      10.309       6.055
      -0.671       2.504      -1.354       0.844       5.941     -21.248     -34.347     -18.219     -10.490      -3.119
      16.260      23.738      13.222      19.633      21.385       6.415       4.473      -2.423     -26.178     -19.810
       4.450       3.787      13.792      18.011      -0.008     -10.576     -21.643     -23.508     -27.783     -17.478
       9.926      19.726      16.162      -4.847     -35.933     -37.532     -32.323     -19.404       6.260      19.498
      23.013      21.318      16.577      24.857      11.764     -11.940      -5.681      21.480      15.652      -5.630
       0.620      -5.691     -25.150     -25.914     -31.432     -24.926      -3.754       8.323      20.355      33.334
      24.032       1.548       6.064      36.730      34.680      27.422      24.579      10.464      -2.020     -17.483
     -26.296      -8.978      -0.587       9.029      33.290      33.790      24.857      10.605     -13.294     -24.716
     -31.734     -18.700       0.524       8.160       8.522      -4.351     -14.300      -9.542     -16.158      -1.427
      12.948       7.827      16.600      30.238      28.673      12.350     -15.144     -22.248     -35.130     -27.080
      -9.930     -20.829      -6.671       7.443      -4.465      14.532      14.534      -8.696     -12.473     -15.912
     -13.522     -10.384     -10.721       1.175       7.088      23.501      30.644      11.906       1.901       0.485
       5.589      10.733      -6.139       8.549       9.098      -1.919      10.825       7.159       1.625       4.153
      -7.100      -1.319       8.498       9.789      -3.376     -14.924     -11.471     -29.919     -35.946     -10.031
      -1.975      -1.634     -16.510     -42.036     -29.665      -4.224      10.064      15.313      12.139       0.634
     -18.957      -7.593      10.618       2.035      -7.068     -11.773      -6.039      21.193      30.869      26.545
      17.105       1.476      -4.630       8.029      23.107      13.808      -8.140     -21.176     -38.966     -34.855
     -22.864     -12.139      11.864      20.688      30.712      43.692      28.924      -1.022     -26.459     -31.147
     -14.924       1.310      17.889      17.172       3.032     -10.718     -22.242     -13.001      -3.737     -12.366
      -5.571       8.923       1.608     -20.836     -27.740     -11.549      25.966      55.999      43.474      24.594
       5.811     -14.378      -7.633      11.518      16.551      -7.550     -28.368     -22.343      -8.808      10.358
      23.160      21.541       5.926      -4.986       3.253       1.404      -9.015      -3.233      -1.157     -20.511
     -41.379     -44.271     -39.608     -29.148      -9.611      17.545      44.859      44.128      16.822       2.914
     -13.480     -43.047     -49.636     -17.813      10.871      16.596      23.786      34.981      33.120      10.912
      -5.030      -2.548       4.582       4.529      -7.262      -7.152      -7.828     -14.886      -3.193      17.979
       7.610     -15.690     -18.127     -20.220     -30.161     -28.580      -9.980       2.285       7.667      22.913
      42.401      43.254      37.177      20.264       4.651      -1.980     -10.736     -13.265      -9.731      -4.375
      -5.089     -21.638     -19.582      -2.614      -9.583     -11.472       2.866      13.369      12.919      15.605
      37.143      35.236      14.064      -8.150     -24.399     -12.773       5.607       8.308       4.306      -3.867
     -18.151     -27.283      -5.251      20.251      14.965      -2.307      -6.342     -13.999     -11.631      -3.730
      -4.254      -6.800      -8.125     -22.159     -25.909     -15.061      10.598      28.676      28.499      15.313
       5.652      -1.311      -2.231      -5.937      -9.169     -13.240     -24.983     -29.368     -12.780      -4.827
       1.220      12.679      24.666      28.600      20.085       9.217       9.481      -9.013     -12.983     -15.631
     -14.404      -2.342      -7.169     -20.483     -25.265     -20.108       4.235       7.040       8.932      20.399
      14.536       2.605     -12.449     -13.012      -7.708     -17.852     -10.854      -9.689     -27.409     -26.123
     -13.064      11.293      35.840      29.458      17.778       6.794       0.206       4.989      16.441      19.111
       7.498      -7.983       1.942      -7.291     -16.523      -2.145      -0.275      -6.088     -15.373     -17.435
      -4.006      -5.492     -11.741      -5.107      12.206      22.632      30.052      46.213      42.946      13.848
      -9.741     -22.133     -16.247      -2.535      -0.582      -6.534      -7.920     -22.663     -34.153     -27.535
      -9.615       1.703       7.735       7.628       0.200      -8.503      -9.187      -6.872      -0.618       3.498
      -7.220     -21.210     -26.990     -27.409     -16.942      -8.364      13.159      24.726      16.594      21.291
      20.001       5.800      -1.469      -8.132      -9.393     -10.559      -6.570       0.363     -10.433      -8.705
      -4.449     -11.202       4.995      14.780      17.399      22.028      12.842       8.496      13.371       2.498
      -9.600     -22.195      -9.169      12.794      18.531      24.786      20.568      12.261       4.720      -7.417
       6.031       3.071     -11.142      -4.743      -4.880      -6.518       9.920       9.262      10.452       8.031
      -2.869     -10.031     -14.662     -13.539     -22.390     -21.255      -1.216      -5.694       1.043      20.349
      13.319       4.715       1.894       0.254       6.572       8.366      11.117       4.800       1.047       5.757
      -0.696       4.182      10.949      -8.724     -10.158      -6.326      -9.368      -3.225       0.069       4.433
       4.221     -17.589     -25.647     -20.141      -9.476       1.881      13.779      26.294      24.699      14.705
      15.562      12.221       9.461       5.894      -2.668       3.663      12.969      10.683      10.152       5.175
      -4.849     -12.289     -10.992      -6.300      -5.352       2.525       6.897       2.603       4.402      -3.122
      -5.488      -3.712      -4.908      -3.499      -0.218       4.874      10.603      11.076      13.439      16.741
      13.218       6.829      -2.446     -15.358     -19.370     -11.746      -0.337       4.001       1.675       1.215
       2.218       4.286      11.859       1.652     -15.128     -18.600     -16.396      -2.906      13.868      11.209
       3.202      -1.683      -7.808     -11.804      -5.896      -1.433      -3.827      -1.737      10.407      11.325
       7.479       4.455      -6.043      -8.084      -4.532      -4.106       7.682      18.453      13.828       3.234
      -1.642      -7.413     -14.619      -9.642      -6.064      -7.574      -0.072       2.550       4.075      10.983
       9.984       5.329       3.801      -1.071      -6.883     -10.465      -5.558       2.594       9.483      16.155
      14.710      11.562       9.923      -1.149      -8.757     -11.998     -19.463     -12.695       1.465       9.133
      12.939       8.972       1.354      -6.614     -15.665     -18.062     -14.743      -7.207       0.181       3.387
       5.562       3.330      -1.583      -1.323      -5.653      -8.219     -10.418     -10.795      -2.057      10.102
      17.866      19.033      18.481      10.216      -7.876     -19.769     -23.697     -20.560      -8.664       3.403
      12.009      16.398       9.595       8.379       5.598      -0.736       0.430      -1.322      -1.504       2.418
       2.346       3.467       5.547       7.566       8.137       1.739      -2.946      -8.277      -8.203      -1.517
      -1.939      -2.171       3.511       5.772       1.000       0.460       2.313      -4.009     -12.881     -12.554
      -8.847      -3.485      -0.268       1.445       2.951      -0.561      -8.264     -13.411     -10.786      -4.957
      -2.329       5.306      10.656       8.377       4.775       0.532      -1.644      -1.598      -0.327       4.598
      10.709      11.796       8.457       3.878       1.687      -1.630      -2.193      -2.109      -2.592      -3.953
      -6.579      -3.065       4.937       7.289       6.926       3.470      -1.928      -3.740      -6.989      -2.775
       4.832       5.316       5.606       3.275      -1.793      -3.218      -5.251       0.231       7.365       7.386
       5.758       1.818      -2.172      -1.066      -1.200       0.663       1.672      -3.906      -6.517      -4.550
      -0.309       3.563       3.592       5.623       3.285       1.905       3.328       0.710      -1.112      -2.111
      -6.002      -0.778       4.851       7.032       6.341       0.548      -5.764     -10.475     -11.582      -6.856
      -5.942      -1.658       1.789       0.383       1.743      -1.128      -6.283      -6.557     -10.520      -7.506
      -1.905       2.809       8.614       8.271       4.725       1.675      -3.584      -4.196      -6.540      -7.738
      -5.071      -2.096       1.636       3.322      -1.626      -1.948      -2.458      -1.578       2.970       4.075
       3.573       1.096      -1.510       1.570       1.227       0.257       1.060       1.006       3.189       3.660
       2.130       0.747      -3.338      -4.245      -2.318       2.205       6.339       2.873      -1.607      -4.642
      -7.805      -7.717      -5.251       0.598       3.283       3.830       3.064       1.309      -1.944      -3.397
      -0.641       3.982       3.837       0.948      -0.995      -3.110      -5.575      -4.801      -2.742      -2.102
      -3.581      -4.428      -2.534       1.657       4.153       2.065       0.983       1.136      -0.345      -0.268
       4.920       7.806       6.006       2.177      -1.090      -2.067      -2.152      -1.246      -0.112       3.344
       4.032       1.660       0.394      -0.772      -1.937      -2.797      -2.494      -2.616      -3.030      -4.754
      -5.700      -3.394      -1.936      -0.478       1.361       2.403       2.287      -0.397      -1.207      -0.457
       0.359       2.008      -0.184      -0.156       2.005      -0.018       0.444       0.525      -0.804      -0.315
      -5.592      -6.718      -2.014       0.687       3.106       4.162       4.687       5.067       2.042       0.391
      -0.709      -1.262       1.538       2.396       4.685       6.245       2.167      -0.137      -0.272      -1.384
      -0.812       0.602       0.900      -0.567      -4.004      -5.467      -4.174      -2.034      -0.856      -0.633
       1.110       3.334       2.784       3.528       1.979      -2.034      -5.737      -7.128      -3.712       2.364
       4.934       6.630       4.720       2.189       0.282      -1.003       1.411       0.251      -1.975      -1.015
      -3.128      -3.004      -1.710      -2.168       0.669       0.668      -1.207       0.562       0.500       1.351
       1.805       1.994       4.376       4.760       4.489       4.171       0.035      -2.711      -5.007      -5.673
      -4.761      -2.501      -0.454       2.516       4.724       4.610       3.301       0.985      -2.796      -4.826
      -3.024      -0.389       1.965       2.423       3.003       1.714      -1.749      -3.089      -3.276      -1.451
       0.915       1.059       3.375       5.797       5.224       6.232       5.349       2.653      -1.952      -4.270
      -1.846       0.122       1.861       3.406       2.601       1.966      -0.805      -3.317      -2.146      -1.817
      -0.359       1.781       3.332       3.012       0.893       1.553       1.987      -0.028      -0.232      -0.545
      -1.846      -2.437      -3.744      -2.325      -0.410      -0.098       0.437      -0.887      -2.617      -4.395
      -7.488      -6.490      -3.621      -1.064       2.613       3.843       2.825       1.590      -0.875      -0.772
      -0.102      -1.174      -0.494       0.018       1.461       2.488       2.168       2.206       0.608      -2.131
      -2.202      -2.093      -1.164      -0.159       0.194       1.354       1.359       0.795       0.411       0.159
      -0.450      -1.627      -1.403      -0.297      -0.485      -0.053       0.264       0.730       1.176       0.614
       0.022      -0.804      -1.302      -1.081      -0.704      -0.162      -0.347      -1.123      -1.102      -1.227
      -0.997      -0.583      -0.319      -0.063       0.031      -0.052       0.037       0.411       0.810       1.035
       0.943       0.414      -0.013      -0.011      -0.032       0.149       0.350       0.463       0.452       0.254
       0.247       0.118      -0.214      -0.398      -0.445      -0.332      -0.122      -0.128      -0.025      -0.121
      -0.362      -0.442      -0.272      -0.089       0.066       0.071       0.079       0.055      -0.006      -0.013
       0.000       0.000       0.000       0.000       0.000       0.000       0.000       0.000       0.000       0.000
       0.000       0.000       0.000       0.000       0.000       0.000       0.000       0.000       0.000       0.000
       0.000       0.000       0.000       0.000       0.000       0.000       0.000       0.000       0.000       0.000
       0.000       0.000       0.000       0.000       0.000       0.000       0.000       0.000       0.000       0.000
       0.000       0.000       0.000       0.000       0.000       0.000       0.000       0.000       0.000       0.000
       0.000       0.000       0.000       0.000       0.000       0.000       0.000       0.000       0.000       0.000
       0.000       0.000       0.000       0.000       0.000       0.000       0.000       0.000       0.000       0.000
       0.000       0.000       0.000       0.000       0.000       0.000       0.000       0.000       0.000       0.000
       0.000       0.000       0.000       0.000       0.000       0.000       0.000       0.000       0.000       0.000
       0.000       0.000       0.000       0.000       0.000       0.000       0.000       0.000       0.000       0.000
       0.000       0.000       0.000       0.000       0.000       0.000       0.000       0.000       0.000       0.000
       0.000       0.000       0.000       0.000       0.000       0.000       0.000       0.000       0.000       0.000
       0.000       0.000       0.000       0.000       0.000       0.000       0.000       0.000       0.000       0.000
       0.000       0.000       0.000       0.000       0.000       0.000       0.000       0.000       0.000       0.000
       0.000       0.000       0.000       0.000       0.000       0.000       0.000       0.000       0.000       0.000
       0.000       0.000       0.000       0.000       0.000       0.000       0.000       0.000       0.000       0.000
       0.000       0.000       0.000       0.000       0.000       0.000       0.000       0.000       0.000       0.000
       0.000       0.000       0.000       0.000       0.000       0.000       0.000       0.000       0.000       0.000
       0.000       0.000       0.000       0.000       0.000       0.000       0.000       0.000       0.000       0.000
       0.000       0.000       0.000       0.000       0.000       0.000       0.000       0.000       0.000       0.000
       0.000       0.000       0.000       0.000       0.000       0.000       0.000       0.000       0.000       0.000
       0.000       0.000       0.000       0.000       0.000       0.000       0.000       0.000       0.000       0.000
       0.000       0.000       0.000       0.000       0.000       0.000       0.000       0.000       0.000       0.000
       0.000       0.000       0.000       0.000       0.000       0.000       0.000       0.000       0.000       0.000
       0.000       0.000       0.000       0.000       0.000       0.000       0.000       0.000       0.000       0.000
       0.000       0.000       0.000       0.000       0.000       0.000       0.000       0.000       0.000       0.000
       0.000       0.000       0.000       0.000       0.000       0.000       0.000       0.000       0.000       0.000
       0.000       0.000       0.000       0.000       0.000       0.000       0.000       0.000       0.000       0.000
       0.000       0.000       0.000       0.000       0.000       0.000       0.000       0.000