        2048     0.02000
      -0.024      -0.024      -0.024      -0.033      -0.024      -0.024       0.014      -0.024      -0.024       0.061
      -0.022      -0.022       0.127      -0.015      -0.019       0.075       0.004      -0.002       0.192       0.038
       0.026       0.437       0.167      -0.173      -0.055      -0.029       0.196       0.051       0.070       0.323
       0.088       0.115       0.780       0.828       0.703       1.256      -0.966      -0.546       0.546      -1.614
      -1.194       0.133      -0.499      -0.716      -0.513      -0.802      -1.955      -0.595      -0.015       1.332
       1.106       0.615       1.334       1.731       1.429       2.421       3.254       0.693      -1.141      -3.662
      -1.968      -1.726      -3.701      -3.815      -1.583      -2.290      -4.360      -1.958      -2.216      -3.842
      -2.006      -2.703      -5.442      -4.047      -4.631      -5.193      -3.466      -2.707      -1.689      -3.254
      -0.566      -0.796      -2.604      -1.035      -2.168       3.439       5.530       4.810       8.069       5.842
       1.129      -3.191      -3.429       4.060       5.024       1.843       3.805       6.736      10.013      10.039
       8.712      10.441       6.856       6.207       4.259       2.789      -1.227      -6.555      -5.208      -0.691
       0.533      -3.519      -5.847      -9.584     -13.430     -13.378     -14.087     -11.514      -5.271      -6.860
       2.472       9.769      11.064      15.788      14.595      10.521       3.881      -4.989      -5.354      -1.491
      -0.055       5.297       8.168       4.798       4.352      11.862      16.994      16.945      12.147       6.636
      -0.101      -6.226      -5.474      -4.409      -6.854     -12.206     -12.469      -7.652      -6.799      -3.636
      -4.415      -3.022       2.031      -0.657      11.730      22.499      19.153      19.805       9.964       4.688
       0.072      -8.379      -0.689      -1.396      -8.755      -7.325      -2.106      13.118      10.582      -1.766
      -3.574      -9.300     -20.408     -31.303     -20.404     -10.209      -5.668       5.228       8.504      16.405
       2.917     -18.143     -15.098     -10.575      -6.932       0.985       3.463       6.530       2.624       4.480
      11.556       1.783     -16.478     -38.954     -36.195     -25.016     -22.168       2.558      16.027      20.339
      16.474       1.895      -0.929     -10.767     -18.804      -7.260      -1.644      -2.230      10.394      23.547
      26.766      22.038       4.693       3.040      14.549      20.355      22.871      29.661      13.958       4.358
       5.114      -0.785      -8.065      -9.030      -8.225       2.593      18.817      14.643      21.824      30.774
      29.403      22.600      -1.965     -17.623     -26.542     -30.946     -17.501      -9.038     -19.490     -17.513
     -10.283      -4.765      11.903      19.671      18.233       4.759     -16.645     -35.950     -35.439     -16.517
       7.842      10.825      17.129      29.376      14.576       9.885       1.859     -17.245     -10.874      -4.827
       9.069       6.759     -28.001     -18.230      12.065      17.923      -2.877     -48.637     -59.947     -45.990
     -12.805      35.310      39.207      23.115       1.322     -32.089     -54.636     -69.308     -58.267     -22.072
      11.817      39.640      58.099      48.329      29.570      18.806      11.516      17.942      42.232      66.893
      84.077      84.788      58.287      31.433      -4.595     -17.578     -22.550     -44.656     -58.530     -41.193
     -29.429     -16.492       2.139       6.316       6.985      -5.918     -30.387     -29.559      -9.504      -5.664
      12.503      24.542       2.347      -3.410       5.197      11.144      11.156      -2.302     -38.958     -59.396
     -35.445     -19.072     -10.034      -7.910     -10.409     -18.105      14.434      53.671      71.081      65.425
      23.837      -3.568      -6.387      -9.014       3.458      10.294     -16.269     -50.242     -38.427       9.706
      38.985     -19.979     -56.696     -24.381     -18.273     -11.635       4.098       7.076     -37.537     -86.717
     -90.651     -44.825     -16.016      -5.082      39.533      76.338      58.798      26.678      41.723      65.975
      41.915       5.605      13.115      53.318      52.982      15.665       3.754     -15.762     -74.259     -76.947
     -21.537      11.784      16.733       1.099     -10.319     -20.299     -44.329     -68.989     -70.368     -66.614
     -33.940       3.506       0.441       7.577       9.861       6.449       0.594     -30.469     -47.643       8.333
      34.833      18.181      31.991      22.840      -3.131      -6.510      27.565      22.294      -9.330     -33.814
     -46.143       6.729      61.855      68.159      69.450      57.020      -9.137     -42.651     -31.966     -24.705
      -7.659      -6.944      -5.253      22.845      65.035      37.302      10.936      -4.738     -39.602      -4.116
      28.579      -0.844      -0.353      -6.805       9.972      37.839      23.039      16.914      -9.549     -77.621
    -114.316    -103.878     -88.215     -95.461     -91.640     -55.351       7.383      33.908      31.306      60.332
      28.924     -18.165     -48.810     -67.973     -28.000      -0.601     -20.729     -14.119     -30.369     -28.821
       1.638      26.573      66.897      64.439      62.436      90.659      85.780      83.806      33.813      -8.725
     -16.504     -21.789      -8.469      16.085      37.670      25.004     -22.982     -63.986     -38.680      -7.503
      -4.339     -30.513     -69.346     -75.929     -45.088       9.131      49.697      79.902      72.690      29.063
      22.706      22.337     -16.895     -42.712     -24.339      13.459      57.112      65.437      52.602      13.166
     -35.757     -41.356     -10.131      67.532      96.774      76.815      66.898      32.548     -11.560     -58.198
     -60.402     -32.907      -7.707      22.453      68.500      82.996      74.779      49.460      41.603      30.965
       7.459      -1.779     -19.083     -26.922     -56.742     -18.152      49.811      58.524      55.908      38.666
      39.243      26.984     -24.578      -5.637      33.534       8.279     -25.811     -15.651       0.452       4.867
       4.816      34.371      17.088     -12.143     -26.356      -4.830      41.166      20.512      -2.566     -14.968
     -12.898      -6.329      -5.187      13.449      42.453      43.521     -21.046     -52.729       1.311      57.272
      58.198       1.706     -57.829     -76.352     -70.360     -30.841      29.312      14.690      17.299      26.269
       6.405     -18.117     -64.086    -112.617    -140.024    -119.311     -58.762     -15.856      11.718      48.011
      35.919      42.173      44.905      20.915      33.741      46.669      83.994     102.870      52.829     -35.813
     -82.033     -79.101     -48.623      -7.153       4.486      -3.938       8.391      22.339       8.836      43.429
      61.671      -8.174     -91.204    -124.829     -66.616     -17.573       8.710      40.851      39.153      10.871
     -24.899     -30.090     -30.343      -2.393      10.838      10.615      13.644      17.320      28.366      52.530
      50.105      34.838      26.780      -8.226     -11.131      -5.803     -22.466     -33.175     -58.097     -86.470
     -98.562     -45.115       7.313      20.824      33.600      13.608     -25.414     -21.790     -43.456     -48.344
     -19.399       4.179      55.290      77.545      58.488      -7.111     -29.353      -6.818     -33.020     -67.558
     -13.024      67.694      74.604      52.456      22.547      20.874      37.159      -1.350     -29.849      13.345
      30.372       7.934      -2.135     -45.412     -74.521     -74.821     -39.923      11.048     -12.529     -24.773
      -2.464      27.810      22.471     -12.046       0.607       5.976     -31.345     -68.583     -46.436     -11.798
      15.959      17.442       5.854     -21.839     -17.330      -2.502      20.450      88.321     115.751      87.509
      27.444     -53.619     -77.166     -35.923     -32.359     -46.275     -37.453      -7.472      16.932      56.065
     105.707      91.669      40.290     -14.354     -59.753     -85.451     -98.756     -41.916      38.805      85.787
      62.360      30.250       3.099     -26.827     -31.563       4.483      32.591      -2.179     -57.081     -50.100
     -16.361      -6.288       9.496      -7.662     -43.782     -17.708       7.028      21.008      12.206       2.615
      50.001      64.526      48.240      26.303     -22.497     -34.977     -19.164     -51.727     -40.655      11.907
      71.241      92.903      53.742      24.632      21.855      -1.266     -40.299     -94.652    -105.973     -85.279
     -76.957     -52.609     -32.690     -22.488     -11.763     -13.211      -2.183      25.763      45.018      34.066
      55.499      60.679      40.506      16.045     -49.533     -46.032     -18.852     -25.032     -28.069     -16.273
     -25.461     -53.192     -66.913     -55.617     -54.033     -25.515      48.695      75.935      71.069      31.384
      48.951     111.367     102.614      77.789      17.715     -33.638     -52.682     -57.243     -10.682      53.669
      94.749     128.474     118.999      93.904      49.439     -15.421     -28.197     -41.006     -64.080     -83.031
     -88.218     -52.107     -37.435     -37.588     -19.590       5.206       2.665      -5.555      13.793      -1.269
     -10.167      -6.676       6.420      34.662      38.262      26.440      47.772      32.421       7.687      -0.105
       8.304      14.482      -7.846     -15.237     -31.632     -44.562     -33.323     -13.386      21.421      41.464
      30.171      20.738      15.792      -2.806     -10.318      -5.700      10.085     -21.178     -72.204     -49.149
     -32.784     -10.979      22.857       2.233       1.923      44.487      46.750      36.148      11.154     -20.418
     -31.885     -46.307     -58.289     -30.237       8.502      28.958      77.914      97.633      67.005      77.641
     104.664     106.247      78.238      38.584      19.947     -28.017     -73.950     -55.494     -30.896     -28.030
     -34.145     -27.117       6.706      14.389       7.036      15.725      27.884       4.487     -14.109       5.756
     -28.875     -39.726       4.282      27.522      51.101      47.709       6.245     -14.805     -36.310     -45.143
     -37.043     -43.082     -20.197     -19.286       1.619      21.592     -17.626     -26.563     -16.581     -37.063
     -57.040     -41.493     -19.989      -8.909     -17.259     -38.359     -18.475      -8.935     -22.951     -13.380
      11.657      10.816      27.412      40.366      41.999      33.388       4.523      11.405      14.210     -21.298
     -79.363     -74.963     -38.127     -32.829     -28.652     -13.205      14.168      34.377      49.999      66.442
      62.857       5.852     -24.999     -22.912     -43.073     -41.905     -33.964      -3.944      17.902      11.590
      12.465      14.463       8.014     -15.205     -28.345     -27.856     -20.777      -1.281      31.173      28.903
      35.646      55.362      31.607       7.232     -16.727     -20.730     -28.620     -26.425       1.306      12.594
       2.361     -15.493     -18.201       1.543       3.165      -8.487       5.538      20.100       2.430     -25.301
     -32.907     -22.505       0.136      29.312      44.556      45.675      27.320       6.206      12.478      13.418
      19.884      12.067     -11.958     -15.130      -5.232       3.825      13.034      -0.778      -9.814      -0.555
       9.669      11.930      13.386      15.631       9.463       7.477      -2.514      -9.540     -13.201     -26.018
     -17.972      -2.355       4.657      25.357      42.647      37.229      10.609     -15.909     -20.375     -17.534
     -13.435      -9.672     -13.048     -22.785     -35.986     -37.173     -22.933     -11.552     -11.061      -8.645
      -2.887     -14.742     -27.287     -11.102       0.174       5.754      11.590       7.132       7.892       2.071
      -1.213      10.525       9.606      -2.146     -21.465     -30.876     -26.650     -27.399     -18.922      -5.839
       5.988      14.093      19.040      30.957      39.662      34.909      46.261      51.992      45.227      39.693
      18.517      18.395      22.956       6.732       1.918       2.547       2.683       2.476      -4.048     -16.561
     -29.227     -42.331     -43.359     -27.023     -12.367     -11.966     -12.423      -0.647      10.864      20.480
      18.034      12.177       3.465       1.169      10.342       5.754       0.090       3.621      12.225      10.008
     -18.890     -35.467     -23.341     -20.440     -21.976     -18.865     -14.330     -15.920     -21.079     -28.147
     -34.932     -21.168      -4.639      -5.307      -1.878      -4.235      -4.782      11.669      22.873      31.042
      35.299      21.664      24.887      29.085      18.320       2.641      -4.371       2.430      -3.895     -16.156
     -17.294     -11.017     -11.801     -12.999      -9.763     -10.243     -19.958     -18.110       1.428      24.304
      36.227      29.655      28.045      36.120      30.756      17.321       1.369      -6.643      -3.388      -0.993
      -3.247       3.036       4.760       8.097      10.969       1.073     -10.513     -24.976     -28.032     -18.730
     -12.183      -9.772      -1.213       2.552       9.887      13.260       5.795       8.272       3.371      -4.633
      -8.600     -15.024     -11.593     -10.999     -22.425     -34.236     -30.329     -21.761     -20.405     -23.651
     -17.899     -17.526     -12.421      -0.925       1.566       5.923       3.728      -7.006      -9.705      -6.727
      -1.321       3.084      10.492      17.355      22.028      19.062      13.063      13.199      20.302      22.725
      13.515       2.850      -6.665      -2.734       7.190      18.617      19.055      15.018      20.097      26.114
      27.370      17.511       8.028       9.398       5.668      -4.310      -9.799     -10.392      -2.678       1.756
       3.137      16.171      22.301      18.703      10.772       0.962      -7.376     -11.512      -4.773      -2.853
     -10.215     -16.910     -12.360      -2.366      -1.298       0.126       7.821      -1.891      -7.064      -0.857
       1.119       3.380      -2.161      -3.057       2.312      -5.066      -7.371      -5.973     -12.898     -18.203
     -20.315     -10.886       0.350      -1.192       5.699      18.167      17.581      12.393      12.206      10.548
       9.366      10.112       8.432       9.074      10.960       8.230       3.587      -4.963      -8.560     -11.826
     -16.763     -12.535      -6.116      -0.997       3.651      -0.625      -4.653      -1.166       0.461      -1.157
      -3.619      -5.741      -6.340      -6.278      -5.208      -2.428       1.476      -0.302      -1.114      -0.228
      -3.938     -10.764     -15.270     -16.179      -9.347      -1.070       1.222       3.262      -5.223      -8.989
       1.706       8.339       7.184       2.332      -1.135      -0.356      -3.939      -3.801       6.561       7.691
       5.606       6.087       2.487      -5.190      -5.930      -0.203      -0.703      -0.884       1.502       3.602
       6.560       5.844       6.252       8.942      10.068      12.801      14.555      12.807       6.876       8.887
      11.518       7.103       5.422       5.815       5.818       2.753       2.364       7.683       2.177      -7.761
     -10.290     -13.074      -8.351      -8.279      -8.870      -4.980      -9.172      -9.088      -8.627      -7.258
      -2.691      -9.281     -11.705      -9.509      -8.816      -1.465       0.927      -2.737      -0.160      -2.973
     -10.432     -13.717     -14.575     -17.595     -17.194     -16.475     -16.501     -11.436     -13.723     -14.814
      -9.934      -5.087      -1.502       2.426       7.464       8.157       6.136       5.259       5.036       8.292
       8.633       8.901      12.890      14.199      12.210       9.751       6.702       2.193      -1.177      -1.389
       2.907       5.605       9.321      13.343      10.741       6.235       5.259       3.663       5.776      10.346
       8.667      12.330      14.228      10.531      10.426       7.675       1.223      -5.825      -5.081      -1.438
       0.309       5.186       7.575      11.917      16.306      10.684       1.299      -4.762      -8.441      -9.718
      -8.816      -6.390      -9.048     -12.969     -12.337      -9.847      -3.584      -0.093      -0.549      -4.039
      -8.231      -8.775      -9.261     -12.354     -15.706     -12.068      -7.433      -7.398      -2.636       0.518
       1.763       3.625      -1.838      -3.208      -5.557      -5.365       6.101       9.248       7.034       6.547
       3.971       6.162       5.627       4.263       7.205       7.547       5.285       5.798       7.182       6.048
       5.565       6.211       4.349       1.715       0.762      -0.944      -1.592       1.241       3.182       5.051
       6.557       2.429       1.184       1.329      -2.434      -2.018      -4.125      -5.412      -2.590      -4.818
      -3.651      -0.681       0.021       1.282      -0.508      -2.790      -4.058      -5.890      -5.888      -5.655
      -5.165      -3.708      -3.290      -1.887      -1.598      -2.372      -2.252      -3.088      -3.978      -3.142
      -2.735      -1.188       0.154      -0.777       0.229       0.806       0.631       0.633      -0.862      -1.423
      -1.281      -1.595      -0.915      -0.074       0.651       1.762       1.786       1.618       1.283       0.941
       1.023       0.686       0.901       1.222       1.146       1.248       1.365       1.530       1.753       1.544
       1.166       1.011       0.618       0.352       0.253       0.234       0.303       0.405       0.390       0.145
      -0.010      -0.113      -0.174      -0.122      -0.068      -0.031       0.000       0.000       0.000       0.000
       0.000       0.000       0.000       0.000       0.000       0.000       0.000       0.000       0.000       0.000
       0.000       0.000       0.000       0.000       0.000       0.000       0.000       0.000       0.000       0.000
       0.000       0.000       0.000       0.000       0.000       0.000       0.000       0.000       0.000       0.000
       0.000       0.000       0.000       0.000       0.000       0.000       0.000       0.000       0.000       0.000
       0.000       0.000       0.000       0.000       0.000       0.000       0.000       0.000       0.000       0.000
       0.000       0.000       0.000       0.000       0.000       0.000       0.000       0.000       0.000       0.000
       0.000       0.000       0.000       0.000       0.000       0.000       0.000       0.000       0.000       0.000
       0.000       0.000       0.000       0.000       0.000       0.000       0.000       0.000       0.000       0.000
       0.000       0.000       0.000       0.000       0.000       0.000       0.000       0.000       0.000       0.000
       0.000       0.000       0.000       0.000       0.000       0.000       0.000       0.000       0.000       0.000
       0.000       0.000       0.000       0.000       0.000       0.000       0.000       0.000       0.000       0.000
       0.000       0.000       0.000       0.000       0.000       0.000       0.000       0.000       0.000       0.000
       0.000       0.000       0.000       0.000       0.000       0.000       0.000       0.000       0.000       0.000
       0.000       0.000       0.000       0.000       0.000       0.000       0.000       0.000       0.000       0.000
       0.000       0.000       0.000       0.000       0.000       0.000       0.000       0.000       0.000       0.000
       0.000       0.000       0.000       0.000       0.000       0.000       0.000       0.000       0.000       0.000
       0.000       0.000       0.000       0.000       0.000       0.000       0.000       0.000       0.000       0.000
       0.000       0.000       0.000       0.000       0.000       0.000       0.000       0.000       0.000       0.000
       0.000       0.000       0.000       0.000       0.000       0.000       0.000       0.000       0.000       0.000
       0.000       0.000       0.000       0.000       0.000       0.000       0.000       0.000       0.000       0.000
       0.000       0.000       0.000       0.000       0.000       0.000       0.000       0.000       0.000       0.000
       0.000       0.000       0.000       0.000       0.000       0.000       0.000       0.000       0.000       0.000
       0.000       0.000       0.000       0.000       0.000       0.000       0.000       0.000       0.000       0.000
       0.000       0.000       0.000       0.000       0.000       0.000       0.000       0.000       0.000       0.000
       0.000       0.000       0.000       0.000       0.000       0.000       0.000       0.000       0.000       0.000
       0.000       0.000       0.000       0.000       0.000       0.000       0.000       0.000       0.000       0.000
       0.000       0.000       0.000       0.000       0.000       0.000       0.000       0.000       0.000       0.000
       0.000       0.000       0.000       0.000       0.000       0.000       0.000       0.000       0.000       0.000
       0.000       0.000       0.000       0.000       0.000       0.000       0.000       0.000       0.000       0.000
       0.000       0.000       0.000       0.000       0.000       0.000       0.000       0.000       0.000       0.000
       0.000       0.000       0.000       0.000       0.000       0.000       0.000       0.000       0.000       0.000
       0.000       0.000       0.000       0.000       0.000       0.000       0.000       0.000       0.000       0.000
       0.000       0.000       0.000       0.000       0.000       0.000       0.000       0.000       0.000       0.000
       0.000       0.000       0.000       0.000       0.000       0.000       0.000       0.000       0.000       0.000
       0.000       0.000       0.000       0.000       0.000       0.000       0.000       0.000       0.000       0.000
       0.000       0.000       0.000       0.000       0.000       0.000       0.000       0.000       0.000       0.000
       0.000       0.000       0.000       0.000       0.000       0.000       0.000       0.000       0.000       0.000
       0.000       0.000       0.000       0.000       0.000       0.000       0.000       0.000       0.000       0.000
       0.000       0.000       0.000       0.000       0.000       0.000       0.000       0.000       0.000       0.000
       0.000       0.000       0.000       0.000       0.000       0.000       0.000       0.000       0.000       0.000
       0.000       0.000       0.000       0.000       0.000       0.000       0.000       0.000       0.000       0.000
       0.000       0.000       0.000       0.000       0.000       0.000       0.000       0.000       0.000       0.000
       0.000       0.000       0.000       0.000       0.000       0.000       0.000       0.000       0.000       0.000
       0.000       0.000       0.000       0.000       0.000       0.000       0.000       0.000       0.000       0.000
       0.000       0.000       0.000       0.000       0.000       0.000       0.000       0.000       0.000       0.000
       0.000       0.000       0.000       0.000       0.000       0.000       0.000       0.000       0.000       0.000
       0.000       0.000       0.000       0.000       0.000       0.000       0.000       0.000       0.000       0.000
       0.000       0.000       0.000       0.000       0.000       0.000       0.000       0.000       0.000       0.000
       0.000       0.000       0.000       0.000       0.000       0.000       0.000       0.000       0.000       0.000
       0.000       0.000       0.000       0.000       0.000       0.000       0.000       0.000       0.000       0.000
       0.000       0.000       0.000       0.000       0.000       0.000       0.000       0.000       0.000       0.000
       0.000       0.000       0.000       0.000       0.000       0.000       0.000       0.000       0.000       0.000
       0.000       0.000       0.000       0.000       0.000       0.000       0.000       0.000