        2048     0.02000
      -0.001      -0.001      -0.001       0.000      -0.001      -0.001       0.004      -0.001      -0.001      -0.014
      -0.005      -0.001      -0.004      -0.002       0.001       0.002       0.001       0.012       0.020      -0.003
      -0.021      -0.009      -0.004      -0.027      -0.037      -0.003       0.009       0.058       0.005       0.009
       0.069       0.015       0.029       0.056      -0.007      -0.035      -0.091      -0.015      -0.046      -0.241
      -0.028       0.002       0.274       0.053       0.021      -0.224      -0.049      -0.046      -0.220      -0.056
      -0.074      -0.411      -0.133      -0.021       0.458       0.167       0.008       0.113       0.057      -0.090
      -0.182      -0.099      -0.156      -0.319      -0.194      -0.308      -0.688      -0.155       0.203       0.749
       0.321       0.019      -0.819      -0.445      -0.109      -0.337      -0.492      -0.525      -0.836      -0.873
       0.214       1.033       0.824       1.075       0.687       0.362      -0.455      -1.136      -1.222      -0.664
       0.260       0.752       0.435       0.398       0.584       0.668       1.008       1.482       1.059       0.537
       1.141       1.607       0.450      -1.006      -1.318       0.103       0.735       1.804       0.743       0.525
       1.300       1.333       1.319       2.012       1.398       0.464       0.279      -0.159       0.154       0.002
       0.875       2.155       2.345       1.663       0.926      -1.932      -2.504      -1.664      -0.775      -1.650
      -2.666      -1.310      -0.025       2.274       2.829       1.679       0.413      -0.708       0.007       0.323
      -0.404      -1.836      -3.141      -2.718      -2.526      -3.316      -1.099      -1.116       0.395       0.989
       0.223      -0.880      -3.170      -3.433      -2.448      -3.058      -3.838      -3.463      -3.464      -2.145
      -0.122      -0.537      -1.871      -3.322      -1.120       0.725      -0.376      -1.448      -1.120      -2.197
      -0.281       0.953       1.006       1.328       0.962       1.920       3.703       3.994       2.325       2.191
       1.324       0.734      -0.895      -2.328      -3.234      -2.656      -0.552       0.137      -1.144      -1.831
      -1.122      -1.669      -0.200       0.828       1.939       3.650       5.371       5.004       4.169       2.014
       1.624       3.969       4.262       5.419       3.024       0.881      -1.815      -3.750      -3.772      -2.920
      -0.502       1.311       1.457       2.126       2.353       0.793       2.124       3.367       3.565       1.647
       0.157      -1.974      -2.435      -2.253      -4.469      -2.105       1.815       5.204       5.133       2.029
      -1.761      -3.217      -1.498      -0.256      -0.440       1.362       3.522       2.042       1.171       5.476
       9.029       4.976       0.742      -2.862      -4.595      -4.385      -7.609      -7.885      -3.762      -3.131
      -4.346      -3.992      -0.991       5.029       7.004       6.771       3.341      -0.863      -3.705      -6.783
      -5.502      -1.514      -1.889      -3.391      -0.688       3.441       8.162       1.840      -8.284      -8.826
      -5.072      -4.380      -4.007      -2.880      -6.477      -6.055      -5.280      -3.607      -0.010       4.603
       5.029      -0.955      -5.830      -3.353      -1.914      -0.862       3.673       2.920       5.387       2.758
      -2.002       2.188       7.846       5.697       0.814       1.751       3.544       5.166       7.420       8.567
       5.243       4.789       8.044      10.287       8.963       7.173       1.946       0.051       1.326       1.378
       4.659       3.692      -2.278      -6.726      -5.613      -4.968      -3.125      -0.077       1.520       2.928
       2.457      -3.652      -4.190       3.605       6.834       4.975      -0.913      -4.511      -1.488       6.797
       7.211       0.169      -4.004     -11.791     -17.588     -15.574      -6.983      -3.861      -3.396      -5.412
      -6.192      -1.734       1.944       2.578       4.997      10.533       7.549       3.954       4.260       8.506
       5.670      -3.149      -5.883      -9.513      -3.813       7.576       7.519      -0.494      -4.009      -6.976
       1.649       4.117      -1.870      -7.357     -14.333     -12.664     -10.084      -4.048       4.187       6.386
       6.045       7.706       6.852       7.372       4.339      -3.740      -9.832      -7.998      -2.691       1.807
       3.195       5.202      13.807      10.365      -0.475      -0.253      -0.161       1.275       6.445       1.753
      -5.943     -15.634     -17.135      -5.988      -0.140       6.294       2.223       0.634       6.467       9.179
       6.533      -2.133     -15.121     -18.060     -10.887      -6.195      -5.451      -6.288       1.659       9.987
      16.252      20.935      21.363      16.144       5.521       0.999      -5.913      -4.341      -0.922      -1.461
      -4.197      -7.183     -11.646      -9.371       4.476       7.137      -1.313     -16.094     -20.120      -7.765
      13.552      23.513      15.973      -2.829     -11.709      -4.494      -2.155      -0.700       0.454      -4.401
      -6.798      -8.868     -11.106      -4.087       6.466       3.578      -5.356      -9.407      -6.552      -3.138
      -1.173       3.437       4.758      -0.547      -6.704     -21.035     -15.544       3.386      10.526       2.884
      -4.371      -0.721       9.049       8.386       5.124      -6.785     -24.016     -15.261       5.042      12.553
       3.287     -12.438     -16.988      -6.158      13.040      26.375      23.976       6.388       1.885      -4.646
      -6.116       5.056       4.756       6.332       0.998     -13.357     -11.556       5.724      18.059      26.098
      14.690      -0.098     -10.904     -15.829      -1.983       5.557      -0.077      -9.108     -15.544     -18.536
      -4.535      16.454      11.740      -1.083      -1.647       0.581      -4.750     -12.073     -16.049     -18.035
     -26.289     -26.217     -16.881       0.958      15.645      28.570      29.763       9.183      -8.644      -8.885
      -7.832       1.738       1.305      -2.449       1.252      -5.642       0.710      12.014      11.102     -10.747
     -35.415     -29.963     -10.784      12.525      22.531       9.274      -1.152       5.519      11.233       8.643
      -5.333      -4.682       7.755      13.034      15.883      10.484       4.057      -3.533      -1.659      -2.803
      -2.797      -2.757       8.141      28.581      24.639      16.661       8.622      -4.174       2.650      16.427
      16.445      11.948      -2.495     -18.853     -23.685      -7.615      16.432      14.840      11.194      -6.313
     -30.388     -47.447     -43.898     -11.526      19.060      25.196      20.608      12.674       5.740     -11.456
     -11.264       1.896      -2.166     -13.498     -27.612     -11.205      16.205      20.864      14.482      -1.160
      -1.114      10.720       4.691       4.475       2.079       3.182      22.386     -10.037     -39.375     -34.933
     -22.579      -2.548      22.514      48.186      41.358      36.439      31.836      22.887      19.587      -7.255
     -42.514     -46.751     -31.564      -3.225      -9.092     -37.624     -32.672     -17.014       6.585      15.688
      14.940      13.551      -0.197      -4.050      -0.479      22.753      30.360      14.453       6.054      -2.607
      -1.039      14.883      12.524      32.519      29.271       4.064      -5.742     -16.111     -19.623     -22.299
     -22.746     -28.233     -22.514      15.281      30.718      34.738      40.111       2.642     -31.050     -31.499
     -25.002     -27.378     -22.047       1.627     -10.102     -16.766     -11.011     -14.034      -9.428       5.815
      30.122      41.485      27.611      10.182       9.053      17.570      13.766      -7.978     -10.400     -28.386
     -30.501      -3.064       6.400      -0.462     -16.751     -15.419       2.190       2.753     -15.997     -25.557
     -11.299       7.376      21.790      35.629      32.686       8.802       6.239       5.203      -3.539      -5.336
       6.025     -10.131     -20.486       8.126      29.802      28.363      28.983      23.257       9.405      -4.815
     -17.513     -28.761     -14.204       9.788       4.216      -2.451     -11.672     -29.756     -23.333      -0.907
       3.529      -7.386      -6.629     -10.326     -19.018     -17.253     -15.730     -12.795      10.389      22.041
      24.331      23.697      16.700      12.430       2.575      -8.639     -21.370     -20.140     -17.722      -5.048
      -2.398     -14.486     -17.876      -1.512      16.036      19.558      10.228      10.691      10.303      -7.563
      -0.639       2.454      -7.390      -8.594     -16.841      -3.598      10.943       6.346     -18.754     -22.002
      -0.658      24.728      35.117      23.658      -7.489     -19.546     -19.127     -22.136     -14.582      -8.516
     -14.277     -18.908       0.432      16.287      14.067      10.650      -1.054     -18.714     -22.365      -6.872
      10.623      16.808      13.605      18.969      23.368      12.996     -16.989     -16.501       6.901       2.308
      -7.088     -17.244     -15.814       2.160      16.890      21.814      25.127      16.290      14.926      15.783
      21.378      11.050      -0.883      -2.055      -4.521       6.132      14.187      18.023      29.607      18.972
     -13.471     -30.218     -22.097       6.544      26.599      11.329      -3.598     -29.309     -32.441     -11.888
       1.245      -7.517     -15.741     -13.277      -3.233       7.683       7.653       9.912       1.012     -15.122
      -4.955      23.791      21.485      -1.879     -11.693     -12.633      -3.000       6.648      23.669      20.792
       0.443     -14.205     -27.320     -30.886     -30.104     -24.621       3.452      43.943      54.510      44.808
      15.341       0.837       2.337      -4.345     -21.262     -47.294     -56.001     -36.023     -19.421       8.699
      24.620      14.570      -5.888     -20.724      -7.637      18.569      26.003      30.679      32.040       8.877
     -20.855     -25.347     -14.025      -3.007      14.434      31.263      29.605      28.380      16.792      -3.497
     -24.272     -31.074     -29.957     -12.170      -3.671     -10.968      -2.051      18.419      34.454      24.207
       4.316      -9.195     -25.400     -28.992     -18.117     -15.241      -5.881      12.378      20.016      30.724
      31.210      15.258      -5.754     -22.868     -25.717      -0.592      33.413      34.272      12.956       2.285
       4.770       9.206      10.166      -9.231     -30.503     -45.016     -34.502      -9.291      15.520       9.475
      -5.525       2.542       1.511      -4.366       0.202       7.471      13.667      15.915      11.513      10.736
       1.118       0.827      15.329      -0.394      -5.150      -8.866      -6.426       7.476      11.234      11.813
      20.266       5.350     -12.184     -20.890     -25.143     -16.867     -14.064     -16.718     -26.254     -15.911
      -7.761      -0.917      17.329      16.069      -4.815     -24.519     -17.274       9.144      30.064      25.637
      12.356      -2.337     -15.677     -35.214     -35.966     -15.786     -10.675      -9.340       8.424      31.724
      14.154      -9.540     -16.219      -9.376       3.142      16.279      18.831      17.934      14.196      12.472
      23.294      32.134      28.806      11.279      -1.339      -6.831      -6.362      -7.976     -11.725      -2.401
      -4.742      -9.895     -17.821     -15.260     -20.077     -11.205      20.538      33.089      18.640     -18.516
     -50.992     -41.948     -24.986      -8.699       8.545      18.928      32.797      18.634      21.180      33.033
      11.297       3.473       1.491     -10.705     -19.467     -16.482       7.703      19.382      12.469       8.212
      -3.299      -2.759     -11.085     -21.686     -20.218      -8.711      15.450      21.249      18.709      10.258
       4.631      16.048      11.995       4.151       5.055     -19.916     -30.627     -44.695     -43.623     -13.985
       2.819      21.863      31.600      25.412      22.862       9.316     -10.972     -21.730      -8.058      18.499
      15.571      -3.258     -12.886     -11.244      -0.304       9.785      25.254      13.986      -3.604      -9.675
     -13.126      -8.049      -7.326     -11.423       2.073      16.122      11.975      15.062      22.334      12.930
      -0.754      -3.121     -14.280     -23.853     -27.163     -36.005     -32.524     -21.950       1.563       9.598
       4.834       4.416       6.269      19.670      24.286      21.196      24.423      23.070      13.731       1.622
      -6.548       1.127      -2.125       0.913       0.936      -5.578      -5.594     -11.406     -13.850      -5.454
       5.538      19.075      27.595      14.556      -7.321     -18.684     -22.284     -24.253     -10.301      -4.335
      -0.186      10.017      -0.743      -2.556      -8.156     -23.797     -32.675     -24.153     -11.656      -6.878
      -9.007      -7.896      -8.979      -9.546       7.130      15.412      11.100       9.245       3.571      -3.890
       0.056      -3.880     -10.462       2.280       7.672       7.425       3.540       2.429      -1.842      -3.742
      11.606      18.001      17.174      18.239       8.945      -5.843     -12.925      -6.276       7.293       9.177
      16.760       9.655      -5.907     -12.628     -15.219      -9.053      -8.772      -8.819      -2.390      -7.414
     -15.302      -6.271      11.766      30.523      34.226      26.946      12.591      -0.935      -7.560      -9.382
       8.476      19.062      13.568       6.136       1.221      -7.487      -7.079      -1.274      -3.475     -20.442
     -20.318      -6.484      -3.435       6.553       9.913      12.869      14.972      12.288       9.400       7.631
       7.085      -1.324      -6.661      -0.680      -1.604     -13.636     -19.472     -26.771     -24.728     -10.893
       1.104       9.215       9.362       9.598      10.392      -1.806     -14.323      -5.841       5.023      14.075
      15.493      11.371       8.441       1.471      -3.629      -0.358       4.016       7.313       6.000      -0.275
      -2.804      -6.919      -4.974       0.311       7.134      10.635      14.316      15.204      -3.162      -7.931
      -1.586      -1.793      -1.580       1.044      -0.550      -6.042     -12.595      -8.106      -5.258      -3.041
       6.716       9.414       9.270       3.276       1.094       1.814       0.999      -3.416     -11.547     -15.104
     -13.397      -8.633      -0.007      -0.704     -12.538     -12.293     -11.032     -10.518     -13.297     -15.370
      -9.202      -3.414       3.363      11.361      11.494       3.211      -0.423       0.306       0.699      -0.749
       2.970       1.985      -1.453      -1.947       3.787       8.867       5.246       1.349      -5.609     -10.636
     -12.639      -7.415       3.418      12.146      17.153      12.670       0.692      -5.077      -5.262       3.192
       8.514       3.521       9.156       7.367       0.247       2.242       4.205      -2.692     -12.503     -13.438
     -10.575      -8.696      -4.220       0.110       3.116       4.734       2.234       4.613       3.308       0.042
      -0.006       2.783       5.436       1.321       6.248       9.965       4.019      -0.681       0.242       2.255
       2.771      -1.261      -4.129      -9.249     -15.202      -8.094       0.800       4.358      -1.005      -4.025
      -4.549      -3.041       4.635       8.330       3.893      -4.207      -6.501     -10.586     -14.073     -13.416
      -8.493      -3.599       2.683       7.076       8.612       9.242      10.775      11.366      10.379       8.346
       1.577       2.448       5.768       4.268       1.860      -0.631      -2.657      -2.009       1.174       6.708
       4.789      -3.688      -5.671      -8.310      -5.297      -0.026       5.300       7.439       6.815       8.167
       5.233       4.499       2.785      -2.298      -4.402      -6.461     -10.323     -11.543     -11.387      -4.822
      -0.732       0.296       3.229       2.453       5.478       7.924       9.146       7.115       4.045       4.541
       2.989       1.570      -3.442      -6.529      -0.790       7.657       9.699      10.111       6.341       2.198
      -2.361      -4.140      -2.630      -3.192      -2.685      -0.794      -1.588      -5.850      -6.410      -7.136
      -9.072      -6.441      -1.269      -0.693      -3.877      -9.606     -10.453      -5.366      -4.262      -3.373
      -4.106      -4.336      -3.224       0.375       2.191       1.765      -0.334      -1.343       1.830       2.461
      -0.269       0.990       3.181       1.761       2.830       0.269      -4.007      -8.028      -4.645       1.925
       1.706       0.307      -0.503      -2.302      -3.213      -3.956      -1.203       3.063       3.630       2.594
      -0.463      -1.799      -1.519       0.863       7.763       6.069       1.919      -0.684      -2.585      -3.425
      -0.458       3.246       3.432       1.890       4.234       6.149       5.913       3.687       2.277       4.424
       4.154       6.954      11.385      13.069      11.578       7.868       5.524       2.421      -0.528      -2.242
      -0.389      -2.534      -5.178      -5.368      -3.707      -1.980       0.184       4.544       6.187       2.517
      -0.929      -0.442      -2.244      -5.168      -7.516      -4.259      -0.879       3.011       4.948       2.486
      -1.447      -6.202      -8.443      -7.498      -6.361      -5.262      -4.414      -3.404      -0.824      -1.277
      -1.083       1.148       1.228       4.377       3.648       1.425       2.254       3.701       2.560       0.751
      -5.642      -9.312      -9.101      -4.407       2.993       4.250       2.526      -0.573      -2.662      -3.064
      -3.113      -2.848      -3.406      -3.333      -4.078      -4.994      -4.580      -3.728      -3.526      -2.981
      -3.215      -1.327      -0.674       0.666       1.824       2.209       2.642      -1.389      -4.897      -3.459
       2.014       5.891       5.418       1.473      -0.991      -1.309       0.999       0.693      -0.857      -0.414
       1.566       0.522      -1.701      -2.414      -3.082      -1.756       1.035       3.840       3.477       0.174
      -0.972      -1.023       1.633       3.670       3.256       2.213       2.713       3.286       5.804       7.620
       8.431       7.717       7.962       5.886       1.241      -2.129      -3.759      -2.786      -0.874       0.507
       0.852      -0.156      -0.907       0.734       1.817       0.325       1.073       0.947       0.659       0.969
       0.201       0.671       3.009       3.221       2.540       1.271       0.345      -0.705      -2.370      -1.645
      -1.761      -2.752      -3.414      -2.309      -2.513      -0.204       1.427       1.278       1.501       1.490
       1.188       0.446      -1.820      -3.914      -3.861      -3.491      -3.760      -5.288      -4.758      -2.164
       0.314       3.070       3.284       1.001      -2.893      -3.515      -3.955      -3.912      -4.992      -4.200
      -2.029      -1.280       0.160       1.497       1.168       2.497       3.062       2.408       1.234      -0.862
      -2.158      -4.117      -4.534      -3.751      -3.298      -0.237       1.930       2.339       2.256       1.292
      -1.244      -1.845      -0.247       0.159      -0.577      -1.039      -0.853       0.124       1.963       1.242
      -0.498      -0.354       2.653       4.317       2.933      -0.250      -1.651      -2.348      -1.374      -0.750
      -1.416      -0.777      -0.809       0.194       1.243       0.369      -0.482      -0.933      -0.573      -0.247
      -0.628      -2.058      -2.646      -1.865      -0.350       0.364       0.902       0.117       1.075       1.929
       2.340       1.552      -0.103      -1.256      -1.705      -0.281       1.105       0.602      -0.096      -0.017
       0.364       0.908       0.699      -0.330      -0.772      -0.256      -0.462      -0.950      -1.035      -1.121
      -0.200       0.758       1.339       0.914       0.416       0.314       0.245       0.707       0.538      -0.025
      -0.205       0.171       0.419       0.620       0.632       0.592       0.820       1.425       1.400       1.024
       0.422      -0.030      -0.020       0.062       0.243       0.058       0.016       0.118       0.130       0.220
       0.004      -0.117       0.025       0.218       0.246       0.182       0.002      -0.006       0.076       0.174
       0.162       0.189       0.188       0.172       0.103       0.007      -0.062      -0.082      -0.040      -0.016
       0.000       0.000       0.000       0.000       0.000       0.000       0.000       0.000       0.000       0.000
       0.000       0.000       0.000       0.000       0.000       0.000       0.000       0.000       0.000       0.000
       0.000       0.000       0.000       0.000       0.000       0.000       0.000       0.000       0.000       0.000
       0.000       0.000       0.000       0.000       0.000       0.000       0.000       0.000       0.000       0.000
       0.000       0.000       0.000       0.000       0.000       0.000       0.000       0.000       0.000       0.000
       0.000       0.000       0.000       0.000       0.000       0.000       0.000       0.000       0.000       0.000
       0.000       0.000       0.000       0.000       0.000       0.000       0.000       0.000       0.000       0.000
       0.000       0.000       0.000       0.000       0.000       0.000       0.000       0.000       0.000       0.000
       0.000       0.000       0.000       0.000       0.000       0.000       0.000       0.000       0.000       0.000
       0.000       0.000       0.000       0.000       0.000       0.000       0.000       0.000       0.000       0.000
       0.000       0.000       0.000       0.000       0.000       0.000       0.000       0.000       0.000       0.000
       0.000       0.000       0.000       0.000       0.000       0.000       0.000       0.000       0.000       0.000
       0.000       0.000       0.000       0.000       0.000       0.000       0.000       0.000       0.000       0.000
       0.000       0.000       0.000       0.000       0.000       0.000       0.000       0.000       0.000       0.000
       0.000       0.000       0.000       0.000       0.000       0.000       0.000       0.000       0.000       0.000
       0.000       0.000       0.000       0.000       0.000       0.000       0.000       0.000       0.000       0.000
       0.000       0.000       0.000       0.000       0.000       0.000       0.000       0.000       0.000       0.000
       0.000       0.000       0.000       0.000       0.000       0.000       0.000       0.000       0.000       0.000
       0.000       0.000       0.000       0.000       0.000       0.000       0.000       0.000       0.000       0.000
       0.000       0.000       0.000       0.000       0.000       0.000       0.000       0.000       0.000       0.000
       0.000       0.000       0.000       0.000       0.000       0.000       0.000       0.000       0.000       0.000
       0.000       0.000       0.000       0.000       0.000       0.000       0.000       0.000       0.000       0.000
       0.000       0.000       0.000       0.000       0.000       0.000       0.000       0.000       0.000       0.000
       0.000       0.000       0.000       0.000       0.000       0.000       0.000       0.000       0.000       0.000
       0.000       0.000       0.000       0.000       0.000       0.000       0.000       0.000       0.000       0.000
       0.000       0.000       0.000       0.000       0.000       0.000       0.000       0.000       0.000       0.000
       0.000       0.000       0.000       0.000       0.000       0.000       0.000       0.000       0.000       0.000
       0.000       0.000       0.000       0.000       0.000       0.000       0.000       0.000       0.000       0.000
       0.000       0.000       0.000       0.000       0.000       0.000       0.000       0.000