        2048     0.02000
       0.047       0.047       0.047       0.056       0.047       0.047       0.084       0.048       0.047      -0.038
       0.047       0.047       0.150       0.055       0.054       0.168       0.045       0.036      -0.209       0.030
       0.020      -0.414       0.018      -0.001      -0.555       0.027       0.067       0.808       0.079       0.033
      -0.653      -0.100      -0.105      -1.092       0.064       0.162       1.401       0.371       0.279       1.636
      -0.019      -0.449      -1.614      -0.030       0.339       2.063       0.523       0.429       1.824       0.385
       0.478       2.765       0.662       0.701       3.094       0.605       0.653       3.026       1.532       1.398
       3.809       1.375      -0.984      -1.586      -1.674      -2.375      -2.285      -3.094      -4.655      -2.598
      -2.190      -4.791      -3.264      -2.793      -5.676      -2.717      -1.111      -1.419      -1.095      -5.408
      -6.642      -3.506      -4.221      -0.900       1.757       3.668       4.282       3.842       6.024       8.325
       1.686      -2.088      -5.946      -5.563      -4.328      -7.254      -9.585      -5.847      -5.205       2.636
       7.536       3.537      -0.467      -4.115      -9.015      -7.783      -8.347     -11.919      -4.692       1.723
       5.181      10.443       8.500       8.026      13.629       6.551       6.671      14.353       8.594       9.033
      14.407      11.807      10.821      15.858      11.766       5.410      -0.841      -7.123     -12.476     -16.470
     -15.571     -17.889     -18.117     -14.613     -15.880      -8.393      -6.395     -13.247     -11.636      -8.119
      -4.302      -3.539     -10.824     -11.357      -0.889       7.933       4.624      10.285       9.042       8.448
      14.985       4.493       3.634      11.063      16.538      25.156      16.357       0.254      -8.945     -22.755
     -26.708     -20.779     -25.634     -23.601     -24.582     -26.064      -2.143      10.212      21.229      29.896
      18.281      15.738      12.667      -4.755       0.061     -12.757     -27.310     -22.954     -13.551       9.684
      29.711      26.048      25.125      24.806      24.655      27.268      14.610      -0.169     -18.162     -36.706
     -37.682     -21.941      -1.037      14.905      11.328       0.140      -8.580     -13.303       3.364       0.220
      -6.979     -11.903     -26.658     -28.868     -21.253      -7.397       5.925      10.357       7.640       6.005
       2.112      -3.577     -22.609     -22.795     -15.846      -3.887      -0.459       5.516      17.161      21.458
      13.877      -8.397     -20.714     -25.213     -35.166     -43.486     -53.334     -38.441       3.781      33.311
      31.039      34.518      34.325       7.879      -0.756     -12.528     -20.447     -13.627     -22.467     -21.304
      -9.068      -5.648       0.676      -0.442       0.897       8.704      15.355      28.466      27.870      32.665
      39.812      40.215      51.999      54.331      20.962     -24.903     -49.371     -68.982     -58.295     -34.992
     -36.773      13.024      39.733      51.590      68.932      42.350      10.654       4.591     -22.394     -43.099
     -42.850     -41.994     -16.219     -19.749     -38.044     -25.803     -18.799     -11.073      -1.651      11.274
      21.169       1.177     -24.330     -18.034     -16.535      -8.540      -0.076     -20.076       7.035      39.265
      14.837      -3.581      -4.566      -8.631      15.688      10.445     -24.717     -26.215     -37.278     -26.265
       9.162      13.771       7.816       8.676     -16.088     -18.240     -25.373     -34.632       2.292      21.176
      29.252      26.296     -12.380      -9.372      -5.820      -4.599      43.921      73.487      87.211      91.024
      66.238      19.258     -20.283     -63.476     -83.379     -67.258     -42.129      17.654      33.707      24.275
      31.740      -5.940     -16.351      -7.899      -5.415      -3.658      -5.993     -67.100     -78.737     -74.218
     -81.874     -45.799      -1.872      46.754      80.576      35.460      -0.853      -2.118      -2.656      34.494
      70.832      45.155       4.270     -55.255     -63.911     -35.161       4.865      58.391      80.450      61.438
      85.421      79.686       4.519     -21.067     -33.370     -21.093     -27.308     -55.018     -22.839      22.085
      -3.054     -31.195     -19.359       0.911      55.851      57.758      32.479      12.676      -7.735      18.472
      25.583     -21.760     -57.348    -112.733    -124.848     -84.967     -69.122     -18.100      20.742      32.378
      71.769      27.211     -13.076       1.761     -14.670      -6.484      56.563     109.504     131.856     112.234
      66.443      19.677      -4.404     -18.107     -18.628     -35.996     -52.163     -48.902     -34.706     -16.826
      32.253      88.570     120.809      83.628      40.933      31.778      16.265       2.552     -26.999     -29.101
     -54.359     -75.594     -89.438     -32.994      23.765      20.685      43.549      34.501     -16.863     -67.548
     -91.241     -69.512     -57.524     -44.449     -14.995      30.937      58.012      76.783      68.478      43.838
      23.766     -15.567      -8.922      66.888      81.265      74.925      55.915      17.036     -15.939     -86.589
     -98.886     -46.807     -42.743     -31.446     -39.019     -18.186      42.510      27.211      25.297      43.001
      14.023       9.633       0.524     -14.379      17.418      24.981      59.436      73.507      59.037      52.671
      41.882       5.491     -23.272     -22.960     -24.575      19.531      72.535     121.893     102.964      51.579
       1.555     -10.838     -42.045     -58.241     -55.563     -48.750     -44.158     -85.374    -117.060     -76.844
     -37.287     -16.410      27.329      32.022      71.561      49.205      27.060      43.944      53.241      80.933
      66.905      19.708     -38.601     -72.951     -48.405     -20.028     -10.972      18.423      17.676     -15.144
      -6.090     -14.386     -12.155       9.885     -13.564     -25.673     -42.829     -35.996      -8.741      23.696
      15.769      17.796      17.181      83.979     107.025      77.632      36.955      -3.961     -31.606     -57.232
     -92.493    -103.529     -38.599      18.326      48.450      28.043      -5.809       5.000     -22.917     -44.791
     -77.320     -65.758       5.647      59.288      73.062      21.971     -32.214     -68.036     -73.961     -62.101
     -33.388     -26.969     -19.023     -62.887    -107.743     -54.154     -39.659     -15.377     -13.551     -17.657
      47.462      57.726      27.802       8.397      13.763      45.670       0.069     -13.339      -0.989       6.280
       3.557     -18.503     -26.950      45.159      80.572      63.265       9.565     -44.120     -44.621     -22.447
     -33.512     -35.503     -15.721     -45.882     -32.805      22.103      20.279     -22.901     -48.624     -24.205
     -38.216     -53.543     -48.559     -37.101      10.906      42.623       9.533      -1.468      12.876     -25.886
     -25.259     -15.473      36.584     100.594      69.315       9.034      11.629      46.859      56.678      72.182
      36.291     -28.119     -72.661     -89.423     -92.403     -30.147      22.367      35.269       2.343     -42.205
     -47.226     -20.927      14.719      43.023      57.722      43.240     -13.628     -12.730      27.654      41.108
      37.667      36.046      14.404     -12.308     -57.002     -70.303     -51.118     -31.073      -9.009      31.273
     105.304     136.411     140.047     112.159      31.239     -15.013     -65.857     -54.319      15.227      21.334
      41.757      19.167     -19.635      18.863      22.589      44.272      18.446     -15.411     -40.237     -70.319
     -86.178     -61.249     -53.655     -38.724     -13.447     -35.538      26.219      50.663      49.591      77.001
      54.089      48.093      63.792      40.627      61.205      68.408      -0.991     -53.991     -73.442    -102.393
     -96.112     -37.365      47.248     106.514      97.503      49.179       5.745     -42.780     -36.447     -64.750
     -70.344     -39.376     -30.935      10.224      24.578      21.023       6.947     -10.382      -8.238      32.949
      63.230      19.775      16.596      20.884     -18.408     -14.600       1.879      55.627      94.604      39.389
       2.417     -14.548     -64.609     -62.361     -21.758       8.316      54.199      20.167     -24.670     -35.930
     -39.847       0.172      30.903       8.072     -31.093     -56.295     -43.461     -10.787      20.443      30.354
      51.994      31.126      15.946      35.181      21.764      15.473       6.823     -28.943     -61.450     -50.085
     -36.952      -1.598      -6.532     -47.417     -65.550     -80.991     -65.341     -13.500       8.347      32.716
      25.043      38.869      74.159      28.441      -4.586     -27.176     -32.160      -8.069      16.100      13.558
      16.689      16.922      46.454      75.122      83.980      94.411      94.937      96.199      84.882       2.903
     -55.410     -55.551     -30.208       7.052      30.996      14.358      16.803      48.575      46.920      51.885
      53.520      -6.468     -30.733     -12.487     -16.103     -10.744     -65.771    -104.492     -96.747     -65.576
      10.946      84.840      94.720      64.558      23.695     -10.270     -35.022     -52.517     -67.294     -36.711
       6.251      26.738      46.880      29.408      -0.523     -59.395     -89.296     -53.380      12.222      23.067
      26.318       3.818     -37.680       5.612      34.455      42.092      24.175     -41.403     -64.172     -88.576
    -103.403     -44.755      13.766      -2.789       5.416      27.824      51.152      57.847      -7.093     -27.044
     -12.655     -17.692      -5.629      10.034      22.843      25.208       3.733     -32.205     -42.806      -6.191
      49.522      52.878       5.226     -37.999     -37.763     -21.378      40.945      54.320      21.073      -8.052
     -42.842     -39.328     -28.211     -25.059      16.782      56.697      45.333      38.851      47.813      68.833
      64.422      31.686      -9.293     -42.634     -46.178     -22.241     -25.073     -26.531     -22.414      -3.833
      28.093      47.594      46.239      55.751      34.660       7.623      15.911      14.584      -7.255      -0.796
      -9.556     -29.426     -19.985     -22.730     -20.798     -13.052     -10.079     -12.721       3.637       6.556
       3.906      -1.652     -39.992     -61.088     -57.779     -38.508     -22.152     -42.337     -35.828      -2.592
       6.633      17.093      10.199     -12.725     -14.272     -10.238      18.699      39.727      15.958      22.390
      35.285      13.225      30.649      32.412      22.885      -3.164     -58.197     -78.694     -48.320     -23.314
      -2.860      19.197      35.518      45.225      42.976      31.268      19.145      10.261      -4.060      -4.033
      -2.531      -0.331      15.431       7.297      -2.275       0.525      -1.002       9.359      27.317      11.847
       2.793     -16.869     -29.106     -14.437     -43.552     -56.129     -35.562     -32.185     -40.928     -46.414
     -40.690     -12.003      -2.739     -14.627      -9.713      16.923      36.049      41.116       1.747     -29.945
     -20.308     -13.831      -2.447      22.371      45.299      53.959      34.040      20.255       8.610       2.158
      -3.684       5.811      34.829      58.825      53.670      37.201      13.517     -21.862     -39.599     -46.226
     -24.896       7.964      13.903       7.952      21.520      32.600      37.884      29.727      13.504      33.825
      34.434      -3.666     -28.537     -30.821     -26.053     -10.547     -12.227     -10.077      12.114      13.203
      -6.022     -31.703     -30.410     -10.432       4.081      11.900      23.909      28.833       5.101     -18.813
     -46.624     -74.246     -78.535     -69.212     -63.198     -39.012     -16.513       1.965      23.277      29.671
      39.429      40.620      35.507      15.752     -30.589     -72.641     -86.089     -68.950     -25.377       7.241
      30.068      50.279      59.646      42.211      29.904      24.889      17.818      12.251     -15.491     -37.942
     -24.617      -2.629       8.930      15.751       3.022      -8.511     -17.756     -26.873     -16.896       1.729
       8.263       0.873       6.726      16.158      33.969      31.833       6.649     -16.012     -36.902     -30.549
     -10.699       8.747      15.646       8.237       2.800       7.463      12.658       9.429      -6.612     -16.507
     -11.281     -12.429     -23.287     -17.353       2.287      12.426       2.145     -11.267      -8.080      13.732
      34.447      43.376      40.430      40.307      35.550      14.841       7.656       3.642      14.927       8.666
      -8.452     -14.291      -3.965       5.430       6.974       2.388       1.558      13.111      16.722      11.878
       6.992      -5.799      -9.030      -2.919      -0.523       2.679      13.205      11.049       2.757      -3.823
      -1.090      11.782      16.249      13.760      19.910      20.064      24.745      13.812      -6.680     -15.172
     -22.973     -26.811     -29.040     -25.197     -11.018      -3.881      -6.871      -0.615       1.130       2.140
      -6.316      -9.009      -3.330       0.243       7.470       1.482      -4.119      -1.518      -6.155      -1.843
       3.838       4.539      -1.446     -13.491     -13.912      -6.391       0.258       6.624       7.143       1.782
      -6.874     -24.460     -39.438     -37.079     -24.542     -22.244     -17.375     -10.524      -1.931       1.000
      -2.109       2.178       9.723      13.042       7.985       3.781       0.926      -4.486      -1.901       3.771
       7.628       7.870       2.630      -6.092      -4.599      -5.327      -8.418     -10.995      -5.996       7.847
      24.274      28.640      20.439      -3.614     -28.049     -38.495     -41.094     -31.455     -10.829       0.476
       0.605      -1.206       1.972       6.949      17.744       8.511      -5.125      -6.244     -20.473     -25.052
     -20.870     -10.529       7.005       9.703       3.940       3.095      -2.146     -17.726     -29.429     -31.696
     -20.676      -5.230      -0.194      10.784      16.378      10.526      -2.487     -19.823     -28.557     -21.132
     -18.892     -12.710      -7.561      -1.438      10.282      14.862      19.197      25.489      24.285      15.508
      -2.984     -11.645      -9.254       6.021      16.742      22.363      26.866      25.492      31.327      36.997
      30.412      19.813       6.576      -8.812     -11.293      -6.418       8.237      24.150      28.889      22.347
      16.605      10.212       8.823       9.172       3.802       0.623       1.136       6.509      13.766      18.102
      17.130      10.209       6.487       3.216       0.686      -2.182     -13.925     -23.589     -24.038     -12.278
       2.611       5.468       7.119       2.578       4.889       2.354      -7.504      -4.693      -5.868      -8.388
      -9.227      -7.141      -4.208       2.820       3.869       9.189      17.155      16.593      14.366      11.067
       2.906      -4.503      -6.746      -4.322       1.623       7.310       6.183       3.914       1.718       2.548
      -0.532      -6.317      -9.737      -6.858       1.602       5.662       1.409      -1.222       0.560       0.360
       5.898       6.107       0.026      -1.914      -7.255      -4.795       6.889       8.570      14.013      17.278
      11.805      11.617       8.155       2.614      -0.775     -13.232     -24.561     -24.605     -22.552     -16.826
     -11.708     -12.655     -11.502     -10.830      -7.710      -2.514      -2.713      -6.954      -7.251     -10.151
      -9.468      -6.674       1.117      11.220      14.037       9.023       6.692       4.320      -1.100       0.629
      -1.667      -2.720       0.434      -2.246      -2.763      -0.431      -3.891      -7.802      -7.816      -6.290
       1.348       6.643       5.164       1.159      -4.628     -14.908     -15.036      -9.053      -0.653       4.666
      -0.584      -1.806       0.603       7.943      11.032      13.128      16.506       8.464      -4.687     -14.395
     -17.956     -11.824      -3.919      -1.787       3.019       5.737      -1.568     -13.142     -24.332     -33.420
     -32.428     -27.264     -20.157      -6.611      -0.257       4.946       4.565       0.798       3.014       3.898
       2.958      -4.065     -10.261     -10.914      -4.886      -1.300       4.584      14.981      20.914      22.562
      12.974      -3.746     -17.829     -27.033     -27.556     -20.480     -13.866      -3.535       1.839      -0.587
       1.764       3.428       3.848       3.939       1.987      -3.579      -5.491      -4.962       0.931       9.869
      12.433      14.883      17.675      15.290      11.982       8.250       4.291       2.338       0.376       1.946
       5.691       9.024       5.619       2.014       2.073       3.078       4.700       2.920       0.776      -1.688
      -4.030      -4.470      -4.087      -0.380       2.600       4.406       6.133       5.797       7.565       6.905
       2.513      -0.909      -3.617      -2.080       0.526       1.006       1.611       2.332       2.685       3.206
       2.859       0.311      -2.272      -5.492      -8.786      -8.674      -7.928      -4.893      -2.713      -2.011
      -0.804       0.226       1.087       0.425      -1.394      -2.199      -2.105      -1.333      -0.128       1.559
       3.522       4.905       5.073       3.705       2.701       1.199      -0.243      -0.838      -1.515      -0.769
       0.120       0.594       1.180       1.082       0.859       0.361      -0.386      -1.094      -1.243      -1.057
      -0.827      -0.500      -0.358      -0.219      -0.003       0.030       0.000       0.000       0.000       0.000
       0.000       0.000       0.000       0.000       0.000       0.000       0.000       0.000       0.000       0.000
       0.000       0.000       0.000       0.000       0.000       0.000       0.000       0.000       0.000       0.000
       0.000       0.000       0.000       0.000       0.000       0.000       0.000       0.000       0.000       0.000
       0.000       0.000       0.000       0.000       0.000       0.000       0.000       0.000       0.000       0.000
       0.000       0.000       0.000       0.000       0.000       0.000       0.000       0.000       0.000       0.000
       0.000       0.000       0.000       0.000       0.000       0.000       0.000       0.000       0.000       0.000
       0.000       0.000       0.000       0.000       0.000       0.000       0.000       0.000       0.000       0.000
       0.000       0.000       0.000       0.000       0.000       0.000       0.000       0.000       0.000       0.000
       0.000       0.000       0.000       0.000       0.000       0.000       0.000       0.000       0.000       0.000
       0.000       0.000       0.000       0.000       0.000       0.000       0.000       0.000       0.000       0.000
       0.000       0.000       0.000       0.000       0.000       0.000       0.000       0.000       0.000       0.000
       0.000       0.000       0.000       0.000       0.000       0.000       0.000       0.000       0.000       0.000
       0.000       0.000       0.000       0.000       0.000       0.000       0.000       0.000       0.000       0.000
       0.000       0.000       0.000       0.000       0.000       0.000       0.000       0.000       0.000       0.000
       0.000       0.000       0.000       0.000       0.000       0.000       0.000       0.000       0.000       0.000
       0.000       0.000       0.000       0.000       0.000       0.000       0.000       0.000       0.000       0.000
       0.000       0.000       0.000       0.000       0.000       0.000       0.000       0.000       0.000       0.000
       0.000       0.000       0.000       0.000       0.000       0.000       0.000       0.000       0.000       0.000
       0.000       0.000       0.000       0.000       0.000       0.000       0.000       0.000       0.000       0.000
       0.000       0.000       0.000       0.000       0.000       0.000       0.000       0.000       0.000       0.000
       0.000       0.000       0.000       0.000       0.000       0.000       0.000       0.000       0.000       0.000
       0.000       0.000       0.000       0.000       0.000       0.000       0.000       0.000       0.000       0.000
       0.000       0.000       0.000       0.000       0.000       0.000       0.000       0.000       0.000       0.000
       0.000       0.000       0.000       0.000       0.000       0.000       0.000       0.000       0.000       0.000
       0.000       0.000       0.000       0.000       0.000       0.000       0.000       0.000       0.000       0.000
       0.000       0.000       0.000       0.000       0.000       0.000       0.000       0.000       0.000       0.000
       0.000       0.000       0.000       0.000       0.000       0.000       0.000       0.000       0.000       0.000
       0.000       0.000       0.000       0.000       0.000       0.000       0.000       0.000       0.000       0.000
       0.000       0.000       0.000       0.000       0.000       0.000       0.000       0.000       0.000       0.000
       0.000       0.000       0.000       0.000       0.000       0.000       0.000       0.000       0.000       0.000
       0.000       0.000       0.000       0.000       0.000       0.000       0.000       0.000       0.000       0.000
       0.000       0.000       0.000       0.000       0.000       0.000       0.000       0.000       0.000       0.000
       0.000       0.000       0.000       0.000       0.000       0.000       0.000       0.000       0.000       0.000
       0.000       0.000       0.000       0.000       0.000       0.000       0.000       0.000       0.000       0.000
       0.000       0.000       0.000       0.000       0.000       0.000       0.000       0.000       0.000       0.000
       0.000       0.000       0.000       0.000       0.000       0.000       0.000       0.000       0.000       0.000
       0.000       0.000       0.000       0.000       0.000       0.000       0.000       0.000       0.000       0.000
       0.000       0.000       0.000       0.000       0.000       0.000       0.000       0.000       0.000       0.000
       0.000       0.000       0.000       0.000       0.000       0.000       0.000       0.000       0.000       0.000
       0.000       0.000       0.000       0.000       0.000       0.000       0.000       0.000       0.000       0.000
       0.000       0.000       0.000       0.000       0.000       0.000       0.000       0.000       0.000       0.000
       0.000       0.000       0.000       0.000       0.000       0.000       0.000       0.000       0.000       0.000
       0.000       0.000       0.000       0.000       0.000       0.000       0.000       0.000       0.000       0.000
       0.000       0.000       0.000       0.000       0.000       0.000       0.000       0.000       0.000       0.000
       0.000       0.000       0.000       0.000       0.000       0.000       0.000       0.000       0.000       0.000
       0.000       0.000       0.000       0.000       0.000       0.000       0.000       0.000       0.000       0.000
       0.000       0.000       0.000       0.000       0.000       0.000       0.000       0.000       0.000       0.000
       0.000       0.000       0.000       0.000       0.000       0.000       0.000       0.000       0.000       0.000
       0.000       0.000       0.000       0.000       0.000       0.000       0.000       0.000       0.000       0.000
       0.000       0.000       0.000       0.000       0.000       0.000       0.000       0.000       0.000       0.000
       0.000       0.000       0.000       0.000       0.000       0.000       0.000       0.000       0.000       0.000
       0.000       0.000       0.000       0.000       0.000       0.000       0.000       0.000       0.000       0.000
       0.000       0.000       0.000       0.000       0.000       0.000       0.000       0.000