   0.020           0.1200000E-01
   0.040           0.1200000E-01
   0.060           0.1200000E-01
   0.080           0.1300000E-01
   0.100           0.1200000E-01
   0.120           0.1200000E-01
   0.140           0.1400000E-01
   0.160           0.1200000E-01
   0.180           0.1200000E-01
   0.200           0.1900000E-01
   0.220           0.1300000E-01
   0.240           0.1200000E-01
   0.260           0.1000000E-02
   0.280           0.8000000E-02
   0.300           0.1200000E-01
   0.320           0.2300000E-01
   0.340           0.2500000E-01
   0.360           0.1300000E-01
   0.380           0.6000000E-02
   0.400          -0.4500000E-01
   0.420          -0.4500000E-01
   0.440          -0.7000000E-02
   0.460           0.1400000E-01
   0.480           0.2700000E-01
   0.500          -0.1300000E-01
   0.520          -0.2300000E-01
   0.540          -0.1800000E-01
   0.560           0.6000000E-02
   0.580           0.5100000E-01
   0.600           0.6400000E-01
   0.620           0.1500000E-01
   0.640          -0.9000000E-02
   0.660          -0.5000000E-01
   0.680          -0.2200000E-01
   0.700          -0.6300000E-01
   0.720          -0.1800000E+00
   0.740          -0.5500000E-01
   0.760          -0.4000000E-02
   0.780          -0.2140000E+00
   0.800           0.1110000E+00
   0.820          -0.1700000E-01
   0.840          -0.4600000E-01
   0.860           0.4400000E-01
   0.880          -0.4300000E-01
   0.900          -0.1690000E+00
   0.920          -0.3050000E+00
   0.940          -0.3000000E-01
   0.960           0.6300000E-01
   0.980           0.2950000E+00
   1.000           0.3880000E+00
   1.020           0.1260000E+00
   1.040          -0.2900000E-01
   1.060          -0.3140000E+00
   1.080           0.1000000E-02
   1.100           0.1630000E+00
   1.120           0.4300000E+00
   1.140           0.4290000E+00
   1.160           0.1360000E+00
   1.180          -0.2610000E+00
   1.200          -0.5340000E+00
   1.220          -0.3500000E-01
   1.240           0.2680000E+00
   1.260           0.5780000E+00
   1.280           0.6500000E-01
   1.300          -0.1970000E+00
   1.320          -0.6500000E+00
   1.340          -0.4930000E+00
   1.360          -0.2090000E+00
   1.380           0.1170000E+00
   1.400           0.7580000E+00
   1.420           0.2670000E+00
   1.440          -0.2660000E+00
   1.460          -0.7810000E+00
   1.480          -0.4250000E+00
   1.500          -0.2300000E-01
   1.520           0.8550000E+00
   1.540           0.8160000E+00
   1.560           0.4600000E-01
   1.580          -0.8500000E+00
   1.600          -0.9660000E+00
   1.620          -0.9810000E+00
   1.640          -0.5570000E+00
   1.660           0.5350000E+00
   1.680           0.9100000E-01
   1.700          -0.2250000E+00
   1.720          -0.9830000E+00
   1.740          -0.1147000E+01
   1.760          -0.7770000E+00
   1.780          -0.9600000E-01
   1.800           0.5880000E+00
   1.820           0.4590000E+00
   1.840           0.3250000E+00
   1.860           0.5700000E-01
   1.880          -0.7500000E-01
   1.900           0.2190000E+00
   1.920           0.8430000E+00
   1.940           0.1457000E+01
   1.960           0.2020000E+00
   1.980          -0.5600000E+00
   2.000          -0.1524000E+01
   2.020          -0.6440000E+00
   2.040           0.2500000E-01
   2.060           0.3310000E+00
   2.080          -0.2470000E+00
   2.100          -0.1030000E+01
   2.120          -0.1716000E+01
   2.140          -0.1683000E+01
   2.160          -0.3310000E+00
   2.180           0.1534000E+01
   2.200           0.1874000E+01
   2.220           0.4540000E+00
   2.240          -0.1527000E+01
   2.260          -0.1366000E+01
   2.280           0.8100000E-01
   2.300           0.1588000E+01
   2.320           0.2085000E+01
   2.340           0.6980000E+00
   2.360          -0.5620000E+00
   2.380          -0.2092000E+01
   2.400          -0.2137000E+01
   2.420          -0.1628000E+01
   2.440          -0.2283000E+01
   2.460          -0.4580000E+00
   2.480           0.4850000E+00
   2.500           0.5480000E+00
   2.520           0.2400000E-01
   2.540           0.1900000E-01
   2.560           0.1004000E+01
   2.580           0.1961000E+01
   2.600           0.2202000E+01
   2.620           0.5100000E-01
   2.640          -0.2678000E+01
   2.660          -0.2639000E+01
   2.680          -0.4590000E+00
   2.700           0.1774000E+01
   2.720           0.2869000E+01
   2.740           0.2874000E+01
   2.760           0.1624000E+01
   2.780           0.9500000E+00
   2.800           0.2310000E+00
   2.820           0.4400000E-01
   2.840           0.5710000E+00
   2.860           0.5770000E+00
   2.880           0.9780000E+00
   2.900           0.8260000E+00
   2.920           0.2257000E+01
   2.940           0.3335000E+01
   2.960           0.3399000E+01
   2.980           0.2511000E+01
   3.000           0.1387000E+01
   3.020           0.1130000E+01
   3.040           0.7690000E+00
   3.060           0.7000000E+00
   3.080           0.8300000E-01
   3.100          -0.1430000E+00
   3.120           0.5630000E+00
   3.140           0.3900000E+00
   3.160           0.1340000E+01
   3.180           0.2011000E+01
   3.200           0.2588000E+01
   3.220           0.9040000E+00
   3.240          -0.1630000E+00
   3.260          -0.1599000E+01
   3.280          -0.3123000E+01
   3.300          -0.4204000E+01
   3.320          -0.3477000E+01
   3.340          -0.1359000E+01
   3.360           0.1263000E+01
   3.380           0.4005000E+01
   3.400           0.3849000E+01
   3.420           0.2704000E+01
   3.440           0.1499000E+01
   3.460          -0.9850000E+00
   3.480          -0.2563000E+01
   3.500          -0.4734000E+01
   3.520          -0.4322000E+01
   3.540          -0.3374000E+01
   3.560          -0.1713000E+01
   3.580          -0.2840000E+00
   3.600           0.2594000E+01
   3.620           0.4277000E+01
   3.640           0.2660000E+01
   3.660           0.1489000E+01
   3.680           0.7610000E+00
   3.700           0.1030000E+00
   3.720          -0.2060000E+01
   3.740          -0.3528000E+01
   3.760          -0.3151000E+01
   3.780          -0.3034000E+01
   3.800          -0.5820000E+00
   3.820          -0.1201000E+01
   3.840          -0.3035000E+01
   3.860          -0.4392000E+01
   3.880          -0.2854000E+01
   3.900          -0.2104000E+01
   3.920          -0.1742000E+01
   3.940          -0.1481000E+01
   3.960          -0.1506000E+01
   3.980           0.7520000E+00
   4.000           0.1790000E+01
   4.020           0.1521000E+01
   4.040           0.3383000E+01
   4.060           0.3027000E+01
   4.080           0.1934000E+01
   4.100           0.1731000E+01
   4.120           0.1251000E+01
   4.140          -0.1070000E+01
   4.160          -0.3930000E+01
   4.180          -0.5203000E+01
   4.200          -0.3559000E+01
   4.220          -0.1178000E+01
   4.240           0.1225000E+01
   4.260           0.2660000E+01
   4.280           0.2278000E+01
   4.300           0.2457000E+01
   4.320           0.3188000E+01
   4.340           0.2882000E+01
   4.360           0.7770000E+00
   4.380          -0.1154000E+01
   4.400           0.1159000E+01
   4.420           0.3874000E+01
   4.440           0.3744000E+01
   4.460           0.1079000E+01
   4.480          -0.1165000E+01
   4.500           0.8300000E-01
   4.520          -0.1008000E+01
   4.540          -0.3674000E+01
   4.560          -0.1142000E+01
   4.580           0.9070000E+00
   4.600          -0.1181000E+01
   4.620          -0.5344000E+01
   4.640          -0.5546000E+01
   4.660          -0.1220000E+01
   4.680           0.3046000E+01
   4.700           0.3155000E+01
   4.720           0.1048000E+01
   4.740           0.4346000E+01
   4.760           0.6475000E+01
   4.780           0.4089000E+01
   4.800          -0.1757000E+01
   4.820          -0.4870000E+01
   4.840          -0.3946000E+01
   4.860          -0.3810000E+01
   4.880          -0.1278000E+01
   4.900           0.6130000E+00
   4.920           0.2620000E+00
   4.940          -0.8660000E+00
   4.960          -0.9480000E+00
   4.980           0.1762000E+01
   5.000           0.9400000E+00
   5.020           0.2232000E+01
   5.040           0.1910000E+00
   5.060          -0.5448000E+01
   5.080          -0.8193000E+01
   5.100          -0.4414000E+01
   5.120          -0.4050000E+00
   5.140           0.2120000E+00
   5.160           0.2750000E+01
   5.180           0.2979000E+01
   5.200           0.6231000E+01
   5.220           0.9901000E+01
   5.240           0.5357000E+01
   5.260          -0.1118000E+01
   5.280          -0.6170000E+01
   5.300          -0.8903000E+01
   5.320          -0.1099700E+02
   5.340          -0.6296000E+01
   5.360           0.6840000E+00
   5.380           0.5678000E+01
   5.400           0.9857000E+01
   5.420           0.1144000E+02
   5.440           0.1045400E+02
   5.460           0.7369000E+01
   5.480           0.4819000E+01
   5.500           0.2867000E+01
   5.520          -0.1062000E+01
   5.540          -0.2357000E+01
   5.560          -0.6416000E+01
   5.580          -0.8853000E+01
   5.600          -0.8215000E+01
   5.620          -0.6121000E+01
   5.640          -0.2098000E+01
   5.660           0.3840000E+01
   5.680           0.4659000E+01
   5.700           0.2770000E+00
   5.720          -0.3491000E+01
   5.740          -0.4848000E+01
   5.760          -0.4601000E+01
   5.780          -0.5159000E+01
   5.800          -0.3393000E+01
   5.820           0.4450000E+00
   5.840           0.5140000E+00
   5.860           0.9980000E+00
   5.880           0.3231000E+01
   5.900           0.9657000E+01
   5.920           0.8438000E+01
   5.940          -0.4400000E-01
   5.960          -0.6433000E+01
   5.980          -0.5106000E+01
   6.000          -0.7170000E+00
   6.020          -0.2243000E+01
   6.040          -0.4278000E+01
   6.060          -0.8860000E+00
   6.080           0.3695000E+01
   6.100           0.8918000E+01
   6.120           0.1240200E+02
   6.140           0.1357100E+02
   6.160           0.6672000E+01
   6.180          -0.5000000E-02
   6.200          -0.2094000E+01
   6.220          -0.6216000E+01
   6.240          -0.1014900E+02
   6.260          -0.9413000E+01
   6.280          -0.5039000E+01
   6.300          -0.5240000E+00
   6.320           0.5731000E+01
   6.340           0.9357000E+01
   6.360           0.9377000E+01
   6.380           0.3404000E+01
   6.400          -0.1024700E+02
   6.420          -0.1604000E+02
   6.440          -0.1257800E+02
   6.460          -0.9379000E+01
   6.480          -0.6524000E+01
   6.500          -0.2343000E+01
   6.520           0.7583000E+01
   6.540           0.1437700E+02
   6.560           0.1677400E+02
   6.580           0.1619900E+02
   6.600           0.5591000E+01
   6.620          -0.3665000E+01
   6.640          -0.1338900E+02
   6.660          -0.1726700E+02
   6.680          -0.1404600E+02
   6.700          -0.8013000E+01
   6.720          -0.1099000E+01
   6.740           0.2772000E+01
   6.760           0.5980000E+01
   6.780           0.1110700E+02
   6.800           0.1277900E+02
   6.820          -0.4850000E+00
   6.840          -0.1178800E+02
   6.860          -0.1486600E+02
   6.880          -0.6704000E+01
   6.900          -0.3292000E+01
   6.920          -0.6870000E+01
   6.940          -0.2610000E+01
   6.960           0.5393000E+01
   6.980           0.1556400E+02
   7.000           0.1521500E+02
   7.020           0.6666000E+01
   7.040           0.1084000E+01
   7.060           0.3070000E+00
   7.080          -0.7730000E+00
   7.100          -0.3535000E+01
   7.120          -0.3222000E+01
   7.140          -0.5994000E+01
   7.160          -0.2126000E+01
   7.180           0.3268000E+01
   7.200           0.1161400E+02
   7.220           0.1805500E+02
   7.240           0.2044100E+02
   7.260           0.1589700E+02
   7.280           0.2221000E+01
   7.300          -0.5751000E+01
   7.320          -0.3112000E+01
   7.340          -0.4835000E+01
   7.360          -0.8166000E+01
   7.380          -0.1032600E+02
   7.400          -0.8046000E+01
   7.420          -0.1189000E+01
   7.440           0.6958000E+01
   7.460           0.4022000E+01
   7.480          -0.2401000E+01
   7.500          -0.1232200E+02
   7.520          -0.1781200E+02
   7.540          -0.1328900E+02
   7.560           0.1980000E+00
   7.580           0.7336000E+01
   7.600           0.9315000E+01
   7.620           0.9575000E+01
   7.640           0.4378000E+01
   7.660          -0.2545000E+01
   7.680          -0.5555000E+01
   7.700          -0.5102000E+01
   7.720          -0.3909000E+01
   7.740          -0.4551000E+01
   7.760          -0.2428000E+01
   7.780          -0.4273000E+01
   7.800          -0.8423000E+01
   7.820          -0.8710000E+01
   7.840          -0.3478000E+01
   7.860          -0.4341000E+01
   7.880          -0.6368000E+01
   7.900          -0.5211000E+01
   7.920           0.1161000E+01
   7.940           0.4839000E+01
   7.960           0.3963000E+01
   7.980           0.8456000E+01
   8.000           0.8096000E+01
   8.020          -0.1366000E+01
   8.040          -0.1232600E+02
   8.060          -0.1385900E+02
   8.080          -0.3210000E+01
   8.100           0.1233000E+01
   8.120           0.2469000E+01
   8.140           0.5879000E+01
   8.160           0.1304400E+02
   8.180           0.9903000E+01
   8.200           0.7531000E+01
   8.220           0.7419000E+01
   8.240           0.1453000E+01
   8.260          -0.1018500E+02
   8.280          -0.1682700E+02
   8.300           0.1358000E+01
   8.320           0.1888600E+02
   8.340           0.2379500E+02
   8.360           0.2129000E+02
   8.380           0.2056500E+02
   8.400           0.1112000E+02
   8.420          -0.2727000E+01
   8.440          -0.1157200E+02
   8.460          -0.2007600E+02
   8.480          -0.1541900E+02
   8.500          -0.1034100E+02
   8.520          -0.2222000E+01
   8.540           0.8956000E+01
   8.560           0.1536100E+02
   8.580           0.1533100E+02
   8.600           0.1051500E+02
   8.620           0.5011000E+01
   8.640          -0.1249300E+02
   8.660          -0.2090000E+02
   8.680          -0.2271600E+02
   8.700          -0.1898300E+02
   8.720          -0.1477000E+02
   8.740          -0.3642000E+01
   8.760           0.3699000E+01
   8.780           0.6771000E+01
   8.800           0.1833400E+02
   8.820           0.2371900E+02
   8.840           0.2651900E+02
   8.860           0.1793700E+02
   8.880           0.6820000E+00
   8.900          -0.1585600E+02
   8.920          -0.2686100E+02
   8.940          -0.2658500E+02
   8.960          -0.3131000E+02
   8.980          -0.1891600E+02
   9.000           0.5621000E+01
   9.020           0.2064300E+02
   9.040           0.2087100E+02
   9.060           0.2021600E+02
   9.080           0.1806600E+02
   9.100           0.8766000E+01
   9.120           0.4790000E+00
   9.140          -0.9044000E+01
   9.160          -0.2189900E+02
   9.180          -0.1549100E+02
   9.200          -0.7940000E+01
   9.220          -0.5930000E+00
   9.240           0.1258400E+02
   9.260           0.1925600E+02
   9.280           0.2019700E+02
   9.300           0.2304300E+02
   9.320           0.1536600E+02
   9.340          -0.4212000E+01
   9.360          -0.2337500E+02
   9.380          -0.2826300E+02
   9.400          -0.1982700E+02
   9.420          -0.6869000E+01
   9.440           0.5810000E+00
   9.460           0.6017000E+01
   9.480          -0.2260000E+00
   9.500          -0.1140900E+02
   9.520          -0.1171800E+02
   9.540          -0.1110000E+00
   9.560           0.8117000E+01
   9.580           0.5972000E+01
   9.600          -0.1008000E+01
   9.620           0.1320000E+01
   9.640           0.2425500E+02
   9.660           0.3643100E+02
   9.680           0.1944700E+02
   9.700           0.1115300E+02
   9.720           0.5988000E+01
   9.740          -0.1347100E+02
   9.760          -0.2396900E+02
   9.780          -0.2157400E+02
   9.800          -0.1914900E+02
   9.820          -0.6425000E+01
   9.840           0.6750000E+00
   9.860          -0.7712000E+01
   9.880           0.4104000E+01
   9.900           0.1220000E+02
   9.920           0.5313000E+01
   9.940          -0.1841000E+01
   9.960          -0.1065200E+02
   9.980          -0.5304000E+01
  10.000          -0.2280000E+00
  10.020           0.9463000E+01
  10.040           0.1274400E+02
  10.060           0.1516600E+02
  10.080           0.2657500E+02
  10.100           0.2802800E+02
  10.120           0.2782500E+02
  10.140           0.1798800E+02
  10.160           0.3411000E+01
  10.180          -0.1203300E+02
  10.200          -0.1973600E+02
  10.220          -0.2210600E+02
  10.240          -0.2596400E+02
  10.260          -0.2708500E+02
  10.280          -0.2311000E+02
  10.300          -0.1085500E+02
  10.320           0.5032000E+01
  10.340           0.1935500E+02
  10.360           0.2041500E+02
  10.380           0.7439000E+01
  10.400           0.4311000E+01
  10.420           0.2719000E+01
  10.440           0.6222000E+01
  10.460          -0.1117300E+02
  10.480          -0.3484800E+02
  10.500          -0.3065100E+02
  10.520          -0.4145000E+01
  10.540           0.8304000E+01
  10.560          -0.2926000E+01
  10.580          -0.1162800E+02
  10.600          -0.9571000E+01
  10.620           0.3038000E+01
  10.640           0.1678900E+02
  10.660           0.1154200E+02
  10.680           0.5991000E+01
  10.700          -0.1218000E+01
  10.720          -0.1125600E+02
  10.740          -0.5827000E+01
  10.760           0.6317000E+01
  10.780           0.5719000E+01
  10.800           0.1445500E+02
  10.820           0.2320600E+02
  10.840           0.1098500E+02
  10.860           0.8339000E+01
  10.880           0.1084600E+02
  10.900           0.3210000E+00
  10.920          -0.1150300E+02
  10.940          -0.2458500E+02
  10.960          -0.3058800E+02
  10.980          -0.2681500E+02
  11.000          -0.9390000E+01
  11.020           0.1238100E+02
  11.040           0.3672300E+02
  11.060           0.4319900E+02
  11.080           0.3241800E+02
  11.100           0.2173500E+02
  11.120           0.1464900E+02
  11.140           0.2065000E+01
  11.160          -0.9871000E+01
  11.180          -0.1043000E+02
  11.200          -0.5388000E+01
  11.220          -0.4290000E+00
  11.240           0.7570000E+00
  11.260           0.4799000E+01
  11.280           0.1080100E+02
  11.300           0.7460000E+01
  11.320          -0.7977000E+01
  11.340          -0.2616600E+02
  11.360          -0.3416800E+02
  11.380          -0.2199100E+02
  11.400          -0.1409300E+02
  11.420          -0.8617000E+01
  11.440           0.7274000E+01
  11.460           0.1032100E+02
  11.480           0.1260900E+02
  11.500           0.3790000E+00
  11.520          -0.2357900E+02
  11.540          -0.2999900E+02
  11.560          -0.1203000E+02
  11.580           0.7258000E+01
  11.600           0.1653000E+02
  11.620           0.1508800E+02
  11.640           0.2673000E+01
  11.660           0.4660000E+01
  11.680          -0.2747000E+01
  11.700          -0.1478900E+02
  11.720          -0.1699300E+02
  11.740          -0.3099000E+01
  11.760          -0.4420000E+01
  11.780          -0.2774300E+02
  11.800          -0.1937200E+02
  11.820           0.5731000E+01
  11.840           0.3260400E+02
  11.860           0.4630500E+02
  11.880           0.4053900E+02
  11.900           0.2039300E+02
  11.920           0.1059500E+02
  11.940           0.2157900E+02
  11.960           0.4892000E+01
  11.980          -0.7066000E+01
  12.000          -0.1778800E+02
  12.020          -0.2244800E+02
  12.040          -0.1596800E+02
  12.060          -0.2192400E+02
  12.080          -0.1645500E+02
  12.100          -0.8722000E+01
  12.120           0.4369000E+01
  12.140           0.1741200E+02
  12.160           0.1206100E+02
  12.180           0.6553000E+01
  12.200           0.6119000E+01
  12.220          -0.3148000E+01
  12.240          -0.5577000E+01
  12.260           0.2671000E+01
  12.280          -0.1568500E+02
  12.300          -0.2006800E+02
  12.320           0.9150000E+00
  12.340           0.1217100E+02
  12.360           0.1821000E+02
  12.380           0.1789700E+02
  12.400           0.7212000E+01
  12.420          -0.6348000E+01
  12.440          -0.1456100E+02
  12.460          -0.1112300E+02
  12.480          -0.8023000E+01
  12.500          -0.2619000E+01
  12.520           0.2490000E+00
  12.540           0.8490000E+01
  12.560           0.2057000E+02
  12.580           0.1976300E+02
  12.600           0.6521000E+01
  12.620          -0.9433000E+01
  12.640          -0.2612600E+02
  12.660          -0.2893400E+02
  12.680          -0.3044400E+02
  12.700          -0.1635000E+02
  12.720           0.4656000E+01
  12.740           0.6897000E+01
  12.760          -0.3945000E+01
  12.780          -0.2772100E+02
  12.800          -0.2817600E+02
  12.820           0.3834000E+01
  12.840           0.3517500E+02
  12.860           0.4589500E+02
  12.880           0.3892700E+02
  12.900           0.3387900E+02
  12.920           0.1265900E+02
  12.940          -0.1011600E+02
  12.960          -0.6139000E+01
  12.980           0.7559000E+01
  13.000           0.1002400E+02
  13.020           0.1344000E+02
  13.040           0.6906000E+01
  13.060          -0.5509000E+01
  13.080          -0.1471600E+02
  13.100          -0.1786900E+02
  13.120          -0.1797200E+02
  13.140          -0.1594600E+02
  13.160          -0.6012000E+01
  13.180          -0.3470000E+00
  13.200           0.1037000E+01
  13.220          -0.9880000E+00
  13.240          -0.9160000E+01
  13.260          -0.2385000E+01
  13.280           0.1283900E+02
  13.300           0.4405000E+01
  13.320          -0.1806300E+02
  13.340          -0.3573100E+02
  13.360          -0.3837900E+02
  13.380          -0.1605200E+02
  13.400          -0.3714000E+01
  13.420           0.6641000E+01
  13.440           0.2002700E+02
  13.460           0.2651700E+02
  13.480           0.2825800E+02
  13.500           0.2161000E+01
  13.520           0.3674000E+01
  13.540           0.2344700E+02
  13.560           0.1516200E+02
  13.580          -0.5939000E+01
  13.600          -0.2262800E+02
  13.620          -0.1402700E+02
  13.640          -0.1296600E+02
  13.660          -0.1613900E+02
  13.680           0.3405000E+01
  13.700           0.3097300E+02
  13.720           0.3776600E+02
  13.740           0.2394500E+02
  13.760           0.1334700E+02
  13.780           0.5953000E+01
  13.800          -0.2071000E+01
  13.820          -0.1807900E+02
  13.840          -0.2404800E+02
  13.860          -0.1363700E+02
  13.880          -0.1555900E+02
  13.900          -0.2445300E+02
  13.920          -0.1786700E+02
  13.940          -0.1719500E+02
  13.960          -0.1563200E+02
  13.980          -0.1207500E+02
  14.000          -0.7186000E+01
  14.020          -0.3378000E+01
  14.040           0.2856000E+01
  14.060           0.8967000E+01
  14.080           0.1057900E+02
  14.100           0.1708500E+02
  14.120           0.1314500E+02
  14.140           0.2409000E+01
  14.160          -0.1406200E+02
  14.180          -0.3203600E+02
  14.200          -0.1956400E+02
  14.220          -0.1177700E+02
  14.240          -0.9094000E+01
  14.260          -0.6922000E+01
  14.280           0.9203000E+01
  14.300           0.2817300E+02
  14.320           0.2278700E+02
  14.340          -0.1653000E+01
  14.360          -0.6800000E+01
  14.380           0.7755000E+01
  14.400           0.2720100E+02
  14.420           0.3194300E+02
  14.440           0.2120900E+02
  14.460           0.7789000E+01
  14.480          -0.3896000E+01
  14.500          -0.2259700E+02
  14.520          -0.2710700E+02
  14.540          -0.9279000E+01
  14.560           0.2167300E+02
  14.580           0.2651400E+02
  14.600           0.4795000E+01
  14.620          -0.1148100E+02
  14.640          -0.2279500E+02
  14.660          -0.2786600E+02
  14.680          -0.5168000E+01
  14.700           0.1828300E+02
  14.720           0.4839000E+01
  14.740          -0.5507000E+01
  14.760          -0.1813400E+02
  14.780          -0.2728800E+02
  14.800          -0.1651800E+02
  14.820          -0.2166900E+02
  14.840          -0.1601600E+02
  14.860          -0.7948000E+01
  14.880          -0.6172000E+01
  14.900           0.1265000E+01
  14.920           0.2692200E+02
  14.940           0.4407400E+02
  14.960           0.3174500E+02
  14.980           0.1602700E+02
  15.000          -0.8320000E+00
  15.020           0.1413000E+01
  15.040           0.6890000E+00
  15.060          -0.5876000E+01
  15.080           0.8493000E+01
  15.100           0.8872000E+01
  15.120          -0.9905000E+01
  15.140          -0.2338400E+02
  15.160          -0.2367700E+02
  15.180          -0.1187500E+02
  15.200           0.1191100E+02
  15.220           0.6155000E+01
  15.240          -0.9550000E+01
  15.260          -0.7995000E+01
  15.280          -0.4824000E+01
  15.300          -0.2286000E+01
  15.320           0.3785000E+01
  15.340           0.7708000E+01
  15.360           0.1665100E+02
  15.380           0.3488800E+02
  15.400           0.3539300E+02
  15.420           0.2178500E+02
  15.440           0.8690000E+01
  15.460           0.4904000E+01
  15.480          -0.6727000E+01
  15.500          -0.6508000E+01
  15.520          -0.9886000E+01
  15.540          -0.1176200E+02
  15.560          -0.9348000E+01
  15.580          -0.1674100E+02
  15.600          -0.2125400E+02
  15.620          -0.1647100E+02
  15.640          -0.1157400E+02
  15.660          -0.1532200E+02
  15.680          -0.1863100E+02
  15.700          -0.9695000E+01
  15.720           0.1480000E+02
  15.740           0.3682300E+02
  15.760           0.3447100E+02
  15.780           0.1400900E+02
  15.800          -0.1528800E+02
  15.820          -0.3227900E+02
  15.840          -0.3108300E+02
  15.860          -0.1104900E+02
  15.880          -0.5726000E+01
  15.900           0.5133000E+01
  15.920          -0.1709000E+01
  15.940          -0.3947000E+01
  15.960           0.1523400E+02
  15.980           0.4440000E+00
  16.000          -0.2535500E+02
  16.020          -0.1901200E+02
  16.040          -0.7639000E+01
  16.060          -0.1785000E+01
  16.080           0.2446000E+01
  16.100          -0.1273900E+02
  16.120          -0.1434800E+02
  16.140           0.1243800E+02
  16.160           0.1574600E+02
  16.180           0.2264000E+01
  16.200          -0.6620000E+01
  16.220          -0.2403400E+02
  16.240          -0.3656700E+02
  16.260          -0.2539100E+02
  16.280          -0.1351900E+02
  16.300           0.8416000E+01
  16.320           0.1136600E+02
  16.340           0.4821000E+01
  16.360           0.1202300E+02
  16.380           0.1176600E+02
  16.400           0.1668900E+02
  16.420           0.2796200E+02
  16.440           0.2636000E+02
  16.460           0.1314000E+02
  16.480           0.1827800E+02
  16.500           0.2052000E+02
  16.520           0.5179000E+01
  16.540          -0.1136300E+02
  16.560          -0.3388100E+02
  16.580          -0.1851800E+02
  16.600           0.1591000E+02
  16.620           0.3262600E+02
  16.640           0.2877800E+02
  16.660           0.2296300E+02
  16.680           0.1100000E+01
  16.700          -0.3902500E+02
  16.720          -0.3996300E+02
  16.740          -0.2333200E+02
  16.760          -0.1857500E+02
  16.780          -0.8765000E+01
  16.800           0.3544000E+01
  16.820           0.2032200E+02
  16.840           0.3354100E+02
  16.860           0.3569800E+02
  16.880           0.3091200E+02
  16.900           0.1793900E+02
  16.920          -0.4164000E+01
  16.940          -0.3286000E+01
  16.960           0.8728000E+01
  16.980          -0.6587000E+01
  17.000          -0.1303000E+02
  17.020           0.2748000E+01
  17.040           0.4980000E+00
  17.060          -0.8484000E+01
  17.080          -0.2307900E+02
  17.100          -0.3977200E+02
  17.120          -0.2280100E+02
  17.140           0.1133900E+02
  17.160           0.3842700E+02
  17.180           0.5701200E+02
  17.200           0.3938100E+02
  17.220           0.8986000E+01
  17.240           0.1764000E+01
  17.260          -0.1179000E+01
  17.280          -0.7630000E+01
  17.300          -0.1372300E+02
  17.320          -0.3051900E+02
  17.340          -0.3802800E+02
  17.360          -0.1576700E+02
  17.380           0.4653000E+01
  17.400           0.1135900E+02
  17.420          -0.7010000E+00
  17.440          -0.9853000E+01
  17.460           0.1484000E+01
  17.480          -0.3923000E+01
  17.500          -0.1986000E+02
  17.520          -0.8740000E+01
  17.540           0.6754000E+01
  17.560           0.5582000E+01
  17.580           0.8270000E+00
  17.600           0.3500000E+00
  17.620          -0.1150600E+02
  17.640          -0.1086600E+02
  17.660          -0.1884900E+02
  17.680          -0.2541100E+02
  17.700           0.2310000E+00
  17.720           0.7983000E+01
  17.740          -0.1275500E+02
  17.760          -0.7883000E+01
  17.780           0.1533800E+02
  17.800           0.2451700E+02
  17.820           0.2058300E+02
  17.840           0.2084800E+02
  17.860           0.1966600E+02
  17.880           0.3046000E+01
  17.900          -0.2383600E+02
  17.920          -0.2661300E+02
  17.940           0.3476000E+01
  17.960           0.3699000E+01
  17.980          -0.1428300E+02
  18.000          -0.6241000E+01
  18.020          -0.5797000E+01
  18.040          -0.1541800E+02
  18.060          -0.1642400E+02
  18.080          -0.2507000E+01
  18.100           0.2697000E+01
  18.120           0.2054300E+02
  18.140           0.3508300E+02
  18.160           0.3606300E+02
  18.180           0.3522800E+02
  18.200           0.4580000E+00
  18.220          -0.2843400E+02
  18.240          -0.2240600E+02
  18.260          -0.6388000E+01
  18.280           0.9576000E+01
  18.300           0.9509000E+01
  18.320          -0.8960000E+01
  18.340          -0.2769400E+02
  18.360          -0.3394700E+02
  18.380          -0.2435100E+02
  18.400          -0.1250500E+02
  18.420          -0.1979900E+02
  18.440          -0.1227000E+01
  18.460           0.3989600E+02
  18.480           0.3886900E+02
  18.500           0.1254000E+01
  18.520          -0.1460500E+02
  18.540          -0.2845400E+02
  18.560          -0.2897100E+02
  18.580          -0.1062800E+02
  18.600          -0.2087100E+02
  18.620          -0.2681000E+02
  18.640          -0.2198900E+02
  18.660          -0.2265300E+02
  18.680           0.6836000E+01
  18.700           0.3211200E+02
  18.720           0.1706800E+02
  18.740           0.2192000E+01
  18.760           0.8178000E+01
  18.780           0.1007600E+02
  18.800          -0.6692000E+01
  18.820           0.2125000E+01
  18.840           0.2332900E+02
  18.860           0.2254300E+02
  18.880           0.5073000E+01
  18.900          -0.1510200E+02
  18.920          -0.9391000E+01
  18.940           0.1511500E+02
  18.960           0.2329700E+02
  18.980           0.2460700E+02
  19.000           0.9189000E+01
  19.020          -0.2264900E+02
  19.040          -0.3197600E+02
  19.060          -0.1098600E+02
  19.080           0.8988000E+01
  19.100           0.2723000E+01
  19.120          -0.2198600E+02
  19.140          -0.3462800E+02
  19.160          -0.1916800E+02
  19.180          -0.1227600E+02
  19.200          -0.1074300E+02
  19.220           0.1108400E+02
  19.240           0.3663600E+02
  19.260           0.4551700E+02
  19.280           0.5341300E+02
  19.300           0.4503200E+02
  19.320           0.1831200E+02
  19.340           0.1179200E+02
  19.360          -0.4915000E+01
  19.380          -0.1856200E+02
  19.400          -0.2409100E+02
  19.420          -0.3825800E+02
  19.440          -0.9946000E+01
  19.460           0.2734400E+02
  19.480           0.3149200E+02
  19.500           0.1742000E+02
  19.520          -0.2077000E+01
  19.540          -0.2127300E+02
  19.560          -0.3880100E+02
  19.580          -0.3775500E+02
  19.600          -0.2744700E+02
  19.620          -0.1258200E+02
  19.640          -0.1423400E+02
  19.660          -0.7880000E+00
  19.680           0.3022000E+02
  19.700           0.2334800E+02
  19.720           0.9381000E+01
  19.740           0.9074000E+01
  19.760           0.9058000E+01
  19.780           0.5838000E+01
  19.800           0.4032000E+01
  19.820          -0.9160000E+00
  19.840          -0.1028700E+02
  19.860          -0.1621300E+02
  19.880          -0.2801300E+02
  19.900          -0.9185000E+01
  19.920           0.2814100E+02
  19.940           0.3463400E+02
  19.960           0.2279500E+02
  19.980           0.2464100E+02
  20.000           0.2453500E+02
  20.020           0.8583000E+01
  20.040           0.8293000E+01
  20.060           0.6918000E+01
  20.080           0.7900000E-01
  20.100          -0.3881000E+01
  20.120          -0.9650000E+01
  20.140           0.5261000E+01
  20.160           0.3837000E+01
  20.180          -0.9674000E+01
  20.200          -0.1341600E+02
  20.220          -0.5681000E+01
  20.240           0.1156700E+02
  20.260           0.1406100E+02
  20.280           0.2334000E+01
  20.300          -0.7382000E+01
  20.320          -0.6436000E+01
  20.340          -0.4497000E+01
  20.360           0.1520000E+01
  20.380          -0.1400000E+00
  20.400          -0.1237200E+02
  20.420          -0.4265000E+01
  20.440           0.1138600E+02
  20.460           0.1521400E+02
  20.480           0.1301400E+02
  20.500           0.9746000E+01
  20.520          -0.9335000E+01
  20.540          -0.2468600E+02
  20.560          -0.2241200E+02
  20.580          -0.1942700E+02
  20.600          -0.4574000E+01
  20.620           0.1116000E+01
  20.640          -0.1391300E+02
  20.660          -0.9689000E+01
  20.680           0.3383000E+01
  20.700           0.6170000E+01
  20.720          -0.1378000E+01
  20.740          -0.1003500E+02
  20.760          -0.2141000E+01
  20.780           0.1120100E+02
  20.800           0.2376600E+02
  20.820           0.1861900E+02
  20.840           0.1806000E+01
  20.860          -0.1495100E+02
  20.880          -0.1262800E+02
  20.900           0.5536000E+01
  20.920           0.4733000E+01
  20.940           0.8766000E+01
  20.960           0.2021600E+02
  20.980           0.2238400E+02
  21.000           0.2444700E+02
  21.020           0.2255100E+02
  21.040           0.1930100E+02
  21.060           0.4492000E+01
  21.080          -0.1149300E+02
  21.100          -0.2593300E+02
  21.120          -0.1597100E+02
  21.140          -0.4531000E+01
  21.160          -0.1175600E+02
  21.180          -0.1291000E+01
  21.200           0.1360300E+02
  21.220           0.2088200E+02
  21.240           0.1692100E+02
  21.260           0.1092300E+02
  21.280           0.1414200E+02
  21.300           0.2158100E+02
  21.320           0.1692400E+02
  21.340           0.1537000E+01
  21.360          -0.1316100E+02
  21.380          -0.3994300E+02
  21.400          -0.4107800E+02
  21.420          -0.1736700E+02
  21.440          -0.1256000E+01
  21.460          -0.4909000E+01
  21.480          -0.7407000E+01
  21.500           0.8190000E+01
  21.520           0.1939500E+02
  21.540           0.2119300E+02
  21.560           0.1998800E+02
  21.580           0.3122900E+02
  21.600           0.3438800E+02
  21.620          -0.2028000E+01
  21.640          -0.3032400E+02
  21.660          -0.3173400E+02
  21.680          -0.2106300E+02
  21.700          -0.1690200E+02
  21.720          -0.6054000E+01
  21.740           0.1333500E+02
  21.760           0.2623500E+02
  21.780           0.2612200E+02
  21.800           0.7110000E+01
  21.820          -0.4755000E+01
  21.840          -0.1930200E+02
  21.860          -0.2977100E+02
  21.880          -0.1250000E+02
  21.900           0.1085900E+02
  21.920           0.2749500E+02
  21.940           0.1619700E+02
  21.960          -0.3921000E+01
  21.980          -0.9602000E+01
  22.000          -0.5886000E+01
  22.020           0.5035000E+01
  22.040           0.7444000E+01
  22.060           0.3210000E+01
  22.080           0.4014000E+01
  22.100           0.1131100E+02
  22.120           0.1019500E+02
  22.140           0.4714000E+01
  22.160           0.4133000E+01
  22.180          -0.6536000E+01
  22.200          -0.1327600E+02
  22.220          -0.1100600E+02
  22.240          -0.1243400E+02
  22.260           0.3225000E+01
  22.280           0.2208000E+02
  22.300           0.1352000E+02
  22.320          -0.1248000E+01
  22.340          -0.6697000E+01
  22.360          -0.1967400E+02
  22.380          -0.2808300E+02
  22.400          -0.1011300E+02
  22.420           0.5193000E+01
  22.440           0.1334400E+02
  22.460           0.2736900E+02
  22.480           0.1911900E+02
  22.500           0.9100000E+00
  22.520           0.6290000E+00
  22.540          -0.4535000E+01
  22.560          -0.7535000E+01
  22.580           0.2928000E+01
  22.600           0.4910000E+00
  22.620           0.1727000E+01
  22.640           0.3331000E+01
  22.660           0.2650000E+00
  22.680          -0.6967000E+01
  22.700          -0.1203600E+02
  22.720          -0.1199400E+02
  22.740          -0.2850000E+01
  22.760           0.3713000E+01
  22.780          -0.4686000E+01
  22.800          -0.1741000E+01
  22.820           0.1142000E+02
  22.840           0.2560300E+02
  22.860           0.2899100E+02
  22.880           0.2290100E+02
  22.900           0.1682700E+02
  22.920          -0.2877000E+01
  22.940          -0.2286800E+02
  22.960          -0.3244000E+02
  22.980          -0.2285200E+02
  23.000          -0.6460000E+01
  23.020          -0.3545000E+01
  23.040          -0.1774000E+01
  23.060           0.1814000E+01
  23.080           0.7955000E+01
  23.100           0.9681000E+01
  23.120           0.1438900E+02
  23.140           0.2361700E+02
  23.160           0.1225300E+02
  23.180          -0.7019000E+01
  23.200          -0.1255600E+02
  23.220          -0.9424000E+01
  23.240          -0.6945000E+01
  23.260          -0.7270000E+01
  23.280          -0.5079000E+01
  23.300          -0.6305000E+01
  23.320          -0.3202000E+01
  23.340          -0.3819000E+01
  23.360          -0.2892000E+01
  23.380           0.2959000E+01
  23.400           0.3128000E+01
  23.420           0.3188000E+01
  23.440           0.1201200E+02
  23.460           0.6164000E+01
  23.480          -0.1403700E+02
  23.500          -0.1460300E+02
  23.520          -0.3181000E+01
  23.540           0.1381300E+02
  23.560           0.2620500E+02
  23.580           0.1482100E+02
  23.600          -0.4000000E-02
  23.620          -0.5611000E+01
  23.640          -0.9607000E+01
  23.660          -0.1214300E+02
  23.680          -0.7355000E+01
  23.700          -0.3191000E+01
  23.720           0.2799000E+01
  23.740           0.1180700E+02
  23.760           0.7367000E+01
  23.780           0.1041000E+01
  23.800           0.5770000E+01
  23.820           0.9740000E+01
  23.840           0.4561000E+01
  23.860          -0.2863000E+01
  23.880          -0.1063400E+02
  23.900          -0.1361000E+02
  23.920          -0.8301000E+01
  23.940          -0.5150000E+01
  23.960           0.2886000E+01
  23.980           0.1537800E+02
  24.000           0.2004400E+02
  24.020           0.1538400E+02
  24.040           0.4723000E+01
  24.060          -0.1173000E+01
  24.080          -0.2310000E+01
  24.100          -0.1236000E+01
  24.120          -0.7080000E+00
  24.140          -0.7608000E+01
  24.160          -0.7475000E+01
  24.180          -0.3450000E+00
  24.200           0.3679000E+01
  24.220           0.3338000E+01
  24.240          -0.2480000E+00
  24.260          -0.6875000E+01
  24.280          -0.1640000E+02
  24.300          -0.1065200E+02
  24.320           0.3312000E+01
  24.340           0.1006600E+02
  24.360           0.7174000E+01
  24.380           0.1265000E+01
  24.400          -0.2131000E+01
  24.420          -0.2603000E+01
  24.440           0.3870000E+00
  24.460          -0.7319000E+01
  24.480          -0.1596600E+02
  24.500          -0.1005700E+02
  24.520          -0.2522000E+01
  24.540           0.2106000E+01
  24.560           0.1736000E+01
  24.580           0.6091000E+01
  24.600           0.1525600E+02
  24.620           0.1176400E+02
  24.640           0.2470000E+01
  24.660          -0.5032000E+01
  24.680          -0.4423000E+01
  24.700          -0.7815000E+01
  24.720          -0.1526700E+02
  24.740          -0.1555300E+02
  24.760          -0.1320900E+02
  24.780          -0.6050000E+01
  24.800          -0.8176000E+01
  24.820          -0.1476600E+02
  24.840          -0.8727000E+01
  24.860           0.1552000E+01
  24.880           0.3791000E+01
  24.900           0.4153000E+01
  24.920           0.9658000E+01
  24.940           0.1548100E+02
  24.960           0.2116900E+02
  24.980           0.1230900E+02
  25.000          -0.4460000E+00
  25.020          -0.7098000E+01
  25.040          -0.1338800E+02
  25.060          -0.7478000E+01
  25.080          -0.2790000E+01
  25.100          -0.8700000E+00
  25.120           0.2229000E+01
  25.140           0.5944000E+01
  25.160           0.1243800E+02
  25.180           0.7212000E+01
  25.200          -0.3391000E+01
  25.220          -0.1019600E+02
  25.240          -0.1182900E+02
  25.260          -0.9658000E+01
  25.280          -0.3109000E+01
  25.300           0.7090000E+01
  25.320           0.1587800E+02
  25.340           0.1608700E+02
  25.360           0.1535500E+02
  25.380           0.1904000E+02
  25.400           0.1533300E+02
  25.420          -0.1141000E+01
  25.440          -0.1732500E+02
  25.460          -0.1788700E+02
  25.480          -0.8085000E+01
  25.500          -0.5328000E+01
  25.520          -0.1145100E+02
  25.540          -0.1667300E+02
  25.560          -0.7250000E+01
  25.580           0.2954000E+01
  25.600           0.4840000E+01
  25.620           0.5248000E+01
  25.640           0.1042500E+02
  25.660           0.1941800E+02
  25.680           0.1623600E+02
  25.700           0.7390000E+00
  25.720          -0.1095300E+02
  25.740          -0.1380500E+02
  25.760          -0.9600000E+01
  25.780          -0.8199000E+01
  25.800          -0.1029300E+02
  25.820          -0.6123000E+01
  25.840           0.9910000E+00
  25.860          -0.8970000E+00
  25.880          -0.3594000E+01
  25.900          -0.5275000E+01
  25.920          -0.5855000E+01
  25.940          -0.1721000E+01
  25.960           0.2321000E+01
  25.980           0.5132000E+01
  26.000           0.1900000E+01
  26.020          -0.4765000E+01
  26.040           0.9700000E-01
  26.060           0.1051300E+02
  26.080           0.1038200E+02
  26.100           0.3800000E-01
  26.120          -0.8896000E+01
  26.140          -0.5898000E+01
  26.160           0.4924000E+01
  26.180           0.1426500E+02
  26.200           0.1686900E+02
  26.220           0.1250600E+02
  26.240           0.6854000E+01
  26.260          -0.1459000E+01
  26.280          -0.4855000E+01
  26.300          -0.7849000E+01
  26.320          -0.1064600E+02
  26.340          -0.8906000E+01
  26.360          -0.3444000E+01
  26.380           0.2947000E+01
  26.400           0.6319000E+01
  26.420           0.1042700E+02
  26.440           0.1208000E+02
  26.460           0.1349600E+02
  26.480           0.8076000E+01
  26.500          -0.2941000E+01
  26.520          -0.1258800E+02
  26.540          -0.1174800E+02
  26.560          -0.4542000E+01
  26.580          -0.1224000E+01
  26.600           0.9960000E+00
  26.620           0.4200000E+00
  26.640          -0.2176000E+01
  26.660          -0.2595000E+01
  26.680          -0.6675000E+01
  26.700          -0.1103600E+02
  26.720          -0.1059400E+02
  26.740          -0.8958000E+01
  26.760          -0.3557000E+01
  26.780           0.4816000E+01
  26.800           0.7501000E+01
  26.820           0.9893000E+01
  26.840           0.1107200E+02
  26.860           0.1061400E+02
  26.880           0.9094000E+01
  26.900           0.6656000E+01
  26.920           0.3525000E+01
  26.940          -0.6630000E+00
  26.960          -0.3356000E+01
  26.980          -0.4073000E+01
  27.000          -0.4943000E+01
  27.020          -0.3836000E+01
  27.040          -0.1680000E+01
  27.060          -0.7670000E+00
  27.080           0.8790000E+00
  27.100           0.1125000E+01
  27.120          -0.1130000E+00
  27.140           0.3420000E+00
  27.160           0.4195000E+01
  27.180           0.5647000E+01
  27.200           0.2768000E+01
  27.220          -0.7270000E+00
  27.240          -0.2943000E+01
  27.260          -0.4960000E+00
  27.280           0.1866000E+01
  27.300           0.3200000E+00
  27.320          -0.7180000E+00
  27.340           0.3030000E+01
  27.360           0.4451000E+01
  27.380           0.3948000E+01
  27.400           0.3910000E+00
  27.420           0.1395000E+01
  27.440           0.6293000E+01
  27.460           0.2972000E+01
  27.480          -0.4605000E+01
  27.500          -0.4731000E+01
  27.520          -0.1740000E+00
  27.540          -0.1751000E+01
  27.560          -0.5448000E+01
  27.580          -0.6382000E+01
  27.600          -0.6760000E+00
  27.620           0.1862000E+01
  27.640          -0.4058000E+01
  27.660          -0.3407000E+01
  27.680           0.1145000E+01
  27.700           0.5570000E+00
  27.720          -0.5479000E+01
  27.740          -0.1163700E+02
  27.760          -0.1265600E+02
  27.780          -0.9158000E+01
  27.800          -0.7812000E+01
  27.820          -0.9411000E+01
  27.840          -0.6505000E+01
  27.860           0.1061000E+01
  27.880           0.9873000E+01
  27.900           0.1549400E+02
  27.920           0.1270000E+02
  27.940           0.6486000E+01
  27.960           0.3943000E+01
  27.980           0.6610000E+01
  28.000           0.6617000E+01
  28.020           0.2103000E+01
  28.040           0.3045000E+01
  28.060           0.6506000E+01
  28.080           0.9635000E+01
  28.100           0.8473000E+01
  28.120           0.7135000E+01
  28.140           0.8316000E+01
  28.160           0.5333000E+01
  28.180           0.1586000E+01
  28.200           0.9330000E+00
  28.220           0.1457000E+01
  28.240          -0.1353000E+01
  28.260          -0.3399000E+01
  28.280          -0.6404000E+01
  28.300          -0.1142700E+02
  28.320          -0.1108500E+02
  28.340          -0.9940000E+01
  28.360          -0.4060000E+01
  28.380           0.4770000E+01
  28.400           0.9399000E+01
  28.420           0.9046000E+01
  28.440           0.3386000E+01
  28.460          -0.1690000E+01
  28.480          -0.1660000E+01
  28.500          -0.2109000E+01
  28.520          -0.6516000E+01
  28.540          -0.7839000E+01
  28.560          -0.4547000E+01
  28.580          -0.1201000E+01
  28.600          -0.2430000E+01
  28.620          -0.8863000E+01
  28.640          -0.1084900E+02
  28.660          -0.7166000E+01
  28.680          -0.5433000E+01
  28.700          -0.5103000E+01
  28.720          -0.1498000E+01
  28.740           0.2804000E+01
  28.760           0.5381000E+01
  28.780           0.6066000E+01
  28.800           0.2296000E+01
  28.820          -0.3258000E+01
  28.840          -0.5446000E+01
  28.860          -0.4650000E+01
  28.880          -0.7400000E-01
  28.900           0.4445000E+01
  28.920           0.5532000E+01
  28.940           0.5070000E+01
  28.960           0.2936000E+01
  28.980           0.5530000E+00
  29.000           0.3418000E+01
  29.020           0.8047000E+01
  29.040           0.8929000E+01
  29.060           0.8710000E+01
  29.080           0.7316000E+01
  29.100           0.3830000E+01
  29.120           0.2441000E+01
  29.140           0.1160000E+00
  29.160          -0.3224000E+01
  29.180          -0.3058000E+01
  29.200           0.1850000E+01
  29.220           0.5157000E+01
  29.240           0.5861000E+01
  29.260           0.5697000E+01
  29.280           0.5415000E+01
  29.300           0.6407000E+01
  29.320           0.3300000E+01
  29.340          -0.2035000E+01
  29.360          -0.3046000E+01
  29.380          -0.2405000E+01
  29.400          -0.1966000E+01
  29.420          -0.1984000E+01
  29.440          -0.1553000E+01
  29.460           0.3000000E+00
  29.480           0.1946000E+01
  29.500          -0.3460000E+01
  29.520          -0.7807000E+01
  29.540          -0.5612000E+01
  29.560          -0.2781000E+01
  29.580          -0.1330000E+00
  29.600           0.2940000E+00
  29.620          -0.6100000E-01
  29.640           0.1411000E+01
  29.660           0.2285000E+01
  29.680          -0.1245000E+01
  29.700          -0.4601000E+01
  29.720          -0.4923000E+01
  29.740          -0.7591000E+01
  29.760          -0.7564000E+01
  29.780          -0.4270000E+01
  29.800          -0.3450000E+01
  29.820          -0.2311000E+01
  29.840          -0.3298000E+01
  29.860          -0.6098000E+01
  29.880          -0.5536000E+01
  29.900          -0.3994000E+01
  29.920          -0.1525000E+01
  29.940           0.2217000E+01
  29.960           0.4677000E+01
  29.980           0.4362000E+01
  30.000           0.4632000E+01
  30.020           0.5027000E+01
  30.040           0.3990000E+01
  30.060           0.2704000E+01
  30.080          -0.6370000E+00
  30.100          -0.4201000E+01
  30.120          -0.3674000E+01
  30.140          -0.3169000E+01
  30.160          -0.3228000E+01
  30.180          -0.1831000E+01
  30.200           0.1547000E+01
  30.220           0.3743000E+01
  30.240           0.3327000E+01
  30.260           0.1762000E+01
  30.280          -0.1696000E+01
  30.300          -0.3808000E+01
  30.320          -0.4444000E+01
  30.340          -0.3146000E+01
  30.360          -0.1247000E+01
  30.380          -0.9200000E+00
  30.400           0.7530000E+00
  30.420           0.2265000E+01
  30.440           0.2419000E+01
  30.460           0.1163000E+01
  30.480          -0.3086000E+01
  30.500          -0.5123000E+01
  30.520          -0.5098000E+01
  30.540          -0.7687000E+01
  30.560          -0.8174000E+01
  30.580          -0.3456000E+01
  30.600          -0.1134000E+01
  30.620          -0.1498000E+01
  30.640           0.1264000E+01
  30.660           0.1155000E+01
  30.680           0.3200000E-01
  30.700           0.2223000E+01
  30.720           0.2574000E+01
  30.740           0.3180000E+01
  30.760           0.1610000E+01
  30.780          -0.2522000E+01
  30.800          -0.2931000E+01
  30.820           0.3710000E+00
  30.840          -0.5130000E+00
  30.860           0.3420000E+00
  30.880           0.4777000E+01
  30.900           0.4007000E+01
  30.920           0.1634000E+01
  30.940           0.1183000E+01
  30.960           0.3671000E+01
  30.980           0.8000000E+01
  31.000           0.9136000E+01
  31.020           0.6555000E+01
  31.040           0.3026000E+01
  31.060           0.1470000E+01
  31.080           0.5000000E-02
  31.100          -0.1300000E+00
  31.120           0.4380000E+00
  31.140          -0.1748000E+01
  31.160          -0.5025000E+01
  31.180          -0.5142000E+01
  31.200          -0.4847000E+01
  31.220          -0.3506000E+01
  31.240           0.7100000E-01
  31.260           0.1509000E+01
  31.280           0.9950000E+00
  31.300           0.1859000E+01
  31.320           0.1919000E+01
  31.340           0.3050000E+00
  31.360          -0.4210000E+01
  31.380          -0.7399000E+01
  31.400          -0.7509000E+01
  31.420          -0.6099000E+01
  31.440          -0.3813000E+01
  31.460          -0.1461000E+01
  31.480           0.1468000E+01
  31.500           0.4670000E+01
  31.520           0.6252000E+01
  31.540           0.5085000E+01
  31.560           0.2006000E+01
  31.580          -0.1605000E+01
  31.600          -0.5098000E+01
  31.620          -0.4711000E+01
  31.640          -0.4597000E+01
  31.660          -0.4069000E+01
  31.680          -0.2140000E+01
  31.700          -0.1700000E+00
  31.720           0.2830000E+00
  31.740           0.1794000E+01
  31.760           0.3887000E+01
  31.780           0.3558000E+01
  31.800           0.2510000E+01
  31.820           0.1190000E+00
  31.840          -0.1040000E+01
  31.860           0.1001000E+01
  31.880           0.2119000E+01
  31.900           0.6070000E+00
  31.920          -0.6480000E+00
  31.940          -0.6430000E+00
  31.960           0.5200000E+00
  31.980           0.7740000E+00
  32.000          -0.9740000E+00
  32.020          -0.9840000E+00
  32.040           0.5380000E+00
  32.060           0.1395000E+01
  32.080           0.1749000E+01
  32.100           0.1859000E+01
  32.120           0.8010000E+00
  32.140          -0.9760000E+00
  32.160          -0.2826000E+01
  32.180          -0.3884000E+01
  32.200          -0.1631000E+01
  32.220           0.1825000E+01
  32.240           0.1053000E+01
  32.260          -0.1906000E+01
  32.280          -0.3036000E+01
  32.300          -0.2939000E+01
  32.320          -0.2469000E+01
  32.340          -0.3304000E+01
  32.360          -0.4208000E+01
  32.380          -0.4306000E+01
  32.400          -0.3631000E+01
  32.420          -0.2734000E+01
  32.440           0.4200000E-01
  32.460           0.3961000E+01
  32.480           0.5439000E+01
  32.500           0.3947000E+01
  32.520           0.1696000E+01
  32.540          -0.8170000E+00
  32.560          -0.3711000E+01
  32.580          -0.5970000E+01
  32.600          -0.7010000E+01
  32.620          -0.6316000E+01
  32.640          -0.4460000E+01
  32.660          -0.4189000E+01
  32.680          -0.2897000E+01
  32.700          -0.1173000E+01
  32.720           0.8560000E+00
  32.740           0.2926000E+01
  32.760           0.4281000E+01
  32.780           0.4265000E+01
  32.800           0.2159000E+01
  32.820          -0.7620000E+00
  32.840           0.4000000E-01
  32.860           0.3642000E+01
  32.880           0.5269000E+01
  32.900           0.3514000E+01
  32.920           0.1058000E+01
  32.940          -0.9630000E+00
  32.960           0.2290000E+00
  32.980           0.1360000E+01
  33.000           0.9050000E+00
  33.020          -0.5200000E-01
  33.040           0.2910000E+00
  33.060           0.1021000E+01
  33.080           0.1433000E+01
  33.100           0.2020000E+01
  33.120           0.2966000E+01
  33.140           0.1647000E+01
  33.160          -0.3510000E+00
  33.180          -0.1158000E+01
  33.200           0.2420000E+00
  33.220           0.1191000E+01
  33.240           0.1299000E+01
  33.260           0.1347000E+01
  33.280           0.1553000E+01
  33.300           0.1388000E+01
  33.320          -0.3610000E+00
  33.340          -0.2056000E+01
  33.360          -0.1735000E+01
  33.380          -0.1183000E+01
  33.400          -0.4800000E+00
  33.420           0.4100000E-01
  33.440           0.4000000E+00
  33.460           0.2700000E+00
  33.480          -0.8720000E+00
  33.500          -0.1172000E+01
  33.520           0.7070000E+00
  33.540           0.2380000E+01
  33.560           0.2302000E+01
  33.580           0.1001000E+01
  33.600          -0.4000000E+00
  33.620          -0.4370000E+00
  33.640           0.1500000E-01
  33.660          -0.8400000E-01
  33.680          -0.5390000E+00
  33.700          -0.4090000E+00
  33.720           0.2000000E-01
  33.740           0.1540000E+00
  33.760           0.8420000E+00
  33.780           0.1440000E+01
  33.800           0.1534000E+01
  33.820           0.1260000E+01
  33.840           0.3500000E+00
  33.860          -0.1089000E+01
  33.880          -0.1701000E+01
  33.900          -0.1021000E+01
  33.920          -0.1127000E+01
  33.940          -0.8430000E+00
  33.960          -0.5000000E-02
  33.980           0.6250000E+00
  34.000           0.4910000E+00
  34.020          -0.3240000E+00
  34.040          -0.4120000E+00
  34.060          -0.1670000E+00
  34.080          -0.2590000E+00
  34.100          -0.9010000E+00
  34.120          -0.1819000E+01
  34.140          -0.2271000E+01
  34.160          -0.2158000E+01
  34.180          -0.1150000E+01
  34.200          -0.4720000E+00
  34.220          -0.3210000E+00
  34.240          -0.5720000E+00
  34.260          -0.8100000E+00
  34.280          -0.9280000E+00
  34.300          -0.6830000E+00
  34.320           0.3600000E-01
  34.340           0.6580000E+00
  34.360           0.7650000E+00
  34.380           0.5060000E+00
  34.400           0.6100000E-01
  34.420          -0.1670000E+00
  34.440          -0.8800000E-01
  34.460           0.2580000E+00
  34.480           0.3720000E+00
  34.500           0.3470000E+00
  34.520           0.5800000E-01
  34.540          -0.2400000E+00
  34.560          -0.1210000E+00
  34.580           0.2500000E+00
  34.600           0.5830000E+00
  34.620           0.8230000E+00
  34.640           0.6880000E+00
  34.660           0.3230000E+00
  34.680           0.2600000E-01
  34.700           0.1000000E-02
  34.720           0.1200000E-01
  34.740           0.3600000E-01
  34.760           0.7500000E-01
  34.780           0.5000000E-01
  34.800          -0.1600000E-01
  34.820          -0.7100000E-01
  34.840          -0.5700000E-01
  34.860           0.2900000E-01
  34.880           0.1040000E+00
  34.900           0.9200000E-01
  34.920           0.1700000E-01
  34.940          -0.1600000E-01
  34.960          -0.2400000E-01
  34.980          -0.9000000E-02
  35.000           0.1000000E-02
  35.020           0.0000000E+00
  35.040           0.0000000E+00
  35.060           0.0000000E+00
  35.080           0.0000000E+00
  35.100           0.0000000E+00
  35.120           0.0000000E+00
  35.140           0.0000000E+00
  35.160           0.0000000E+00
  35.180           0.0000000E+00
  35.200           0.0000000E+00
  35.220           0.0000000E+00
  35.240           0.0000000E+00
  35.260           0.0000000E+00
  35.280           0.0000000E+00
  35.300           0.0000000E+00
  35.320           0.0000000E+00
  35.340           0.0000000E+00
  35.360           0.0000000E+00
  35.380           0.0000000E+00
  35.400           0.0000000E+00
  35.420           0.0000000E+00
  35.440           0.0000000E+00
  35.460           0.0000000E+00
  35.480           0.0000000E+00
  35.500           0.0000000E+00
  35.520           0.0000000E+00
  35.540           0.0000000E+00
  35.560           0.0000000E+00
  35.580           0.0000000E+00
  35.600           0.0000000E+00
  35.620           0.0000000E+00
  35.640           0.0000000E+00
  35.660           0.0000000E+00
  35.680           0.0000000E+00
  35.700           0.0000000E+00
  35.720           0.0000000E+00
  35.740           0.0000000E+00
  35.760           0.0000000E+00
  35.780           0.0000000E+00
  35.800           0.0000000E+00
  35.820           0.0000000E+00
  35.840           0.0000000E+00
  35.860           0.0000000E+00
  35.880           0.0000000E+00
  35.900           0.0000000E+00
  35.920           0.0000000E+00
  35.940           0.0000000E+00
  35.960           0.0000000E+00
  35.980           0.0000000E+00
  36.000           0.0000000E+00
  36.020           0.0000000E+00
  36.040           0.0000000E+00
  36.060           0.0000000E+00
  36.080           0.0000000E+00
  36.100           0.0000000E+00
  36.120           0.0000000E+00
  36.140           0.0000000E+00
  36.160           0.0000000E+00
  36.180           0.0000000E+00
  36.200           0.0000000E+00
  36.220           0.0000000E+00
  36.240           0.0000000E+00
  36.260           0.0000000E+00
  36.280           0.0000000E+00
  36.300           0.0000000E+00
  36.320           0.0000000E+00
  36.340           0.0000000E+00
  36.360           0.0000000E+00
  36.380           0.0000000E+00
  36.400           0.0000000E+00
  36.420           0.0000000E+00
  36.440           0.0000000E+00
  36.460           0.0000000E+00
  36.480           0.0000000E+00
  36.500           0.0000000E+00
  36.520           0.0000000E+00
  36.540           0.0000000E+00
  36.560           0.0000000E+00
  36.580           0.0000000E+00
  36.600           0.0000000E+00
  36.620           0.0000000E+00
  36.640           0.0000000E+00
  36.660           0.0000000E+00
  36.680           0.0000000E+00
  36.700           0.0000000E+00
  36.720           0.0000000E+00
  36.740           0.0000000E+00
  36.760           0.0000000E+00
  36.780           0.0000000E+00
  36.800           0.0000000E+00
  36.820           0.0000000E+00
  36.840           0.0000000E+00
  36.860           0.0000000E+00
  36.880           0.0000000E+00
  36.900           0.0000000E+00
  36.920           0.0000000E+00
  36.940           0.0000000E+00
  36.960           0.0000000E+00
  36.980           0.0000000E+00
  37.000           0.0000000E+00
  37.020           0.0000000E+00
  37.040           0.0000000E+00
  37.060           0.0000000E+00
  37.080           0.0000000E+00
  37.100           0.0000000E+00
  37.120           0.0000000E+00
  37.140           0.0000000E+00
  37.160           0.0000000E+00
  37.180           0.0000000E+00
  37.200           0.0000000E+00
  37.220           0.0000000E+00
  37.240           0.0000000E+00
  37.260           0.0000000E+00
  37.280           0.0000000E+00
  37.300           0.0000000E+00
  37.320           0.0000000E+00
  37.340           0.0000000E+00
  37.360           0.0000000E+00
  37.380           0.0000000E+00
  37.400           0.0000000E+00
  37.420           0.0000000E+00
  37.440           0.0000000E+00
  37.460           0.0000000E+00
  37.480           0.0000000E+00
  37.500           0.0000000E+00
  37.520           0.0000000E+00
  37.540           0.0000000E+00
  37.560           0.0000000E+00
  37.580           0.0000000E+00
  37.600           0.0000000E+00
  37.620           0.0000000E+00
  37.640           0.0000000E+00
  37.660           0.0000000E+00
  37.680           0.0000000E+00
  37.700           0.0000000E+00
  37.720           0.0000000E+00
  37.740           0.0000000E+00
  37.760           0.0000000E+00
  37.780           0.0000000E+00
  37.800           0.0000000E+00
  37.820           0.0000000E+00
  37.840           0.0000000E+00
  37.860           0.0000000E+00
  37.880           0.0000000E+00
  37.900           0.0000000E+00
  37.920           0.0000000E+00
  37.940           0.0000000E+00
  37.960           0.0000000E+00
  37.980           0.0000000E+00
  38.000           0.0000000E+00
  38.020           0.0000000E+00
  38.040           0.0000000E+00
  38.060           0.0000000E+00
  38.080           0.0000000E+00
  38.100           0.0000000E+00
  38.120           0.0000000E+00
  38.140           0.0000000E+00
  38.160           0.0000000E+00
  38.180           0.0000000E+00
  38.200           0.0000000E+00
  38.220           0.0000000E+00
  38.240           0.0000000E+00
  38.260           0.0000000E+00
  38.280           0.0000000E+00
  38.300           0.0000000E+00
  38.320           0.0000000E+00
  38.340           0.0000000E+00
  38.360           0.0000000E+00
  38.380           0.0000000E+00
  38.400           0.0000000E+00
  38.420           0.0000000E+00
  38.440           0.0000000E+00
  38.460           0.0000000E+00
  38.480           0.0000000E+00
  38.500           0.0000000E+00
  38.520           0.0000000E+00
  38.540           0.0000000E+00
  38.560           0.0000000E+00
  38.580           0.0000000E+00
  38.600           0.0000000E+00
  38.620           0.0000000E+00
  38.640           0.0000000E+00
  38.660           0.0000000E+00
  38.680           0.0000000E+00
  38.700           0.0000000E+00
  38.720           0.0000000E+00
  38.740           0.0000000E+00
  38.760           0.0000000E+00
  38.780           0.0000000E+00
  38.800           0.0000000E+00
  38.820           0.0000000E+00
  38.840           0.0000000E+00
  38.860           0.0000000E+00
  38.880           0.0000000E+00
  38.900           0.0000000E+00
  38.920           0.0000000E+00
  38.940           0.0000000E+00
  38.960           0.0000000E+00
  38.980           0.0000000E+00
  39.000           0.0000000E+00
  39.020           0.0000000E+00
  39.040           0.0000000E+00
  39.060           0.0000000E+00
  39.080           0.0000000E+00
  39.100           0.0000000E+00
  39.120           0.0000000E+00
  39.140           0.0000000E+00
  39.160           0.0000000E+00
  39.180           0.0000000E+00
  39.200           0.0000000E+00
  39.220           0.0000000E+00
  39.240           0.0000000E+00
  39.260           0.0000000E+00
  39.280           0.0000000E+00
  39.300           0.0000000E+00
  39.320           0.0000000E+00
  39.340           0.0000000E+00
  39.360           0.0000000E+00
  39.380           0.0000000E+00
  39.400           0.0000000E+00
  39.420           0.0000000E+00
  39.440           0.0000000E+00
  39.460           0.0000000E+00
  39.480           0.0000000E+00
  39.500           0.0000000E+00
  39.520           0.0000000E+00
  39.540           0.0000000E+00
  39.560           0.0000000E+00
  39.580           0.0000000E+00
  39.600           0.0000000E+00
  39.620           0.0000000E+00
  39.640           0.0000000E+00
  39.660           0.0000000E+00
  39.680           0.0000000E+00
  39.700           0.0000000E+00
  39.720           0.0000000E+00
  39.740           0.0000000E+00
  39.760           0.0000000E+00
  39.780           0.0000000E+00
  39.800           0.0000000E+00
  39.820           0.0000000E+00
  39.840           0.0000000E+00
  39.860           0.0000000E+00
  39.880           0.0000000E+00
  39.900           0.0000000E+00
  39.920           0.0000000E+00
  39.940           0.0000000E+00
  39.960           0.0000000E+00
  39.980           0.0000000E+00
  40.000           0.0000000E+00
  40.020           0.0000000E+00
  40.040           0.0000000E+00
  40.060           0.0000000E+00
  40.080           0.0000000E+00
  40.100           0.0000000E+00
  40.120           0.0000000E+00
  40.140           0.0000000E+00
  40.160           0.0000000E+00
  40.180           0.0000000E+00
  40.200           0.0000000E+00
  40.220           0.0000000E+00
  40.240           0.0000000E+00
  40.260           0.0000000E+00
  40.280           0.0000000E+00
  40.300           0.0000000E+00
  40.320           0.0000000E+00
  40.340           0.0000000E+00
  40.360           0.0000000E+00
  40.380           0.0000000E+00
  40.400           0.0000000E+00
  40.420           0.0000000E+00
  40.440           0.0000000E+00
  40.460           0.0000000E+00
  40.480           0.0000000E+00
  40.500           0.0000000E+00
  40.520           0.0000000E+00
  40.540           0.0000000E+00
  40.560           0.0000000E+00
  40.580           0.0000000E+00
  40.600           0.0000000E+00
  40.620           0.0000000E+00
  40.640           0.0000000E+00
  40.660           0.0000000E+00
  40.680           0.0000000E+00
  40.700           0.0000000E+00
  40.720           0.0000000E+00
  40.740           0.0000000E+00
  40.760           0.0000000E+00
  40.780           0.0000000E+00
  40.800           0.0000000E+00
  40.820           0.0000000E+00
  40.840           0.0000000E+00
  40.860           0.0000000E+00
  40.880           0.0000000E+00
  40.900           0.0000000E+00
  40.920           0.0000000E+00
  40.940           0.0000000E+00
  40.960           0.0000000E+00
