   0.020           0.2000000E-02
   0.040           0.2000000E-02
   0.060           0.2000000E-02
   0.080           0.1000000E-02
   0.100           0.2000000E-02
   0.120           0.2000000E-02
   0.140          -0.1000000E-02
   0.160           0.2000000E-02
   0.180           0.2000000E-02
   0.200          -0.2000000E-02
   0.220           0.2000000E-02
   0.240           0.2000000E-02
   0.260          -0.8000000E-02
   0.280          -0.1100000E-01
   0.300          -0.1000000E-02
   0.320           0.3000000E-02
   0.340           0.2000000E-02
   0.360           0.2000000E-01
   0.380           0.2400000E-01
   0.400           0.5000000E-02
   0.420           0.6000000E-02
   0.440           0.7000000E-02
   0.460           0.1000000E-01
   0.480           0.8000000E-02
   0.500           0.1800000E-01
   0.520           0.3900000E-01
   0.540           0.4000000E-01
   0.560           0.2100000E-01
   0.580           0.5000000E-02
   0.600           0.9000000E-02
   0.620           0.3000000E-01
   0.640           0.1000000E-01
   0.660           0.1500000E-01
   0.680           0.2800000E-01
   0.700           0.9000000E-02
   0.720           0.1500000E-01
   0.740           0.8400000E-01
   0.760           0.1090000E+00
   0.780           0.9300000E-01
   0.800           0.5500000E-01
   0.820           0.5000000E-01
   0.840           0.3300000E-01
   0.860           0.1020000E+00
   0.880           0.3400000E-01
   0.900          -0.1000000E-02
   0.920          -0.8500000E-01
   0.940          -0.6100000E-01
   0.960          -0.4900000E-01
   0.980          -0.1780000E+00
   1.000          -0.2000000E-02
   1.020          -0.1500000E-01
   1.040          -0.1510000E+00
   1.060          -0.1500000E+00
   1.080          -0.5000000E-01
   1.100          -0.7400000E-01
   1.120           0.1860000E+00
   1.140           0.2470000E+00
   1.160           0.1770000E+00
   1.180           0.1000000E-01
   1.200           0.1400000E+00
   1.220          -0.2510000E+00
   1.240          -0.9700000E-01
   1.260          -0.2610000E+00
   1.280          -0.9800000E-01
   1.300          -0.2810000E+00
   1.320           0.7000000E-02
   1.340          -0.5500000E-01
   1.360          -0.1430000E+00
   1.380          -0.3590000E+00
   1.400          -0.2700000E+00
   1.420          -0.1510000E+00
   1.440           0.3960000E+00
   1.460           0.1100000E+00
   1.480          -0.8000000E-01
   1.500          -0.4250000E+00
   1.520          -0.1490000E+00
   1.540           0.2000000E-01
   1.560           0.3700000E+00
   1.580           0.4770000E+00
   1.600           0.9400000E-01
   1.620          -0.1690000E+00
   1.640          -0.5100000E+00
   1.660          -0.1110000E+00
   1.680           0.2470000E+00
   1.700           0.5530000E+00
   1.720           0.3290000E+00
   1.740          -0.6100000E-01
   1.760          -0.4000000E-01
   1.780           0.1660000E+00
   1.800           0.6210000E+00
   1.820           0.5230000E+00
   1.840           0.9300000E-01
   1.860          -0.3480000E+00
   1.880          -0.6730000E+00
   1.900          -0.4150000E+00
   1.920           0.2950000E+00
   1.940           0.7220000E+00
   1.960           0.3420000E+00
   1.980           0.6000000E-01
   2.000          -0.7340000E+00
   2.020          -0.7790000E+00
   2.040          -0.6760000E+00
   2.060          -0.3060000E+00
   2.080          -0.4220000E+00
   2.100          -0.6090000E+00
   2.120          -0.7950000E+00
   2.140          -0.8750000E+00
   2.160          -0.8470000E+00
   2.180          -0.1800000E+00
   2.200           0.3570000E+00
   2.220           0.5450000E+00
   2.240           0.1770000E+00
   2.260          -0.5470000E+00
   2.280          -0.6240000E+00
   2.300          -0.2480000E+00
   2.320          -0.3730000E+00
   2.340          -0.6800000E+00
   2.360          -0.6330000E+00
   2.380          -0.7900000E-01
   2.400           0.6250000E+00
   2.420           0.5920000E+00
   2.440          -0.2690000E+00
   2.460          -0.9860000E+00
   2.480          -0.1179000E+01
   2.500          -0.6910000E+00
   2.520          -0.5470000E+00
   2.540          -0.5750000E+00
   2.560          -0.9700000E+00
   2.580          -0.1277000E+01
   2.600          -0.1048000E+01
   2.620          -0.6280000E+00
   2.640           0.1740000E+00
   2.660           0.1120000E+00
   2.680          -0.2690000E+00
   2.700          -0.2920000E+00
   2.720           0.2480000E+00
   2.740           0.1126000E+01
   2.760           0.1468000E+01
   2.780           0.1182000E+01
   2.800           0.2930000E+00
   2.820          -0.8320000E+00
   2.840          -0.7690000E+00
   2.860           0.8000000E-02
   2.880           0.6040000E+00
   2.900           0.1119000E+01
   2.920           0.1077000E+01
   2.940           0.6250000E+00
   2.960           0.9250000E+00
   2.980           0.1425000E+01
   3.000           0.1570000E+00
   3.020          -0.8390000E+00
   3.040          -0.9620000E+00
   3.060           0.2710000E+00
   3.080           0.9980000E+00
   3.100           0.1358000E+01
   3.120           0.1878000E+01
   3.140           0.1180000E+01
   3.160           0.9910000E+00
   3.180           0.4200000E+00
   3.200          -0.6770000E+00
   3.220          -0.1790000E+01
   3.240          -0.2022000E+01
   3.260          -0.1810000E+01
   3.280          -0.7690000E+00
   3.300          -0.6800000E-01
   3.320           0.4620000E+00
   3.340           0.7210000E+00
   3.360           0.1942000E+01
   3.380           0.2206000E+01
   3.400           0.4520000E+00
   3.420          -0.1116000E+01
   3.440          -0.1391000E+01
   3.460          -0.5620000E+00
   3.480          -0.2860000E+00
   3.500           0.4820000E+00
   3.520           0.1276000E+01
   3.540           0.7660000E+00
   3.560           0.2420000E+00
   3.580           0.3410000E+00
   3.600          -0.1700000E-01
   3.620          -0.3440000E+00
   3.640          -0.1336000E+01
   3.660          -0.2584000E+01
   3.680          -0.1866000E+01
   3.700          -0.7990000E+00
   3.720          -0.6700000E+00
   3.740          -0.8480000E+00
   3.760          -0.2490000E+00
   3.780           0.7200000E-01
   3.800           0.1442000E+01
   3.820           0.1978000E+01
   3.840           0.1650000E+01
   3.860           0.1612000E+01
   3.880           0.9440000E+00
   3.900          -0.2790000E+00
   3.920          -0.9840000E+00
   3.940          -0.6600000E-01
   3.960           0.5140000E+00
   3.980           0.1217000E+01
   4.000           0.7020000E+00
   4.020           0.8000000E-02
   4.040           0.6610000E+00
   4.060           0.1438000E+01
   4.080           0.4660000E+00
   4.100          -0.4920000E+00
   4.120          -0.1048000E+01
   4.140          -0.2076000E+01
   4.160          -0.2487000E+01
   4.180          -0.1536000E+01
   4.200          -0.9740000E+00
   4.220          -0.2382000E+01
   4.240          -0.2093000E+01
   4.260           0.7180000E+00
   4.280           0.2852000E+01
   4.300           0.3578000E+01
   4.320           0.1790000E+01
   4.340           0.2950000E+00
   4.360          -0.2038000E+01
   4.380          -0.2458000E+01
   4.400          -0.1678000E+01
   4.420          -0.8160000E+00
   4.440          -0.2554000E+01
   4.460          -0.3846000E+01
   4.480          -0.2930000E+01
   4.500           0.4560000E+00
   4.520           0.2312000E+01
   4.540           0.2186000E+01
   4.560           0.9800000E-01
   4.580          -0.2870000E+00
   4.600          -0.7920000E+00
   4.620          -0.8620000E+00
   4.640          -0.2420000E+00
   4.660           0.6950000E+00
   4.680           0.1805000E+01
   4.700           0.1012000E+01
   4.720           0.1130000E+00
   4.740           0.4710000E+00
   4.760           0.2370000E+01
   4.780           0.3707000E+01
   4.800           0.1731000E+01
   4.820           0.7350000E+00
   4.840          -0.1102000E+01
   4.860          -0.1025000E+01
   4.880          -0.1191000E+01
   4.900          -0.2220000E+01
   4.920          -0.1857000E+01
   4.940           0.2740000E+00
   4.960           0.2406000E+01
   4.980           0.1349000E+01
   5.000          -0.1126000E+01
   5.020          -0.1431000E+01
   5.040           0.4690000E+00
   5.060          -0.8840000E+00
   5.080          -0.1774000E+01
   5.100          -0.1800000E-01
   5.120           0.6940000E+00
   5.140           0.1180000E+00
   5.160           0.1125000E+01
   5.180           0.1933000E+01
   5.200           0.2627000E+01
   5.220           0.8440000E+00
   5.240          -0.9670000E+00
   5.260          -0.5450000E+00
   5.280           0.1230000E+01
   5.300           0.1200000E+00
   5.320          -0.1916000E+01
   5.340          -0.9380000E+00
   5.360          -0.9210000E+00
   5.380           0.5440000E+00
   5.400           0.3493000E+01
   5.420           0.3619000E+01
   5.440           0.3132000E+01
   5.460           0.1584000E+01
   5.480           0.4360000E+00
   5.500          -0.1662000E+01
   5.520           0.1064000E+01
   5.540           0.1607000E+01
   5.560          -0.1728000E+01
   5.580          -0.4310000E+01
   5.600          -0.1450000E+01
   5.620           0.5970000E+00
   5.640          -0.1955000E+01
   5.660          -0.3766000E+01
   5.680          -0.5570000E+00
   5.700           0.3401000E+01
   5.720           0.6345000E+01
   5.740           0.4030000E+01
   5.760           0.1075000E+01
   5.780          -0.1716000E+01
   5.800          -0.2913000E+01
   5.820          -0.2383000E+01
   5.840          -0.6670000E+00
   5.860           0.1752000E+01
   5.880           0.2250000E+01
   5.900           0.1907000E+01
   5.920           0.2259000E+01
   5.940           0.1416000E+01
   5.960           0.8730000E+00
   5.980          -0.6760000E+00
   6.000          -0.5187000E+01
   6.020          -0.6157000E+01
   6.040          -0.1785000E+01
   6.060          -0.1220000E+00
   6.080          -0.7000000E+00
   6.100           0.2458000E+01
   6.120          -0.5630000E+00
   6.140          -0.2510000E+00
   6.160          -0.1360000E+00
   6.180           0.8840000E+00
   6.200           0.2593000E+01
   6.220           0.7020000E+00
   6.240           0.1900000E+00
   6.260          -0.2574000E+01
   6.280          -0.1980000E+01
   6.300           0.4696000E+01
   6.320           0.4646000E+01
   6.340           0.3954000E+01
   6.360           0.1830000E+01
   6.380           0.6500000E-01
   6.400          -0.1492000E+01
   6.420          -0.2526000E+01
   6.440          -0.4967000E+01
   6.460          -0.7420000E+01
   6.480          -0.8144000E+01
   6.500          -0.6314000E+01
   6.520          -0.3510000E+01
   6.540          -0.7210000E+00
   6.560          -0.1429000E+01
   6.580           0.5050000E+00
   6.600           0.4056000E+01
   6.620           0.8113000E+01
   6.640           0.8557000E+01
   6.660           0.8063000E+01
   6.680           0.5835000E+01
   6.700           0.2049000E+01
   6.720          -0.6250000E+00
   6.740          -0.2635000E+01
   6.760          -0.5405000E+01
   6.780          -0.7223000E+01
   6.800          -0.3995000E+01
   6.820          -0.9340000E+00
   6.840          -0.5700000E+00
   6.860           0.7560000E+00
   6.880           0.2632000E+01
   6.900           0.1638000E+01
   6.920           0.6910000E+00
   6.940           0.2988000E+01
   6.960           0.3491000E+01
   6.980          -0.9440000E+00
   7.000          -0.4820000E+00
   7.020           0.3220000E+01
   7.040           0.9620000E+00
   7.060          -0.2352000E+01
   7.080          -0.4444000E+01
   7.100          -0.5249000E+01
   7.120          -0.5957000E+01
   7.140          -0.5578000E+01
   7.160           0.1091000E+01
   7.180           0.3548000E+01
   7.200           0.3776000E+01
   7.220           0.5380000E+01
   7.240           0.7413000E+01
   7.260           0.6331000E+01
   7.280           0.3288000E+01
   7.300           0.1015000E+01
   7.320          -0.1464000E+01
   7.340          -0.9276000E+01
   7.360          -0.9946000E+01
   7.380          -0.3420000E+01
   7.400           0.4771000E+01
   7.420           0.9976000E+01
   7.440           0.1025700E+02
   7.460           0.5667000E+01
   7.480           0.3000000E+01
   7.500           0.3027000E+01
   7.520           0.4380000E+00
   7.540          -0.5941000E+01
   7.560          -0.5064000E+01
   7.580          -0.6783000E+01
   7.600          -0.1061400E+02
   7.620          -0.1127300E+02
   7.640          -0.8557000E+01
   7.660          -0.8367000E+01
   7.680          -0.2375000E+01
   7.700           0.2978000E+01
   7.720           0.6604000E+01
   7.740           0.6450000E+01
   7.760           0.7944000E+01
   7.780           0.5825000E+01
   7.800           0.6411000E+01
   7.820           0.8446000E+01
   7.840           0.2237000E+01
   7.860          -0.7661000E+01
   7.880          -0.1005100E+02
   7.900          -0.2014000E+01
   7.920           0.6437000E+01
   7.940           0.9010000E+01
   7.960           0.2362000E+01
   7.980          -0.3568000E+01
   8.000          -0.5622000E+01
   8.020          -0.5354000E+01
   8.040          -0.5048000E+01
   8.060          -0.3471000E+01
   8.080          -0.2164000E+01
   8.100          -0.2718000E+01
   8.120          -0.3185000E+01
   8.140           0.3444000E+01
   8.160           0.9387000E+01
   8.180           0.9941000E+01
   8.200           0.6769000E+01
   8.220           0.5332000E+01
   8.240          -0.8090000E+00
   8.260          -0.7261000E+01
   8.280          -0.1026100E+02
   8.300          -0.8605000E+01
   8.320           0.1010000E+01
   8.340           0.1004900E+02
   8.360           0.7277000E+01
   8.380          -0.1129000E+01
   8.400          -0.8121000E+01
   8.420          -0.9846000E+01
   8.440          -0.8608000E+01
   8.460          -0.1134000E+01
   8.480          -0.3600000E+00
   8.500          -0.6632000E+01
   8.520          -0.3791000E+01
   8.540           0.4913000E+01
   8.560           0.1144600E+02
   8.580           0.1390200E+02
   8.600           0.5968000E+01
   8.620          -0.1378000E+01
   8.640          -0.6687000E+01
   8.660          -0.4769000E+01
   8.680           0.4280000E+01
   8.700           0.8942000E+01
   8.720           0.5341000E+01
   8.740          -0.1880000E+01
   8.760          -0.1930000E+01
   8.780           0.8000000E-02
   8.800          -0.8920000E+00
   8.820          -0.5493000E+01
   8.840          -0.5091000E+01
   8.860          -0.2896000E+01
   8.880          -0.1177000E+01
   8.900           0.3797000E+01
   8.920           0.5389000E+01
   8.940           0.2446000E+01
   8.960           0.2594000E+01
   8.980           0.5240000E+01
   9.000           0.9127000E+01
   9.020           0.4893000E+01
   9.040          -0.6430000E+01
   9.060          -0.1188700E+02
   9.080          -0.3830000E+01
   9.100           0.5412000E+01
   9.120           0.6949000E+01
   9.140           0.6482000E+01
   9.160          -0.3499000E+01
   9.180          -0.9163000E+01
   9.200          -0.1041100E+02
   9.220          -0.1072400E+02
   9.240          -0.1312700E+02
   9.260          -0.1261300E+02
   9.280          -0.5457000E+01
   9.300          -0.1777000E+01
   9.320           0.8249000E+01
   9.340           0.1592200E+02
   9.360           0.1390900E+02
   9.380           0.1444200E+02
   9.400           0.1717800E+02
   9.420           0.1287300E+02
   9.440           0.3684000E+01
   9.460          -0.7787000E+01
   9.480          -0.1231600E+02
   9.500          -0.6708000E+01
   9.520          -0.4585000E+01
   9.540           0.1234000E+01
   9.560           0.3846000E+01
   9.580           0.2677000E+01
   9.600           0.2302000E+01
   9.620          -0.4809000E+01
   9.640          -0.4702000E+01
   9.660          -0.3476000E+01
   9.680          -0.8707000E+01
   9.700          -0.1203500E+02
   9.720          -0.1251200E+02
   9.740          -0.6149000E+01
   9.760           0.8401000E+01
   9.780           0.1168500E+02
   9.800           0.7947000E+01
   9.820           0.2669000E+01
   9.840           0.2720000E+00
   9.860           0.3971000E+01
   9.880           0.1217000E+01
   9.900           0.8470000E+00
   9.920          -0.6463000E+01
   9.940          -0.9939000E+01
   9.960          -0.8440000E+00
   9.980           0.5169000E+01
  10.000           0.1203400E+02
  10.020           0.7696000E+01
  10.040           0.3591000E+01
  10.060          -0.7440000E+00
  10.080          -0.1101500E+02
  10.100          -0.9484000E+01
  10.120          -0.1102000E+01
  10.140          -0.2846000E+01
  10.160           0.5067000E+01
  10.180           0.1154000E+02
  10.200           0.1069900E+02
  10.220           0.8732000E+01
  10.240          -0.3359000E+01
  10.260          -0.9483000E+01
  10.280          -0.1598400E+02
  10.300          -0.1052900E+02
  10.320           0.3935000E+01
  10.340           0.1676000E+01
  10.360          -0.4578000E+01
  10.380           0.5740000E+00
  10.400          -0.6104000E+01
  10.420          -0.7579000E+01
  10.440          -0.5419000E+01
  10.460          -0.4336000E+01
  10.480          -0.1260700E+02
  10.500          -0.1606900E+02
  10.520          -0.6080000E+01
  10.540           0.4281000E+01
  10.560           0.9961000E+01
  10.580           0.8280000E+01
  10.600           0.1501700E+02
  10.620           0.1978900E+02
  10.640           0.2015200E+02
  10.660           0.1726600E+02
  10.680          -0.6820000E+00
  10.700          -0.9148000E+01
  10.720          -0.7156000E+01
  10.740          -0.7619000E+01
  10.760          -0.7050000E+00
  10.780          -0.2433000E+01
  10.800          -0.3074000E+01
  10.820           0.5390000E+01
  10.840           0.2402000E+01
  10.860          -0.9396000E+01
  10.880          -0.1998600E+02
  10.900          -0.1467100E+02
  10.920          -0.2813000E+01
  10.940           0.1019200E+02
  10.960           0.1503100E+02
  10.980           0.1121800E+02
  11.000           0.5366000E+01
  11.020          -0.1800000E-01
  11.040          -0.5816000E+01
  11.060          -0.5345000E+01
  11.080           0.4422000E+01
  11.100           0.1044200E+02
  11.120           0.1353000E+01
  11.140          -0.7230000E+00
  11.160           0.8080000E+01
  11.180           0.9376000E+01
  11.200           0.3993000E+01
  11.220          -0.5742000E+01
  11.240          -0.1528900E+02
  11.260          -0.1302000E+02
  11.280          -0.5888000E+01
  11.300          -0.5456000E+01
  11.320          -0.6295000E+01
  11.340          -0.9962000E+01
  11.360          -0.5934000E+01
  11.380          -0.1363000E+01
  11.400          -0.1438000E+01
  11.420           0.3581000E+01
  11.440           0.1047100E+02
  11.460           0.9648000E+01
  11.480           0.5856000E+01
  11.500           0.4103000E+01
  11.520           0.7281000E+01
  11.540           0.6211000E+01
  11.560           0.1057200E+02
  11.580           0.7575000E+01
  11.600           0.3280000E+00
  11.620          -0.7387000E+01
  11.640          -0.1157000E+02
  11.660          -0.7445000E+01
  11.680          -0.3094000E+01
  11.700          -0.9743000E+01
  11.720          -0.2054200E+02
  11.740          -0.1279700E+02
  11.760           0.4939000E+01
  11.780           0.8392000E+01
  11.800           0.4787000E+01
  11.820          -0.5300000E-01
  11.840          -0.1468000E+01
  11.860           0.1340000E+00
  11.880           0.5741000E+01
  11.900           0.8161000E+01
  11.920           0.1136800E+02
  11.940           0.6331000E+01
  11.960           0.6406000E+01
  11.980           0.5606000E+01
  12.000          -0.1091000E+02
  12.020          -0.1689100E+02
  12.040          -0.1334300E+02
  12.060          -0.8809000E+01
  12.080           0.2859000E+01
  12.100           0.1584000E+01
  12.120           0.1165600E+02
  12.140           0.2270500E+02
  12.160           0.2203400E+02
  12.180           0.2333200E+02
  12.200           0.1248000E+01
  12.220          -0.1870900E+02
  12.240          -0.2596300E+02
  12.260          -0.2033100E+02
  12.280          -0.2048000E+01
  12.300           0.6684000E+01
  12.320           0.6387000E+01
  12.340          -0.5551000E+01
  12.360          -0.1394800E+02
  12.380           0.4335000E+01
  12.400           0.9430000E+01
  12.420           0.3767000E+01
  12.440          -0.1368000E+01
  12.460          -0.5627000E+01
  12.480           0.7451000E+01
  12.500           0.6120000E+00
  12.520          -0.1374100E+02
  12.540          -0.4933000E+01
  12.560           0.1331500E+02
  12.580           0.1144400E+02
  12.600          -0.5133000E+01
  12.620          -0.1445400E+02
  12.640          -0.1866300E+02
  12.660          -0.6129000E+01
  12.680           0.7535000E+01
  12.700           0.1313900E+02
  12.720           0.2799000E+01
  12.740          -0.6292000E+01
  12.760           0.5000000E+01
  12.780           0.1525900E+02
  12.800           0.1693400E+02
  12.820           0.1165300E+02
  12.840           0.1006200E+02
  12.860          -0.8800000E-01
  12.880           0.1948000E+01
  12.900           0.7258000E+01
  12.920           0.1637000E+01
  12.940          -0.3661000E+01
  12.960          -0.9787000E+01
  12.980           0.2516000E+01
  13.000           0.8990000E+00
  13.020          -0.1581500E+02
  13.040          -0.8566000E+01
  13.060          -0.2080000E+00
  13.080          -0.8526000E+01
  13.100          -0.1256800E+02
  13.120          -0.7432000E+01
  13.140          -0.5769000E+01
  13.160          -0.1296700E+02
  13.180          -0.3293000E+01
  13.200           0.1411200E+02
  13.220           0.1618600E+02
  13.240           0.5624000E+01
  13.260          -0.5841000E+01
  13.280          -0.7708000E+01
  13.300          -0.1200000E+01
  13.320           0.1509400E+02
  13.340           0.2139400E+02
  13.360           0.1584100E+02
  13.380           0.1395000E+01
  13.400          -0.1417700E+02
  13.420          -0.4161000E+01
  13.440          -0.3537000E+01
  13.460          -0.2276600E+02
  13.480          -0.1867000E+02
  13.500          -0.8884000E+01
  13.520           0.1228000E+01
  13.540          -0.3049000E+01
  13.560           0.1709000E+01
  13.580           0.4709000E+01
  13.600          -0.3331000E+01
  13.620           0.2986000E+01
  13.640          -0.1306000E+01
  13.660          -0.4570000E+01
  13.680           0.8290000E+01
  13.700           0.1597900E+02
  13.720           0.4549000E+01
  13.740           0.5202000E+01
  13.760           0.1799600E+02
  13.780           0.1413300E+02
  13.800          -0.2462000E+01
  13.820          -0.1131600E+02
  13.840          -0.1341400E+02
  13.860          -0.1940100E+02
  13.880          -0.4904000E+01
  13.900           0.1097100E+02
  13.920           0.1993000E+02
  13.940           0.2419500E+02
  13.960           0.1635700E+02
  13.980           0.1337100E+02
  14.000           0.8580000E+01
  14.020          -0.7566000E+01
  14.040          -0.2874400E+02
  14.060          -0.3491200E+02
  14.080          -0.1728900E+02
  14.100          -0.4355000E+01
  14.120          -0.8287000E+01
  14.140           0.7181000E+01
  14.160           0.1854300E+02
  14.180           0.2211700E+02
  14.200           0.2599900E+02
  14.220           0.1900600E+02
  14.240           0.8090000E+00
  14.260          -0.1220700E+02
  14.280          -0.9359000E+01
  14.300          -0.9388000E+01
  14.320          -0.1722900E+02
  14.340          -0.2224100E+02
  14.360          -0.2203700E+02
  14.380          -0.8820000E+01
  14.400           0.2010000E+01
  14.420           0.4000000E+01
  14.440          -0.5185000E+01
  14.460           0.1942000E+01
  14.480           0.1892300E+02
  14.500           0.1649600E+02
  14.520           0.1166200E+02
  14.540          -0.2672000E+01
  14.560          -0.1405300E+02
  14.580          -0.9884000E+01
  14.600          -0.1157700E+02
  14.620          -0.1046900E+02
  14.640          -0.3404000E+01
  14.660           0.5425000E+01
  14.680           0.6650000E+01
  14.700          -0.6240000E+01
  14.720           0.5800000E-01
  14.740           0.1047400E+02
  14.760           0.1550000E+02
  14.780           0.6992000E+01
  14.800          -0.1601200E+02
  14.820          -0.2687600E+02
  14.840          -0.1238800E+02
  14.860           0.1268400E+02
  14.880           0.1304700E+02
  14.900          -0.4048000E+01
  14.920          -0.4314000E+01
  14.940          -0.3047000E+01
  14.960          -0.2554000E+01
  14.980           0.2379000E+01
  15.000          -0.5398000E+01
  15.020          -0.1005000E+02
  15.040          -0.5700000E+01
  15.060           0.9339000E+01
  15.080           0.1992900E+02
  15.100           0.1494000E+02
  15.120           0.1528600E+02
  15.140           0.1494000E+02
  15.160           0.5300000E+01
  15.180          -0.1341800E+02
  15.200          -0.1713800E+02
  15.220          -0.1147200E+02
  15.240           0.2565000E+01
  15.260           0.1446700E+02
  15.280           0.1636900E+02
  15.300           0.1896300E+02
  15.320           0.1313600E+02
  15.340           0.4647000E+01
  15.360           0.1468000E+01
  15.380           0.3230000E+00
  15.400           0.7930000E+00
  15.420          -0.1141300E+02
  15.440          -0.1054800E+02
  15.460          -0.8048000E+01
  15.480          -0.2434000E+01
  15.500           0.8758000E+01
  15.520           0.6779000E+01
  15.540           0.1610000E+02
  15.560           0.4811000E+01
  15.580          -0.5345000E+01
  15.600          -0.7364000E+01
  15.620          -0.2182600E+02
  15.640          -0.1550400E+02
  15.660          -0.2715000E+01
  15.680          -0.6690000E+01
  15.700          -0.5321000E+01
  15.720          -0.5889000E+01
  15.740          -0.3512000E+01
  15.760          -0.2914000E+01
  15.780          -0.1153400E+02
  15.800          -0.2029400E+02
  15.820          -0.1096900E+02
  15.840           0.1699000E+01
  15.860           0.7118000E+01
  15.880           0.1209900E+02
  15.900           0.1445700E+02
  15.920           0.1019600E+02
  15.940           0.6864000E+01
  15.960           0.2217000E+01
  15.980           0.1529000E+01
  16.000           0.7906000E+01
  16.020           0.8543000E+01
  16.040          -0.6130000E+01
  16.060          -0.1087500E+02
  16.080           0.4047000E+01
  16.100           0.1869000E+01
  16.120          -0.4070000E+00
  16.140           0.1664000E+02
  16.160           0.2697800E+02
  16.180           0.2078900E+02
  16.200          -0.5002000E+01
  16.220          -0.7620000E+01
  16.240          -0.5191000E+01
  16.260          -0.1756300E+02
  16.280          -0.2231800E+02
  16.300          -0.2528300E+02
  16.320          -0.1813700E+02
  16.340           0.5243000E+01
  16.360           0.2388000E+02
  16.380           0.1179900E+02
  16.400          -0.4102000E+01
  16.420          -0.1560300E+02
  16.440          -0.1848400E+02
  16.460           0.3111000E+01
  16.480           0.2330600E+02
  16.500           0.2507500E+02
  16.520           0.1525700E+02
  16.540          -0.1059000E+01
  16.560          -0.1030400E+02
  16.580          -0.1575400E+02
  16.600          -0.1071300E+02
  16.620          -0.3462000E+01
  16.640          -0.8046000E+01
  16.660          -0.9300000E-01
  16.680           0.1056200E+02
  16.700           0.2933000E+01
  16.720           0.1604000E+01
  16.740           0.7170000E+00
  16.760          -0.9010000E+00
  16.780          -0.1990000E+00
  16.800          -0.1138100E+02
  16.820          -0.7659000E+01
  16.840           0.6462000E+01
  16.860           0.6210000E+00
  16.880           0.3185000E+01
  16.900           0.3545000E+01
  16.920           0.6472000E+01
  16.940           0.1233000E+01
  16.960          -0.1345900E+02
  16.980          -0.4296000E+01
  17.000           0.6285000E+01
  17.020          -0.5405000E+01
  17.040          -0.8306000E+01
  17.060          -0.1428400E+02
  17.080          -0.5831000E+01
  17.100           0.7779000E+01
  17.120           0.1865500E+02
  17.140           0.3180100E+02
  17.160           0.2312900E+02
  17.180           0.1047500E+02
  17.200           0.7808000E+01
  17.220           0.4656000E+01
  17.240           0.1025600E+02
  17.260           0.2952000E+01
  17.280          -0.1909600E+02
  17.300          -0.2393300E+02
  17.320          -0.4177000E+01
  17.340           0.8777000E+01
  17.360          -0.4592000E+01
  17.380          -0.1280200E+02
  17.400          -0.1543900E+02
  17.420          -0.1053800E+02
  17.440          -0.9800000E+01
  17.460          -0.7400000E+00
  17.480           0.2842000E+01
  17.500          -0.7938000E+01
  17.520          -0.1225600E+02
  17.540          -0.2165600E+02
  17.560          -0.1911900E+02
  17.580          -0.4567000E+01
  17.600           0.1751000E+01
  17.620           0.5807000E+01
  17.640           0.1378000E+02
  17.660           0.1220000E+02
  17.680           0.1344100E+02
  17.700           0.1298800E+02
  17.720           0.1680300E+02
  17.740           0.1016500E+02
  17.760          -0.3142000E+01
  17.780          -0.9049000E+01
  17.800          -0.1553100E+02
  17.820          -0.1406000E+02
  17.840          -0.1817500E+02
  17.860          -0.1823700E+02
  17.880          -0.7195000E+01
  17.900          -0.1238000E+01
  17.920           0.9510000E+01
  17.940           0.3530000E+01
  17.960           0.1317000E+01
  17.980           0.2198300E+02
  18.000           0.2953700E+02
  18.020           0.2295100E+02
  18.040           0.4339000E+01
  18.060           0.9800000E+00
  18.080           0.4441000E+01
  18.100          -0.1648000E+01
  18.120          -0.7893000E+01
  18.140          -0.1219200E+02
  18.160          -0.1439900E+02
  18.180          -0.1436000E+01
  18.200          -0.1880000E+00
  18.220          -0.9000000E+00
  18.240          -0.3161000E+01
  18.260          -0.4869000E+01
  18.280           0.8460000E+00
  18.300          -0.1154000E+02
  18.320          -0.5898000E+01
  18.340           0.1127700E+02
  18.360           0.4779000E+01
  18.380           0.4810000E+01
  18.400           0.1335700E+02
  18.420           0.1091200E+02
  18.440           0.7185000E+01
  18.460           0.4740000E+00
  18.480          -0.1078000E+02
  18.500          -0.1827400E+02
  18.520          -0.1910000E+02
  18.540          -0.7576000E+01
  18.560          -0.7097000E+01
  18.580          -0.2231000E+01
  18.600           0.8645000E+01
  18.620           0.1456000E+02
  18.640           0.2667100E+02
  18.660           0.2623000E+02
  18.680           0.1899100E+02
  18.700           0.1277300E+02
  18.720           0.1395000E+01
  18.740          -0.1124600E+02
  18.760          -0.1792600E+02
  18.780          -0.1525900E+02
  18.800          -0.8271000E+01
  18.820           0.6780000E+00
  18.840           0.6118000E+01
  18.860           0.1459700E+02
  18.880           0.4271000E+01
  18.900          -0.9622000E+01
  18.920          -0.8288000E+01
  18.940          -0.5890000E+00
  18.960          -0.3340000E+00
  18.980          -0.8092000E+01
  19.000          -0.3644000E+01
  19.020           0.2491000E+01
  19.040           0.3575000E+01
  19.060          -0.2013000E+01
  19.080          -0.8444000E+01
  19.100          -0.2073700E+02
  19.120          -0.1392900E+02
  19.140          -0.2941000E+01
  19.160          -0.2262000E+01
  19.180           0.1314500E+02
  19.200           0.2125800E+02
  19.220           0.1533900E+02
  19.240           0.1034700E+02
  19.260          -0.5312000E+01
  19.280          -0.6491000E+01
  19.300          -0.8230000E+00
  19.320          -0.6987000E+01
  19.340          -0.2157100E+02
  19.360          -0.1938600E+02
  19.380          -0.3164000E+01
  19.400           0.3708000E+01
  19.420          -0.1858000E+01
  19.440           0.5280000E+01
  19.460           0.1717600E+02
  19.480           0.2244300E+02
  19.500           0.2627900E+02
  19.520           0.1376900E+02
  19.540          -0.8510000E+01
  19.560          -0.8618000E+01
  19.580          -0.9366000E+01
  19.600           0.2094000E+01
  19.620           0.2684000E+01
  19.640          -0.5797000E+01
  19.660          -0.5353000E+01
  19.680          -0.6819000E+01
  19.700           0.2609000E+01
  19.720           0.3724000E+01
  19.740          -0.1125900E+02
  19.760          -0.1696000E+02
  19.780           0.3276000E+01
  19.800           0.1697300E+02
  19.820           0.1863000E+02
  19.840           0.1888400E+02
  19.860           0.6740000E+00
  19.880          -0.1769700E+02
  19.900          -0.1448900E+02
  19.920          -0.9606000E+01
  19.940          -0.1371200E+02
  19.960          -0.5264000E+01
  19.980           0.3599000E+01
  20.000           0.4195000E+01
  20.020           0.1629000E+02
  20.040           0.1027400E+02
  20.060          -0.1450000E+01
  20.080           0.3766000E+01
  20.100           0.9439000E+01
  20.120           0.1004200E+02
  20.140           0.1136700E+02
  20.160           0.4502000E+01
  20.180          -0.5805000E+01
  20.200          -0.1210500E+02
  20.220           0.2370000E+01
  20.240           0.4557000E+01
  20.260           0.1482000E+01
  20.280          -0.1837000E+01
  20.300          -0.1195200E+02
  20.320          -0.1488800E+02
  20.340          -0.1858800E+02
  20.360          -0.2349100E+02
  20.380          -0.9647000E+01
  20.400           0.1232600E+02
  20.420           0.2543000E+02
  20.440           0.1462600E+02
  20.460          -0.6241000E+01
  20.480          -0.9932000E+01
  20.500           0.6052000E+01
  20.520           0.1442800E+02
  20.540           0.2116600E+02
  20.560           0.3409900E+02
  20.580           0.3500200E+02
  20.600           0.2152900E+02
  20.620           0.9030000E+00
  20.640          -0.1128700E+02
  20.660          -0.1192800E+02
  20.680          -0.1909000E+01
  20.700          -0.1876000E+01
  20.720          -0.1198400E+02
  20.740          -0.1517500E+02
  20.760           0.2587000E+01
  20.780           0.1072600E+02
  20.800           0.5666000E+01
  20.820          -0.9792000E+01
  20.840          -0.2017500E+02
  20.860          -0.1860900E+02
  20.880          -0.7072000E+01
  20.900           0.1535000E+02
  20.920           0.2692100E+02
  20.940           0.2920500E+02
  20.960           0.1430600E+02
  20.980          -0.4786000E+01
  21.000          -0.2023400E+02
  21.020          -0.2662200E+02
  21.040          -0.1350000E+02
  21.060          -0.8941000E+01
  21.080          -0.2691000E+01
  21.100          -0.1040000E+00
  21.120          -0.2407000E+01
  21.140           0.9710000E+00
  21.160           0.1847500E+02
  21.180           0.1880900E+02
  21.200           0.1716000E+02
  21.220           0.8421000E+01
  21.240           0.1959000E+01
  21.260           0.6096000E+01
  21.280          -0.8540000E+01
  21.300          -0.9662000E+01
  21.320          -0.2523000E+01
  21.340          -0.1026700E+02
  21.360          -0.1257400E+02
  21.380          -0.1727600E+02
  21.400          -0.1542900E+02
  21.420          -0.4431000E+01
  21.440           0.4778000E+01
  21.460           0.3773000E+01
  21.480           0.3990000E+01
  21.500           0.1277500E+02
  21.520           0.1101300E+02
  21.540          -0.7149000E+01
  21.560          -0.9001000E+01
  21.580          -0.1113000E+01
  21.600          -0.7980000E+01
  21.620          -0.1020900E+02
  21.640          -0.1419000E+01
  21.660           0.1342700E+02
  21.680           0.1371200E+02
  21.700           0.9330000E+00
  21.720           0.1502100E+02
  21.740           0.1759300E+02
  21.760           0.7263000E+01
  21.780          -0.7498000E+01
  21.800          -0.1705500E+02
  21.820          -0.1228600E+02
  21.840          -0.2035800E+02
  21.860          -0.1152800E+02
  21.880          -0.2281000E+01
  21.900          -0.3620000E+00
  21.920           0.8130000E+01
  21.940           0.1659600E+02
  21.960           0.1547000E+02
  21.980           0.1797100E+02
  22.000           0.9768000E+01
  22.020          -0.1148000E+01
  22.040           0.3676000E+01
  22.060          -0.3305000E+01
  22.080           0.1582000E+01
  22.100           0.2528000E+01
  22.120          -0.1486000E+01
  22.140           0.1047400E+02
  22.160           0.1096000E+02
  22.180           0.7388000E+01
  22.200          -0.7482000E+01
  22.220          -0.2231500E+02
  22.240          -0.2433200E+02
  22.260          -0.1371800E+02
  22.280          -0.2601000E+01
  22.300           0.9624000E+01
  22.320           0.1826200E+02
  22.340           0.8585000E+01
  22.360          -0.1039000E+02
  22.380          -0.1950800E+02
  22.400          -0.1656300E+02
  22.420          -0.8409000E+01
  22.440          -0.5533000E+01
  22.460          -0.1468000E+01
  22.480           0.2057000E+01
  22.500           0.3104000E+01
  22.520           0.4456000E+01
  22.540           0.1655000E+02
  22.560           0.1720200E+02
  22.580           0.1243400E+02
  22.600           0.5137000E+01
  22.620          -0.2014000E+01
  22.640          -0.1396700E+02
  22.660          -0.2832600E+02
  22.680          -0.1709300E+02
  22.700           0.4648000E+01
  22.720           0.1316300E+02
  22.740           0.1688200E+02
  22.760           0.1405600E+02
  22.780           0.1380900E+02
  22.800           0.1385600E+02
  22.820           0.1107800E+02
  22.840           0.8484000E+01
  22.860          -0.9772000E+01
  22.880          -0.1102200E+02
  22.900          -0.6477000E+01
  22.920          -0.2277000E+01
  22.940           0.8645000E+01
  22.960           0.8900000E+00
  22.980          -0.9990000E+01
  23.000          -0.1835900E+02
  23.020          -0.1333300E+02
  23.040          -0.1415000E+02
  23.060          -0.1478300E+02
  23.080          -0.6473000E+01
  23.100          -0.2289000E+01
  23.120           0.1493400E+02
  23.140           0.1168400E+02
  23.160          -0.1426000E+01
  23.180          -0.1381700E+02
  23.200          -0.2211700E+02
  23.220          -0.1538300E+02
  23.240          -0.6446000E+01
  23.260          -0.2790000E+01
  23.280           0.7460000E+00
  23.300           0.8622000E+01
  23.320           0.9427000E+01
  23.340           0.2903000E+01
  23.360           0.9310000E+01
  23.380           0.1239800E+02
  23.400           0.8523000E+01
  23.420           0.6531000E+01
  23.440           0.4060000E+00
  23.460          -0.3080000E+00
  23.480          -0.2960000E+01
  23.500           0.6490000E+00
  23.520           0.1372000E+01
  23.540          -0.9450000E+00
  23.560          -0.4138000E+01
  23.580           0.1657000E+01
  23.600           0.6332000E+01
  23.620           0.6176000E+01
  23.640           0.1562200E+02
  23.660           0.1706200E+02
  23.680           0.1036800E+02
  23.700           0.2633000E+01
  23.720          -0.2222000E+01
  23.740           0.5420000E+00
  23.760           0.4665000E+01
  23.780          -0.1616000E+01
  23.800          -0.1520700E+02
  23.820          -0.2133900E+02
  23.840          -0.2377000E+02
  23.860          -0.1591100E+02
  23.880          -0.4797000E+01
  23.900          -0.2383000E+01
  23.920           0.6392000E+01
  23.940           0.9614000E+01
  23.960           0.1465700E+02
  23.980           0.1214300E+02
  24.000           0.4711000E+01
  24.020           0.7716000E+01
  24.040           0.6595000E+01
  24.060           0.5513000E+01
  24.080           0.7345000E+01
  24.100          -0.7276000E+01
  24.120          -0.1855200E+02
  24.140          -0.1603700E+02
  24.160          -0.8938000E+01
  24.180          -0.6789000E+01
  24.200           0.1573000E+01
  24.220           0.2737000E+01
  24.240          -0.3007000E+01
  24.260           0.3662000E+01
  24.280           0.3475000E+01
  24.300           0.2534000E+01
  24.320           0.7930000E+01
  24.340           0.1521000E+02
  24.360           0.1354100E+02
  24.380           0.8392000E+01
  24.400          -0.1411000E+01
  24.420          -0.1975000E+01
  24.440          -0.2523000E+01
  24.460          -0.3366000E+01
  24.480          -0.8460000E+00
  24.500          -0.5063000E+01
  24.520          -0.5310000E+01
  24.540          -0.4909000E+01
  24.560          -0.5664000E+01
  24.580           0.5166000E+01
  24.600           0.5361000E+01
  24.620           0.9800000E+00
  24.640          -0.3437000E+01
  24.660           0.3669000E+01
  24.680           0.1065800E+02
  24.700           0.9596000E+01
  24.720           0.8817000E+01
  24.740          -0.9670000E+00
  24.760          -0.9563000E+01
  24.780          -0.1324500E+02
  24.800          -0.8431000E+01
  24.820          -0.6990000E+00
  24.840           0.4751000E+01
  24.860           0.1139600E+02
  24.880          -0.3040000E+00
  24.900          -0.4446000E+01
  24.920          -0.3933000E+01
  24.940          -0.1408000E+01
  24.960          -0.7530000E+00
  24.980          -0.1055000E+01
  25.000           0.2814000E+01
  25.020          -0.7750000E+00
  25.040           0.7990000E+00
  25.060           0.6424000E+01
  25.080           0.5193000E+01
  25.100           0.2480000E+00
  25.120          -0.5708000E+01
  25.140          -0.7363000E+01
  25.160          -0.4003000E+01
  25.180          -0.6480000E+01
  25.200          -0.6720000E+01
  25.220           0.1438000E+01
  25.240           0.2758000E+01
  25.260          -0.3910000E+01
  25.280          -0.6654000E+01
  25.300          -0.2188000E+01
  25.320          -0.3993000E+01
  25.340          -0.4195000E+01
  25.360          -0.5470000E+00
  25.380          -0.3385000E+01
  25.400          -0.9330000E+00
  25.420           0.2589000E+01
  25.440           0.8777000E+01
  25.460           0.1003100E+02
  25.480           0.7414000E+01
  25.500          -0.8440000E+00
  25.520          -0.2904000E+01
  25.540          -0.4130000E+00
  25.560          -0.2557000E+01
  25.580          -0.4246000E+01
  25.600           0.1790000E+00
  25.620          -0.4905000E+01
  25.640          -0.5784000E+01
  25.660          -0.3060000E+01
  25.680          -0.3870000E+00
  25.700           0.1831000E+01
  25.720          -0.6815000E+01
  25.740          -0.1384200E+02
  25.760          -0.8779000E+01
  25.780           0.5420000E+00
  25.800           0.9153000E+01
  25.820           0.1704400E+02
  25.840           0.1453700E+02
  25.860           0.5370000E+01
  25.880          -0.2941000E+01
  25.900          -0.1136500E+02
  25.920          -0.1827100E+02
  25.940          -0.1281100E+02
  25.960          -0.6648000E+01
  25.980          -0.2857000E+01
  26.000           0.5180000E+01
  26.020           0.1187500E+02
  26.040           0.1510200E+02
  26.060           0.9906000E+01
  26.080           0.5670000E+01
  26.100           0.2536000E+01
  26.120          -0.1253000E+01
  26.140          -0.6038000E+01
  26.160          -0.8712000E+01
  26.180          -0.7376000E+01
  26.200          -0.6550000E+01
  26.220          -0.3726000E+01
  26.240           0.9570000E+00
  26.260           0.4168000E+01
  26.280           0.7135000E+01
  26.300           0.1108500E+02
  26.320           0.1231800E+02
  26.340           0.8669000E+01
  26.360           0.4007000E+01
  26.380          -0.1511000E+01
  26.400          -0.4981000E+01
  26.420           0.3180000E+00
  26.440           0.7554000E+01
  26.460           0.1013400E+02
  26.480           0.2864000E+01
  26.500          -0.2388000E+01
  26.520          -0.7779000E+01
  26.540          -0.1131600E+02
  26.560          -0.9097000E+01
  26.580          -0.6107000E+01
  26.600          -0.2780000E+01
  26.620           0.3684000E+01
  26.640           0.9406000E+01
  26.660           0.8208000E+01
  26.680           0.6454000E+01
  26.700           0.6851000E+01
  26.720           0.8770000E+00
  26.740          -0.1778000E+01
  26.760          -0.5240000E+00
  26.780           0.1427000E+01
  26.800           0.3559000E+01
  26.820           0.1336000E+01
  26.840           0.2345000E+01
  26.860          -0.1684000E+01
  26.880          -0.9839000E+01
  26.900          -0.7024000E+01
  26.920          -0.3114000E+01
  26.940           0.1992000E+01
  26.960           0.4145000E+01
  26.980           0.6280000E+01
  27.000           0.6482000E+01
  27.020          -0.2440000E+01
  27.040          -0.4166000E+01
  27.060          -0.5340000E+01
  27.080          -0.5419000E+01
  27.100          -0.1870000E+00
  27.120           0.3729000E+01
  27.140          -0.6000000E-02
  27.160          -0.4219000E+01
  27.180          -0.4780000E+01
  27.200          -0.3176000E+01
  27.220          -0.3007000E+01
  27.240          -0.1540000E+01
  27.260           0.1210000E+00
  27.280           0.4596000E+01
  27.300           0.3454000E+01
  27.320          -0.3760000E+01
  27.340          -0.6271000E+01
  27.360          -0.2353000E+01
  27.380          -0.2395000E+01
  27.400           0.1206000E+01
  27.420           0.5431000E+01
  27.440           0.8345000E+01
  27.460           0.7222000E+01
  27.480           0.1415000E+01
  27.500          -0.1100000E-01
  27.520          -0.1097000E+01
  27.540          -0.1037000E+01
  27.560          -0.2382000E+01
  27.580          -0.2895000E+01
  27.600          -0.3617000E+01
  27.620          -0.1433000E+01
  27.640           0.1117000E+01
  27.660           0.1337000E+01
  27.680          -0.3336000E+01
  27.700          -0.3924000E+01
  27.720          -0.1498000E+01
  27.740           0.4258000E+01
  27.760           0.9510000E+01
  27.780           0.8394000E+01
  27.800           0.6699000E+01
  27.820           0.3633000E+01
  27.840          -0.3092000E+01
  27.860          -0.6474000E+01
  27.880          -0.5621000E+01
  27.900          -0.5980000E+00
  27.920           0.1885000E+01
  27.940           0.2765000E+01
  27.960           0.4450000E+00
  27.980          -0.2637000E+01
  28.000          -0.1653000E+01
  28.020           0.9920000E+00
  28.040           0.2434000E+01
  28.060          -0.1337000E+01
  28.080          -0.2972000E+01
  28.100          -0.5912000E+01
  28.120          -0.5597000E+01
  28.140           0.1100000E-01
  28.160           0.2866000E+01
  28.180           0.5326000E+01
  28.200           0.2753000E+01
  28.220          -0.5910000E+00
  28.240          -0.9170000E+00
  28.260           0.1310000E+01
  28.280           0.1267000E+01
  28.300          -0.2248000E+01
  28.320          -0.2433000E+01
  28.340          -0.2449000E+01
  28.360          -0.3295000E+01
  28.380          -0.1741000E+01
  28.400          -0.4290000E+00
  28.420           0.2698000E+01
  28.440          -0.9500000E-01
  28.460          -0.2304000E+01
  28.480          -0.3939000E+01
  28.500          -0.9674000E+01
  28.520          -0.8347000E+01
  28.540          -0.4122000E+01
  28.560           0.8040000E+00
  28.580           0.2947000E+01
  28.600           0.7289000E+01
  28.620           0.1161900E+02
  28.640           0.7994000E+01
  28.660           0.4050000E+01
  28.680           0.1666000E+01
  28.700          -0.2988000E+01
  28.720          -0.3158000E+01
  28.740           0.3980000E+00
  28.760           0.2710000E+01
  28.780          -0.2116000E+01
  28.800          -0.5139000E+01
  28.820          -0.4792000E+01
  28.840          -0.3147000E+01
  28.860          -0.1270000E+01
  28.880           0.3495000E+01
  28.900           0.2857000E+01
  28.920          -0.1001000E+01
  28.940          -0.7910000E+00
  28.960          -0.5830000E+00
  28.980          -0.6850000E+00
  29.000          -0.1217000E+01
  29.020          -0.3025000E+01
  29.040          -0.3039000E+01
  29.060          -0.9200000E+00
  29.080           0.2767000E+01
  29.100           0.1637000E+01
  29.120          -0.2534000E+01
  29.140          -0.2467000E+01
  29.160          -0.6720000E+00
  29.180          -0.5850000E+00
  29.200          -0.3600000E-01
  29.220          -0.4220000E+00
  29.240          -0.2417000E+01
  29.260          -0.8550000E+00
  29.280          -0.3058000E+01
  29.300          -0.3109000E+01
  29.320          -0.3957000E+01
  29.340          -0.9380000E+00
  29.360           0.2392000E+01
  29.380           0.5960000E+01
  29.400           0.6164000E+01
  29.420           0.3914000E+01
  29.440           0.1346000E+01
  29.460          -0.3759000E+01
  29.480          -0.4766000E+01
  29.500          -0.2764000E+01
  29.520          -0.3053000E+01
  29.540          -0.1686000E+01
  29.560          -0.1850000E+00
  29.580          -0.8470000E+00
  29.600          -0.1721000E+01
  29.620          -0.1773000E+01
  29.640          -0.1128000E+01
  29.660           0.1852000E+01
  29.680           0.1179000E+01
  29.700           0.3270000E+01
  29.720           0.2472000E+01
  29.740           0.6490000E+00
  29.760          -0.7140000E+00
  29.780          -0.4593000E+01
  29.800          -0.4318000E+01
  29.820          -0.2920000E+00
  29.840           0.3532000E+01
  29.860           0.3651000E+01
  29.880           0.2600000E+00
  29.900          -0.5160000E+00
  29.920          -0.4960000E+00
  29.940          -0.9220000E+00
  29.960          -0.1901000E+01
  29.980          -0.3021000E+01
  30.000          -0.3460000E+01
  30.020          -0.2472000E+01
  30.040           0.1022000E+01
  30.060           0.5417000E+01
  30.080           0.5944000E+01
  30.100           0.5907000E+01
  30.120           0.7576000E+01
  30.140           0.6101000E+01
  30.160           0.1847000E+01
  30.180          -0.4550000E+00
  30.200          -0.3472000E+01
  30.220          -0.6482000E+01
  30.240          -0.5438000E+01
  30.260          -0.2099000E+01
  30.280           0.1828000E+01
  30.300           0.4094000E+01
  30.320           0.2458000E+01
  30.340           0.4283000E+01
  30.360           0.5578000E+01
  30.380           0.3499000E+01
  30.400           0.3469000E+01
  30.420           0.2615000E+01
  30.440           0.1196000E+01
  30.460          -0.1910000E+01
  30.480          -0.3204000E+01
  30.500          -0.2961000E+01
  30.520           0.7000000E-02
  30.540           0.9790000E+00
  30.560           0.5700000E-01
  30.580           0.4550000E+00
  30.600           0.1454000E+01
  30.620           0.1489000E+01
  30.640           0.9400000E+00
  30.660          -0.8400000E-01
  30.680          -0.1215000E+01
  30.700          -0.2583000E+01
  30.720          -0.2406000E+01
  30.740          -0.2400000E-01
  30.760           0.1629000E+01
  30.780           0.2818000E+01
  30.800           0.2768000E+01
  30.820           0.1002000E+01
  30.840           0.1010000E+01
  30.860           0.1624000E+01
  30.880           0.1109000E+01
  30.900           0.1120000E+00
  30.920          -0.1347000E+01
  30.940          -0.1383000E+01
  30.960           0.4580000E+00
  30.980          -0.2610000E+00
  31.000          -0.2374000E+01
  31.020          -0.3445000E+01
  31.040          -0.4440000E+00
  31.060          -0.3480000E+00
  31.080          -0.8080000E+00
  31.100          -0.9650000E+00
  31.120          -0.1639000E+01
  31.140          -0.1687000E+01
  31.160          -0.2677000E+01
  31.180          -0.3242000E+01
  31.200          -0.3780000E+01
  31.220          -0.1058000E+01
  31.240           0.2206000E+01
  31.260           0.1178000E+01
  31.280           0.1031000E+01
  31.300          -0.7910000E+00
  31.320          -0.3342000E+01
  31.340          -0.2186000E+01
  31.360          -0.8460000E+00
  31.380          -0.1238000E+01
  31.400          -0.2632000E+01
  31.420          -0.1655000E+01
  31.440           0.2287000E+01
  31.460           0.4204000E+01
  31.480           0.2430000E+01
  31.500          -0.1335000E+01
  31.520          -0.2849000E+01
  31.540          -0.2705000E+01
  31.560          -0.2065000E+01
  31.580           0.9410000E+00
  31.600           0.1510000E+01
  31.620           0.1602000E+01
  31.640           0.6940000E+00
  31.660           0.1357000E+01
  31.680           0.3908000E+01
  31.700           0.5298000E+01
  31.720           0.5927000E+01
  31.740           0.3645000E+01
  31.760           0.2293000E+01
  31.780           0.4300000E+00
  31.800          -0.4270000E+00
  31.820          -0.9610000E+00
  31.840          -0.8360000E+00
  31.860           0.7870000E+00
  31.880           0.8790000E+00
  31.900           0.2542000E+01
  31.920           0.2487000E+01
  31.940           0.4860000E+00
  31.960          -0.1629000E+01
  31.980          -0.3022000E+01
  32.000          -0.2500000E-01
  32.020           0.2062000E+01
  32.040           0.4290000E+00
  32.060          -0.1251000E+01
  32.080          -0.3468000E+01
  32.100          -0.3085000E+01
  32.120          -0.3170000E+01
  32.140          -0.1970000E+01
  32.160           0.2510000E+00
  32.180           0.1469000E+01
  32.200           0.1546000E+01
  32.220           0.8400000E-01
  32.240          -0.8090000E+00
  32.260          -0.2727000E+01
  32.280          -0.5239000E+01
  32.300          -0.3374000E+01
  32.320           0.6600000E-01
  32.340           0.1846000E+01
  32.360           0.8130000E+00
  32.380          -0.1324000E+01
  32.400          -0.1248000E+01
  32.420          -0.1289000E+01
  32.440          -0.3013000E+01
  32.460          -0.3256000E+01
  32.480          -0.2943000E+01
  32.500          -0.9560000E+00
  32.520          -0.5480000E+00
  32.540           0.1050000E+01
  32.560           0.2566000E+01
  32.580           0.1279000E+01
  32.600          -0.1700000E+00
  32.620          -0.7650000E+00
  32.640           0.5890000E+00
  32.660           0.1551000E+01
  32.680           0.2025000E+01
  32.700           0.2070000E+01
  32.720           0.7730000E+00
  32.740           0.1073000E+01
  32.760           0.1126000E+01
  32.780          -0.7540000E+00
  32.800          -0.7240000E+00
  32.820          -0.2520000E+00
  32.840           0.5550000E+00
  32.860           0.8890000E+00
  32.880           0.1695000E+01
  32.900           0.6760000E+00
  32.920          -0.9740000E+00
  32.940          -0.1781000E+01
  32.960          -0.1438000E+01
  32.980          -0.1184000E+01
  33.000          -0.2110000E+00
  33.020           0.9500000E-01
  33.040          -0.1559000E+01
  33.060          -0.4724000E+01
  33.080          -0.4394000E+01
  33.100          -0.2178000E+01
  33.120           0.2033000E+01
  33.140           0.3380000E+01
  33.160           0.3002000E+01
  33.180           0.8300000E+00
  33.200          -0.1278000E+01
  33.220          -0.6410000E+00
  33.240           0.5170000E+00
  33.260          -0.1480000E+00
  33.280          -0.2303000E+01
  33.300          -0.3296000E+01
  33.320          -0.4250000E+00
  33.340           0.3080000E+01
  33.360           0.4852000E+01
  33.380           0.4170000E+01
  33.400           0.2257000E+01
  33.420          -0.4700000E+00
  33.440          -0.4570000E+00
  33.460          -0.5320000E+00
  33.480          -0.1324000E+01
  33.500          -0.1222000E+01
  33.520          -0.4190000E+00
  33.540          -0.6320000E+00
  33.560          -0.4840000E+00
  33.580           0.1396000E+01
  33.600           0.2514000E+01
  33.620           0.3557000E+01
  33.640           0.2182000E+01
  33.660          -0.7570000E+00
  33.680          -0.1822000E+01
  33.700          -0.1466000E+01
  33.720           0.1570000E+00
  33.740           0.5020000E+00
  33.760           0.6600000E-01
  33.780           0.2227000E+01
  33.800           0.3216000E+01
  33.820           0.3453000E+01
  33.840           0.1017000E+01
  33.860          -0.4300000E+00
  33.880          -0.1146000E+01
  33.900          -0.2074000E+01
  33.920          -0.2265000E+01
  33.940          -0.5390000E+00
  33.960           0.1504000E+01
  33.980           0.1454000E+01
  34.000           0.1113000E+01
  34.020           0.8590000E+00
  34.040           0.1080000E+00
  34.060          -0.4350000E+00
  34.080          -0.2530000E+00
  34.100           0.1800000E+00
  34.120          -0.1067000E+01
  34.140          -0.5500000E-01
  34.160           0.9800000E-01
  34.180          -0.4690000E+00
  34.200          -0.1659000E+01
  34.220          -0.2130000E+01
  34.240          -0.1118000E+01
  34.260          -0.3990000E+00
  34.280           0.8680000E+00
  34.300           0.2250000E+01
  34.320           0.1662000E+01
  34.340           0.6370000E+00
  34.360          -0.2800000E-01
  34.380          -0.5330000E+00
  34.400          -0.8880000E+00
  34.420          -0.1453000E+01
  34.440          -0.3528000E+01
  34.460          -0.4576000E+01
  34.480          -0.3616000E+01
  34.500          -0.9930000E+00
  34.520           0.6610000E+00
  34.540           0.9980000E+00
  34.560           0.2680000E+00
  34.580          -0.1900000E+00
  34.600          -0.7660000E+00
  34.620          -0.1149000E+01
  34.640          -0.1800000E+01
  34.660          -0.7620000E+00
  34.680           0.4760000E+00
  34.700           0.5340000E+00
  34.720           0.8330000E+00
  34.740           0.3460000E+00
  34.760          -0.1300000E+00
  34.780          -0.1413000E+01
  34.800          -0.1268000E+01
  34.820          -0.1146000E+01
  34.840          -0.1347000E+01
  34.860          -0.2620000E+01
  34.880          -0.3033000E+01
  34.900          -0.8440000E+00
  34.920           0.1511000E+01
  34.940           0.2281000E+01
  34.960           0.2446000E+01
  34.980           0.1699000E+01
  35.000          -0.1180000E+00
  35.020          -0.9680000E+00
  35.040           0.1340000E+00
  35.060           0.2210000E+00
  35.080          -0.1152000E+01
  35.100          -0.2871000E+01
  35.120          -0.3127000E+01
  35.140          -0.1869000E+01
  35.160           0.4670000E+00
  35.180           0.8890000E+00
  35.200          -0.1410000E+00
  35.220          -0.7000000E+00
  35.240          -0.8910000E+00
  35.260           0.1000000E-01
  35.280          -0.1990000E+00
  35.300          -0.6340000E+00
  35.320          -0.3230000E+00
  35.340           0.4170000E+00
  35.360           0.1172000E+01
  35.380           0.7710000E+00
  35.400          -0.1003000E+01
  35.420          -0.2019000E+01
  35.440          -0.1419000E+01
  35.460          -0.4100000E-01
  35.480           0.7400000E+00
  35.500           0.7460000E+00
  35.520           0.5000000E+00
  35.540           0.3170000E+00
  35.560           0.9420000E+00
  35.580           0.2074000E+01
  35.600           0.2024000E+01
  35.620           0.1071000E+01
  35.640           0.2100000E+00
  35.660          -0.1290000E+00
  35.680           0.7430000E+00
  35.700           0.7880000E+00
  35.720           0.7060000E+00
  35.740           0.8950000E+00
  35.760           0.7020000E+00
  35.780           0.6660000E+00
  35.800           0.1374000E+01
  35.820           0.1999000E+01
  35.840           0.2145000E+01
  35.860           0.1653000E+01
  35.880           0.8880000E+00
  35.900           0.2480000E+00
  35.920           0.3910000E+00
  35.940           0.6670000E+00
  35.960           0.5010000E+00
  35.980           0.6570000E+00
  36.000           0.6650000E+00
  36.020           0.4900000E+00
  36.040           0.2740000E+00
  36.060           0.1040000E+00
  36.080          -0.4620000E+00
  36.100          -0.5530000E+00
  36.120          -0.2060000E+00
  36.140          -0.5700000E-01
  36.160          -0.2940000E+00
  36.180          -0.4380000E+00
  36.200          -0.5940000E+00
  36.220          -0.6310000E+00
  36.240          -0.4930000E+00
  36.260          -0.4150000E+00
  36.280          -0.3960000E+00
  36.300          -0.4100000E+00
  36.320          -0.3240000E+00
  36.340          -0.5290000E+00
  36.360          -0.6320000E+00
  36.380          -0.4860000E+00
  36.400          -0.1080000E+00
  36.420           0.2650000E+00
  36.440           0.2830000E+00
  36.460           0.1080000E+00
  36.480          -0.1610000E+00
  36.500          -0.3490000E+00
  36.520          -0.1990000E+00
  36.540          -0.2900000E-01
  36.560           0.1700000E-01
  36.580          -0.3300000E-01
  36.600          -0.1780000E+00
  36.620          -0.2450000E+00
  36.640          -0.9600000E-01
  36.660           0.6800000E-01
  36.680           0.1190000E+00
  36.700           0.4000000E-01
  36.720          -0.6000000E-01
  36.740          -0.1540000E+00
  36.760          -0.1010000E+00
  36.780           0.2000000E-01
  36.800           0.1220000E+00
  36.820           0.1140000E+00
  36.840           0.9800000E-01
  36.860           0.6900000E-01
  36.880           0.7000000E-01
  36.900           0.6700000E-01
  36.920           0.4200000E-01
  36.940          -0.7000000E-02
  36.960          -0.2200000E-01
  36.980          -0.3600000E-01
  37.000          -0.3900000E-01
  37.020          -0.4000000E-01
  37.040          -0.2000000E-01
  37.060           0.1000000E-02
  37.080           0.8000000E-02
  37.100           0.1000000E-02
  37.120           0.0000000E+00
  37.140           0.0000000E+00
  37.160           0.0000000E+00
  37.180           0.0000000E+00
  37.200           0.0000000E+00
  37.220           0.0000000E+00
  37.240           0.0000000E+00
  37.260           0.0000000E+00
  37.280           0.0000000E+00
  37.300           0.0000000E+00
  37.320           0.0000000E+00
  37.340           0.0000000E+00
  37.360           0.0000000E+00
  37.380           0.0000000E+00
  37.400           0.0000000E+00
  37.420           0.0000000E+00
  37.440           0.0000000E+00
  37.460           0.0000000E+00
  37.480           0.0000000E+00
  37.500           0.0000000E+00
  37.520           0.0000000E+00
  37.540           0.0000000E+00
  37.560           0.0000000E+00
  37.580           0.0000000E+00
  37.600           0.0000000E+00
  37.620           0.0000000E+00
  37.640           0.0000000E+00
  37.660           0.0000000E+00
  37.680           0.0000000E+00
  37.700           0.0000000E+00
  37.720           0.0000000E+00
  37.740           0.0000000E+00
  37.760           0.0000000E+00
  37.780           0.0000000E+00
  37.800           0.0000000E+00
  37.820           0.0000000E+00
  37.840           0.0000000E+00
  37.860           0.0000000E+00
  37.880           0.0000000E+00
  37.900           0.0000000E+00
  37.920           0.0000000E+00
  37.940           0.0000000E+00
  37.960           0.0000000E+00
  37.980           0.0000000E+00
  38.000           0.0000000E+00
  38.020           0.0000000E+00
  38.040           0.0000000E+00
  38.060           0.0000000E+00
  38.080           0.0000000E+00
  38.100           0.0000000E+00
  38.120           0.0000000E+00
  38.140           0.0000000E+00
  38.160           0.0000000E+00
  38.180           0.0000000E+00
  38.200           0.0000000E+00
  38.220           0.0000000E+00
  38.240           0.0000000E+00
  38.260           0.0000000E+00
  38.280           0.0000000E+00
  38.300           0.0000000E+00
  38.320           0.0000000E+00
  38.340           0.0000000E+00
  38.360           0.0000000E+00
  38.380           0.0000000E+00
  38.400           0.0000000E+00
  38.420           0.0000000E+00
  38.440           0.0000000E+00
  38.460           0.0000000E+00
  38.480           0.0000000E+00
  38.500           0.0000000E+00
  38.520           0.0000000E+00
  38.540           0.0000000E+00
  38.560           0.0000000E+00
  38.580           0.0000000E+00
  38.600           0.0000000E+00
  38.620           0.0000000E+00
  38.640           0.0000000E+00
  38.660           0.0000000E+00
  38.680           0.0000000E+00
  38.700           0.0000000E+00
  38.720           0.0000000E+00
  38.740           0.0000000E+00
  38.760           0.0000000E+00
  38.780           0.0000000E+00
  38.800           0.0000000E+00
  38.820           0.0000000E+00
  38.840           0.0000000E+00
  38.860           0.0000000E+00
  38.880           0.0000000E+00
  38.900           0.0000000E+00
  38.920           0.0000000E+00
  38.940           0.0000000E+00
  38.960           0.0000000E+00
  38.980           0.0000000E+00
  39.000           0.0000000E+00
  39.020           0.0000000E+00
  39.040           0.0000000E+00
  39.060           0.0000000E+00
  39.080           0.0000000E+00
  39.100           0.0000000E+00
  39.120           0.0000000E+00
  39.140           0.0000000E+00
  39.160           0.0000000E+00
  39.180           0.0000000E+00
  39.200           0.0000000E+00
  39.220           0.0000000E+00
  39.240           0.0000000E+00
  39.260           0.0000000E+00
  39.280           0.0000000E+00
  39.300           0.0000000E+00
  39.320           0.0000000E+00
  39.340           0.0000000E+00
  39.360           0.0000000E+00
  39.380           0.0000000E+00
  39.400           0.0000000E+00
  39.420           0.0000000E+00
  39.440           0.0000000E+00
  39.460           0.0000000E+00
  39.480           0.0000000E+00
  39.500           0.0000000E+00
  39.520           0.0000000E+00
  39.540           0.0000000E+00
  39.560           0.0000000E+00
  39.580           0.0000000E+00
  39.600           0.0000000E+00
  39.620           0.0000000E+00
  39.640           0.0000000E+00
  39.660           0.0000000E+00
  39.680           0.0000000E+00
  39.700           0.0000000E+00
  39.720           0.0000000E+00
  39.740           0.0000000E+00
  39.760           0.0000000E+00
  39.780           0.0000000E+00
  39.800           0.0000000E+00
  39.820           0.0000000E+00
  39.840           0.0000000E+00
  39.860           0.0000000E+00
  39.880           0.0000000E+00
  39.900           0.0000000E+00
  39.920           0.0000000E+00
  39.940           0.0000000E+00
  39.960           0.0000000E+00
  39.980           0.0000000E+00
  40.000           0.0000000E+00
  40.020           0.0000000E+00
  40.040           0.0000000E+00
  40.060           0.0000000E+00
  40.080           0.0000000E+00
  40.100           0.0000000E+00
  40.120           0.0000000E+00
  40.140           0.0000000E+00
  40.160           0.0000000E+00
  40.180           0.0000000E+00
  40.200           0.0000000E+00
  40.220           0.0000000E+00
  40.240           0.0000000E+00
  40.260           0.0000000E+00
  40.280           0.0000000E+00
  40.300           0.0000000E+00
  40.320           0.0000000E+00
  40.340           0.0000000E+00
  40.360           0.0000000E+00
  40.380           0.0000000E+00
  40.400           0.0000000E+00
  40.420           0.0000000E+00
  40.440           0.0000000E+00
  40.460           0.0000000E+00
  40.480           0.0000000E+00
  40.500           0.0000000E+00
  40.520           0.0000000E+00
  40.540           0.0000000E+00
  40.560           0.0000000E+00
  40.580           0.0000000E+00
  40.600           0.0000000E+00
  40.620           0.0000000E+00
  40.640           0.0000000E+00
  40.660           0.0000000E+00
  40.680           0.0000000E+00
  40.700           0.0000000E+00
  40.720           0.0000000E+00
  40.740           0.0000000E+00
  40.760           0.0000000E+00
  40.780           0.0000000E+00
  40.800           0.0000000E+00
  40.820           0.0000000E+00
  40.840           0.0000000E+00
  40.860           0.0000000E+00
  40.880           0.0000000E+00
  40.900           0.0000000E+00
  40.920           0.0000000E+00
  40.940           0.0000000E+00
  40.960           0.0000000E+00
