   0.020          -0.3100000E-01
   0.040          -0.3100000E-01
   0.060          -0.3100000E-01
   0.080          -0.6000000E-01
   0.100          -0.3100000E-01
   0.120          -0.3100000E-01
   0.140          -0.1480000E+00
   0.160          -0.3200000E-01
   0.180          -0.3200000E-01
   0.200          -0.2930000E+00
   0.220          -0.4100000E-01
   0.240          -0.3700000E-01
   0.260          -0.4310000E+00
   0.280          -0.5900000E-01
   0.300          -0.6700000E-01
   0.320          -0.6380000E+00
   0.340          -0.7400000E-01
   0.360          -0.8900000E-01
   0.380          -0.1022000E+01
   0.400          -0.9700000E-01
   0.420          -0.1100000E+00
   0.440          -0.1457000E+01
   0.460          -0.1380000E+00
   0.480          -0.1520000E+00
   0.500          -0.1839000E+01
   0.520          -0.2990000E+00
   0.540          -0.2870000E+00
   0.560          -0.2389000E+01
   0.580          -0.1038000E+01
   0.600          -0.7680000E+00
   0.620          -0.1347000E+01
   0.640           0.5990000E+00
   0.660           0.1875000E+01
   0.680           0.3459000E+01
   0.700           0.1445000E+01
   0.720           0.1171000E+01
   0.740           0.1778000E+01
   0.760           0.2154000E+01
   0.780           0.2037000E+01
   0.800           0.3642000E+01
   0.820           0.5143000E+01
   0.840           0.1118000E+01
   0.860          -0.9100000E+00
   0.880          -0.2638000E+01
   0.900          -0.1615000E+01
   0.920          -0.1666000E+01
   0.940          -0.5298000E+01
   0.960          -0.3877000E+01
   0.980          -0.3330000E+01
   1.000          -0.7454000E+01
   1.020          -0.4473000E+01
   1.040          -0.5169000E+01
   1.060          -0.8776000E+01
   1.080          -0.6022000E+01
   1.100          -0.1739000E+01
   1.120           0.1572000E+01
   1.140           0.4276000E+01
   1.160           0.3565000E+01
   1.180           0.2375000E+01
   1.200           0.4174000E+01
   1.220           0.4558000E+01
   1.240           0.3612000E+01
   1.260           0.7305000E+01
   1.280           0.7799000E+01
   1.300           0.4873000E+01
   1.320           0.8368000E+01
   1.340           0.1107300E+02
   1.360           0.1098600E+02
   1.380           0.1397700E+02
   1.400           0.1508500E+02
   1.420           0.1259200E+02
   1.440           0.1627200E+02
   1.460           0.1620500E+02
   1.480           0.1077800E+02
   1.500          -0.7000000E-01
   1.520          -0.1795000E+01
   1.540          -0.2002000E+01
   1.560           0.5172000E+01
   1.580           0.1513500E+02
   1.600           0.1592000E+02
   1.620           0.1407500E+02
   1.640           0.1701000E+02
   1.660           0.2171500E+02
   1.680           0.1243800E+02
   1.700           0.2217000E+01
   1.720          -0.1956000E+01
   1.740           0.2621000E+01
   1.760           0.7658000E+01
   1.780           0.1025600E+02
   1.800          -0.1841000E+01
   1.820          -0.5075000E+01
   1.840          -0.5978000E+01
   1.860          -0.2415000E+01
   1.880          -0.7192000E+01
   1.900          -0.1087900E+02
   1.920          -0.3934000E+01
   1.940          -0.2200000E+00
   1.960           0.9709000E+01
   1.980           0.1945000E+01
   2.000          -0.1064400E+02
   2.020          -0.1660800E+02
   2.040          -0.1307000E+02
   2.060          -0.4364000E+01
   2.080           0.1634800E+02
   2.100           0.2748900E+02
   2.120           0.2923800E+02
   2.140           0.1018100E+02
   2.160          -0.5184000E+01
   2.180          -0.3548000E+01
   2.200           0.1212400E+02
   2.220           0.2746700E+02
   2.240           0.3277200E+02
   2.260           0.2068700E+02
   2.280           0.1131400E+02
   2.300           0.8990000E+00
   2.320          -0.1361100E+02
   2.340          -0.2162600E+02
   2.360          -0.2586500E+02
   2.380          -0.1098300E+02
   2.400          -0.5326000E+01
   2.420          -0.8226000E+01
   2.440          -0.1392600E+02
   2.460          -0.1776500E+02
   2.480          -0.2011100E+02
   2.500          -0.1242600E+02
   2.520          -0.3427000E+01
   2.540           0.7907000E+01
   2.560           0.2664400E+02
   2.580           0.2896500E+02
   2.600           0.5047000E+01
   2.620          -0.1800700E+02
   2.640          -0.2168900E+02
   2.660          -0.1953800E+02
   2.680          -0.2147400E+02
   2.700          -0.2623600E+02
   2.720          -0.3257300E+02
   2.740          -0.3107900E+02
   2.760          -0.2604000E+02
   2.780          -0.2848800E+02
   2.800          -0.2056600E+02
   2.820          -0.9761000E+01
   2.840           0.6406000E+01
   2.860           0.2082700E+02
   2.880           0.4350700E+02
   2.900           0.6703100E+02
   2.920           0.5898800E+02
   2.940           0.3987700E+02
   2.960           0.3576600E+02
   2.980           0.2899100E+02
   3.000           0.3528000E+02
   3.020           0.3994800E+02
   3.040           0.1902100E+02
   3.060           0.4847000E+01
   3.080           0.8467000E+01
   3.100           0.3653600E+02
   3.120           0.4831300E+02
   3.140           0.7079300E+02
   3.160           0.7814300E+02
   3.180           0.6437800E+02
   3.200           0.3769100E+02
   3.220           0.1071600E+02
   3.240          -0.9870000E+01
   3.260          -0.2465900E+02
   3.280          -0.3447900E+02
   3.300          -0.2428500E+02
   3.320          -0.2631700E+02
   3.340          -0.3216300E+02
   3.360          -0.2504300E+02
   3.380           0.2269000E+01
   3.400           0.2460700E+02
   3.420           0.3711100E+02
   3.440           0.1005900E+02
   3.460          -0.1412000E+02
   3.480          -0.2219000E+01
   3.500          -0.2251800E+02
   3.520          -0.5925700E+02
   3.540          -0.7663000E+02
   3.560          -0.5714100E+02
   3.580          -0.1878600E+02
   3.600           0.1355000E+02
   3.620           0.2538200E+02
   3.640           0.3634000E+02
   3.660           0.8001700E+02
   3.680           0.1030610E+03
   3.700           0.6711600E+02
   3.720           0.1545500E+02
   3.740          -0.1887500E+02
   3.760           0.9902000E+01
   3.780           0.2469400E+02
   3.800           0.2647600E+02
   3.820           0.1779400E+02
   3.840           0.2191800E+02
   3.860           0.4089400E+02
   3.880           0.6515200E+02
   3.900           0.2873000E+02
   3.920          -0.1308500E+02
   3.940          -0.3475600E+02
   3.960          -0.3927600E+02
   3.980          -0.3426800E+02
   4.000          -0.3877300E+02
   4.020          -0.3488100E+02
   4.040          -0.9149000E+01
   4.060          -0.7650000E+01
   4.080          -0.3189800E+02
   4.100          -0.4533000E+02
   4.120          -0.5144300E+02
   4.140          -0.2173000E+01
   4.160           0.4488700E+02
   4.180           0.6474800E+02
   4.200           0.7362200E+02
   4.220           0.5627100E+02
   4.240           0.4610300E+02
   4.260           0.3615700E+02
   4.280           0.4147900E+02
   4.300           0.3301500E+02
   4.320          -0.3222100E+02
   4.340          -0.7298800E+02
   4.360          -0.8928000E+02
   4.380          -0.1045420E+03
   4.400          -0.1182880E+03
   4.420          -0.8104500E+02
   4.440           0.5750000E+01
   4.460           0.1024340E+03
   4.480           0.1152240E+03
   4.500           0.6957500E+02
   4.520          -0.3510000E+00
   4.540          -0.5017000E+02
   4.560          -0.4534500E+02
   4.580          -0.1585400E+02
   4.600           0.1471200E+02
   4.620           0.1801800E+02
   4.640           0.1803000E+01
   4.660           0.5846000E+01
   4.680           0.3828500E+02
   4.700           0.9477500E+02
   4.720           0.1428400E+03
   4.740           0.1223820E+03
   4.760           0.6852500E+02
   4.780           0.2430200E+02
   4.800           0.1057500E+02
   4.820           0.1789700E+02
   4.840           0.5142900E+02
   4.860           0.1340000E+01
   4.880          -0.9306800E+02
   4.900          -0.1369150E+03
   4.920          -0.1007070E+03
   4.940          -0.1402300E+02
   4.960          -0.1214500E+02
   4.980          -0.7260000E+02
   5.000          -0.1384390E+03
   5.020          -0.1309660E+03
   5.040          -0.7759600E+02
   5.060          -0.9992500E+02
   5.080          -0.6305700E+02
   5.100           0.7410000E+00
   5.120           0.2688800E+02
   5.140          -0.2120400E+02
   5.160          -0.3454800E+02
   5.180          -0.2353200E+02
   5.200          -0.2414300E+02
   5.220          -0.6245000E+01
   5.240          -0.4393500E+02
   5.260          -0.3910200E+02
   5.280          -0.4469700E+02
   5.300          -0.7104100E+02
   5.320          -0.5630500E+02
   5.340           0.7551000E+01
   5.360           0.6286700E+02
   5.380           0.8411700E+02
   5.400           0.7921900E+02
   5.420           0.4159000E+02
   5.440          -0.6840000E+00
   5.460          -0.3894200E+02
   5.480          -0.7259700E+02
   5.500          -0.6339500E+02
   5.520          -0.8069600E+02
   5.540          -0.9393000E+02
   5.560          -0.2778700E+02
   5.580           0.5684000E+01
   5.600          -0.4457500E+02
   5.620          -0.1161410E+03
   5.640          -0.1922350E+03
   5.660          -0.2220310E+03
   5.680          -0.1787560E+03
   5.700          -0.1295050E+03
   5.720          -0.1243950E+03
   5.740          -0.5489800E+02
   5.760          -0.1743400E+02
   5.780           0.2189000E+02
   5.800           0.5435200E+02
   5.820           0.8912000E+02
   5.840           0.1047150E+03
   5.860           0.7987900E+02
   5.880           0.7764000E+01
   5.900          -0.9783000E+01
   5.920          -0.2393100E+02
   5.940          -0.6820100E+02
   5.960          -0.8889700E+02
   5.980          -0.8769200E+02
   6.000          -0.5485900E+02
   6.020          -0.6135000E+02
   6.040          -0.1173830E+03
   6.060          -0.1610310E+03
   6.080          -0.1581400E+03
   6.100          -0.9184400E+02
   6.120          -0.2969400E+02
   6.140           0.2379500E+02
   6.160           0.1088900E+03
   6.180           0.1311470E+03
   6.200           0.1102270E+03
   6.220           0.1007670E+03
   6.240           0.4850100E+02
   6.260           0.2425700E+02
   6.280          -0.1131700E+02
   6.300           0.3300000E+00
   6.320          -0.3405000E+01
   6.340           0.8602000E+01
   6.360           0.7239000E+01
   6.380           0.4665700E+02
   6.400           0.1176220E+03
   6.420           0.1061100E+03
   6.440           0.2878200E+02
   6.460          -0.4990400E+02
   6.480          -0.7057100E+02
   6.500          -0.1017960E+03
   6.520          -0.7788700E+02
   6.540          -0.6923100E+02
   6.560          -0.2235100E+02
   6.580           0.1924000E+02
   6.600          -0.2180000E+01
   6.620          -0.2077400E+02
   6.640          -0.6875600E+02
   6.660          -0.3354100E+02
   6.680           0.1369000E+02
   6.700           0.7881000E+01
   6.720           0.8600000E+00
   6.740          -0.5048700E+02
   6.760          -0.7279200E+02
   6.780          -0.1026130E+03
   6.800          -0.5432600E+02
   6.820           0.3040500E+02
   6.840           0.1070660E+03
   6.860           0.1322310E+03
   6.880           0.1193160E+03
   6.900           0.6814900E+02
   6.920           0.2762900E+02
   6.940           0.7219700E+02
   6.960           0.9517400E+02
   6.980           0.5968600E+02
   7.000          -0.6387600E+02
   7.020          -0.1121390E+03
   7.040          -0.1372900E+03
   7.060          -0.1560590E+03
   7.080          -0.1176160E+03
   7.100          -0.1175600E+02
   7.120           0.9303900E+02
   7.140           0.9808400E+02
   7.160           0.7354400E+02
   7.180           0.7931000E+01
   7.200          -0.2011700E+02
   7.220          -0.2007000E+02
   7.240          -0.3925300E+02
   7.260          -0.2801000E+02
   7.280          -0.1923100E+02
   7.300           0.1020500E+02
   7.320           0.4264000E+02
   7.340           0.1043550E+03
   7.360           0.1425950E+03
   7.380           0.1352340E+03
   7.400           0.5675100E+02
   7.420          -0.2505800E+02
   7.440          -0.7904800E+02
   7.460          -0.1488000E+03
   7.480          -0.1256210E+03
   7.500          -0.3911400E+02
   7.520           0.3257900E+02
   7.540           0.7863400E+02
   7.560           0.5284000E+02
   7.580           0.3761400E+02
   7.600           0.3990600E+02
   7.620           0.4455400E+02
   7.640          -0.1525500E+02
   7.660          -0.6076700E+02
   7.680          -0.2767700E+02
   7.700           0.1886200E+02
   7.720           0.6108700E+02
   7.740           0.8268800E+02
   7.760           0.1178730E+03
   7.780           0.8430100E+02
   7.800           0.2455100E+02
   7.820          -0.5228000E+01
   7.840          -0.3789800E+02
   7.860          -0.2856600E+02
   7.880          -0.3690000E+00
   7.900           0.3776500E+02
   7.920           0.3186000E+02
   7.940          -0.6018500E+02
   7.960          -0.1470990E+03
   7.980          -0.1998530E+03
   8.000          -0.1592450E+03
   8.020          -0.6504200E+02
   8.040           0.3779400E+02
   8.060           0.9700800E+02
   8.080           0.8674700E+02
   8.100           0.7486700E+02
   8.120           0.1502460E+03
   8.140           0.2107090E+03
   8.160           0.2136240E+03
   8.180           0.1310870E+03
   8.200           0.2292800E+02
   8.220          -0.5063100E+02
   8.240          -0.6926800E+02
   8.260          -0.1023790E+03
   8.280          -0.6496800E+02
   8.300           0.1975300E+02
   8.320           0.6194700E+02
   8.340           0.3840300E+02
   8.360          -0.1423400E+02
   8.380           0.3114000E+01
   8.400           0.5087700E+02
   8.420           0.8037000E+01
   8.440          -0.1026450E+03
   8.460          -0.1348110E+03
   8.480          -0.1040710E+03
   8.500          -0.6976000E+02
   8.520          -0.6978900E+02
   8.540          -0.1302870E+03
   8.560          -0.1246100E+03
   8.580          -0.8357400E+02
   8.600          -0.3609300E+02
   8.620          -0.3686400E+02
   8.640          -0.3022000E+02
   8.660          -0.1515700E+02
   8.680          -0.2155700E+02
   8.700           0.1031700E+02
   8.720          -0.1132700E+02
   8.740          -0.3997000E+01
   8.760          -0.7660000E+00
   8.780           0.8604900E+02
   8.800           0.1401540E+03
   8.820           0.1534540E+03
   8.840           0.1224560E+03
   8.860           0.1066120E+03
   8.880           0.9888400E+02
   8.900           0.8200000E+02
   8.920           0.9508200E+02
   8.940           0.3234600E+02
   8.960          -0.2893400E+02
   8.980          -0.1199000E+03
   9.000          -0.1406220E+03
   9.020          -0.5962400E+02
   9.040           0.4990400E+02
   9.060           0.8343100E+02
   9.080           0.1104310E+03
   9.100           0.6145800E+02
   9.120          -0.1960100E+02
   9.140          -0.5185100E+02
   9.160          -0.6809400E+02
   9.180          -0.8457500E+02
   9.200          -0.5345200E+02
   9.220          -0.8232000E+02
   9.240          -0.9628900E+02
   9.260          -0.3452000E+01
   9.280           0.5316500E+02
   9.300           0.7680600E+02
   9.320           0.7862400E+02
   9.340           0.2321600E+02
   9.360          -0.4087000E+01
   9.380           0.5816300E+02
   9.400           0.1242250E+03
   9.420           0.1395690E+03
   9.440           0.7908000E+02
   9.460           0.2558600E+02
   9.480          -0.6868800E+02
   9.500          -0.7605900E+02
   9.520          -0.8170200E+02
   9.540          -0.7798600E+02
   9.560          -0.5058600E+02
   9.580          -0.3930300E+02
   9.600          -0.3568200E+02
   9.620          -0.2098800E+02
   9.640           0.6643900E+02
   9.660           0.1193180E+03
   9.680           0.1758910E+03
   9.700           0.1693800E+03
   9.720           0.1281320E+03
   9.740           0.4774800E+02
   9.760          -0.2050000E+02
   9.780           0.1418300E+02
   9.800           0.1032320E+03
   9.820           0.1312430E+03
   9.840           0.5101400E+02
   9.860          -0.4005300E+02
   9.880          -0.7031500E+02
   9.900          -0.5464600E+02
   9.920          -0.6604800E+02
   9.940          -0.1201370E+03
   9.960          -0.1620070E+03
   9.980          -0.1477510E+03
  10.000          -0.1037710E+03
  10.020          -0.8265100E+02
  10.040          -0.1490300E+02
  10.060           0.6022300E+02
  10.080           0.7689100E+02
  10.100           0.9535600E+02
  10.120           0.1086610E+03
  10.140           0.3206400E+02
  10.160          -0.9111100E+02
  10.180          -0.1328230E+03
  10.200          -0.7444100E+02
  10.220           0.3067000E+01
  10.240           0.2993600E+02
  10.260           0.3294800E+02
  10.280          -0.1643900E+02
  10.300           0.1164100E+02
  10.320           0.5278400E+02
  10.340           0.1896000E+01
  10.360          -0.2251900E+02
  10.380           0.5548200E+02
  10.400           0.1521320E+03
  10.420           0.1407510E+03
  10.440           0.7865300E+02
  10.460          -0.2702500E+02
  10.480          -0.5686400E+02
  10.500          -0.2869100E+02
  10.520          -0.1931000E+01
  10.540          -0.2160500E+02
  10.560          -0.2063400E+02
  10.580           0.3631000E+02
  10.600           0.4751300E+02
  10.620           0.6064000E+01
  10.640          -0.3613300E+02
  10.660          -0.4123500E+02
  10.680           0.1709000E+01
  10.700           0.1884000E+02
  10.720           0.2138600E+02
  10.740           0.6684700E+02
  10.760           0.6783100E+02
  10.780           0.6580600E+02
  10.800           0.1803300E+02
  10.820           0.8214000E+01
  10.840           0.1267700E+02
  10.860          -0.1069800E+02
  10.880          -0.4838400E+02
  10.900          -0.1340650E+03
  10.920          -0.1286450E+03
  10.940          -0.7369900E+02
  10.960          -0.3220600E+02
  10.980          -0.8200000E-01
  11.000          -0.9292000E+01
  11.020           0.6186400E+02
  11.040           0.1177690E+03
  11.060           0.8155200E+02
  11.080           0.6240200E+02
  11.100           0.5532800E+02
  11.120           0.6606200E+02
  11.140           0.2172300E+02
  11.160          -0.2413600E+02
  11.180          -0.8716500E+02
  11.200          -0.8823800E+02
  11.220          -0.5854000E+02
  11.240          -0.5695000E+01
  11.260          -0.9025000E+01
  11.280          -0.5980200E+02
  11.300          -0.6249900E+02
  11.320          -0.6813200E+02
  11.340          -0.3722600E+02
  11.360          -0.3613200E+02
  11.380           0.2393400E+02
  11.400           0.2996300E+02
  11.420          -0.6694700E+02
  11.440          -0.1408590E+03
  11.460          -0.1351600E+03
  11.480          -0.1313950E+03
  11.500          -0.6696400E+02
  11.520          -0.1228500E+02
  11.540          -0.2715700E+02
  11.560          -0.5428700E+02
  11.580          -0.5616900E+02
  11.600           0.7417000E+01
  11.620           0.2570100E+02
  11.640           0.3735800E+02
  11.660          -0.2831900E+02
  11.680          -0.7913800E+02
  11.700          -0.5794200E+02
  11.720           0.1421800E+02
  11.740           0.8280500E+02
  11.760           0.1130940E+03
  11.780           0.1430290E+03
  11.800           0.1112160E+03
  11.820           0.5675500E+02
  11.840           0.3271300E+02
  11.860           0.7221000E+01
  11.880          -0.3502300E+02
  11.900          -0.2251000E+01
  11.920           0.4575500E+02
  11.940           0.3874300E+02
  11.960           0.2843600E+02
  11.980           0.2653800E+02
  12.000           0.9145600E+02
  12.020           0.1488260E+03
  12.040           0.1140920E+03
  12.060           0.1287900E+02
  12.080          -0.3614100E+02
  12.100          -0.4063800E+02
  12.120           0.1365300E+02
  12.140           0.5537200E+02
  12.160           0.5794700E+02
  12.180           0.2957800E+02
  12.200          -0.1207800E+02
  12.220          -0.2161100E+02
  12.240          -0.1072800E+02
  12.260           0.3945500E+02
  12.280           0.3072100E+02
  12.300          -0.3208100E+02
  12.320          -0.9836400E+02
  12.340          -0.1281760E+03
  12.360          -0.1230210E+03
  12.380          -0.5471100E+02
  12.400          -0.1289100E+02
  12.420           0.6127400E+02
  12.440           0.2912000E+02
  12.460          -0.5607000E+01
  12.480          -0.2005200E+02
  12.500          -0.7437200E+02
  12.520          -0.1044870E+03
  12.540          -0.1434670E+03
  12.560          -0.1591080E+03
  12.580          -0.1546390E+03
  12.600          -0.1039410E+03
  12.620          -0.8183500E+02
  12.640          -0.3979800E+02
  12.660           0.8423000E+01
  12.680           0.8850100E+02
  12.700           0.1352630E+03
  12.720           0.1902200E+03
  12.740           0.1860740E+03
  12.760           0.7702000E+02
  12.780          -0.8138000E+01
  12.800          -0.5448000E+01
  12.820          -0.2440000E+01
  12.840           0.2305700E+02
  12.860           0.4857200E+02
  12.880           0.5199000E+01
  12.900          -0.8564000E+02
  12.920          -0.1407580E+03
  12.940          -0.9842900E+02
  12.960          -0.1319700E+02
  12.980           0.8818100E+02
  13.000           0.1231930E+03
  13.020           0.7645400E+02
  13.040           0.4335000E+01
  13.060          -0.3250000E+02
  13.080          -0.6054000E+02
  13.100          -0.6812300E+02
  13.120          -0.4860500E+02
  13.140          -0.5981100E+02
  13.160          -0.1136030E+03
  13.180          -0.1481900E+03
  13.200          -0.1444950E+03
  13.220          -0.5019800E+02
  13.240           0.2439300E+02
  13.260           0.7260500E+02
  13.280           0.5744100E+02
  13.300           0.4781400E+02
  13.320           0.8584000E+01
  13.340          -0.5535500E+02
  13.360          -0.9699200E+02
  13.380          -0.1347760E+03
  13.400          -0.9113200E+02
  13.420          -0.4241000E+01
  13.440           0.2779000E+02
  13.460           0.8121700E+02
  13.480           0.1594410E+03
  13.500           0.1161620E+03
  13.520           0.4820000E+00
  13.540          -0.1025620E+03
  13.560          -0.1620810E+03
  13.580          -0.1258430E+03
  13.600          -0.2586300E+02
  13.620           0.7751400E+02
  13.640           0.7936800E+02
  13.660           0.7510700E+02
  13.680           0.3768200E+02
  13.700           0.2049500E+02
  13.720           0.3467800E+02
  13.740           0.7361300E+02
  13.760           0.6787800E+02
  13.780           0.5783400E+02
  13.800           0.2985600E+02
  13.820          -0.3042000E+01
  13.840           0.3013700E+02
  13.860           0.1507800E+02
  13.880           0.5518000E+01
  13.900          -0.5921000E+01
  13.920           0.2679000E+01
  13.940          -0.1466900E+02
  13.960           0.5824700E+02
  13.980           0.9418600E+02
  14.000           0.1093280E+03
  14.020           0.1076510E+03
  14.040           0.9560300E+02
  14.060           0.6700000E+02
  14.080           0.4483900E+02
  14.100           0.2141800E+02
  14.120          -0.3060800E+02
  14.140          -0.5059200E+02
  14.160          -0.7750900E+02
  14.180          -0.2417300E+02
  14.200           0.3893800E+02
  14.220           0.7776100E+02
  14.240           0.1566700E+02
  14.260          -0.5520700E+02
  14.280          -0.8659000E+02
  14.300          -0.5943600E+02
  14.320          -0.7676900E+02
  14.340          -0.9926000E+02
  14.360          -0.4776200E+02
  14.380           0.8258000E+01
  14.400           0.2248700E+02
  14.420          -0.2650700E+02
  14.440           0.1466100E+02
  14.460           0.1094360E+03
  14.480           0.1579550E+03
  14.500           0.1206930E+03
  14.520           0.4465700E+02
  14.540           0.1246600E+02
  14.560          -0.2020600E+02
  14.580           0.1577100E+02
  14.600           0.7353000E+02
  14.620           0.5585300E+02
  14.640           0.2077000E+02
  14.660           0.3194100E+02
  14.680           0.1649900E+02
  14.700           0.3623700E+02
  14.720           0.3507400E+02
  14.740          -0.1224500E+02
  14.760           0.1924100E+02
  14.780           0.6273700E+02
  14.800           0.6460100E+02
  14.820           0.5266900E+02
  14.840           0.3736000E+02
  14.860          -0.1572600E+02
  14.880          -0.1139980E+03
  14.900          -0.1905940E+03
  14.920          -0.2151000E+03
  14.940          -0.1684700E+03
  14.960          -0.7191500E+02
  14.980          -0.1715100E+02
  15.000           0.5022500E+02
  15.020           0.8565400E+02
  15.040           0.4782600E+02
  15.060           0.2549000E+01
  15.080          -0.3148800E+02
  15.100          -0.4011300E+02
  15.120          -0.7329700E+02
  15.140          -0.5858400E+02
  15.160          -0.3048400E+02
  15.180          -0.2677200E+02
  15.200          -0.5108600E+02
  15.220          -0.9370700E+02
  15.240          -0.7740200E+02
  15.260          -0.6092200E+02
  15.280          -0.2299500E+02
  15.300           0.5488000E+01
  15.320           0.4880800E+02
  15.340           0.6517300E+02
  15.360           0.8260000E+02
  15.380           0.8128000E+02
  15.400           0.7942800E+02
  15.420           0.3524200E+02
  15.440          -0.5156800E+02
  15.460          -0.1054040E+03
  15.480          -0.9935200E+02
  15.500          -0.6372100E+02
  15.520          -0.1267700E+02
  15.540           0.2093300E+02
  15.560           0.4785800E+02
  15.580           0.8861500E+02
  15.600           0.1455880E+03
  15.620           0.1433130E+03
  15.640           0.9387600E+02
  15.660           0.3604000E+02
  15.680          -0.3342200E+02
  15.700          -0.4293700E+02
  15.720          -0.2101400E+02
  15.740          -0.3642000E+01
  15.760          -0.1740800E+02
  15.780          -0.1448900E+02
  15.800          -0.2678900E+02
  15.820          -0.4122300E+02
  15.840          -0.5733000E+02
  15.860          -0.4023400E+02
  15.880          -0.5556000E+01
  15.900          -0.6195000E+01
  15.920           0.3916300E+02
  15.940           0.9106700E+02
  15.960           0.8248600E+02
  15.980           0.6457100E+02
  16.000           0.7013600E+02
  16.020           0.5332800E+02
  16.040          -0.2130000E+01
  16.060          -0.3688800E+02
  16.080          -0.4195000E+02
  16.100          -0.6228400E+02
  16.120          -0.5101900E+02
  16.140          -0.5665000E+01
  16.160           0.4739100E+02
  16.180           0.8753400E+02
  16.200           0.9785800E+02
  16.220           0.4824200E+02
  16.240           0.1092000E+02
  16.260          -0.7390000E+01
  16.280          -0.1166300E+02
  16.300          -0.4375200E+02
  16.320          -0.5624400E+02
  16.340          -0.3797500E+02
  16.360          -0.3935000E+02
  16.380          -0.2199800E+02
  16.400           0.2300900E+02
  16.420           0.3213000E+02
  16.440          -0.2842600E+02
  16.460          -0.1039270E+03
  16.480          -0.1518270E+03
  16.500          -0.1614790E+03
  16.520          -0.1153640E+03
  16.540          -0.3272100E+02
  16.560           0.5480000E+01
  16.580           0.1070000E+01
  16.600          -0.1200300E+02
  16.620          -0.1279300E+02
  16.640           0.3035900E+02
  16.660           0.5363400E+02
  16.680           0.7338300E+02
  16.700           0.6075700E+02
  16.720           0.1495900E+02
  16.740          -0.8384000E+01
  16.760          -0.6126000E+01
  16.780          -0.1700000E+01
  16.800          -0.1340000E+01
  16.820          -0.2957900E+02
  16.840          -0.7805400E+02
  16.860          -0.8693800E+02
  16.880          -0.4455400E+02
  16.900           0.2323700E+02
  16.920           0.5507800E+02
  16.940           0.7332300E+02
  16.960           0.5756700E+02
  16.980           0.6338100E+02
  17.000           0.8567400E+02
  17.020           0.7257800E+02
  17.040           0.5875700E+02
  17.060           0.2368400E+02
  17.080          -0.2858700E+02
  17.100          -0.2999600E+02
  17.120          -0.1481300E+02
  17.140           0.4899000E+01
  17.160           0.3038600E+02
  17.180           0.5624000E+02
  17.200           0.7120900E+02
  17.220           0.6051100E+02
  17.240           0.5833700E+02
  17.260           0.3895700E+02
  17.280           0.1386200E+02
  17.300           0.1806600E+02
  17.320           0.3922800E+02
  17.340           0.3550300E+02
  17.360           0.3646900E+02
  17.380           0.8600000E-01
  17.400          -0.2642100E+02
  17.420          -0.5698000E+01
  17.440           0.1642100E+02
  17.460           0.1681800E+02
  17.480          -0.8390000E+00
  17.500          -0.3327000E+01
  17.520           0.5887000E+01
  17.540          -0.3660000E+00
  17.560          -0.3336300E+02
  17.580          -0.4062300E+02
  17.600          -0.1479200E+02
  17.620           0.1257100E+02
  17.640           0.3464400E+02
  17.660           0.3953500E+02
  17.680           0.1746000E+02
  17.700           0.5362000E+01
  17.720          -0.3935000E+01
  17.740          -0.2580400E+02
  17.760          -0.9540000E+01
  17.780          -0.1348600E+02
  17.800          -0.7653000E+01
  17.820           0.1425000E+02
  17.840           0.1151300E+02
  17.860          -0.6249000E+01
  17.880          -0.8107000E+01
  17.900           0.5788000E+01
  17.920           0.2594700E+02
  17.940           0.5496500E+02
  17.960           0.5717800E+02
  17.980           0.4794400E+02
  18.000           0.1561000E+01
  18.020          -0.2169000E+02
  18.040          -0.2214100E+02
  18.060          -0.4102800E+02
  18.080          -0.5866200E+02
  18.100          -0.5543600E+02
  18.120          -0.2927100E+02
  18.140          -0.2198400E+02
  18.160          -0.2804500E+02
  18.180          -0.3307200E+02
  18.200          -0.3196700E+02
  18.220          -0.4017100E+02
  18.240          -0.3429400E+02
  18.260          -0.8046000E+01
  18.280          -0.1265400E+02
  18.300          -0.1614400E+02
  18.320          -0.2464800E+02
  18.340          -0.4176900E+02
  18.360          -0.4634700E+02
  18.380          -0.2576600E+02
  18.400          -0.1983300E+02
  18.420          -0.2749400E+02
  18.440          -0.3489000E+01
  18.460           0.1046500E+02
  18.480           0.2323000E+01
  18.500          -0.3605000E+01
  18.520           0.2827800E+02
  18.540           0.6429500E+02
  18.560           0.6270800E+02
  18.580           0.2681300E+02
  18.600           0.5948000E+01
  18.620           0.9228000E+01
  18.640           0.3542100E+02
  18.660           0.3283600E+02
  18.680           0.1753700E+02
  18.700          -0.1217500E+02
  18.720          -0.1193700E+02
  18.740           0.3491000E+01
  18.760           0.2223900E+02
  18.780           0.1660900E+02
  18.800          -0.1351000E+01
  18.820          -0.1066000E+02
  18.840          -0.1573100E+02
  18.860           0.7512000E+01
  18.880           0.2397800E+02
  18.900           0.2726200E+02
  18.920           0.2381200E+02
  18.940           0.1019800E+02
  18.960          -0.1231800E+02
  18.980          -0.2603300E+02
  19.000          -0.4012500E+02
  19.020          -0.4026500E+02
  19.040          -0.3135000E+02
  19.060          -0.3820900E+02
  19.080          -0.4938000E+02
  19.100          -0.5090000E+02
  19.120          -0.5747000E+02
  19.140          -0.5860100E+02
  19.160          -0.4307200E+02
  19.180          -0.1411300E+02
  19.200           0.3144000E+01
  19.220           0.1880500E+02
  19.240           0.1710600E+02
  19.260           0.7927000E+01
  19.280           0.9420000E+00
  19.300          -0.3106000E+01
  19.320           0.8201000E+01
  19.340           0.4018000E+02
  19.360           0.4662200E+02
  19.380           0.3085300E+02
  19.400           0.4210000E+01
  19.420          -0.1689400E+02
  19.440          -0.1206400E+02
  19.460           0.4914000E+01
  19.480           0.2771800E+02
  19.500           0.4062800E+02
  19.520           0.6571800E+02
  19.540           0.6257400E+02
  19.560           0.3163600E+02
  19.580          -0.8318000E+01
  19.600          -0.3145900E+02
  19.620          -0.3926600E+02
  19.640          -0.2937700E+02
  19.660          -0.1825000E+01
  19.680          -0.2174000E+01
  19.700          -0.2500400E+02
  19.720          -0.3914900E+02
  19.740          -0.4190800E+02
  19.760          -0.4203800E+02
  19.780          -0.3706300E+02
  19.800          -0.2898900E+02
  19.820          -0.1121300E+02
  19.840           0.1065700E+02
  19.860           0.9700000E-01
  19.880          -0.3321200E+02
  19.900          -0.4768300E+02
  19.920          -0.3752400E+02
  19.940          -0.3399000E+02
  19.960          -0.2807800E+02
  19.980          -0.1153900E+02
  20.000          -0.1110000E+02
  20.020          -0.1337600E+02
  20.040          -0.2212600E+02
  20.060          -0.1705000E+02
  20.080          -0.2293200E+02
  20.100           0.1832000E+01
  20.120           0.2932800E+02
  20.140           0.5419000E+02
  20.160           0.5317500E+02
  20.180           0.1656400E+02
  20.200          -0.4633000E+01
  20.220          -0.6749000E+01
  20.240           0.2537000E+02
  20.260           0.5921900E+02
  20.280           0.6497300E+02
  20.300           0.5186400E+02
  20.320           0.3007100E+02
  20.340           0.7221000E+01
  20.360          -0.3987000E+01
  20.380          -0.1257000E+01
  20.400           0.1491000E+01
  20.420           0.1575600E+02
  20.440           0.2166200E+02
  20.460           0.3673000E+02
  20.480           0.5855200E+02
  20.500           0.4899700E+02
  20.520           0.2770500E+02
  20.540           0.7050000E+01
  20.560           0.6313000E+01
  20.580           0.1116700E+02
  20.600           0.1585700E+02
  20.620           0.8072000E+01
  20.640          -0.1257000E+01
  20.660          -0.7097000E+01
  20.680           0.3701000E+01
  20.700           0.6984000E+01
  20.720          -0.1082700E+02
  20.740          -0.2752900E+02
  20.760          -0.3648100E+02
  20.780          -0.3068700E+02
  20.800          -0.3308900E+02
  20.820          -0.3966100E+02
  20.840          -0.3359900E+02
  20.860          -0.7607000E+01
  20.880           0.6629000E+01
  20.900           0.4834000E+01
  20.920          -0.7603000E+01
  20.940          -0.1965500E+02
  20.960          -0.1045900E+02
  20.980          -0.5948000E+01
  21.000           0.8246000E+01
  21.020           0.3027900E+02
  21.040           0.4504000E+02
  21.060           0.4535700E+02
  21.080           0.3398700E+02
  21.100           0.2863400E+02
  21.120           0.1651000E+02
  21.140           0.8453000E+01
  21.160           0.1520000E+01
  21.180          -0.5140000E+00
  21.200           0.5087000E+01
  21.220           0.1335900E+02
  21.240           0.1527100E+02
  21.260           0.8721000E+01
  21.280          -0.3958000E+01
  21.300          -0.2479100E+02
  21.320          -0.2692100E+02
  21.340          -0.1742400E+02
  21.360          -0.1171600E+02
  21.380          -0.1578700E+02
  21.400          -0.1983400E+02
  21.420          -0.3400600E+02
  21.440          -0.4151400E+02
  21.460          -0.2812900E+02
  21.480          -0.1007300E+02
  21.500          -0.6600000E+00
  21.520          -0.3998000E+01
  21.540          -0.2422200E+02
  21.560          -0.4443900E+02
  21.580          -0.5115600E+02
  21.600          -0.3798400E+02
  21.620          -0.2457900E+02
  21.640          -0.1512900E+02
  21.660          -0.1186200E+02
  21.680          -0.3350000E+01
  21.700           0.5844000E+01
  21.720           0.3137000E+01
  21.740          -0.7448000E+01
  21.760          -0.6853000E+01
  21.780          -0.2382000E+01
  21.800           0.2363000E+01
  21.820           0.6077000E+01
  21.840           0.1141700E+02
  21.860           0.9009000E+01
  21.880           0.7621000E+01
  21.900           0.1296500E+02
  21.920           0.1837500E+02
  21.940           0.3141100E+02
  21.960           0.3871300E+02
  21.980           0.5299700E+02
  22.000           0.5614600E+02
  22.020           0.5067700E+02
  22.040           0.4811400E+02
  22.060           0.4678700E+02
  22.080           0.3901500E+02
  22.100           0.2217100E+02
  22.120           0.1454000E+02
  22.140           0.8429000E+01
  22.160          -0.1987000E+01
  22.180          -0.2041400E+02
  22.200          -0.2010400E+02
  22.220          -0.1792000E+01
  22.240           0.2867800E+02
  22.260           0.3526200E+02
  22.280           0.3734200E+02
  22.300           0.2803300E+02
  22.320           0.8058000E+01
  22.340          -0.1944000E+01
  22.360          -0.4345000E+01
  22.380           0.6030000E+00
  22.400           0.2092000E+01
  22.420          -0.9430000E+01
  22.440          -0.7288000E+01
  22.460          -0.1464000E+01
  22.480          -0.7856000E+01
  22.500          -0.1422500E+02
  22.520          -0.1543600E+02
  22.540           0.5552000E+01
  22.560           0.1688800E+02
  22.580           0.2730800E+02
  22.600           0.2615800E+02
  22.620           0.1639700E+02
  22.640           0.2114800E+02
  22.660           0.2594200E+02
  22.680           0.2989400E+02
  22.700           0.3714200E+02
  22.720           0.3280700E+02
  22.740           0.1663600E+02
  22.760           0.9098000E+01
  22.780           0.2141000E+01
  22.800           0.9822000E+01
  22.820           0.1585000E+02
  22.840           0.1297100E+02
  22.860           0.1079400E+02
  22.880           0.1550900E+02
  22.900           0.1672500E+02
  22.920           0.8860000E+00
  22.940          -0.1844800E+02
  22.960          -0.1689300E+02
  22.980          -0.6915000E+01
  23.000           0.1144000E+02
  23.020           0.2646500E+02
  23.040           0.2123600E+02
  23.060           0.2487000E+01
  23.080          -0.2156200E+02
  23.100          -0.3564300E+02
  23.120          -0.3218300E+02
  23.140          -0.1882800E+02
  23.160          -0.1410800E+02
  23.180          -0.2479700E+02
  23.200          -0.3020900E+02
  23.220          -0.3181200E+02
  23.240          -0.3191500E+02
  23.260          -0.1949600E+02
  23.280          -0.7800000E+01
  23.300          -0.1160000E+00
  23.320          -0.8768000E+01
  23.340          -0.2900000E+02
  23.360          -0.4874400E+02
  23.380          -0.4593800E+02
  23.400          -0.3027000E+02
  23.420          -0.1699400E+02
  23.440          -0.1117600E+02
  23.460           0.4870000E+00
  23.480           0.3811000E+01
  23.500           0.9250000E+01
  23.520           0.1022100E+02
  23.540           0.1577000E+01
  23.560          -0.1048300E+02
  23.580          -0.1640900E+02
  23.600          -0.1291000E+02
  23.620           0.3490000E+01
  23.640           0.1580400E+02
  23.660           0.1530900E+02
  23.680           0.9389000E+01
  23.700          -0.5914000E+01
  23.720          -0.1566200E+02
  23.740          -0.2074100E+02
  23.760          -0.2589100E+02
  23.780          -0.2404200E+02
  23.800          -0.2625300E+02
  23.820          -0.3483500E+02
  23.840          -0.3827000E+02
  23.860          -0.3680800E+02
  23.880          -0.3640200E+02
  23.900          -0.2866400E+02
  23.920          -0.2059400E+02
  23.940          -0.1455800E+02
  23.960          -0.1557600E+02
  23.980          -0.1854500E+02
  24.000          -0.2013300E+02
  24.020          -0.3056000E+01
  24.040           0.1513800E+02
  24.060           0.2138700E+02
  24.080           0.9316000E+01
  24.100          -0.1393100E+02
  24.120          -0.2663500E+02
  24.140          -0.3110500E+02
  24.160          -0.2107800E+02
  24.180          -0.1397500E+02
  24.200          -0.9714000E+01
  24.220          -0.7625000E+01
  24.240          -0.3429000E+01
  24.260          -0.3387000E+01
  24.280           0.5700000E+00
  24.300           0.7019000E+01
  24.320           0.1284700E+02
  24.340           0.1328100E+02
  24.360           0.6743000E+01
  24.380           0.7213000E+01
  24.400           0.8759000E+01
  24.420           0.1539800E+02
  24.440           0.2027100E+02
  24.460           0.3410400E+02
  24.480           0.3421000E+02
  24.500           0.3187000E+02
  24.520           0.2810400E+02
  24.540           0.2555700E+02
  24.560           0.1615000E+02
  24.580           0.8560000E+01
  24.600           0.1190000E+01
  24.620           0.3450000E+00
  24.640           0.9433000E+01
  24.660           0.1136000E+02
  24.680           0.1112400E+02
  24.700           0.1235000E+01
  24.720          -0.1163000E+01
  24.740          -0.1007400E+02
  24.760          -0.9398000E+01
  24.780          -0.2376000E+01
  24.800          -0.6050000E+00
  24.820           0.2181000E+01
  24.840           0.2975000E+01
  24.860           0.6716000E+01
  24.880           0.1352700E+02
  24.900           0.2107500E+02
  24.920           0.2249000E+02
  24.940           0.2044500E+02
  24.960           0.2203100E+02
  24.980           0.2926300E+02
  25.000           0.3397800E+02
  25.020           0.3351000E+02
  25.040           0.2854200E+02
  25.060           0.2131300E+02
  25.080           0.2133600E+02
  25.100           0.2365100E+02
  25.120           0.1370500E+02
  25.140           0.1409500E+02
  25.160           0.1733400E+02
  25.180           0.1762600E+02
  25.200           0.2176000E+02
  25.220           0.2809100E+02
  25.240           0.3174000E+02
  25.260           0.3649700E+02
  25.280           0.3155200E+02
  25.300           0.2281500E+02
  25.320           0.8844000E+01
  25.340           0.1126000E+01
  25.360          -0.3880000E+01
  25.380          -0.8799000E+01
  25.400          -0.1037500E+02
  25.420          -0.1346800E+02
  25.440          -0.1291000E+02
  25.460          -0.1281700E+02
  25.480          -0.1347600E+02
  25.500          -0.2462800E+02
  25.520          -0.2693200E+02
  25.540          -0.3447600E+02
  25.560          -0.3640800E+02
  25.580          -0.3239500E+02
  25.600          -0.1851400E+02
  25.620          -0.1271300E+02
  25.640          -0.2755000E+01
  25.660           0.1634000E+01
  25.680          -0.3372000E+01
  25.700          -0.1025200E+02
  25.720          -0.1686400E+02
  25.740          -0.2105900E+02
  25.760          -0.1753900E+02
  25.780          -0.1559100E+02
  25.800          -0.1682400E+02
  25.820          -0.1492200E+02
  25.840          -0.1293100E+02
  25.860          -0.1447500E+02
  25.880          -0.1461200E+02
  25.900          -0.1250700E+02
  25.920          -0.9224000E+01
  25.940          -0.4349000E+01
  25.960           0.7660000E+00
  25.980           0.3056000E+01
  26.000           0.3404000E+01
  26.020           0.8486000E+01
  26.040           0.1176000E+02
  26.060           0.1119900E+02
  26.080           0.1284500E+02
  26.100           0.1204600E+02
  26.120           0.1095700E+02
  26.140           0.9051000E+01
  26.160           0.8145000E+01
  26.180           0.8658000E+01
  26.200           0.9621000E+01
  26.220           0.1037200E+02
  26.240           0.8850000E+01
  26.260           0.1019800E+02
  26.280           0.7221000E+01
  26.300           0.1671000E+01
  26.320          -0.4451000E+01
  26.340          -0.6036000E+01
  26.360          -0.6236000E+01
  26.380          -0.3946000E+01
  26.400          -0.1057000E+01
  26.420           0.5120000E+00
  26.440           0.5260000E+00
  26.460           0.3134000E+01
  26.480           0.2077000E+01
  26.500           0.1675000E+01
  26.520           0.1230000E+01
  26.540           0.6050000E+00
  26.560           0.8810000E+00
  26.580           0.3286000E+01
  26.600           0.4914000E+01
  26.620           0.5116000E+01
  26.640           0.4449000E+01
  26.660           0.3865000E+01
  26.680           0.2240000E+01
  26.700           0.1057000E+01
  26.720          -0.9010000E+00
  26.740          -0.3334000E+01
  26.760          -0.2726000E+01
  26.780          -0.1640000E+01
  26.800           0.5100000E+00
  26.820           0.1844000E+01
  26.840           0.3257000E+01
  26.860           0.3508000E+01
  26.880           0.3888000E+01
  26.900           0.3387000E+01
  26.920           0.3681000E+01
  26.940           0.3786000E+01
  26.960           0.4218000E+01
  26.980           0.4207000E+01
  27.000           0.3886000E+01
  27.020           0.4183000E+01
  27.040           0.4266000E+01
  27.060           0.3717000E+01
  27.080           0.2049000E+01
  27.100           0.3230000E+00
  27.120          -0.1416000E+01
  27.140          -0.2229000E+01
  27.160          -0.2437000E+01
  27.180          -0.1931000E+01
  27.200          -0.1604000E+01
  27.220          -0.1420000E+01
  27.240          -0.1528000E+01
  27.260          -0.1478000E+01
  27.280          -0.1200000E+01
  27.300          -0.8660000E+00
  27.320          -0.3980000E+00
  27.340           0.0000000E+00
  27.360           0.0000000E+00
  27.380           0.0000000E+00
  27.400           0.0000000E+00
  27.420           0.0000000E+00
  27.440           0.0000000E+00
  27.460           0.0000000E+00
  27.480           0.0000000E+00
  27.500           0.0000000E+00
  27.520           0.0000000E+00
  27.540           0.0000000E+00
  27.560           0.0000000E+00
  27.580           0.0000000E+00
  27.600           0.0000000E+00
  27.620           0.0000000E+00
  27.640           0.0000000E+00
  27.660           0.0000000E+00
  27.680           0.0000000E+00
  27.700           0.0000000E+00
  27.720           0.0000000E+00
  27.740           0.0000000E+00
  27.760           0.0000000E+00
  27.780           0.0000000E+00
  27.800           0.0000000E+00
  27.820           0.0000000E+00
  27.840           0.0000000E+00
  27.860           0.0000000E+00
  27.880           0.0000000E+00
  27.900           0.0000000E+00
  27.920           0.0000000E+00
  27.940           0.0000000E+00
  27.960           0.0000000E+00
  27.980           0.0000000E+00
  28.000           0.0000000E+00
  28.020           0.0000000E+00
  28.040           0.0000000E+00
  28.060           0.0000000E+00
  28.080           0.0000000E+00
  28.100           0.0000000E+00
  28.120           0.0000000E+00
  28.140           0.0000000E+00
  28.160           0.0000000E+00
  28.180           0.0000000E+00
  28.200           0.0000000E+00
  28.220           0.0000000E+00
  28.240           0.0000000E+00
  28.260           0.0000000E+00
  28.280           0.0000000E+00
  28.300           0.0000000E+00
  28.320           0.0000000E+00
  28.340           0.0000000E+00
  28.360           0.0000000E+00
  28.380           0.0000000E+00
  28.400           0.0000000E+00
  28.420           0.0000000E+00
  28.440           0.0000000E+00
  28.460           0.0000000E+00
  28.480           0.0000000E+00
  28.500           0.0000000E+00
  28.520           0.0000000E+00
  28.540           0.0000000E+00
  28.560           0.0000000E+00
  28.580           0.0000000E+00
  28.600           0.0000000E+00
  28.620           0.0000000E+00
  28.640           0.0000000E+00
  28.660           0.0000000E+00
  28.680           0.0000000E+00
  28.700           0.0000000E+00
  28.720           0.0000000E+00
  28.740           0.0000000E+00
  28.760           0.0000000E+00
  28.780           0.0000000E+00
  28.800           0.0000000E+00
  28.820           0.0000000E+00
  28.840           0.0000000E+00
  28.860           0.0000000E+00
  28.880           0.0000000E+00
  28.900           0.0000000E+00
  28.920           0.0000000E+00
  28.940           0.0000000E+00
  28.960           0.0000000E+00
  28.980           0.0000000E+00
  29.000           0.0000000E+00
  29.020           0.0000000E+00
  29.040           0.0000000E+00
  29.060           0.0000000E+00
  29.080           0.0000000E+00
  29.100           0.0000000E+00
  29.120           0.0000000E+00
  29.140           0.0000000E+00
  29.160           0.0000000E+00
  29.180           0.0000000E+00
  29.200           0.0000000E+00
  29.220           0.0000000E+00
  29.240           0.0000000E+00
  29.260           0.0000000E+00
  29.280           0.0000000E+00
  29.300           0.0000000E+00
  29.320           0.0000000E+00
  29.340           0.0000000E+00
  29.360           0.0000000E+00
  29.380           0.0000000E+00
  29.400           0.0000000E+00
  29.420           0.0000000E+00
  29.440           0.0000000E+00
  29.460           0.0000000E+00
  29.480           0.0000000E+00
  29.500           0.0000000E+00
  29.520           0.0000000E+00
  29.540           0.0000000E+00
  29.560           0.0000000E+00
  29.580           0.0000000E+00
  29.600           0.0000000E+00
  29.620           0.0000000E+00
  29.640           0.0000000E+00
  29.660           0.0000000E+00
  29.680           0.0000000E+00
  29.700           0.0000000E+00
  29.720           0.0000000E+00
  29.740           0.0000000E+00
  29.760           0.0000000E+00
  29.780           0.0000000E+00
  29.800           0.0000000E+00
  29.820           0.0000000E+00
  29.840           0.0000000E+00
  29.860           0.0000000E+00
  29.880           0.0000000E+00
  29.900           0.0000000E+00
  29.920           0.0000000E+00
  29.940           0.0000000E+00
  29.960           0.0000000E+00
  29.980           0.0000000E+00
  30.000           0.0000000E+00
  30.020           0.0000000E+00
  30.040           0.0000000E+00
  30.060           0.0000000E+00
  30.080           0.0000000E+00
  30.100           0.0000000E+00
  30.120           0.0000000E+00
  30.140           0.0000000E+00
  30.160           0.0000000E+00
  30.180           0.0000000E+00
  30.200           0.0000000E+00
  30.220           0.0000000E+00
  30.240           0.0000000E+00
  30.260           0.0000000E+00
  30.280           0.0000000E+00
  30.300           0.0000000E+00
  30.320           0.0000000E+00
  30.340           0.0000000E+00
  30.360           0.0000000E+00
  30.380           0.0000000E+00
  30.400           0.0000000E+00
  30.420           0.0000000E+00
  30.440           0.0000000E+00
  30.460           0.0000000E+00
  30.480           0.0000000E+00
  30.500           0.0000000E+00
  30.520           0.0000000E+00
  30.540           0.0000000E+00
  30.560           0.0000000E+00
  30.580           0.0000000E+00
  30.600           0.0000000E+00
  30.620           0.0000000E+00
  30.640           0.0000000E+00
  30.660           0.0000000E+00
  30.680           0.0000000E+00
  30.700           0.0000000E+00
  30.720           0.0000000E+00
  30.740           0.0000000E+00
  30.760           0.0000000E+00
  30.780           0.0000000E+00
  30.800           0.0000000E+00
  30.820           0.0000000E+00
  30.840           0.0000000E+00
  30.860           0.0000000E+00
  30.880           0.0000000E+00
  30.900           0.0000000E+00
  30.920           0.0000000E+00
  30.940           0.0000000E+00
  30.960           0.0000000E+00
  30.980           0.0000000E+00
  31.000           0.0000000E+00
  31.020           0.0000000E+00
  31.040           0.0000000E+00
  31.060           0.0000000E+00
  31.080           0.0000000E+00
  31.100           0.0000000E+00
  31.120           0.0000000E+00
  31.140           0.0000000E+00
  31.160           0.0000000E+00
  31.180           0.0000000E+00
  31.200           0.0000000E+00
  31.220           0.0000000E+00
  31.240           0.0000000E+00
  31.260           0.0000000E+00
  31.280           0.0000000E+00
  31.300           0.0000000E+00
  31.320           0.0000000E+00
  31.340           0.0000000E+00
  31.360           0.0000000E+00
  31.380           0.0000000E+00
  31.400           0.0000000E+00
  31.420           0.0000000E+00
  31.440           0.0000000E+00
  31.460           0.0000000E+00
  31.480           0.0000000E+00
  31.500           0.0000000E+00
  31.520           0.0000000E+00
  31.540           0.0000000E+00
  31.560           0.0000000E+00
  31.580           0.0000000E+00
  31.600           0.0000000E+00
  31.620           0.0000000E+00
  31.640           0.0000000E+00
  31.660           0.0000000E+00
  31.680           0.0000000E+00
  31.700           0.0000000E+00
  31.720           0.0000000E+00
  31.740           0.0000000E+00
  31.760           0.0000000E+00
  31.780           0.0000000E+00
  31.800           0.0000000E+00
  31.820           0.0000000E+00
  31.840           0.0000000E+00
  31.860           0.0000000E+00
  31.880           0.0000000E+00
  31.900           0.0000000E+00
  31.920           0.0000000E+00
  31.940           0.0000000E+00
  31.960           0.0000000E+00
  31.980           0.0000000E+00
  32.000           0.0000000E+00
  32.020           0.0000000E+00
  32.040           0.0000000E+00
  32.060           0.0000000E+00
  32.080           0.0000000E+00
  32.100           0.0000000E+00
  32.120           0.0000000E+00
  32.140           0.0000000E+00
  32.160           0.0000000E+00
  32.180           0.0000000E+00
  32.200           0.0000000E+00
  32.220           0.0000000E+00
  32.240           0.0000000E+00
  32.260           0.0000000E+00
  32.280           0.0000000E+00
  32.300           0.0000000E+00
  32.320           0.0000000E+00
  32.340           0.0000000E+00
  32.360           0.0000000E+00
  32.380           0.0000000E+00
  32.400           0.0000000E+00
  32.420           0.0000000E+00
  32.440           0.0000000E+00
  32.460           0.0000000E+00
  32.480           0.0000000E+00
  32.500           0.0000000E+00
  32.520           0.0000000E+00
  32.540           0.0000000E+00
  32.560           0.0000000E+00
  32.580           0.0000000E+00
  32.600           0.0000000E+00
  32.620           0.0000000E+00
  32.640           0.0000000E+00
  32.660           0.0000000E+00
  32.680           0.0000000E+00
  32.700           0.0000000E+00
  32.720           0.0000000E+00
  32.740           0.0000000E+00
  32.760           0.0000000E+00
  32.780           0.0000000E+00
  32.800           0.0000000E+00
  32.820           0.0000000E+00
  32.840           0.0000000E+00
  32.860           0.0000000E+00
  32.880           0.0000000E+00
  32.900           0.0000000E+00
  32.920           0.0000000E+00
  32.940           0.0000000E+00
  32.960           0.0000000E+00
  32.980           0.0000000E+00
  33.000           0.0000000E+00
  33.020           0.0000000E+00
  33.040           0.0000000E+00
  33.060           0.0000000E+00
  33.080           0.0000000E+00
  33.100           0.0000000E+00
  33.120           0.0000000E+00
  33.140           0.0000000E+00
  33.160           0.0000000E+00
  33.180           0.0000000E+00
  33.200           0.0000000E+00
  33.220           0.0000000E+00
  33.240           0.0000000E+00
  33.260           0.0000000E+00
  33.280           0.0000000E+00
  33.300           0.0000000E+00
  33.320           0.0000000E+00
  33.340           0.0000000E+00
  33.360           0.0000000E+00
  33.380           0.0000000E+00
  33.400           0.0000000E+00
  33.420           0.0000000E+00
  33.440           0.0000000E+00
  33.460           0.0000000E+00
  33.480           0.0000000E+00
  33.500           0.0000000E+00
  33.520           0.0000000E+00
  33.540           0.0000000E+00
  33.560           0.0000000E+00
  33.580           0.0000000E+00
  33.600           0.0000000E+00
  33.620           0.0000000E+00
  33.640           0.0000000E+00
  33.660           0.0000000E+00
  33.680           0.0000000E+00
  33.700           0.0000000E+00
  33.720           0.0000000E+00
  33.740           0.0000000E+00
  33.760           0.0000000E+00
  33.780           0.0000000E+00
  33.800           0.0000000E+00
  33.820           0.0000000E+00
  33.840           0.0000000E+00
  33.860           0.0000000E+00
  33.880           0.0000000E+00
  33.900           0.0000000E+00
  33.920           0.0000000E+00
  33.940           0.0000000E+00
  33.960           0.0000000E+00
  33.980           0.0000000E+00
  34.000           0.0000000E+00
  34.020           0.0000000E+00
  34.040           0.0000000E+00
  34.060           0.0000000E+00
  34.080           0.0000000E+00
  34.100           0.0000000E+00
  34.120           0.0000000E+00
  34.140           0.0000000E+00
  34.160           0.0000000E+00
  34.180           0.0000000E+00
  34.200           0.0000000E+00
  34.220           0.0000000E+00
  34.240           0.0000000E+00
  34.260           0.0000000E+00
  34.280           0.0000000E+00
  34.300           0.0000000E+00
  34.320           0.0000000E+00
  34.340           0.0000000E+00
  34.360           0.0000000E+00
  34.380           0.0000000E+00
  34.400           0.0000000E+00
  34.420           0.0000000E+00
  34.440           0.0000000E+00
  34.460           0.0000000E+00
  34.480           0.0000000E+00
  34.500           0.0000000E+00
  34.520           0.0000000E+00
  34.540           0.0000000E+00
  34.560           0.0000000E+00
  34.580           0.0000000E+00
  34.600           0.0000000E+00
  34.620           0.0000000E+00
  34.640           0.0000000E+00
  34.660           0.0000000E+00
  34.680           0.0000000E+00
  34.700           0.0000000E+00
  34.720           0.0000000E+00
  34.740           0.0000000E+00
  34.760           0.0000000E+00
  34.780           0.0000000E+00
  34.800           0.0000000E+00
  34.820           0.0000000E+00
  34.840           0.0000000E+00
  34.860           0.0000000E+00
  34.880           0.0000000E+00
  34.900           0.0000000E+00
  34.920           0.0000000E+00
  34.940           0.0000000E+00
  34.960           0.0000000E+00
  34.980           0.0000000E+00
  35.000           0.0000000E+00
  35.020           0.0000000E+00
  35.040           0.0000000E+00
  35.060           0.0000000E+00
  35.080           0.0000000E+00
  35.100           0.0000000E+00
  35.120           0.0000000E+00
  35.140           0.0000000E+00
  35.160           0.0000000E+00
  35.180           0.0000000E+00
  35.200           0.0000000E+00
  35.220           0.0000000E+00
  35.240           0.0000000E+00
  35.260           0.0000000E+00
  35.280           0.0000000E+00
  35.300           0.0000000E+00
  35.320           0.0000000E+00
  35.340           0.0000000E+00
  35.360           0.0000000E+00
  35.380           0.0000000E+00
  35.400           0.0000000E+00
  35.420           0.0000000E+00
  35.440           0.0000000E+00
  35.460           0.0000000E+00
  35.480           0.0000000E+00
  35.500           0.0000000E+00
  35.520           0.0000000E+00
  35.540           0.0000000E+00
  35.560           0.0000000E+00
  35.580           0.0000000E+00
  35.600           0.0000000E+00
  35.620           0.0000000E+00
  35.640           0.0000000E+00
  35.660           0.0000000E+00
  35.680           0.0000000E+00
  35.700           0.0000000E+00
  35.720           0.0000000E+00
  35.740           0.0000000E+00
  35.760           0.0000000E+00
  35.780           0.0000000E+00
  35.800           0.0000000E+00
  35.820           0.0000000E+00
  35.840           0.0000000E+00
  35.860           0.0000000E+00
  35.880           0.0000000E+00
  35.900           0.0000000E+00
  35.920           0.0000000E+00
  35.940           0.0000000E+00
  35.960           0.0000000E+00
  35.980           0.0000000E+00
  36.000           0.0000000E+00
  36.020           0.0000000E+00
  36.040           0.0000000E+00
  36.060           0.0000000E+00
  36.080           0.0000000E+00
  36.100           0.0000000E+00
  36.120           0.0000000E+00
  36.140           0.0000000E+00
  36.160           0.0000000E+00
  36.180           0.0000000E+00
  36.200           0.0000000E+00
  36.220           0.0000000E+00
  36.240           0.0000000E+00
  36.260           0.0000000E+00
  36.280           0.0000000E+00
  36.300           0.0000000E+00
  36.320           0.0000000E+00
  36.340           0.0000000E+00
  36.360           0.0000000E+00
  36.380           0.0000000E+00
  36.400           0.0000000E+00
  36.420           0.0000000E+00
  36.440           0.0000000E+00
  36.460           0.0000000E+00
  36.480           0.0000000E+00
  36.500           0.0000000E+00
  36.520           0.0000000E+00
  36.540           0.0000000E+00
  36.560           0.0000000E+00
  36.580           0.0000000E+00
  36.600           0.0000000E+00
  36.620           0.0000000E+00
  36.640           0.0000000E+00
  36.660           0.0000000E+00
  36.680           0.0000000E+00
  36.700           0.0000000E+00
  36.720           0.0000000E+00
  36.740           0.0000000E+00
  36.760           0.0000000E+00
  36.780           0.0000000E+00
  36.800           0.0000000E+00
  36.820           0.0000000E+00
  36.840           0.0000000E+00
  36.860           0.0000000E+00
  36.880           0.0000000E+00
  36.900           0.0000000E+00
  36.920           0.0000000E+00
  36.940           0.0000000E+00
  36.960           0.0000000E+00
  36.980           0.0000000E+00
  37.000           0.0000000E+00
  37.020           0.0000000E+00
  37.040           0.0000000E+00
  37.060           0.0000000E+00
  37.080           0.0000000E+00
  37.100           0.0000000E+00
  37.120           0.0000000E+00
  37.140           0.0000000E+00
  37.160           0.0000000E+00
  37.180           0.0000000E+00
  37.200           0.0000000E+00
  37.220           0.0000000E+00
  37.240           0.0000000E+00
  37.260           0.0000000E+00
  37.280           0.0000000E+00
  37.300           0.0000000E+00
  37.320           0.0000000E+00
  37.340           0.0000000E+00
  37.360           0.0000000E+00
  37.380           0.0000000E+00
  37.400           0.0000000E+00
  37.420           0.0000000E+00
  37.440           0.0000000E+00
  37.460           0.0000000E+00
  37.480           0.0000000E+00
  37.500           0.0000000E+00
  37.520           0.0000000E+00
  37.540           0.0000000E+00
  37.560           0.0000000E+00
  37.580           0.0000000E+00
  37.600           0.0000000E+00
  37.620           0.0000000E+00
  37.640           0.0000000E+00
  37.660           0.0000000E+00
  37.680           0.0000000E+00
  37.700           0.0000000E+00
  37.720           0.0000000E+00
  37.740           0.0000000E+00
  37.760           0.0000000E+00
  37.780           0.0000000E+00
  37.800           0.0000000E+00
  37.820           0.0000000E+00
  37.840           0.0000000E+00
  37.860           0.0000000E+00
  37.880           0.0000000E+00
  37.900           0.0000000E+00
  37.920           0.0000000E+00
  37.940           0.0000000E+00
  37.960           0.0000000E+00
  37.980           0.0000000E+00
  38.000           0.0000000E+00
  38.020           0.0000000E+00
  38.040           0.0000000E+00
  38.060           0.0000000E+00
  38.080           0.0000000E+00
  38.100           0.0000000E+00
  38.120           0.0000000E+00
  38.140           0.0000000E+00
  38.160           0.0000000E+00
  38.180           0.0000000E+00
  38.200           0.0000000E+00
  38.220           0.0000000E+00
  38.240           0.0000000E+00
  38.260           0.0000000E+00
  38.280           0.0000000E+00
  38.300           0.0000000E+00
  38.320           0.0000000E+00
  38.340           0.0000000E+00
  38.360           0.0000000E+00
  38.380           0.0000000E+00
  38.400           0.0000000E+00
  38.420           0.0000000E+00
  38.440           0.0000000E+00
  38.460           0.0000000E+00
  38.480           0.0000000E+00
  38.500           0.0000000E+00
  38.520           0.0000000E+00
  38.540           0.0000000E+00
  38.560           0.0000000E+00
  38.580           0.0000000E+00
  38.600           0.0000000E+00
  38.620           0.0000000E+00
  38.640           0.0000000E+00
  38.660           0.0000000E+00
  38.680           0.0000000E+00
  38.700           0.0000000E+00
  38.720           0.0000000E+00
  38.740           0.0000000E+00
  38.760           0.0000000E+00
  38.780           0.0000000E+00
  38.800           0.0000000E+00
  38.820           0.0000000E+00
  38.840           0.0000000E+00
  38.860           0.0000000E+00
  38.880           0.0000000E+00
  38.900           0.0000000E+00
  38.920           0.0000000E+00
  38.940           0.0000000E+00
  38.960           0.0000000E+00
  38.980           0.0000000E+00
  39.000           0.0000000E+00
  39.020           0.0000000E+00
  39.040           0.0000000E+00
  39.060           0.0000000E+00
  39.080           0.0000000E+00
  39.100           0.0000000E+00
  39.120           0.0000000E+00
  39.140           0.0000000E+00
  39.160           0.0000000E+00
  39.180           0.0000000E+00
  39.200           0.0000000E+00
  39.220           0.0000000E+00
  39.240           0.0000000E+00
  39.260           0.0000000E+00
  39.280           0.0000000E+00
  39.300           0.0000000E+00
  39.320           0.0000000E+00
  39.340           0.0000000E+00
  39.360           0.0000000E+00
  39.380           0.0000000E+00
  39.400           0.0000000E+00
  39.420           0.0000000E+00
  39.440           0.0000000E+00
  39.460           0.0000000E+00
  39.480           0.0000000E+00
  39.500           0.0000000E+00
  39.520           0.0000000E+00
  39.540           0.0000000E+00
  39.560           0.0000000E+00
  39.580           0.0000000E+00
  39.600           0.0000000E+00
  39.620           0.0000000E+00
  39.640           0.0000000E+00
  39.660           0.0000000E+00
  39.680           0.0000000E+00
  39.700           0.0000000E+00
  39.720           0.0000000E+00
  39.740           0.0000000E+00
  39.760           0.0000000E+00
  39.780           0.0000000E+00
  39.800           0.0000000E+00
  39.820           0.0000000E+00
  39.840           0.0000000E+00
  39.860           0.0000000E+00
  39.880           0.0000000E+00
  39.900           0.0000000E+00
  39.920           0.0000000E+00
  39.940           0.0000000E+00
  39.960           0.0000000E+00
  39.980           0.0000000E+00
  40.000           0.0000000E+00
  40.020           0.0000000E+00
  40.040           0.0000000E+00
  40.060           0.0000000E+00
  40.080           0.0000000E+00
  40.100           0.0000000E+00
  40.120           0.0000000E+00
  40.140           0.0000000E+00
  40.160           0.0000000E+00
  40.180           0.0000000E+00
  40.200           0.0000000E+00
  40.220           0.0000000E+00
  40.240           0.0000000E+00
  40.260           0.0000000E+00
  40.280           0.0000000E+00
  40.300           0.0000000E+00
  40.320           0.0000000E+00
  40.340           0.0000000E+00
  40.360           0.0000000E+00
  40.380           0.0000000E+00
  40.400           0.0000000E+00
  40.420           0.0000000E+00
  40.440           0.0000000E+00
  40.460           0.0000000E+00
  40.480           0.0000000E+00
  40.500           0.0000000E+00
  40.520           0.0000000E+00
  40.540           0.0000000E+00
  40.560           0.0000000E+00
  40.580           0.0000000E+00
  40.600           0.0000000E+00
  40.620           0.0000000E+00
  40.640           0.0000000E+00
  40.660           0.0000000E+00
  40.680           0.0000000E+00
  40.700           0.0000000E+00
  40.720           0.0000000E+00
  40.740           0.0000000E+00
  40.760           0.0000000E+00
  40.780           0.0000000E+00
  40.800           0.0000000E+00
  40.820           0.0000000E+00
  40.840           0.0000000E+00
  40.860           0.0000000E+00
  40.880           0.0000000E+00
  40.900           0.0000000E+00
  40.920           0.0000000E+00
  40.940           0.0000000E+00
  40.960           0.0000000E+00
