   0.020           0.7400000E-01
   0.040           0.7400000E-01
   0.060           0.7400000E-01
   0.080           0.7400000E-01
   0.100           0.7600000E-01
   0.120           0.7500000E-01
   0.140           0.7500000E-01
   0.160           0.7700000E-01
   0.180           0.7500000E-01
   0.200           0.7700000E-01
   0.220           0.8100000E-01
   0.240           0.7500000E-01
   0.260           0.8000000E-01
   0.280           0.8700000E-01
   0.300           0.7600000E-01
   0.320           0.8300000E-01
   0.340           0.9600000E-01
   0.360           0.7700000E-01
   0.380           0.8900000E-01
   0.400           0.1120000E+00
   0.420           0.7800000E-01
   0.440           0.9500000E-01
   0.460           0.1270000E+00
   0.480           0.8000000E-01
   0.500           0.1040000E+00
   0.520           0.1610000E+00
   0.540           0.8300000E-01
   0.560           0.1140000E+00
   0.580           0.1940000E+00
   0.600           0.9100000E-01
   0.620           0.1370000E+00
   0.640           0.5080000E+00
   0.660           0.1400000E+00
   0.680           0.2170000E+00
   0.700           0.6770000E+00
   0.720           0.1750000E+00
   0.740           0.1800000E+00
   0.760           0.6570000E+00
   0.780           0.8270000E+00
   0.800           0.5690000E+00
   0.820           0.3470000E+00
   0.840           0.2500000E+00
   0.860           0.3380000E+00
   0.880           0.3150000E+00
   0.900           0.3610000E+00
   0.920           0.6770000E+00
   0.940           0.1001000E+01
   0.960           0.3380000E+00
   0.980           0.3660000E+00
   1.000           0.5830000E+00
   1.020           0.2650000E+00
   1.040           0.3970000E+00
   1.060           0.8210000E+00
   1.080           0.5030000E+00
   1.100           0.7960000E+00
   1.120           0.9970000E+00
   1.140           0.4610000E+00
   1.160           0.6990000E+00
   1.180           0.1161000E+01
   1.200           0.1271000E+01
   1.220           0.1729000E+01
   1.240           0.2013000E+01
   1.260           0.6660000E+00
   1.280          -0.1120000E+00
   1.300           0.1182000E+01
   1.320           0.2276000E+01
   1.340           0.1864000E+01
   1.360           0.1675000E+01
   1.380           0.4300000E+00
   1.400           0.9800000E+00
   1.420           0.2342000E+01
   1.440           0.2701000E+01
   1.460           0.2038000E+01
   1.480           0.5590000E+00
   1.500          -0.1001000E+01
   1.520          -0.2123000E+01
   1.540          -0.1196000E+01
   1.560          -0.1022000E+01
   1.580          -0.2018000E+01
   1.600          -0.1533000E+01
   1.620          -0.1056000E+01
   1.640          -0.1345000E+01
   1.660          -0.1390000E+01
   1.680          -0.1411000E+01
   1.700          -0.2213000E+01
   1.720          -0.2660000E+01
   1.740          -0.2174000E+01
   1.760          -0.2768000E+01
   1.780          -0.3078000E+01
   1.800          -0.1421000E+01
   1.820          -0.2180000E+01
   1.840          -0.4240000E+01
   1.860          -0.3549000E+01
   1.880          -0.3629000E+01
   1.900          -0.4462000E+01
   1.920          -0.4627000E+01
   1.940          -0.4562000E+01
   1.960          -0.4067000E+01
   1.980          -0.3475000E+01
   2.000          -0.2633000E+01
   2.020          -0.2512000E+01
   2.040          -0.1220000E+00
   2.060           0.6410000E+00
   2.080           0.7340000E+00
   2.100           0.3960000E+00
   2.120           0.1200000E+00
   2.140          -0.7360000E+00
   2.160          -0.1467000E+01
   2.180          -0.3017000E+01
   2.200          -0.5107000E+01
   2.220          -0.6229000E+01
   2.240          -0.3986000E+01
   2.260           0.1302000E+01
   2.280           0.3110000E+01
   2.300           0.3624000E+01
   2.320           0.2813000E+01
   2.340           0.1300000E+01
   2.360           0.2232000E+01
   2.380          -0.9400000E-01
   2.400           0.3430000E+00
   2.420          -0.4000000E-01
   2.440          -0.3684000E+01
   2.460          -0.4064000E+01
   2.480           0.1141000E+01
   2.500           0.4163000E+01
   2.520           0.2002000E+01
   2.540          -0.1460000E+01
   2.560          -0.4680000E+01
   2.580          -0.6047000E+01
   2.600          -0.1832000E+01
   2.620          -0.1632000E+01
   2.640          -0.3022000E+01
   2.660          -0.5827000E+01
   2.680          -0.8985000E+01
   2.700          -0.9280000E+01
   2.720          -0.7155000E+01
   2.740          -0.8308000E+01
   2.760          -0.5190000E+01
   2.780          -0.3299000E+01
   2.800          -0.6710000E+00
   2.820           0.3271000E+01
   2.840           0.5511000E+01
   2.860           0.6442000E+01
   2.880           0.9529000E+01
   2.900           0.1087800E+02
   2.920           0.1007500E+02
   2.940           0.6611000E+01
   2.960           0.5564000E+01
   2.980           0.1338000E+01
   3.000           0.4728000E+01
   3.020           0.1179700E+02
   3.040           0.9893000E+01
   3.060           0.5337000E+01
   3.080           0.4731000E+01
   3.100           0.1049600E+02
   3.120           0.1259100E+02
   3.140           0.1130800E+02
   3.160           0.7098000E+01
   3.180           0.9172000E+01
   3.200           0.1310800E+02
   3.220           0.1341200E+02
   3.240           0.1165000E+02
   3.260           0.1190100E+02
   3.280           0.4179000E+01
   3.300          -0.2900000E+00
   3.320           0.4797000E+01
   3.340           0.1083400E+02
   3.360           0.1245500E+02
   3.380           0.9020000E+01
   3.400          -0.3390000E+00
   3.420          -0.1077100E+02
   3.440          -0.1049600E+02
   3.460          -0.1090900E+02
   3.480          -0.1551800E+02
   3.500          -0.1139600E+02
   3.520          -0.4233000E+01
   3.540          -0.2238000E+01
   3.560           0.1230000E+01
   3.580           0.6370000E+00
   3.600           0.8940000E+00
   3.620          -0.8830000E+00
   3.640          -0.4035000E+01
   3.660          -0.3647000E+01
   3.680          -0.9090000E+01
   3.700          -0.1020300E+02
   3.720          -0.5827000E+01
   3.740          -0.7357000E+01
   3.760          -0.9566000E+01
   3.780          -0.1540500E+02
   3.800          -0.1252200E+02
   3.820          -0.2552000E+01
   3.840           0.4039000E+01
   3.860           0.1286500E+02
   3.880           0.1890400E+02
   3.900           0.9942000E+01
   3.920           0.4766000E+01
   3.940          -0.1097000E+01
   3.960          -0.2226000E+01
   3.980           0.2168000E+01
   4.000           0.2044000E+01
   4.020           0.6156000E+01
   4.040           0.1211300E+02
   4.060           0.1223300E+02
   4.080           0.4412000E+01
   4.100          -0.1409000E+01
   4.120          -0.1879000E+01
   4.140           0.1494000E+01
   4.160           0.1056100E+02
   4.180           0.1103200E+02
   4.200           0.1232000E+02
   4.220           0.1646500E+02
   4.240           0.9392000E+01
   4.260           0.3530000E+00
   4.280          -0.3474000E+01
   4.300           0.7570000E+00
   4.320           0.7169000E+01
   4.340           0.1280800E+02
   4.360           0.1356600E+02
   4.380           0.1411000E+02
   4.400           0.7256000E+01
   4.420          -0.5340000E+00
   4.440          -0.1166700E+02
   4.460          -0.2200100E+02
   4.480          -0.2583300E+02
   4.500          -0.2505000E+02
   4.520          -0.1423500E+02
   4.540          -0.4840000E+00
   4.560           0.1288300E+02
   4.580           0.2025500E+02
   4.600           0.1193500E+02
   4.620          -0.2961000E+01
   4.640          -0.1047300E+02
   4.660          -0.5076000E+01
   4.680           0.6384000E+01
   4.700           0.1647600E+02
   4.720           0.1325400E+02
   4.740          -0.4288000E+01
   4.760          -0.1668800E+02
   4.780          -0.1682700E+02
   4.800          -0.1502400E+02
   4.820          -0.2600000E+01
   4.840           0.4479000E+01
   4.860          -0.1247100E+02
   4.880          -0.1847200E+02
   4.900          -0.1110000E+02
   4.920           0.4285000E+01
   4.940           0.1969500E+02
   4.960           0.1526000E+02
   4.980           0.5181000E+01
   5.000          -0.4873000E+01
   5.020          -0.1116300E+02
   5.040          -0.5343000E+01
   5.060          -0.3575000E+01
   5.080          -0.5953000E+01
   5.100          -0.8453000E+01
   5.120          -0.6311000E+01
   5.140          -0.9747000E+01
   5.160          -0.9409000E+01
   5.180          -0.6734000E+01
   5.200          -0.1465200E+02
   5.220          -0.7587000E+01
   5.240          -0.1624000E+01
   5.260          -0.4253000E+01
   5.280          -0.1280000E+00
   5.300          -0.2401000E+01
   5.320          -0.1432300E+02
   5.340          -0.3042600E+02
   5.360          -0.3706600E+02
   5.380          -0.2275400E+02
   5.400          -0.4460000E+01
   5.420           0.1652000E+02
   5.440           0.2360100E+02
   5.460           0.1296500E+02
   5.480           0.1040100E+02
   5.500           0.7135000E+01
   5.520           0.1257500E+02
   5.540           0.2138500E+02
   5.560           0.5778000E+01
   5.580          -0.3511000E+01
   5.600          -0.9580000E+00
   5.620           0.4720000E+00
   5.640           0.9114000E+01
   5.660           0.1522100E+02
   5.680           0.6393000E+01
   5.700          -0.6901000E+01
   5.720          -0.5390000E+00
   5.740           0.5449000E+01
   5.760           0.6346000E+01
   5.780           0.1403500E+02
   5.800           0.1777300E+02
   5.820           0.1897000E+02
   5.840           0.9890000E+01
   5.860          -0.4616000E+01
   5.880          -0.1686800E+02
   5.900          -0.7146000E+01
   5.920          -0.5446000E+01
   5.940           0.4060000E+01
   5.960           0.1447800E+02
   5.980           0.1771700E+02
   6.000           0.1510100E+02
   6.020           0.2554000E+01
   6.040          -0.2415800E+02
   6.060          -0.3698400E+02
   6.080          -0.3563300E+02
   6.100          -0.1605500E+02
   6.120          -0.4206000E+01
   6.140          -0.5340000E+00
   6.160          -0.4589000E+01
   6.180          -0.1548000E+02
   6.200          -0.2497500E+02
   6.220          -0.1356000E+02
   6.240          -0.3960000E+00
   6.260           0.1184600E+02
   6.280           0.1683400E+02
   6.300           0.1500300E+02
   6.320           0.1613800E+02
   6.340           0.8231000E+01
   6.360          -0.5439000E+01
   6.380          -0.1760500E+02
   6.400          -0.1231200E+02
   6.420           0.7849000E+01
   6.440           0.3280000E+02
   6.460           0.4064600E+02
   6.480           0.3124800E+02
   6.500           0.2352000E+02
   6.520           0.1030400E+02
   6.540           0.6807000E+01
   6.560          -0.3507000E+01
   6.580          -0.8175000E+01
   6.600          -0.3866000E+01
   6.620           0.1120000E+00
   6.640           0.8964000E+01
   6.660          -0.4743000E+01
   6.680          -0.2322100E+02
   6.700          -0.2278800E+02
   6.720          -0.1645100E+02
   6.740          -0.5550000E+01
   6.760          -0.5938000E+01
   6.780           0.9983000E+01
   6.800           0.4244000E+02
   6.820           0.4869600E+02
   6.840           0.4091400E+02
   6.860           0.2980500E+02
   6.880           0.3417000E+01
   6.900          -0.2255900E+02
   6.920          -0.1164600E+02
   6.940           0.1481900E+02
   6.960           0.3190200E+02
   6.980           0.1870300E+02
   7.000          -0.7891000E+01
   7.020          -0.2233900E+02
   7.040          -0.3450900E+02
   7.060          -0.5214500E+02
   7.080          -0.5232200E+02
   7.100          -0.3021300E+02
   7.120          -0.2198000E+01
   7.140           0.9847000E+01
   7.160           0.1942400E+02
   7.180           0.9010000E+01
   7.200          -0.5010000E+01
   7.220           0.1054000E+01
   7.240           0.2490000E+01
   7.260          -0.7378000E+01
   7.280          -0.2175000E+01
   7.300          -0.8930000E+00
   7.320           0.3360000E+00
   7.340           0.7712000E+01
   7.360           0.1697700E+02
   7.380           0.3059200E+02
   7.400           0.5351800E+02
   7.420           0.5328400E+02
   7.440           0.5397300E+02
   7.460           0.4396000E+02
   7.480          -0.1787000E+01
   7.500          -0.3197800E+02
   7.520          -0.4935300E+02
   7.540          -0.6034100E+02
   7.560          -0.3258100E+02
   7.580          -0.8973000E+01
   7.600          -0.1824700E+02
   7.620          -0.2707700E+02
   7.640          -0.1081000E+02
   7.660           0.1816000E+01
   7.680          -0.9126000E+01
   7.700          -0.1254800E+02
   7.720          -0.1705000E+02
   7.740          -0.1108500E+02
   7.760          -0.2776300E+02
   7.780          -0.3466100E+02
   7.800          -0.5659000E+01
   7.820           0.1608700E+02
   7.840           0.2347000E+01
   7.860          -0.5302000E+01
   7.880          -0.2450000E+00
   7.900          -0.2014000E+01
   7.920          -0.3602700E+02
   7.940          -0.5170800E+02
   7.960          -0.5658200E+02
   7.980          -0.3932100E+02
   8.000          -0.2008000E+01
   8.020           0.3204200E+02
   8.040           0.6499300E+02
   8.060           0.7440800E+02
   8.080           0.3188200E+02
   8.100           0.1819400E+02
   8.120           0.3451000E+02
   8.140           0.2858900E+02
   8.160           0.1516900E+02
   8.180           0.4049000E+01
   8.200          -0.1031200E+02
   8.220          -0.1564600E+02
   8.240          -0.2619000E+01
   8.260           0.5220000E+00
   8.280           0.2490000E+00
   8.300           0.1572100E+02
   8.320           0.1804600E+02
   8.340           0.1303500E+02
   8.360           0.8222000E+01
   8.380          -0.1163000E+01
   8.400           0.6383000E+01
   8.420           0.3792600E+02
   8.440           0.3732800E+02
   8.460           0.1126200E+02
   8.480          -0.4860000E+00
   8.500          -0.2157000E+01
   8.520           0.2199600E+02
   8.540           0.3184400E+02
   8.560           0.1856300E+02
   8.580          -0.1571000E+01
   8.600          -0.1482300E+02
   8.620          -0.1239700E+02
   8.640          -0.1260800E+02
   8.660          -0.4303000E+01
   8.680           0.1234600E+02
   8.700           0.1588900E+02
   8.720           0.4191800E+02
   8.740           0.5829700E+02
   8.760           0.6041900E+02
   8.780           0.3525200E+02
   8.800          -0.1338700E+02
   8.820          -0.4992300E+02
   8.840          -0.5542000E+02
   8.860          -0.5824400E+02
   8.880          -0.4436400E+02
   8.900          -0.7591000E+01
   8.920          -0.2199500E+02
   8.940          -0.4322800E+02
   8.960          -0.3913700E+02
   8.980          -0.3622100E+02
   9.000           0.4240000E+00
   9.020           0.4786200E+02
   9.040           0.4632100E+02
   9.060           0.2835300E+02
   9.080           0.3165200E+02
   9.100          -0.6917000E+01
   9.120          -0.2371100E+02
   9.140          -0.1257200E+02
   9.160          -0.2797200E+02
   9.180          -0.5545700E+02
   9.200          -0.3393700E+02
   9.220          -0.3677600E+02
   9.240          -0.4148700E+02
   9.260           0.1255500E+02
   9.280           0.3339000E+02
   9.300           0.1222100E+02
   9.320          -0.1132000E+02
   9.340          -0.4148500E+02
   9.360          -0.4273800E+02
   9.380          -0.1369000E+01
   9.400           0.4318800E+02
   9.420           0.6668100E+02
   9.440           0.8701200E+02
   9.460           0.9371000E+02
   9.480           0.7047400E+02
   9.500           0.1980800E+02
   9.520           0.7304000E+01
   9.540          -0.1759300E+02
   9.560          -0.3872100E+02
   9.580          -0.2459400E+02
   9.600           0.2194800E+02
   9.620           0.2426100E+02
   9.640          -0.2442000E+02
   9.660          -0.6307400E+02
   9.680          -0.6261200E+02
   9.700          -0.5474600E+02
   9.720          -0.3036200E+02
   9.740           0.4418000E+01
   9.760           0.9511000E+01
   9.780          -0.2378700E+02
   9.800          -0.5238900E+02
   9.820          -0.7037000E+02
   9.840          -0.4033100E+02
   9.860          -0.8993000E+01
   9.880          -0.1733000E+02
   9.900          -0.2327100E+02
   9.920          -0.1708100E+02
   9.940          -0.1726500E+02
   9.960           0.1982700E+02
   9.980           0.6514600E+02
  10.000           0.4350600E+02
  10.020           0.2196400E+02
  10.040           0.3435200E+02
  10.060           0.2055500E+02
  10.080           0.2536700E+02
  10.100           0.4786300E+02
  10.120           0.2710800E+02
  10.140          -0.2321500E+02
  10.160          -0.6224400E+02
  10.180          -0.4741100E+02
  10.200          -0.7454000E+01
  10.220           0.1807300E+02
  10.240           0.3253300E+02
  10.260           0.3890800E+02
  10.280           0.1732600E+02
  10.300           0.1229300E+02
  10.320           0.3252400E+02
  10.340          -0.8810000E+00
  10.360          -0.4485700E+02
  10.380          -0.3253900E+02
  10.400           0.2005100E+02
  10.420           0.5429200E+02
  10.440           0.7732800E+02
  10.460           0.7200900E+02
  10.480           0.2720300E+02
  10.500          -0.7546000E+01
  10.520          -0.2738000E+02
  10.540          -0.2237900E+02
  10.560          -0.2878000E+02
  10.580          -0.2990700E+02
  10.600           0.6020000E+00
  10.620           0.2275700E+02
  10.640           0.2867700E+02
  10.660           0.7605000E+01
  10.680           0.9988000E+01
  10.700           0.2298900E+02
  10.720          -0.2067800E+02
  10.740          -0.6113500E+02
  10.760          -0.4955600E+02
  10.780          -0.4106000E+02
  10.800          -0.6970000E+01
  10.820           0.3889000E+01
  10.840           0.7703000E+01
  10.860           0.1839000E+02
  10.880           0.1969100E+02
  10.900           0.5346800E+02
  10.920           0.8418700E+02
  10.940           0.6593100E+02
  10.960           0.3497500E+02
  10.980          -0.1373000E+01
  11.000           0.2350900E+02
  11.020           0.4638400E+02
  11.040           0.1141900E+02
  11.060          -0.1921000E+02
  11.080          -0.2293500E+02
  11.100          -0.1591700E+02
  11.120          -0.2534600E+02
  11.140          -0.2707900E+02
  11.160          -0.6525000E+01
  11.180          -0.1068400E+02
  11.200          -0.3285000E+01
  11.220           0.3421000E+01
  11.240           0.2219800E+02
  11.260           0.1203900E+02
  11.280          -0.1207300E+02
  11.300          -0.9246000E+01
  11.320          -0.7450000E+01
  11.340          -0.2007700E+02
  11.360          -0.3965500E+02
  11.380          -0.2205400E+02
  11.400           0.3254100E+02
  11.420           0.1259200E+02
  11.440          -0.4349300E+02
  11.460          -0.2585800E+02
  11.480          -0.1806500E+02
  11.500          -0.4076800E+02
  11.520          -0.1302700E+02
  11.540           0.5075000E+01
  11.560          -0.8408000E+01
  11.580          -0.2816900E+02
  11.600          -0.5423000E+01
  11.620           0.2220700E+02
  11.640           0.4884700E+02
  11.660           0.6226500E+02
  11.680           0.3575100E+02
  11.700           0.1778500E+02
  11.720           0.2681000E+01
  11.740          -0.1152900E+02
  11.760          -0.1413500E+02
  11.780          -0.2095800E+02
  11.800          -0.2006300E+02
  11.820           0.4972000E+01
  11.840           0.1104600E+02
  11.860           0.1954100E+02
  11.880           0.5809400E+02
  11.900           0.6341600E+02
  11.920           0.4471200E+02
  11.940           0.2565000E+02
  11.960           0.1009300E+02
  11.980           0.6757000E+01
  12.000          -0.6200000E+00
  12.020          -0.3028800E+02
  12.040          -0.6507500E+02
  12.060          -0.6736000E+02
  12.080          -0.4872900E+02
  12.100          -0.1280500E+02
  12.120           0.1860400E+02
  12.140           0.6539000E+01
  12.160          -0.1101700E+02
  12.180          -0.1808400E+02
  12.200          -0.1223800E+02
  12.220          -0.7513000E+01
  12.240           0.6565000E+01
  12.260           0.3170200E+02
  12.280           0.2777000E+01
  12.300          -0.3386400E+02
  12.320          -0.3639800E+02
  12.340          -0.3332600E+02
  12.360          -0.2943700E+02
  12.380          -0.2636900E+02
  12.400          -0.2933900E+02
  12.420          -0.3424000E+01
  12.440          -0.1604400E+02
  12.460          -0.1380600E+02
  12.480           0.3007900E+02
  12.500           0.4422800E+02
  12.520           0.4310300E+02
  12.540           0.3010000E+02
  12.560           0.1004500E+02
  12.580          -0.1345500E+02
  12.600          -0.1124800E+02
  12.620          -0.1037500E+02
  12.640          -0.4356200E+02
  12.660          -0.5970800E+02
  12.680          -0.5977600E+02
  12.700          -0.4835900E+02
  12.720          -0.3923500E+02
  12.740          -0.6735000E+01
  12.760           0.3094000E+02
  12.780           0.3210000E+02
  12.800           0.7356000E+01
  12.820           0.4986000E+01
  12.840          -0.2369700E+02
  12.860          -0.4630600E+02
  12.880          -0.3714600E+02
  12.900          -0.3120000E+01
  12.920           0.1765800E+02
  12.940           0.9522000E+01
  12.960           0.1309000E+02
  12.980           0.6316000E+01
  13.000          -0.4139800E+02
  13.020          -0.5828700E+02
  13.040          -0.1091300E+02
  13.060           0.6126000E+01
  13.080           0.1390400E+02
  13.100           0.3763000E+02
  13.120           0.1360600E+02
  13.140          -0.2967900E+02
  13.160          -0.3919200E+02
  13.180          -0.3098400E+02
  13.200           0.9554000E+01
  13.220           0.4597700E+02
  13.240           0.5077700E+02
  13.260           0.5427300E+02
  13.280           0.4445400E+02
  13.300           0.2322300E+02
  13.320          -0.7005000E+01
  13.340          -0.4485100E+02
  13.360          -0.8627800E+02
  13.380          -0.9001500E+02
  13.400          -0.5145900E+02
  13.420          -0.6253000E+01
  13.440           0.3109000E+01
  13.460           0.3099700E+02
  13.480           0.8424500E+02
  13.500           0.9774300E+02
  13.520           0.7156300E+02
  13.540           0.3033100E+02
  13.560          -0.7594000E+01
  13.580          -0.2923900E+02
  13.600          -0.4973100E+02
  13.620          -0.2115400E+02
  13.640           0.2395000E+01
  13.660          -0.6330000E+00
  13.680           0.9700000E-01
  13.700          -0.1707400E+02
  13.720          -0.3382200E+02
  13.740          -0.2929900E+02
  13.760           0.1096000E+01
  13.780           0.3763000E+01
  13.800           0.2300500E+02
  13.820           0.2215300E+02
  13.840          -0.3110900E+02
  13.860          -0.2925200E+02
  13.880           0.1858800E+02
  13.900           0.3477000E+02
  13.920           0.3019300E+02
  13.940           0.2611800E+02
  13.960          -0.8653000E+01
  13.980          -0.2241000E+02
  14.000          -0.2515900E+02
  14.020          -0.3210000E+02
  14.040          -0.4151600E+02
  14.060          -0.3164100E+02
  14.080          -0.1239800E+02
  14.100          -0.2438000E+01
  14.120           0.2377000E+02
  14.140           0.2452000E+02
  14.160           0.5821000E+01
  14.180          -0.8801000E+01
  14.200          -0.2690900E+02
  14.220          -0.3828800E+02
  14.240          -0.5498200E+02
  14.260          -0.4603700E+02
  14.280          -0.1389500E+02
  14.300          -0.4860000E+00
  14.320          -0.2718900E+02
  14.340          -0.3883800E+02
  14.360          -0.2682100E+02
  14.380           0.6555000E+01
  14.400          -0.2045000E+01
  14.420          -0.3164800E+02
  14.440          -0.5501000E+01
  14.460           0.5194200E+02
  14.480           0.7746500E+02
  14.500           0.7445800E+02
  14.520           0.4314300E+02
  14.540           0.9961000E+01
  14.560          -0.5199300E+02
  14.580          -0.7125200E+02
  14.600          -0.6886000E+01
  14.620           0.3659400E+02
  14.640           0.1893000E+02
  14.660           0.2804300E+02
  14.680           0.4484700E+02
  14.700           0.2134200E+02
  14.720           0.2306300E+02
  14.740          -0.1068500E+02
  14.760          -0.5299500E+02
  14.780          -0.3534700E+02
  14.800          -0.1710100E+02
  14.820          -0.1970000E+00
  14.840           0.2592300E+02
  14.860           0.3775500E+02
  14.880           0.5732700E+02
  14.900           0.6325500E+02
  14.920           0.6103900E+02
  14.940           0.3642500E+02
  14.960           0.8578000E+01
  14.980           0.4394000E+01
  15.000          -0.2172600E+02
  15.020          -0.4030400E+02
  15.040          -0.2297500E+02
  15.060          -0.9390000E+01
  15.080           0.2217000E+01
  15.100          -0.3557000E+01
  15.120           0.1258000E+01
  15.140           0.2740000E+00
  15.160          -0.4653700E+02
  15.180          -0.6288100E+02
  15.200          -0.6123500E+02
  15.220          -0.2970200E+02
  15.240          -0.6022000E+01
  15.260           0.3927000E+01
  15.280           0.1471800E+02
  15.300           0.2787300E+02
  15.320           0.4326900E+02
  15.340           0.5318000E+02
  15.360           0.5133300E+02
  15.380           0.4046600E+02
  15.400           0.1920000E+02
  15.420          -0.1773200E+02
  15.440          -0.6149000E+02
  15.460          -0.8468700E+02
  15.480          -0.5289700E+02
  15.500          -0.3030000E+01
  15.520           0.3855000E+02
  15.540           0.6058100E+02
  15.560           0.5476600E+02
  15.580           0.2725900E+02
  15.600           0.3629100E+02
  15.620           0.3203000E+02
  15.640           0.2263400E+02
  15.660           0.1712500E+02
  15.680          -0.5213000E+01
  15.700          -0.2519900E+02
  15.720           0.1820000E+01
  15.740           0.4218700E+02
  15.760           0.4227100E+02
  15.780           0.1871500E+02
  15.800           0.2980000E+01
  15.820          -0.4450000E+01
  15.840          -0.1479400E+02
  15.860          -0.4988600E+02
  15.880          -0.3894600E+02
  15.900          -0.2561400E+02
  15.920          -0.5928500E+02
  15.940          -0.6747100E+02
  15.960          -0.3732800E+02
  15.980          -0.2391900E+02
  16.000          -0.2371600E+02
  16.020          -0.8140000E+00
  16.040           0.3073700E+02
  16.060           0.3500400E+02
  16.080           0.3749700E+02
  16.100           0.8180000E+02
  16.120           0.7935400E+02
  16.140           0.2755400E+02
  16.160          -0.1768100E+02
  16.180          -0.2154800E+02
  16.200          -0.9532000E+01
  16.220          -0.5518000E+01
  16.240           0.2128100E+02
  16.260           0.2563000E+02
  16.280          -0.2186900E+02
  16.300          -0.3947200E+02
  16.320          -0.4005000E+01
  16.340           0.2004000E+02
  16.360           0.3639500E+02
  16.380           0.5669200E+02
  16.400           0.6590300E+02
  16.420           0.2852100E+02
  16.440          -0.1273000E+02
  16.460          -0.5909300E+02
  16.480          -0.1036670E+03
  16.500          -0.1099260E+03
  16.520          -0.6985400E+02
  16.540          -0.6546000E+01
  16.560           0.3577100E+02
  16.580           0.2253100E+02
  16.600           0.5003000E+01
  16.620          -0.3810000E+00
  16.640           0.1876600E+02
  16.660           0.3214800E+02
  16.680           0.4835800E+02
  16.700           0.8170800E+02
  16.720           0.6235000E+02
  16.740           0.2647400E+02
  16.760           0.2402000E+02
  16.780           0.2960600E+02
  16.800           0.2551800E+02
  16.820           0.2234500E+02
  16.840           0.4664000E+01
  16.860          -0.2818500E+02
  16.880          -0.5821800E+02
  16.900          -0.4739500E+02
  16.920          -0.1445000E+01
  16.940           0.3500100E+02
  16.960           0.2864300E+02
  16.980          -0.2829400E+02
  17.000          -0.4518900E+02
  17.020          -0.1006000E+02
  17.040          -0.2338000E+01
  17.060           0.2437000E+02
  17.080           0.6319000E+02
  17.100           0.5921200E+02
  17.120           0.5886400E+02
  17.140           0.5456600E+02
  17.160           0.3419400E+02
  17.180          -0.1235000E+01
  17.200          -0.4617000E+02
  17.220          -0.4947900E+02
  17.240          -0.4025600E+02
  17.260          -0.2413100E+02
  17.280           0.2905800E+02
  17.300           0.4637000E+02
  17.320           0.2733000E+01
  17.340          -0.2980000E+01
  17.360          -0.3216000E+01
  17.380          -0.3377900E+02
  17.400          -0.2045000E+01
  17.420           0.2658500E+02
  17.440           0.1079800E+02
  17.460          -0.1230300E+02
  17.480          -0.7508000E+01
  17.500          -0.6490000E+01
  17.520           0.1008100E+02
  17.540          -0.1411600E+02
  17.560          -0.7126700E+02
  17.580          -0.6617600E+02
  17.600          -0.1675700E+02
  17.620           0.7310000E+00
  17.640           0.3920400E+02
  17.660           0.6844200E+02
  17.680           0.3450500E+02
  17.700          -0.3473000E+01
  17.720          -0.2023600E+02
  17.740          -0.6020800E+02
  17.760          -0.4682400E+02
  17.780          -0.3165000E+02
  17.800          -0.2930200E+02
  17.820           0.1464800E+02
  17.840           0.4327900E+02
  17.860           0.2121800E+02
  17.880          -0.5833000E+01
  17.900          -0.1017600E+02
  17.920          -0.2576600E+02
  17.940          -0.3665600E+02
  17.960          -0.3933400E+02
  17.980          -0.2218800E+02
  18.000           0.2116000E+02
  18.020           0.1972200E+02
  18.040          -0.5640000E+00
  18.060           0.2687900E+02
  18.080           0.3032400E+02
  18.100           0.9430000E+01
  18.120           0.3006400E+02
  18.140           0.4394900E+02
  18.160           0.3144300E+02
  18.180           0.1491200E+02
  18.200          -0.3388000E+02
  18.220          -0.3031400E+02
  18.240          -0.1248700E+02
  18.260          -0.6379600E+02
  18.280          -0.6222600E+02
  18.300          -0.1293800E+02
  18.320          -0.2918000E+01
  18.340           0.1483400E+02
  18.360           0.4342300E+02
  18.380           0.4243600E+02
  18.400           0.2727000E+01
  18.420           0.1530400E+02
  18.440           0.2994100E+02
  18.460          -0.7349000E+01
  18.480          -0.3502000E+02
  18.500          -0.1867300E+02
  18.520           0.7277000E+01
  18.540           0.8483000E+01
  18.560          -0.3512600E+02
  18.580          -0.7854100E+02
  18.600          -0.7545800E+02
  18.620          -0.4683300E+02
  18.640           0.9713000E+01
  18.660           0.3053000E+02
  18.680           0.2135900E+02
  18.700          -0.2733400E+02
  18.720          -0.6628300E+02
  18.740          -0.6418300E+02
  18.760          -0.3685400E+02
  18.780          -0.1652300E+02
  18.800          -0.1184600E+02
  18.820           0.2458000E+01
  18.840          -0.2932000E+01
  18.860          -0.9398000E+01
  18.880          -0.2163000E+01
  18.900           0.1861700E+02
  18.920           0.3440900E+02
  18.940           0.1804100E+02
  18.960          -0.7711000E+01
  18.980          -0.3133000E+01
  19.000           0.2165800E+02
  19.020           0.3978000E+01
  19.040          -0.6391000E+01
  19.060           0.1353500E+02
  19.080           0.4731000E+01
  19.100          -0.2707000E+01
  19.120           0.2372700E+02
  19.140           0.5492800E+02
  19.160           0.5052900E+02
  19.180           0.1037600E+02
  19.200          -0.1208800E+02
  19.220          -0.5915000E+01
  19.240           0.1131400E+02
  19.260           0.1628500E+02
  19.280           0.3028000E+01
  19.300           0.1956800E+02
  19.320           0.3694600E+02
  19.340           0.2935500E+02
  19.360           0.2115000E+02
  19.380           0.1274200E+02
  19.400          -0.2166200E+02
  19.420          -0.2782400E+02
  19.440          -0.1345300E+02
  19.460           0.8467000E+01
  19.480           0.1637500E+02
  19.500           0.2406600E+02
  19.520           0.1763000E+02
  19.540          -0.1456800E+02
  19.560          -0.3966000E+02
  19.580          -0.5066500E+02
  19.600          -0.5196600E+02
  19.620          -0.4698200E+02
  19.640          -0.3205600E+02
  19.660          -0.6130000E+01
  19.680          -0.1235700E+02
  19.700          -0.1451600E+02
  19.720           0.7496000E+01
  19.740           0.2964300E+02
  19.760           0.2536100E+02
  19.780           0.5017000E+01
  19.800          -0.1389100E+02
  19.820          -0.1655000E+01
  19.840           0.3984100E+02
  19.860           0.5712300E+02
  19.880           0.2625500E+02
  19.900          -0.1659900E+02
  19.920          -0.1939300E+02
  19.940          -0.1358000E+02
  19.960          -0.2283100E+02
  19.980          -0.1603200E+02
  20.000          -0.7780000E+01
  20.020          -0.1383100E+02
  20.040          -0.7110000E+01
  20.060           0.1085000E+02
  20.080           0.2322700E+02
  20.100          -0.2543400E+02
  20.120          -0.6698000E+02
  20.140          -0.5655100E+02
  20.160          -0.1132000E+02
  20.180           0.1318200E+02
  20.200           0.2603500E+02
  20.220           0.3858300E+02
  20.240           0.1803200E+02
  20.260          -0.8633000E+01
  20.280          -0.9147000E+01
  20.300          -0.1731400E+02
  20.320          -0.3941500E+02
  20.340          -0.2475500E+02
  20.360           0.6775000E+01
  20.380           0.1783000E+02
  20.400           0.3426100E+02
  20.420           0.3777300E+02
  20.440           0.2495000E+02
  20.460           0.3990800E+02
  20.480           0.2103600E+02
  20.500          -0.1871300E+02
  20.520          -0.3795700E+02
  20.540          -0.1749400E+02
  20.560           0.1201300E+02
  20.580           0.2610000E+02
  20.600           0.1050400E+02
  20.620          -0.4289000E+01
  20.640          -0.5152000E+01
  20.660          -0.7682000E+01
  20.680           0.3460000E+01
  20.700          -0.3093000E+01
  20.720          -0.1127000E+02
  20.740          -0.7573000E+01
  20.760          -0.8797000E+01
  20.780           0.5192000E+01
  20.800           0.8475000E+01
  20.820          -0.2983200E+02
  20.840          -0.6371700E+02
  20.860          -0.4310100E+02
  20.880          -0.8479000E+01
  20.900           0.1455000E+02
  20.920           0.1539900E+02
  20.940           0.5996000E+01
  20.960          -0.1000000E+01
  20.980          -0.1670800E+02
  21.000          -0.4446900E+02
  21.020          -0.4303300E+02
  21.040          -0.7600000E+00
  21.060           0.3046300E+02
  21.080           0.4347200E+02
  21.100           0.4945800E+02
  21.120           0.4579500E+02
  21.140           0.1837200E+02
  21.160           0.1040200E+02
  21.180           0.1477900E+02
  21.200           0.5110000E+00
  21.220          -0.9547000E+01
  21.240           0.1827000E+01
  21.260           0.1791300E+02
  21.280           0.2811500E+02
  21.300           0.4135100E+02
  21.320           0.2956400E+02
  21.340          -0.1258300E+02
  21.360          -0.4270200E+02
  21.380          -0.3295600E+02
  21.400          -0.2874100E+02
  21.420          -0.2126400E+02
  21.440           0.9248000E+01
  21.460           0.3401600E+02
  21.480           0.4001400E+02
  21.500           0.8938000E+01
  21.520          -0.4030400E+02
  21.540          -0.5744800E+02
  21.560          -0.4427600E+02
  21.580          -0.1124300E+02
  21.600           0.2751600E+02
  21.620           0.3302900E+02
  21.640           0.1266800E+02
  21.660          -0.9130000E+01
  21.680          -0.8298000E+01
  21.700          -0.3453000E+01
  21.720          -0.2726600E+02
  21.740          -0.4512700E+02
  21.760          -0.3542300E+02
  21.780          -0.1593100E+02
  21.800          -0.1335000E+01
  21.820          -0.4946000E+01
  21.840          -0.1363500E+02
  21.860          -0.2413200E+02
  21.880          -0.3723900E+02
  21.900          -0.3943700E+02
  21.920          -0.2628600E+02
  21.940           0.1310000E+00
  21.960           0.1215600E+02
  21.980           0.1405700E+02
  22.000           0.1732000E+02
  22.020           0.1282800E+02
  22.040          -0.4807000E+01
  22.060          -0.5129000E+01
  22.080           0.9100000E+01
  22.100           0.7220000E+01
  22.120           0.1645000E+01
  22.140           0.7845000E+01
  22.160           0.2174700E+02
  22.180           0.3567900E+02
  22.200           0.2661500E+02
  22.220          -0.9365000E+01
  22.240          -0.4383600E+02
  22.260          -0.3296700E+02
  22.280          -0.1432000E+02
  22.300           0.9718000E+01
  22.320           0.3436400E+02
  22.340           0.2967400E+02
  22.360           0.1026600E+02
  22.380          -0.1150800E+02
  22.400          -0.2153300E+02
  22.420          -0.9715000E+01
  22.440           0.7650000E+00
  22.460           0.2793000E+01
  22.480           0.1773100E+02
  22.500           0.3639100E+02
  22.520           0.4909200E+02
  22.540           0.3904200E+02
  22.560           0.2025700E+02
  22.580          -0.5370000E+00
  22.600          -0.1811100E+02
  22.620          -0.5808000E+01
  22.640           0.1249800E+02
  22.660           0.1580000E+02
  22.680           0.1935700E+02
  22.700           0.1009600E+02
  22.720          -0.7730000E+01
  22.740          -0.1599300E+02
  22.760          -0.9954000E+01
  22.780          -0.8146000E+01
  22.800           0.5509000E+01
  22.820           0.2402700E+02
  22.840           0.1697900E+02
  22.860           0.3067000E+01
  22.880           0.1226300E+02
  22.900           0.1728500E+02
  22.920          -0.6785000E+01
  22.940          -0.2997600E+02
  22.960          -0.2341400E+02
  22.980          -0.8201000E+01
  23.000           0.1666100E+02
  23.020           0.4475000E+02
  23.040           0.5386700E+02
  23.060           0.3696700E+02
  23.080           0.8136000E+01
  23.100          -0.1631100E+02
  23.120          -0.3007900E+02
  23.140          -0.2208600E+02
  23.160           0.3303000E+01
  23.180           0.2862900E+02
  23.200           0.4420000E+02
  23.220           0.4540500E+02
  23.240           0.2329500E+02
  23.260          -0.5978000E+01
  23.280          -0.2489500E+02
  23.300          -0.3293400E+02
  23.320          -0.1807800E+02
  23.340           0.1523500E+02
  23.360           0.3758200E+02
  23.380           0.2426900E+02
  23.400          -0.2822000E+01
  23.420          -0.4386000E+01
  23.440          -0.2851000E+01
  23.460          -0.1033600E+02
  23.480          -0.5008000E+01
  23.500          -0.1121500E+02
  23.520          -0.2238700E+02
  23.540          -0.1659200E+02
  23.560          -0.4528000E+01
  23.580           0.6228000E+01
  23.600           0.1768000E+02
  23.620           0.1433400E+02
  23.640          -0.3310000E+01
  23.660          -0.2895000E+01
  23.680          -0.7300000E-01
  23.700          -0.1055500E+02
  23.720          -0.8400000E+01
  23.740          -0.3687000E+01
  23.760          -0.1604900E+02
  23.780          -0.1346600E+02
  23.800          -0.2112700E+02
  23.820          -0.3239700E+02
  23.840          -0.1662400E+02
  23.860          -0.2607000E+01
  23.880          -0.1601000E+01
  23.900           0.2164000E+01
  23.920           0.6703000E+01
  23.940           0.2940000E+01
  23.960          -0.7521000E+01
  23.980          -0.2194900E+02
  24.000          -0.2617600E+02
  24.020          -0.1227600E+02
  24.040           0.8733000E+01
  24.060           0.2241800E+02
  24.080           0.2733000E+02
  24.100           0.1960600E+02
  24.120           0.3070000E+00
  24.140          -0.1516100E+02
  24.160          -0.1086700E+02
  24.180           0.1438000E+02
  24.200           0.2792400E+02
  24.220           0.1619300E+02
  24.240           0.1444900E+02
  24.260           0.1310200E+02
  24.280           0.1463000E+01
  24.300          -0.7206000E+01
  24.320          -0.9339000E+01
  24.340          -0.7280000E+01
  24.360           0.1876000E+01
  24.380           0.1601700E+02
  24.400           0.2333800E+02
  24.420           0.2105700E+02
  24.440           0.1309300E+02
  24.460          -0.2963000E+01
  24.480          -0.3918000E+01
  24.500          -0.2714000E+01
  24.520          -0.9947000E+01
  24.540          -0.1511400E+02
  24.560          -0.1184900E+02
  24.580           0.5049000E+01
  24.600           0.1971700E+02
  24.620           0.2797400E+02
  24.640           0.2556500E+02
  24.660           0.1579400E+02
  24.680          -0.5200000E+00
  24.700          -0.3368000E+01
  24.720          -0.9909000E+01
  24.740          -0.5574000E+01
  24.760           0.8285000E+01
  24.780           0.1019500E+02
  24.800          -0.1372000E+01
  24.820          -0.1603000E+02
  24.840          -0.1977300E+02
  24.860          -0.1112700E+02
  24.880          -0.2598000E+01
  24.900           0.8860000E+01
  24.920           0.6223000E+01
  24.940          -0.4342000E+01
  24.960          -0.1504400E+02
  24.980          -0.1375900E+02
  25.000          -0.4200000E+01
  25.020          -0.3953000E+01
  25.040          -0.1366900E+02
  25.060          -0.2255100E+02
  25.080          -0.2163100E+02
  25.100          -0.1022100E+02
  25.120          -0.5778000E+01
  25.140          -0.3254000E+01
  25.160           0.7213000E+01
  25.180          -0.2528000E+01
  25.200          -0.1503700E+02
  25.220          -0.1313100E+02
  25.240          -0.1534700E+02
  25.260          -0.2150600E+02
  25.280          -0.1841500E+02
  25.300          -0.1000800E+02
  25.320           0.1525000E+01
  25.340           0.6111000E+01
  25.360           0.6108000E+01
  25.380           0.7708000E+01
  25.400           0.1084800E+02
  25.420           0.4771000E+01
  25.440           0.1001000E+01
  25.460           0.1341000E+01
  25.480           0.4018000E+01
  25.500           0.9206000E+01
  25.520           0.2159000E+01
  25.540          -0.9601000E+01
  25.560          -0.5654000E+01
  25.580           0.4540000E+01
  25.600           0.1300400E+02
  25.620           0.2024600E+02
  25.640           0.1754500E+02
  25.660           0.3936000E+01
  25.680           0.3359000E+01
  25.700           0.6192000E+01
  25.720           0.8900000E-01
  25.740          -0.2143000E+01
  25.760          -0.6917000E+01
  25.780          -0.1722700E+02
  25.800          -0.1757800E+02
  25.820          -0.1008700E+02
  25.840          -0.1266200E+02
  25.860          -0.1685700E+02
  25.880          -0.7744000E+01
  25.900          -0.1237000E+01
  25.920           0.1017000E+01
  25.940           0.3747000E+01
  25.960           0.2812000E+01
  25.980           0.1163000E+01
  26.000          -0.2478000E+01
  26.020          -0.8787000E+01
  26.040          -0.1423400E+02
  26.060          -0.2026200E+02
  26.080          -0.1436400E+02
  26.100           0.1977000E+01
  26.120           0.6531000E+01
  26.140           0.4403000E+01
  26.160           0.7757000E+01
  26.180           0.8189000E+01
  26.200           0.3709000E+01
  26.220           0.7038000E+01
  26.240           0.1785000E+01
  26.260          -0.1369700E+02
  26.280          -0.2328400E+02
  26.300          -0.1333700E+02
  26.320          -0.1065000E+01
  26.340           0.2275000E+01
  26.360           0.7850000E+00
  26.380          -0.5036000E+01
  26.400          -0.9000000E+01
  26.420          -0.2977000E+01
  26.440           0.1216000E+01
  26.460           0.1083400E+02
  26.480           0.1781800E+02
  26.500           0.1471600E+02
  26.520           0.5226000E+01
  26.540          -0.3956000E+01
  26.560          -0.9105000E+01
  26.580          -0.1632400E+02
  26.600          -0.1299000E+02
  26.620          -0.7300000E-01
  26.640           0.4153000E+01
  26.660           0.5008000E+01
  26.680           0.5533000E+01
  26.700           0.4940000E+01
  26.720           0.1128200E+02
  26.740           0.8163000E+01
  26.760          -0.6719000E+01
  26.780          -0.1038600E+02
  26.800          -0.1044400E+02
  26.820          -0.1465900E+02
  26.840          -0.1313500E+02
  26.860          -0.4495000E+01
  26.880          -0.1327000E+01
  26.900          -0.8437000E+01
  26.920          -0.5846000E+01
  26.940          -0.3826000E+01
  26.960          -0.8602000E+01
  26.980          -0.5121000E+01
  27.000           0.4471000E+01
  27.020           0.1064400E+02
  27.040           0.1253500E+02
  27.060           0.8990000E+01
  27.080           0.6423000E+01
  27.100          -0.2496000E+01
  27.120          -0.5593000E+01
  27.140           0.4241000E+01
  27.160           0.1818400E+02
  27.180           0.3098000E+02
  27.200           0.3640500E+02
  27.220           0.2893400E+02
  27.240           0.1589700E+02
  27.260           0.1006800E+02
  27.280           0.6854000E+01
  27.300           0.4205000E+01
  27.320           0.2021000E+01
  27.340           0.2342000E+01
  27.360           0.4060000E+01
  27.380           0.1347100E+02
  27.400           0.2258000E+02
  27.420           0.1965600E+02
  27.440           0.1489700E+02
  27.460           0.1436700E+02
  27.480           0.8056000E+01
  27.500           0.2913000E+01
  27.520           0.5853000E+01
  27.540           0.1040000E+02
  27.560           0.1452300E+02
  27.580           0.1541400E+02
  27.600           0.1371200E+02
  27.620           0.1611700E+02
  27.640           0.1295900E+02
  27.660           0.1000900E+02
  27.680           0.9424000E+01
  27.700           0.1287300E+02
  27.720           0.9869000E+01
  27.740           0.7230000E+00
  27.760          -0.4466000E+01
  27.780          -0.4996000E+01
  27.800          -0.8650000E+01
  27.820          -0.1181900E+02
  27.840          -0.1363400E+02
  27.860          -0.1029900E+02
  27.880          -0.6140000E+00
  27.900           0.3252000E+01
  27.920          -0.1740000E+01
  27.940          -0.9690000E+01
  27.960          -0.1544400E+02
  27.980          -0.1615900E+02
  28.000          -0.9010000E+01
  28.020           0.2273000E+01
  28.040           0.1242800E+02
  28.060           0.1136600E+02
  28.080           0.8380000E+00
  28.100          -0.5972000E+01
  28.120          -0.4247000E+01
  28.140          -0.4524000E+01
  28.160          -0.2924000E+01
  28.180           0.1742000E+01
  28.200           0.4185000E+01
  28.220           0.6864000E+01
  28.240           0.3942000E+01
  28.260           0.2137000E+01
  28.280           0.6129000E+01
  28.300           0.1816000E+01
  28.320          -0.1061700E+02
  28.340          -0.1617400E+02
  28.360          -0.1274200E+02
  28.380          -0.7986000E+01
  28.400          -0.6430000E+01
  28.420          -0.3368000E+01
  28.440           0.2381000E+01
  28.460           0.2653000E+01
  28.480          -0.3150000E+00
  28.500          -0.3496000E+01
  28.520          -0.5942000E+01
  28.540          -0.6149000E+01
  28.560          -0.3411000E+01
  28.580           0.3560000E+00
  28.600           0.4397000E+01
  28.620          -0.3200000E-01
  28.640          -0.6107000E+01
  28.660          -0.9620000E+01
  28.680          -0.8563000E+01
  28.700          -0.6720000E+01
  28.720          -0.5997000E+01
  28.740          -0.5012000E+01
  28.760          -0.3847000E+01
  28.780          -0.4782000E+01
  28.800          -0.1120400E+02
  28.820          -0.1630100E+02
  28.840          -0.2412300E+02
  28.860          -0.2094900E+02
  28.880          -0.1270500E+02
  28.900          -0.5496000E+01
  28.920          -0.6664000E+01
  28.940          -0.1389900E+02
  28.960          -0.1082700E+02
  28.980          -0.2171000E+01
  29.000           0.5046000E+01
  29.020           0.1081800E+02
  29.040           0.8255000E+01
  29.060          -0.6590000E+00
  29.080          -0.9222000E+01
  29.100          -0.8333000E+01
  29.120          -0.2420000E+01
  29.140          -0.1374000E+01
  29.160          -0.3421000E+01
  29.180          -0.4465000E+01
  29.200          -0.5047000E+01
  29.220          -0.2163000E+01
  29.240           0.4070000E+01
  29.260           0.8190000E+01
  29.280           0.1048200E+02
  29.300           0.9155000E+01
  29.320           0.9039000E+01
  29.340           0.7292000E+01
  29.360          -0.2883000E+01
  29.380          -0.8451000E+01
  29.400          -0.6131000E+01
  29.420          -0.4190000E+01
  29.440          -0.6930000E+00
  29.460           0.7690000E+00
  29.480           0.1199000E+01
  29.500           0.4069000E+01
  29.520           0.6214000E+01
  29.540           0.4594000E+01
  29.560           0.5674000E+01
  29.580           0.8205000E+01
  29.600           0.1198100E+02
  29.620           0.1355000E+02
  29.640           0.5844000E+01
  29.660           0.7280000E+00
  29.680           0.2069000E+01
  29.700           0.4961000E+01
  29.720           0.5964000E+01
  29.740           0.5844000E+01
  29.760           0.9880000E+00
  29.780          -0.2103000E+01
  29.800          -0.3498000E+01
  29.820          -0.2095000E+01
  29.840           0.5530000E+01
  29.860           0.8113000E+01
  29.880           0.9300000E+00
  29.900          -0.2464000E+01
  29.920           0.5330000E+00
  29.940           0.6125000E+01
  29.960           0.9411000E+01
  29.980           0.1161200E+02
  30.000           0.1120700E+02
  30.020           0.7948000E+01
  30.040           0.1009000E+01
  30.060          -0.2356000E+01
  30.080          -0.4254000E+01
  30.100          -0.3368000E+01
  30.120          -0.9190000E+00
  30.140           0.1133000E+01
  30.160           0.5353000E+01
  30.180           0.7274000E+01
  30.200           0.6857000E+01
  30.220           0.4401000E+01
  30.240           0.7900000E-01
  30.260          -0.8000000E-02
  30.280           0.5316000E+01
  30.300           0.7924000E+01
  30.320           0.4968000E+01
  30.340           0.7240000E+00
  30.360          -0.4140000E+01
  30.380          -0.3631000E+01
  30.400           0.2480000E+00
  30.420          -0.2211000E+01
  30.440          -0.4518000E+01
  30.460          -0.6073000E+01
  30.480          -0.8985000E+01
  30.500          -0.4798000E+01
  30.520           0.4049000E+01
  30.540           0.1237900E+02
  30.560           0.1170000E+02
  30.580           0.5620000E+01
  30.600           0.3075000E+01
  30.620           0.5546000E+01
  30.640           0.5275000E+01
  30.660           0.2908000E+01
  30.680           0.2535000E+01
  30.700           0.3659000E+01
  30.720           0.1057000E+01
  30.740           0.2510000E+01
  30.760           0.5719000E+01
  30.780           0.5171000E+01
  30.800           0.6020000E+00
  30.820          -0.4038000E+01
  30.840          -0.1581000E+01
  30.860           0.3433000E+01
  30.880           0.4227000E+01
  30.900           0.1888000E+01
  30.920          -0.1035000E+01
  30.940          -0.5280000E+01
  30.960          -0.6319000E+01
  30.980           0.5540000E+00
  31.000           0.5983000E+01
  31.020           0.7366000E+01
  31.040           0.7588000E+01
  31.060           0.5655000E+01
  31.080           0.2073000E+01
  31.100           0.4704000E+01
  31.120           0.8353000E+01
  31.140           0.6317000E+01
  31.160           0.1753000E+01
  31.180          -0.3574000E+01
  31.200          -0.5288000E+01
  31.220          -0.1699000E+01
  31.240           0.2099000E+01
  31.260           0.4060000E+01
  31.280           0.9380000E+00
  31.300          -0.5682000E+01
  31.320          -0.5240000E+01
  31.340          -0.1195000E+01
  31.360           0.2986000E+01
  31.380           0.2495000E+01
  31.400          -0.3303000E+01
  31.420          -0.1047800E+02
  31.440          -0.1595800E+02
  31.460          -0.1531900E+02
  31.480          -0.1088900E+02
  31.500          -0.8146000E+01
  31.520          -0.7177000E+01
  31.540          -0.5157000E+01
  31.560           0.6500000E-01
  31.580           0.2632000E+01
  31.600           0.1495000E+01
  31.620          -0.1946000E+01
  31.640          -0.6981000E+01
  31.660          -0.8625000E+01
  31.680          -0.9039000E+01
  31.700          -0.8573000E+01
  31.720          -0.4966000E+01
  31.740          -0.3785000E+01
  31.760          -0.5598000E+01
  31.780          -0.8897000E+01
  31.800          -0.1117300E+02
  31.820          -0.7778000E+01
  31.840          -0.4263000E+01
  31.860          -0.5228000E+01
  31.880          -0.7507000E+01
  31.900          -0.8971000E+01
  31.920          -0.9688000E+01
  31.940          -0.8809000E+01
  31.960          -0.5252000E+01
  31.980          -0.2602000E+01
  32.000          -0.2408000E+01
  32.020          -0.6268000E+01
  32.040          -0.8243000E+01
  32.060          -0.3232000E+01
  32.080           0.3464000E+01
  32.100           0.2806000E+01
  32.120           0.7730000E+00
  32.140           0.2270000E+01
  32.160           0.3852000E+01
  32.180           0.1821000E+01
  32.200           0.3570000E+00
  32.220           0.2470000E+00
  32.240          -0.3130000E+00
  32.260          -0.4900000E+00
  32.280           0.1410000E+00
  32.300           0.1967000E+01
  32.320           0.2089000E+01
  32.340          -0.8510000E+00
  32.360          -0.1061000E+01
  32.380           0.1328000E+01
  32.400           0.2919000E+01
  32.420           0.3422000E+01
  32.440           0.1770000E+01
  32.460          -0.1940000E+01
  32.480          -0.2027000E+01
  32.500          -0.2241000E+01
  32.520          -0.2234000E+01
  32.540          -0.4000000E-01
  32.560           0.2387000E+01
  32.580           0.1334000E+01
  32.600           0.4210000E+00
  32.620           0.1584000E+01
  32.640           0.4200000E+01
  32.660           0.6891000E+01
  32.680           0.8602000E+01
  32.700           0.8470000E+01
  32.720           0.6586000E+01
  32.740           0.3371000E+01
  32.760           0.9450000E+00
  32.780           0.6990000E+00
  32.800          -0.1780000E+00
  32.820           0.4900000E-01
  32.840           0.7070000E+00
  32.860           0.2388000E+01
  32.880           0.3981000E+01
  32.900           0.3568000E+01
  32.920           0.2159000E+01
  32.940           0.1268000E+01
  32.960           0.1762000E+01
  32.980           0.2852000E+01
  33.000           0.3274000E+01
  33.020           0.3837000E+01
  33.040           0.3493000E+01
  33.060           0.1844000E+01
  33.080           0.2953000E+01
  33.100           0.5456000E+01
  33.120           0.6454000E+01
  33.140           0.5607000E+01
  33.160           0.4068000E+01
  33.180           0.4348000E+01
  33.200           0.4964000E+01
  33.220           0.4463000E+01
  33.240           0.3748000E+01
  33.260           0.3607000E+01
  33.280           0.3820000E+01
  33.300           0.3274000E+01
  33.320           0.2368000E+01
  33.340           0.2129000E+01
  33.360           0.2831000E+01
  33.380           0.2945000E+01
  33.400           0.3088000E+01
  33.420           0.3166000E+01
  33.440           0.3258000E+01
  33.460           0.2892000E+01
  33.480           0.2157000E+01
  33.500           0.2067000E+01
  33.520           0.2319000E+01
  33.540           0.2711000E+01
  33.560           0.2656000E+01
  33.580           0.2260000E+01
  33.600           0.1880000E+01
  33.620           0.1045000E+01
  33.640           0.3810000E+00
  33.660           0.5060000E+00
  33.680           0.1384000E+01
  33.700           0.1946000E+01
  33.720           0.1401000E+01
  33.740           0.4800000E-01
  33.760          -0.7450000E+00
  33.780          -0.9040000E+00
  33.800          -0.9020000E+00
  33.820          -0.7540000E+00
  33.840          -0.8080000E+00
  33.860          -0.7790000E+00
  33.880          -0.6690000E+00
  33.900          -0.6420000E+00
  33.920          -0.6000000E+00
  33.940          -0.6390000E+00
  33.960          -0.7610000E+00
  33.980          -0.8210000E+00
  34.000          -0.6650000E+00
  34.020          -0.4490000E+00
  34.040          -0.3450000E+00
  34.060          -0.3170000E+00
  34.080          -0.2750000E+00
  34.100          -0.1500000E+00
  34.120           0.0000000E+00
  34.140           0.0000000E+00
  34.160           0.0000000E+00
  34.180           0.0000000E+00
  34.200           0.0000000E+00
  34.220           0.0000000E+00
  34.240           0.0000000E+00
  34.260           0.0000000E+00
  34.280           0.0000000E+00
  34.300           0.0000000E+00
  34.320           0.0000000E+00
  34.340           0.0000000E+00
  34.360           0.0000000E+00
  34.380           0.0000000E+00
  34.400           0.0000000E+00
  34.420           0.0000000E+00
  34.440           0.0000000E+00
  34.460           0.0000000E+00
  34.480           0.0000000E+00
  34.500           0.0000000E+00
  34.520           0.0000000E+00
  34.540           0.0000000E+00
  34.560           0.0000000E+00
  34.580           0.0000000E+00
  34.600           0.0000000E+00
  34.620           0.0000000E+00
  34.640           0.0000000E+00
  34.660           0.0000000E+00
  34.680           0.0000000E+00
  34.700           0.0000000E+00
  34.720           0.0000000E+00
  34.740           0.0000000E+00
  34.760           0.0000000E+00
  34.780           0.0000000E+00
  34.800           0.0000000E+00
  34.820           0.0000000E+00
  34.840           0.0000000E+00
  34.860           0.0000000E+00
  34.880           0.0000000E+00
  34.900           0.0000000E+00
  34.920           0.0000000E+00
  34.940           0.0000000E+00
  34.960           0.0000000E+00
  34.980           0.0000000E+00
  35.000           0.0000000E+00
  35.020           0.0000000E+00
  35.040           0.0000000E+00
  35.060           0.0000000E+00
  35.080           0.0000000E+00
  35.100           0.0000000E+00
  35.120           0.0000000E+00
  35.140           0.0000000E+00
  35.160           0.0000000E+00
  35.180           0.0000000E+00
  35.200           0.0000000E+00
  35.220           0.0000000E+00
  35.240           0.0000000E+00
  35.260           0.0000000E+00
  35.280           0.0000000E+00
  35.300           0.0000000E+00
  35.320           0.0000000E+00
  35.340           0.0000000E+00
  35.360           0.0000000E+00
  35.380           0.0000000E+00
  35.400           0.0000000E+00
  35.420           0.0000000E+00
  35.440           0.0000000E+00
  35.460           0.0000000E+00
  35.480           0.0000000E+00
  35.500           0.0000000E+00
  35.520           0.0000000E+00
  35.540           0.0000000E+00
  35.560           0.0000000E+00
  35.580           0.0000000E+00
  35.600           0.0000000E+00
  35.620           0.0000000E+00
  35.640           0.0000000E+00
  35.660           0.0000000E+00
  35.680           0.0000000E+00
  35.700           0.0000000E+00
  35.720           0.0000000E+00
  35.740           0.0000000E+00
  35.760           0.0000000E+00
  35.780           0.0000000E+00
  35.800           0.0000000E+00
  35.820           0.0000000E+00
  35.840           0.0000000E+00
  35.860           0.0000000E+00
  35.880           0.0000000E+00
  35.900           0.0000000E+00
  35.920           0.0000000E+00
  35.940           0.0000000E+00
  35.960           0.0000000E+00
  35.980           0.0000000E+00
  36.000           0.0000000E+00
  36.020           0.0000000E+00
  36.040           0.0000000E+00
  36.060           0.0000000E+00
  36.080           0.0000000E+00
  36.100           0.0000000E+00
  36.120           0.0000000E+00
  36.140           0.0000000E+00
  36.160           0.0000000E+00
  36.180           0.0000000E+00
  36.200           0.0000000E+00
  36.220           0.0000000E+00
  36.240           0.0000000E+00
  36.260           0.0000000E+00
  36.280           0.0000000E+00
  36.300           0.0000000E+00
  36.320           0.0000000E+00
  36.340           0.0000000E+00
  36.360           0.0000000E+00
  36.380           0.0000000E+00
  36.400           0.0000000E+00
  36.420           0.0000000E+00
  36.440           0.0000000E+00
  36.460           0.0000000E+00
  36.480           0.0000000E+00
  36.500           0.0000000E+00
  36.520           0.0000000E+00
  36.540           0.0000000E+00
  36.560           0.0000000E+00
  36.580           0.0000000E+00
  36.600           0.0000000E+00
  36.620           0.0000000E+00
  36.640           0.0000000E+00
  36.660           0.0000000E+00
  36.680           0.0000000E+00
  36.700           0.0000000E+00
  36.720           0.0000000E+00
  36.740           0.0000000E+00
  36.760           0.0000000E+00
  36.780           0.0000000E+00
  36.800           0.0000000E+00
  36.820           0.0000000E+00
  36.840           0.0000000E+00
  36.860           0.0000000E+00
  36.880           0.0000000E+00
  36.900           0.0000000E+00
  36.920           0.0000000E+00
  36.940           0.0000000E+00
  36.960           0.0000000E+00
  36.980           0.0000000E+00
  37.000           0.0000000E+00
  37.020           0.0000000E+00
  37.040           0.0000000E+00
  37.060           0.0000000E+00
  37.080           0.0000000E+00
  37.100           0.0000000E+00
  37.120           0.0000000E+00
  37.140           0.0000000E+00
  37.160           0.0000000E+00
  37.180           0.0000000E+00
  37.200           0.0000000E+00
  37.220           0.0000000E+00
  37.240           0.0000000E+00
  37.260           0.0000000E+00
  37.280           0.0000000E+00
  37.300           0.0000000E+00
  37.320           0.0000000E+00
  37.340           0.0000000E+00
  37.360           0.0000000E+00
  37.380           0.0000000E+00
  37.400           0.0000000E+00
  37.420           0.0000000E+00
  37.440           0.0000000E+00
  37.460           0.0000000E+00
  37.480           0.0000000E+00
  37.500           0.0000000E+00
  37.520           0.0000000E+00
  37.540           0.0000000E+00
  37.560           0.0000000E+00
  37.580           0.0000000E+00
  37.600           0.0000000E+00
  37.620           0.0000000E+00
  37.640           0.0000000E+00
  37.660           0.0000000E+00
  37.680           0.0000000E+00
  37.700           0.0000000E+00
  37.720           0.0000000E+00
  37.740           0.0000000E+00
  37.760           0.0000000E+00
  37.780           0.0000000E+00
  37.800           0.0000000E+00
  37.820           0.0000000E+00
  37.840           0.0000000E+00
  37.860           0.0000000E+00
  37.880           0.0000000E+00
  37.900           0.0000000E+00
  37.920           0.0000000E+00
  37.940           0.0000000E+00
  37.960           0.0000000E+00
  37.980           0.0000000E+00
  38.000           0.0000000E+00
  38.020           0.0000000E+00
  38.040           0.0000000E+00
  38.060           0.0000000E+00
  38.080           0.0000000E+00
  38.100           0.0000000E+00
  38.120           0.0000000E+00
  38.140           0.0000000E+00
  38.160           0.0000000E+00
  38.180           0.0000000E+00
  38.200           0.0000000E+00
  38.220           0.0000000E+00
  38.240           0.0000000E+00
  38.260           0.0000000E+00
  38.280           0.0000000E+00
  38.300           0.0000000E+00
  38.320           0.0000000E+00
  38.340           0.0000000E+00
  38.360           0.0000000E+00
  38.380           0.0000000E+00
  38.400           0.0000000E+00
  38.420           0.0000000E+00
  38.440           0.0000000E+00
  38.460           0.0000000E+00
  38.480           0.0000000E+00
  38.500           0.0000000E+00
  38.520           0.0000000E+00
  38.540           0.0000000E+00
  38.560           0.0000000E+00
  38.580           0.0000000E+00
  38.600           0.0000000E+00
  38.620           0.0000000E+00
  38.640           0.0000000E+00
  38.660           0.0000000E+00
  38.680           0.0000000E+00
  38.700           0.0000000E+00
  38.720           0.0000000E+00
  38.740           0.0000000E+00
  38.760           0.0000000E+00
  38.780           0.0000000E+00
  38.800           0.0000000E+00
  38.820           0.0000000E+00
  38.840           0.0000000E+00
  38.860           0.0000000E+00
  38.880           0.0000000E+00
  38.900           0.0000000E+00
  38.920           0.0000000E+00
  38.940           0.0000000E+00
  38.960           0.0000000E+00
  38.980           0.0000000E+00
  39.000           0.0000000E+00
  39.020           0.0000000E+00
  39.040           0.0000000E+00
  39.060           0.0000000E+00
  39.080           0.0000000E+00
  39.100           0.0000000E+00
  39.120           0.0000000E+00
  39.140           0.0000000E+00
  39.160           0.0000000E+00
  39.180           0.0000000E+00
  39.200           0.0000000E+00
  39.220           0.0000000E+00
  39.240           0.0000000E+00
  39.260           0.0000000E+00
  39.280           0.0000000E+00
  39.300           0.0000000E+00
  39.320           0.0000000E+00
  39.340           0.0000000E+00
  39.360           0.0000000E+00
  39.380           0.0000000E+00
  39.400           0.0000000E+00
  39.420           0.0000000E+00
  39.440           0.0000000E+00
  39.460           0.0000000E+00
  39.480           0.0000000E+00
  39.500           0.0000000E+00
  39.520           0.0000000E+00
  39.540           0.0000000E+00
  39.560           0.0000000E+00
  39.580           0.0000000E+00
  39.600           0.0000000E+00
  39.620           0.0000000E+00
  39.640           0.0000000E+00
  39.660           0.0000000E+00
  39.680           0.0000000E+00
  39.700           0.0000000E+00
  39.720           0.0000000E+00
  39.740           0.0000000E+00
  39.760           0.0000000E+00
  39.780           0.0000000E+00
  39.800           0.0000000E+00
  39.820           0.0000000E+00
  39.840           0.0000000E+00
  39.860           0.0000000E+00
  39.880           0.0000000E+00
  39.900           0.0000000E+00
  39.920           0.0000000E+00
  39.940           0.0000000E+00
  39.960           0.0000000E+00
  39.980           0.0000000E+00
  40.000           0.0000000E+00
  40.020           0.0000000E+00
  40.040           0.0000000E+00
  40.060           0.0000000E+00
  40.080           0.0000000E+00
  40.100           0.0000000E+00
  40.120           0.0000000E+00
  40.140           0.0000000E+00
  40.160           0.0000000E+00
  40.180           0.0000000E+00
  40.200           0.0000000E+00
  40.220           0.0000000E+00
  40.240           0.0000000E+00
  40.260           0.0000000E+00
  40.280           0.0000000E+00
  40.300           0.0000000E+00
  40.320           0.0000000E+00
  40.340           0.0000000E+00
  40.360           0.0000000E+00
  40.380           0.0000000E+00
  40.400           0.0000000E+00
  40.420           0.0000000E+00
  40.440           0.0000000E+00
  40.460           0.0000000E+00
  40.480           0.0000000E+00
  40.500           0.0000000E+00
  40.520           0.0000000E+00
  40.540           0.0000000E+00
  40.560           0.0000000E+00
  40.580           0.0000000E+00
  40.600           0.0000000E+00
  40.620           0.0000000E+00
  40.640           0.0000000E+00
  40.660           0.0000000E+00
  40.680           0.0000000E+00
  40.700           0.0000000E+00
  40.720           0.0000000E+00
  40.740           0.0000000E+00
  40.760           0.0000000E+00
  40.780           0.0000000E+00
  40.800           0.0000000E+00
  40.820           0.0000000E+00
  40.840           0.0000000E+00
  40.860           0.0000000E+00
  40.880           0.0000000E+00
  40.900           0.0000000E+00
  40.920           0.0000000E+00
  40.940           0.0000000E+00
  40.960           0.0000000E+00
