        2048     0.02000
       0.004       0.004       0.004       0.005       0.004       0.004       0.006       0.004       0.004      -0.000
       0.003       0.002      -0.019       0.016       0.005      -0.001       0.029       0.004       0.001      -0.041
      -0.003      -0.004      -0.072      -0.002       0.008       0.088       0.016       0.012       0.073       0.032
       0.038       0.085       0.008       0.029       0.184       0.016       0.011       0.138       0.049       0.036
       0.179       0.160       0.077       0.130      -0.299      -0.055      -0.032      -0.193      -0.096      -0.057
      -0.203      -0.114      -0.140      -0.314      -0.060      -0.095      -0.486      -0.095      -0.062      -0.407
      -0.559      -0.340      -0.205      -0.050      -0.586      -0.482       0.109       0.705       0.030       0.078
       0.587       0.792       0.254      -0.086       0.342       0.883       0.199       0.073       0.664       0.701
       0.125       0.286       0.892       1.080       0.507      -0.127      -0.929      -0.454      -0.557      -1.234
      -0.292      -0.249      -1.125      -1.348      -0.575       0.440       0.107      -1.029      -0.751      -0.539
      -1.158      -1.590      -0.486       0.797       0.423       0.322       0.616       0.723       1.311       0.869
       0.864       1.749       1.964       0.943       0.832       1.535       0.677      -1.200      -2.082      -1.667
       0.115       1.585       1.310       0.766       0.414       1.147       1.574       0.922      -0.672      -1.570
      -2.397      -2.678      -1.821      -0.715      -0.816      -0.195       0.889       1.417       0.314      -0.492
      -1.294      -2.012      -2.708      -3.191      -2.800      -0.330       1.375       1.105       1.448       3.057
       3.519       2.667       1.705       0.280      -0.851      -1.688      -1.087       1.410       2.244       0.785
      -0.088      -0.200      -0.842      -1.222      -0.411       1.261       2.796       1.049      -2.602      -4.459
      -3.552      -4.071      -4.619      -1.075       2.624       4.789       2.784       0.619       0.938       0.392
      -2.455      -4.976      -5.172      -3.947      -3.355      -2.019       1.476       4.414       5.526       4.962
       5.075       5.082       1.873      -0.804       0.288       1.716      -0.294      -2.139       1.459       6.192
       5.414       2.096       0.752       0.474      -0.352      -2.549      -3.517      -2.229      -2.978      -5.896
      -6.887      -3.213      -0.597      -3.449      -5.941      -5.752      -6.516      -5.890      -0.477       5.886
       7.566       3.881       1.799       0.292      -3.393      -7.182      -7.977      -3.738       2.352       7.212
       8.269       6.937       6.724       5.390       0.829      -1.036      -1.106      -1.109      -1.100      -1.535
      -2.617      -2.939       1.681       7.027       8.777       5.325       0.545      -4.414      -4.243      -2.354
      -2.879      -5.973      -5.474      -1.417       0.466      -1.976      -3.463      -5.761      -6.861      -6.253
      -4.038      -0.294       0.227      -1.790      -0.393       1.779       1.701      -2.751      -4.635      -1.822
       0.984       2.201       4.332       7.090       9.823      10.489      10.831       9.469       5.010      -0.086
      -6.463      -7.942      -3.165      -0.523      -3.874      -5.629      -1.042       3.391       2.364      -0.200
       0.567       3.710       2.620      -3.029      -3.484      -0.425       0.659       2.101       4.280       3.879
       1.325      -2.087      -3.604      -3.973      -8.236     -10.851      -8.103      -1.694       2.889       5.106
       4.555       1.794      -1.088      -3.052      -6.936      -5.809      -3.685      -3.222       1.397       5.493
       4.162       1.282       1.967       1.659      -0.370      -1.241      -0.835       0.013      -0.535      -7.301
      -9.290      -0.517       9.793      11.734       7.774       7.023       5.830      -2.413      -7.005       0.987
       9.555       8.690       3.575      -0.476      -5.226     -10.669      -8.354      -6.640      -9.238     -13.134
     -17.732     -15.672      -4.433       3.693       3.507       5.208      13.059      16.256       7.007      -5.970
     -16.447     -13.661      -3.339       4.608       3.895       0.470      -1.344       0.389       7.110      18.235
      19.660       6.388      -8.503     -11.041     -10.452     -12.111     -12.212      -9.969     -10.344      -5.261
       3.818       8.269       9.405      11.241      10.161      10.306      10.995       8.835       5.157       3.729
       2.944      -2.488      -9.595      -5.069       2.279       5.129       2.278      -0.754      -0.573       2.141
       2.235      -3.985     -10.954     -12.388     -10.528      -8.964      -7.293      -7.218      -9.326      -7.313
       7.221      19.946      19.709      10.683       0.878      -6.762     -15.963     -14.033       1.108      13.502
      13.464       3.755      -5.006      -7.208      -4.407      -9.326     -17.282     -16.398      -7.178      -3.031
       1.184       8.333      10.104       1.143      -6.047      -1.148       9.382      13.896       7.590       0.846
      -2.241      -3.089      -0.870       3.522       0.879      -4.663      -3.735       1.730      14.788      25.004
      17.810       7.221       3.763       2.379      -1.797       2.227      10.105       4.531      -9.513     -12.747
      -7.323       1.094       4.775       1.062      -5.772      -5.887       1.571       1.711      -8.907     -14.507
     -11.915      -4.308       5.945      10.768       8.064       1.789       0.068       3.854       4.171       4.985
       4.984       0.353       4.586      10.788      12.850       7.936      -0.408     -12.177     -21.588     -16.750
      -1.383       6.068      12.147      14.355       3.644      -3.131      -2.098      -4.433     -10.433     -13.404
      -4.378       8.004      17.772      16.869       5.479      -1.119       4.842       4.393      -3.093     -11.651
      -7.073      -4.927     -11.036     -10.569      -5.109       0.360       7.663       9.666       7.028       2.988
      -2.473     -11.262     -18.173     -11.507      -0.752      -1.986      -3.665       2.600      11.630      13.946
       3.421      -7.161     -13.515     -11.338       3.817      15.288      14.777       7.836      -0.365      -7.767
     -16.207     -16.714     -10.889      -4.038       4.496       8.959       9.264      12.153      12.097       6.694
      -4.151      -6.584      -0.005      -0.946      -7.943      -8.489      -8.285      -4.294       5.510      15.873
      15.810       3.269      -6.018      -9.654      -2.269      11.372       8.674      -4.809     -10.149     -11.411
      -7.479       0.740      11.420      16.530      12.797      11.164       6.252      -8.622     -21.800     -21.888
      -6.823       2.624       1.831       3.014      10.704      17.706      12.762      -5.140     -14.323     -13.763
     -11.311      -9.865      -4.536       9.291      15.411       8.554      -0.590      -3.294       3.857      10.784
      12.351       8.130      -3.295     -16.058     -20.199     -18.182      -8.997       0.895       0.365       2.906
       7.020       5.512       1.772       0.043       6.831      16.863      19.952      20.958      12.746       2.061
      -8.961     -13.215      -6.516      -3.009     -12.632     -24.229     -23.285      -4.896       7.739      12.147
       8.708       1.204      -8.546     -13.729     -10.490      -7.258      -5.879       4.423      14.477      18.122
      19.404       8.728     -11.980     -13.847      -0.630       6.068       9.697      12.722       6.888      -2.723
      -0.982       6.975       5.559       1.488      -3.903      -5.320       1.275      -1.973     -14.253     -21.821
     -17.371      -3.005       6.625       5.198       6.042       5.803      -3.556     -10.318      -7.961      -9.642
     -11.920      -3.898       5.866       6.122       2.728       0.160       3.170       6.413       1.814      -3.306
       1.599      10.324      12.258       7.205       4.926       6.575       6.761       2.913      -2.959      -2.572
      -2.981     -10.147      -8.446       4.881      14.271      17.392      15.643      10.762       3.193      -6.853
     -13.491     -11.339      -2.833       0.867      -5.575     -11.460     -12.900      -8.678       1.304      11.031
      11.563       7.869       1.076      -3.977      -6.432      -5.631      -3.975      -2.854      -1.754       0.326
      -0.103      -3.182      -7.856      -8.489      -5.898      -3.272       3.612       7.794       6.151       2.973
       3.240       7.023       7.417       5.715       5.981       3.842       2.404       1.585       1.009       3.248
       3.963       0.278       0.611       4.644       8.329       4.971      -2.116      -6.579      -5.468      -5.787
      -7.055      -8.936      -7.470      -5.113      -2.650      -1.141       1.476       6.969      10.776       7.984
       5.881       2.153      -3.805      -6.781      -3.664       1.918       6.420       7.600       4.467      -5.480
     -14.425     -16.023     -10.302      -2.940       1.116       3.684       6.409       6.204       5.003       0.774
      -2.590      -2.089      -3.735      -5.153      -4.271      -3.664      -4.983      -5.589      -0.863       6.687
       9.266       6.859       2.301      -0.967      -3.385      -5.302      -6.148      -3.423       1.002       4.200
       3.775       1.182      -2.311      -5.088      -2.286       3.694       4.019      -0.382      -3.842      -1.267
       1.791      -0.526      -1.650       0.098      -0.122      -2.130      -2.372      -0.087       0.265       0.800
       4.905       8.543       8.948       2.919      -3.209      -4.138      -1.696       0.596       3.902       5.067
       5.289       3.959       1.498      -0.701      -2.395      -3.563      -2.189      -1.005      -2.065      -5.324
      -7.690      -7.730      -6.637      -4.970      -3.564      -1.400       3.482       6.610       5.706       2.347
       0.508       0.545      -0.230       0.504       4.380       6.163       4.890       1.872      -2.111      -2.567
       0.220       2.372       3.349       4.732       3.904       0.250      -3.199      -3.688      -3.038      -1.302
       0.535       1.689       0.581      -2.408      -3.382      -0.495       1.020       1.763       0.140      -2.010
      -1.534       0.635       0.193      -2.106      -3.294      -3.091      -5.125      -5.893      -4.261      -1.832
      -0.740       0.383       2.292       3.537       2.257      -0.136      -2.013      -0.293       2.267       2.716
       2.802       4.777       5.552       4.045       3.076       2.885       0.272      -3.670      -3.190       2.116
       4.165       2.152       0.743       1.236       1.308      -1.219      -3.087      -2.408      -1.041      -2.286
      -4.054      -2.979      -1.675      -2.457      -3.048      -1.003       2.065       0.893      -1.773      -1.598
      -1.503      -2.114      -1.230       0.677       1.445       1.177       0.098       0.031       1.780       2.860
       2.985       5.028       7.436       7.295       5.165       2.948       1.703       1.492       0.346      -0.042
       0.132      -2.093      -4.305      -3.566      -3.308      -3.830      -3.671      -2.433      -0.367       1.044
      -1.035      -3.784      -4.237      -3.391      -2.152      -0.719      -0.350       0.079       0.342       0.118
       0.797       2.285       2.721       2.923       1.616      -0.313      -0.628       0.251       1.008       2.091
       2.550       2.622       2.469       2.728       2.732       2.830       2.707       1.785       0.733      -0.129
      -0.002       0.953       1.043       0.190      -0.274      -0.738      -1.304      -1.591      -1.828      -2.265
      -1.871      -1.152      -1.027      -1.727      -2.391      -2.106      -1.658      -1.716      -1.445      -0.638
       0.231       0.425       0.562       1.398       2.520       2.312       1.264       0.717       0.662       0.149
      -0.107       0.253       0.987       0.898       0.529       1.057       1.482       0.737       0.169       0.182
      -0.108      -0.762      -1.114      -0.959      -0.507      -0.509      -0.946      -1.055      -0.859      -1.111
      -1.338      -0.992      -0.481      -0.594      -1.039      -0.868       0.017       0.276       0.013       0.227
       0.581       0.269      -0.154      -0.037       0.450       0.704       0.503       0.339       0.477       0.418
       0.214       0.318       0.598       0.612       0.348       0.118       0.043      -0.049      -0.162      -0.099
       0.035      -0.025      -0.125      -0.115      -0.066      -0.033       0.000       0.000       0.000       0.000
       0.000       0.000       0.000       0.000       0.000       0.000       0.000       0.000       0.000       0.000
       0.000       0.000       0.000       0.000       0.000       0.000       0.000       0.000       0.000       0.000
       0.000       0.000       0.000       0.000       0.000       0.000       0.000       0.000       0.000       0.000
       0.000       0.000       0.000       0.000       0.000       0.000       0.000       0.000       0.000       0.000
       0.000       0.000       0.000       0.000       0.000       0.000       0.000       0.000       0.000       0.000
       0.000       0.000       0.000       0.000       0.000       0.000       0.000       0.000       0.000       0.000
       0.000       0.000       0.000       0.000       0.000       0.000       0.000       0.000       0.000       0.000
       0.000       0.000       0.000       0.000       0.000       0.000       0.000       0.000       0.000       0.000
       0.000       0.000       0.000       0.000       0.000       0.000       0.000       0.000       0.000       0.000
       0.000       0.000       0.000       0.000       0.000       0.000       0.000       0.000       0.000       0.000
       0.000       0.000       0.000       0.000       0.000       0.000       0.000       0.000       0.000       0.000
       0.000       0.000       0.000       0.000       0.000       0.000       0.000       0.000       0.000       0.000
       0.000       0.000       0.000       0.000       0.000       0.000       0.000       0.000       0.000       0.000
       0.000       0.000       0.000       0.000       0.000       0.000       0.000       0.000       0.000       0.000
       0.000       0.000       0.000       0.000       0.000       0.000       0.000       0.000       0.000       0.000
       0.000       0.000       0.000       0.000       0.000       0.000       0.000       0.000       0.000       0.000
       0.000       0.000       0.000       0.000       0.000       0.000       0.000       0.000       0.000       0.000
       0.000       0.000       0.000       0.000       0.000       0.000       0.000       0.000       0.000       0.000
       0.000       0.000       0.000       0.000       0.000       0.000       0.000       0.000       0.000       0.000
       0.000       0.000       0.000       0.000       0.000       0.000       0.000       0.000       0.000       0.000
       0.000       0.000       0.000       0.000       0.000       0.000       0.000       0.000       0.000       0.000
       0.000       0.000       0.000       0.000       0.000       0.000       0.000       0.000       0.000       0.000
       0.000       0.000       0.000       0.000       0.000       0.000       0.000       0.000       0.000       0.000
       0.000       0.000       0.000       0.000       0.000       0.000       0.000       0.000       0.000       0.000
       0.000       0.000       0.000       0.000       0.000       0.000       0.000       0.000       0.000       0.000
       0.000       0.000       0.000       0.000       0.000       0.000       0.000       0.000       0.000       0.000
       0.000       0.000       0.000       0.000       0.000       0.000       0.000       0.000       0.000       0.000
       0.000       0.000       0.000       0.000       0.000       0.000       0.000       0.000       0.000       0.000
       0.000       0.000       0.000       0.000       0.000       0.000       0.000       0.000       0.000       0.000
       0.000       0.000       0.000       0.000       0.000       0.000       0.000       0.000       0.000       0.000
       0.000       0.000       0.000       0.000       0.000       0.000       0.000       0.000       0.000       0.000
       0.000       0.000       0.000       0.000       0.000       0.000       0.000       0.000       0.000       0.000
       0.000       0.000       0.000       0.000       0.000       0.000       0.000       0.000       0.000       0.000
       0.000       0.000       0.000       0.000       0.000       0.000       0.000       0.000       0.000       0.000
       0.000       0.000       0.000       0.000       0.000       0.000       0.000       0.000       0.000       0.000
       0.000       0.000       0.000       0.000       0.000       0.000       0.000       0.000       0.000       0.000
       0.000       0.000       0.000       0.000       0.000       0.000       0.000       0.000       0.000       0.000
       0.000       0.000       0.000       0.000       0.000       0.000       0.000       0.000       0.000       0.000
       0.000       0.000       0.000       0.000       0.000       0.000       0.000       0.000       0.000       0.000
       0.000       0.000       0.000       0.000       0.000       0.000       0.000       0.000       0.000       0.000
       0.000       0.000       0.000       0.000       0.000       0.000       0.000       0.000       0.000       0.000
       0.000       0.000       0.000       0.000       0.000       0.000       0.000       0.000       0.000       0.000
       0.000       0.000       0.000       0.000       0.000       0.000       0.000       0.000       0.000       0.000
       0.000       0.000       0.000       0.000       0.000       0.000       0.000       0.000       0.000       0.000
       0.000       0.000       0.000       0.000       0.000       0.000       0.000       0.000       0.000       0.000
       0.000       0.000       0.000       0.000       0.000       0.000       0.000       0.000       0.000       0.000
       0.000       0.000       0.000       0.000       0.000       0.000       0.000       0.000       0.000       0.000
       0.000       0.000       0.000       0.000       0.000       0.000       0.000       0.000       0.000       0.000
       0.000       0.000       0.000       0.000       0.000       0.000       0.000       0.000       0.000       0.000
       0.000       0.000       0.000       0.000       0.000       0.000       0.000       0.000       0.000       0.000
       0.000       0.000       0.000       0.000       0.000       0.000       0.000       0.000       0.000       0.000
       0.000       0.000       0.000       0.000       0.000       0.000       0.000       0.000       0.000       0.000
       0.000       0.000       0.000       0.000       0.000       0.000       0.000       0.000       0.000       0.000
       0.000       0.000       0.000       0.000       0.000       0.000       0.000       0.000       0.000       0.000
       0.000       0.000       0.000       0.000       0.000       0.000       0.000       0.000       0.000       0.000
       0.000       0.000       0.000       0.000       0.000       0.000       0.000       0.000       0.000       0.000
       0.000       0.000       0.000       0.000       0.000       0.000       0.000       0.000       0.000       0.000
       0.000       0.000       0.000       0.000       0.000       0.000       0.000       0.000       0.000       0.000
       0.000       0.000       0.000       0.000       0.000       0.000       0.000       0.000       0.000       0.000
       0.000       0.000       0.000       0.000       0.000       0.000       0.000       0.000       0.000       0.000
       0.000       0.000       0.000       0.000       0.000       0.000       0.000       0.000       0.000       0.000
       0.000       0.000       0.000       0.000       0.000       0.000       0.000       0.000       0.000       0.000
       0.000       0.000       0.000       0.000       0.000       0.000       0.000       0.000       0.000       0.000
       0.000       0.000       0.000       0.000       0.000       0.000       0.000       0.000       0.000       0.000
       0.000       0.000       0.000       0.000       0.000       0.000       0.000       0.000       0.000       0.000
       0.000       0.000       0.000       0.000       0.000       0.000       0.000       0.000       0.000       0.000
       0.000       0.000       0.000       0.000       0.000       0.000       0.000       0.000       0.000       0.000
       0.000       0.000       0.000       0.000       0.000       0.000       0.000       0.000       0.000       0.000
       0.000       0.000       0.000       0.000       0.000       0.000       0.000       0.000       0.000       0.000
       0.000       0.000       0.000       0.000       0.000       0.000       0.000       0.000       0.000       0.000
       0.000       0.000       0.000       0.000       0.000       0.000       0.000       0.000       0.000       0.000
       0.000       0.000       0.000       0.000       0.000       0.000       0.000       0.000       0.000       0.000
       0.000       0.000       0.000       0.000       0.000       0.000       0.000       0.000       0.000       0.000
       0.000       0.000       0.000       0.000       0.000       0.000       0.000       0.000       0.000       0.000
       0.000       0.000       0.000       0.000       0.000       0.000       0.000       0.000       0.000       0.000
       0.000       0.000       0.000       0.000       0.000       0.000       0.000       0.000       0.000       0.000
       0.000       0.000       0.000       0.000       0.000       0.000       0.000       0.000       0.000       0.000
       0.000       0.000       0.000       0.000       0.000       0.000       0.000       0.000       0.000       0.000
       0.000       0.000       0.000       0.000       0.000       0.000       0.000       0.000       0.000       0.000
       0.000       0.000       0.000       0.000       0.000       0.000       0.000       0.000       0.000       0.000
       0.000       0.000       0.000       0.000       0.000       0.000       0.000       0.000       0.000       0.000
       0.000       0.000       0.000       0.000       0.000       0.000       0.000       0.000       0.000       0.000
       0.000       0.000       0.000       0.000       0.000       0.000       0.000       0.000       0.000       0.000
       0.000       0.000       0.000       0.000       0.000       0.000       0.000       0.000       0.000       0.000
       0.000       0.000       0.000       0.000       0.000       0.000       0.000       0.000       0.000       0.000
       0.000       0.000       0.000       0.000       0.000       0.000       0.000       0.000       0.000       0.000
       0.000       0.000       0.000       0.000       0.000       0.000       0.000       0.000       0.000       0.000
       0.000       0.000       0.000       0.000       0.000       0.000       0.000       0.000       0.000       0.000
       0.000       0.000       0.000       0.000       0.000       0.000       0.000       0.000       0.000       0.000
       0.000       0.000       0.000       0.000       0.000       0.000       0.000       0.000       0.000       0.000
       0.000       0.000       0.000       0.000       0.000       0.000       0.000       0.000       0.000       0.000
       0.000       0.000       0.000       0.000       0.000       0.000       0.000       0.000       0.000       0.000
       0.000       0.000       0.000       0.000       0.000       0.000       0.000       0.000       0.000       0.000
       0.000       0.000       0.000       0.000       0.000       0.000       0.000       0.000       0.000       0.000
       0.000       0.000       0.000       0.000       0.000       0.000       0.000       0.000       0.000       0.000
       0.000       0.000       0.000       0.000       0.000       0.000       0.000       0.000       0.000       0.000
       0.000       0.000       0.000       0.000       0.000       0.000       0.000       0.000