        2048     0.02000
       0.084       0.084       0.084       0.118       0.084       0.083      -0.052       0.080       0.080      -0.195
       0.076       0.074      -0.460       0.055       0.060      -0.765       0.015       0.029      -1.139      -0.873
      -0.197       0.669       1.910       1.434       0.504       0.603       1.417       1.360       1.452       2.957
       1.436       1.229       2.869       3.475       4.004       4.705      -0.963      -1.171       1.119       5.629
       6.120       0.408      -3.281      -6.892      -5.522      -2.122      -2.679      -2.498      -5.943      -6.008
      -5.568      -8.584     -10.117      -7.055      -7.348      -3.170      -0.600       3.266       6.568       8.931
       8.869      10.826       9.042       7.882      12.598      16.023      11.328      10.233      10.202       9.322
      15.650      19.101      15.378      13.710       9.031       9.242      13.112      14.649       5.025      -8.981
     -10.731      -4.851      -9.967     -15.194     -14.659     -23.256     -21.237     -16.517      -5.890       0.668
      11.465      11.338       1.568      -3.537      -4.406      -6.215      -5.139      -0.948       3.358      12.582
      14.007      28.195      32.467      29.521      28.941      29.080      28.431      19.577       1.523     -14.942
     -23.113     -27.140     -27.984     -20.794     -18.623     -13.152       7.369       6.724     -15.746     -23.136
     -13.995      -3.570      12.922       6.039       1.414      10.148       2.756     -12.962      -3.877      27.520
      33.312      23.479      12.300       6.515      18.218      16.127       7.952       5.953     -22.017     -49.447
     -61.429     -64.119     -38.807      -1.980      26.541      27.167      -0.381      -1.912      -5.648      -5.315
     -37.817     -33.360     -46.138     -65.360     -70.937     -22.115       2.734      14.077      18.529       1.636
     -11.714      15.341      26.118      26.394      27.229       1.130     -34.081     -27.698      -7.366      17.780
      28.620      -8.699      -9.781      21.612      41.240      17.070     -15.427     -63.724     -68.194       4.384
      54.497      92.601      96.805      70.243      11.587     -49.231     -58.248       5.137      64.359      69.937
      62.136      50.291      22.484      11.755      35.601      51.075       0.730     -35.949     -20.674       2.602
      18.224       8.433     -57.291     -90.879     -42.574       6.456      16.094      46.196      84.136      73.369
      57.606      24.392     -22.323      -7.410      13.163      -7.366      33.555      94.216      84.101      25.396
     -37.708     -48.372     -46.240     -77.639     -69.091     -37.129      28.876      43.669      51.236      35.094
      48.284      77.625      96.849     125.659     109.502      33.631     -23.335     -57.620     -96.137     -90.708
     -39.881     -13.152      61.421      58.828      27.217      21.277      35.023      10.271       4.335      38.763
      20.510     -23.744     -72.927    -113.930    -143.853    -113.109     -44.448     -14.401     -60.375     -66.803
     -52.904     -23.246      13.624      49.483      36.755       9.509     -29.876     -36.057      -1.078      42.592
      80.944     111.395      94.978      13.854     -33.561     -28.218     -34.053     -45.966     -43.132     -25.118
     -25.943     -47.044     -54.141     -27.044     -18.243     -27.856       3.841     -32.902     -45.619     -36.918
     -31.460     -32.769     -22.222      30.948      48.713      40.154      39.720      16.407     -15.558     -68.547
     -73.270     -50.356     -21.216       8.884      -2.314     -28.068     -53.942     -88.323    -103.078     -42.979
      -4.697      23.934      42.200      41.952      42.365      85.284     103.736      24.422     -55.007     -87.174
     -88.180     -24.870     -18.297     -45.509      -2.506      51.816      51.619      16.258     -26.065     -53.853
     -60.993     -55.764     -14.228      -4.718     -11.756      28.757      24.831      17.037      60.636     107.795
     148.048     157.084     142.170      73.331     -18.399     -33.130      -3.525       7.649     -41.256     -67.320
     -50.926     -25.545     -32.302      -2.444      16.933     -15.328     -11.880       4.401     -42.030     -38.625
      -0.582      -9.751      -6.345     -35.246    -104.495     -92.948     -59.867     -29.801     -24.306      -3.432
       9.354      30.786      74.683      17.475      12.506       8.845     -25.191     -17.901      47.296      62.424
      65.475      40.140       9.087      62.524      90.442     102.838     118.260      94.723      40.133       4.542
     -59.736     -80.200     -61.866     -40.972     -38.302     -61.430     -26.855      26.609     108.215      74.413
      25.771      -8.909     -11.740     -34.958     -52.666     -47.750     -15.769      29.826      89.769     106.951
      47.082      31.806       0.540     -60.285     -81.813     -86.300     -45.718     -18.700      69.591      95.198
      83.587      16.936      -1.649      22.021      48.437      53.822      84.194      55.842      64.474      97.864
      63.305      12.848     -34.547     -28.572     -35.161      13.366      46.754      36.084     -32.164     -60.130
     -12.869       8.955     -16.753       8.367      39.739       8.549     -51.652     -47.524       6.597      73.634
      91.815      99.182      41.110       5.092      -1.037      29.874      56.942      43.121      -5.394     -43.546
       5.728      16.273     -20.433     -47.802     -74.665     -42.853     -20.360     -50.191     -68.892     -44.070
     -30.237      40.640      68.277      63.826      82.859      68.148      26.306     -23.238     -77.899    -122.900
    -114.801     -74.051     -19.222      62.558      78.054      29.555      30.917      12.675      18.883      46.435
      45.144     -23.619     -95.563    -126.473     -96.909     -53.066     -61.099     -39.447     -21.993     -20.409
     -45.954      15.681      50.576      55.692      43.300      17.800      19.138      35.799      71.673      85.781
      68.100      50.359      16.177      47.247      66.831      60.198      74.800      86.726      77.654      64.970
      74.766      42.164      -6.264     -47.535     -68.807     -89.868     -87.056     -87.257     -53.064     -27.670
     -57.233     -34.025       0.931       6.911       7.803     -25.181     -26.751      18.755      60.070      77.609
      58.310      15.514     -34.354     -41.888     -55.597     -79.001     -71.956     -89.287     -74.544     -62.866
     -40.902     -34.992       1.093      22.731      24.955       9.807      13.245      49.577      43.716       3.501
      13.488      11.022      -5.292       1.679      -1.313     -20.687     -41.656     -80.638    -104.715     -50.462
      -6.631       1.641       0.711     -10.947       6.610      42.364      51.140      45.922      58.306      42.317
      46.243      18.961     -33.772     -61.551     -47.553     -58.652     -68.023     -74.031     -49.336     -28.593
     -13.035      -9.867     -11.380      -0.893      21.574      60.685      70.194      32.286       5.969       3.049
      12.954     -11.622     -35.659     -26.230     -21.262     -19.542     -26.153     -32.005     -15.394     -23.078
     -15.653     -35.826     -47.655     -32.516      -0.401      28.061      24.139      20.617       8.305       4.961
     -12.669     -14.002     -22.494     -13.144      -3.237       6.165      24.355      34.767      24.756      13.669
       5.565       0.828      -6.622     -43.937     -69.859     -59.877     -52.125     -54.166     -46.571     -28.306
     -10.087      25.105      36.099      33.605      24.564      -2.995     -20.163      -7.165       5.549      32.241
      52.746      58.336      56.054      47.715      27.579      33.441      56.219      62.680      56.568      49.891
      48.491      77.018      84.318      68.346      33.866      32.358      26.312      12.290     -17.947     -46.812
     -55.364     -62.324     -62.425     -49.403     -30.266     -12.395     -12.440     -15.146      -4.970     -15.418
     -44.067     -53.284     -44.257     -34.940     -24.473     -12.924     -10.142       9.653      36.055      36.260
      24.338      13.734       7.900       8.199      14.765      26.261      18.584      15.004      18.284      20.295
       7.129      -9.933      -8.511      -1.853      -6.148     -10.371     -13.359     -29.702     -46.829     -48.358
     -30.247     -24.016     -16.806       3.360      14.535      14.544      20.344      17.618      21.685      26.951
      18.751       3.366      -1.618     -16.704     -27.333     -26.261     -16.037      -5.431       7.912      18.852
      11.443       0.829      -9.732     -17.226      -9.237       7.242       0.748     -19.317     -25.876     -18.471
     -13.908     -15.960     -13.612     -20.795     -29.685     -28.496     -17.426     -13.941      -7.721       2.776
      19.724      19.603       6.764     -12.162     -20.408     -25.805     -21.598     -14.562     -21.256     -28.613
     -15.537       2.884       1.857       1.614      11.920       9.784      12.180      18.498      15.420      13.540
      16.148      11.702       1.556       4.823       4.823      -0.617       2.105      16.406      23.031      31.137
      27.002      28.771      30.762      34.165      38.800      40.824      33.021      26.792      26.295      21.316
      16.631      23.039      18.838       5.661       7.982       4.057     -12.441     -25.828     -27.945     -22.234
     -14.077     -13.409     -16.992     -19.603     -20.163     -12.233      -9.139      -5.095     -11.357     -15.816
     -16.580     -13.994      -4.183      -2.784     -12.233      -6.473      -8.869      -7.056     -10.714      -7.983
      -6.686      -3.384       3.236       4.858       5.220       0.563       5.985      12.838      12.177       5.376
      -2.626     -11.647     -17.884     -11.501      -6.321       3.367       8.075       4.485       3.192       3.890
       0.434       1.425       5.398      14.095      19.238      21.884      18.111      12.338       7.890       1.968
      -0.102       6.622       6.825       8.030       6.607       1.648       0.786       1.147      -4.959      -3.391
       2.964       0.820      -1.839      -2.894      -9.903     -10.332       0.058       5.310       9.754      18.540
      15.371      15.680      13.029      -0.358     -11.745     -19.139     -22.543     -22.909     -19.159     -20.692
     -27.590     -27.641     -19.127     -11.637      -8.607     -13.186     -19.935     -25.963     -33.352     -31.523
     -27.136     -17.073      -2.803       4.326       5.158       1.224      -2.806      -3.009      -2.607      -0.968
       1.536       1.777       8.768      13.879      12.215      10.751      11.932      12.587       6.347      -0.086
       1.614       1.039      -1.480      -4.398      -8.121      -7.525      -4.936      -1.601      -1.130      -2.257
       3.002       7.418       9.646      11.499       5.504       0.225       0.847       4.226       5.712       1.132
      -2.768      -3.577      -3.127      -0.815      -1.188      -2.627      -3.035     -11.213     -16.253     -16.331
     -11.564      -6.696      -6.998      -9.163     -11.889     -11.619      -8.552      -7.860      -6.639      -5.402
      -7.930      -8.536      -7.481      -4.348      -0.874       0.247       0.458       0.125      -0.580       1.304
       1.801       4.248       5.472       3.650       3.559       5.765       7.993       9.711       8.311       8.126
       8.295       9.917      11.634      11.158       9.447       7.189       5.683       6.642       7.114       7.545
       6.811       5.927       5.350       4.452       3.678       3.414       1.951       0.822      -0.553      -1.162
      -0.535      -0.477      -0.065      -0.576      -2.241      -2.786      -3.230      -2.547      -1.934      -2.148
      -2.286      -2.834      -2.828      -1.795      -1.055      -0.281      -0.457      -1.000      -1.027      -0.994
      -0.720      -0.528      -0.861      -0.928      -1.164      -1.028      -0.623      -0.320      -0.121      -0.095
      -0.159      -0.100      -0.054       0.000       0.000       0.000       0.000       0.000       0.000       0.000
       0.000       0.000       0.000       0.000       0.000       0.000       0.000       0.000       0.000       0.000
       0.000       0.000       0.000       0.000       0.000       0.000       0.000       0.000       0.000       0.000
       0.000       0.000       0.000       0.000       0.000       0.000       0.000       0.000       0.000       0.000
       0.000       0.000       0.000       0.000       0.000       0.000       0.000       0.000       0.000       0.000
       0.000       0.000       0.000       0.000       0.000       0.000       0.000       0.000       0.000       0.000
       0.000       0.000       0.000       0.000       0.000       0.000       0.000       0.000       0.000       0.000
       0.000       0.000       0.000       0.000       0.000       0.000       0.000       0.000       0.000       0.000
       0.000       0.000       0.000       0.000       0.000       0.000       0.000       0.000       0.000       0.000
       0.000       0.000       0.000       0.000       0.000       0.000       0.000       0.000       0.000       0.000
       0.000       0.000       0.000       0.000       0.000       0.000       0.000       0.000       0.000       0.000
       0.000       0.000       0.000       0.000       0.000       0.000       0.000       0.000       0.000       0.000
       0.000       0.000       0.000       0.000       0.000       0.000       0.000       0.000       0.000       0.000
       0.000       0.000       0.000       0.000       0.000       0.000       0.000       0.000       0.000       0.000
       0.000       0.000       0.000       0.000       0.000       0.000       0.000       0.000       0.000       0.000
       0.000       0.000       0.000       0.000       0.000       0.000       0.000       0.000       0.000       0.000
       0.000       0.000       0.000       0.000       0.000       0.000       0.000       0.000       0.000       0.000
       0.000       0.000       0.000       0.000       0.000       0.000       0.000       0.000       0.000       0.000
       0.000       0.000       0.000       0.000       0.000       0.000       0.000       0.000       0.000       0.000
       0.000       0.000       0.000       0.000       0.000       0.000       0.000       0.000       0.000       0.000
       0.000       0.000       0.000       0.000       0.000       0.000       0.000       0.000       0.000       0.000
       0.000       0.000       0.000       0.000       0.000       0.000       0.000       0.000       0.000       0.000
       0.000       0.000       0.000       0.000       0.000       0.000       0.000       0.000       0.000       0.000
       0.000       0.000       0.000       0.000       0.000       0.000       0.000       0.000       0.000       0.000
       0.000       0.000       0.000       0.000       0.000       0.000       0.000       0.000       0.000       0.000
       0.000       0.000       0.000       0.000       0.000       0.000       0.000       0.000       0.000       0.000
       0.000       0.000       0.000       0.000       0.000       0.000       0.000       0.000       0.000       0.000
       0.000       0.000       0.000       0.000       0.000       0.000       0.000       0.000       0.000       0.000
       0.000       0.000       0.000       0.000       0.000       0.000       0.000       0.000       0.000       0.000
       0.000       0.000       0.000       0.000       0.000       0.000       0.000       0.000       0.000       0.000
       0.000       0.000       0.000       0.000       0.000       0.000       0.000       0.000       0.000       0.000
       0.000       0.000       0.000       0.000       0.000       0.000       0.000       0.000       0.000       0.000
       0.000       0.000       0.000       0.000       0.000       0.000       0.000       0.000       0.000       0.000
       0.000       0.000       0.000       0.000       0.000       0.000       0.000       0.000       0.000       0.000
       0.000       0.000       0.000       0.000       0.000       0.000       0.000       0.000       0.000       0.000
       0.000       0.000       0.000       0.000       0.000       0.000       0.000       0.000       0.000       0.000
       0.000       0.000       0.000       0.000       0.000       0.000       0.000       0.000       0.000       0.000
       0.000       0.000       0.000       0.000       0.000       0.000       0.000       0.000       0.000       0.000
       0.000       0.000       0.000       0.000       0.000       0.000       0.000       0.000       0.000       0.000
       0.000       0.000       0.000       0.000       0.000       0.000       0.000       0.000       0.000       0.000
       0.000       0.000       0.000       0.000       0.000       0.000       0.000       0.000       0.000       0.000
       0.000       0.000       0.000       0.000       0.000       0.000       0.000       0.000       0.000       0.000
       0.000       0.000       0.000       0.000       0.000       0.000       0.000       0.000       0.000       0.000
       0.000       0.000       0.000       0.000       0.000       0.000       0.000       0.000       0.000       0.000
       0.000       0.000       0.000       0.000       0.000       0.000       0.000       0.000       0.000       0.000
       0.000       0.000       0.000       0.000       0.000       0.000       0.000       0.000       0.000       0.000
       0.000       0.000       0.000       0.000       0.000       0.000       0.000       0.000       0.000       0.000
       0.000       0.000       0.000       0.000       0.000       0.000       0.000       0.000       0.000       0.000
       0.000       0.000       0.000       0.000       0.000       0.000       0.000       0.000       0.000       0.000
       0.000       0.000       0.000       0.000       0.000       0.000       0.000       0.000       0.000       0.000
       0.000       0.000       0.000       0.000       0.000       0.000       0.000       0.000       0.000       0.000
       0.000       0.000       0.000       0.000       0.000       0.000       0.000       0.000       0.000       0.000
       0.000       0.000       0.000       0.000       0.000       0.000       0.000       0.000       0.000       0.000
       0.000       0.000       0.000       0.000       0.000       0.000       0.000       0.000       0.000       0.000
       0.000       0.000       0.000       0.000       0.000       0.000       0.000       0.000       0.000       0.000
       0.000       0.000       0.000       0.000       0.000       0.000       0.000       0.000       0.000       0.000
       0.000       0.000       0.000       0.000       0.000       0.000       0.000       0.000       0.000       0.000
       0.000       0.000       0.000       0.000       0.000       0.000       0.000       0.000       0.000       0.000
       0.000       0.000       0.000       0.000       0.000       0.000       0.000       0.000       0.000       0.000
       0.000       0.000       0.000       0.000       0.000       0.000       0.000       0.000       0.000       0.000
       0.000       0.000       0.000       0.000       0.000       0.000       0.000       0.000       0.000       0.000
       0.000       0.000       0.000       0.000       0.000       0.000       0.000       0.000       0.000       0.000
       0.000       0.000       0.000       0.000       0.000       0.000       0.000       0.000       0.000       0.000
       0.000       0.000       0.000       0.000       0.000       0.000       0.000       0.000       0.000       0.000
       0.000       0.000       0.000       0.000       0.000       0.000       0.000       0.000       0.000       0.000
       0.000       0.000       0.000       0.000       0.000       0.000       0.000       0.000       0.000       0.000
       0.000       0.000       0.000       0.000       0.000       0.000       0.000       0.000       0.000       0.000
       0.000       0.000       0.000       0.000       0.000       0.000       0.000       0.000       0.000       0.000
       0.000       0.000       0.000       0.000       0.000       0.000       0.000       0.000       0.000       0.000
       0.000       0.000       0.000       0.000       0.000       0.000       0.000       0.000       0.000       0.000
       0.000       0.000       0.000       0.000       0.000       0.000       0.000       0.000       0.000       0.000
       0.000       0.000       0.000       0.000       0.000       0.000       0.000       0.000       0.000       0.000
       0.000       0.000       0.000       0.000       0.000       0.000       0.000       0.000       0.000       0.000
       0.000       0.000       0.000       0.000       0.000       0.000       0.000       0.000       0.000       0.000
       0.000       0.000       0.000       0.000       0.000       0.000       0.000       0.000       0.000       0.000
       0.000       0.000       0.000       0.000       0.000       0.000       0.000       0.000       0.000       0.000
       0.000       0.000       0.000       0.000       0.000       0.000       0.000       0.000       0.000       0.000
       0.000       0.000       0.000       0.000       0.000       0.000       0.000       0.000       0.000       0.000
       0.000       0.000       0.000       0.000       0.000       0.000       0.000       0.000       0.000       0.000
       0.000       0.000       0.000       0.000       0.000       0.000       0.000       0.000       0.000       0.000
       0.000       0.000       0.000       0.000       0.000       0.000       0.000       0.000       0.000       0.000
       0.000       0.000       0.000       0.000       0.000       0.000       0.000       0.000       0.000       0.000
       0.000       0.000       0.000       0.000       0.000       0.000       0.000       0.000       0.000       0.000
       0.000       0.000       0.000       0.000       0.000       0.000       0.000       0.000       0.000       0.000
       0.000       0.000       0.000       0.000       0.000       0.000       0.000       0.000       0.000       0.000
       0.000       0.000       0.000       0.000       0.000       0.000       0.000       0.000       0.000       0.000
       0.000       0.000       0.000       0.000       0.000       0.000       0.000       0.000       0.000       0.000
       0.000       0.000       0.000       0.000       0.000       0.000       0.000       0.000       0.000       0.000
       0.000       0.000       0.000       0.000       0.000       0.000       0.000       0.000       0.000       0.000
       0.000       0.000       0.000       0.000       0.000       0.000       0.000       0.000       0.000       0.000
       0.000       0.000       0.000       0.000       0.000       0.000       0.000       0.000       0.000       0.000
       0.000       0.000       0.000       0.000       0.000       0.000       0.000       0.000       0.000       0.000
       0.000       0.000       0.000       0.000       0.000       0.000       0.000       0.000       0.000       0.000
       0.000       0.000       0.000       0.000       0.000       0.000       0.000       0.000       0.000       0.000
       0.000       0.000       0.000       0.000       0.000       0.000       0.000       0.000       0.000       0.000
       0.000       0.000       0.000       0.000       0.000       0.000       0.000       0.000       0.000       0.000
       0.000       0.000       0.000       0.000       0.000       0.000       0.000       0.000       0.000       0.000
       0.000       0.000       0.000       0.000       0.000       0.000       0.000       0.000       0.000       0.000
       0.000       0.000       0.000       0.000       0.000       0.000       0.000       0.000       0.000       0.000
       0.000       0.000       0.000       0.000       0.000       0.000       0.000       0.000       0.000       0.000
       0.000       0.000       0.000       0.000       0.000       0.000       0.000       0.000       0.000       0.000
       0.000       0.000       0.000       0.000       0.000       0.000       0.000       0.000       0.000       0.000
       0.000       0.000       0.000       0.000       0.000       0.000       0.000       0.000