   0.020           0.6000000E-01
   0.040           0.6000000E-01
   0.060           0.6000000E-01
   0.080           0.6900000E-01
   0.100           0.6000000E-01
   0.120           0.6000000E-01
   0.140           0.7300000E-01
   0.160           0.5900000E-01
   0.180           0.5600000E-01
   0.200          -0.7000000E-02
   0.220           0.6100000E-01
   0.240           0.6700000E-01
   0.260           0.2100000E+00
   0.280           0.5900000E-01
   0.300           0.5800000E-01
   0.320          -0.1120000E+00
   0.340           0.5300000E-01
   0.360           0.5500000E-01
   0.380          -0.2130000E+00
   0.400           0.4200000E-01
   0.420           0.4900000E-01
   0.440          -0.1960000E+00
   0.460           0.4500000E-01
   0.480           0.3400000E-01
   0.500          -0.5420000E+00
   0.520          -0.6900000E-01
   0.540          -0.2700000E-01
   0.560          -0.1850000E+00
   0.580           0.1370000E+00
   0.600           0.1480000E+00
   0.620           0.3650000E+00
   0.640           0.1400000E+00
   0.660           0.1860000E+00
   0.680           0.4120000E+00
   0.700           0.1410000E+00
   0.720           0.2620000E+00
   0.740           0.9000000E+00
   0.760           0.3960000E+00
   0.780           0.5070000E+00
   0.800           0.1337000E+01
   0.820           0.1732000E+01
   0.840           0.7680000E+00
   0.860          -0.2550000E+00
   0.880           0.1201000E+01
   0.900           0.4700000E-01
   0.920          -0.3510000E+00
   0.940          -0.1717000E+01
   0.960          -0.4990000E+00
   0.980          -0.4100000E+00
   1.000          -0.1860000E+01
   1.020          -0.7760000E+00
   1.040          -0.5580000E+00
   1.060          -0.2766000E+01
   1.080          -0.1594000E+01
   1.100          -0.6220000E+00
   1.120          -0.2100000E+00
   1.140           0.3174000E+01
   1.160          -0.7460000E+00
   1.180           0.1425000E+01
   1.200           0.2963000E+01
   1.220          -0.3703000E+01
   1.240          -0.1074000E+01
   1.260          -0.8380000E+00
   1.280          -0.1654000E+01
   1.300           0.9390000E+00
   1.320          -0.1183000E+01
   1.340           0.2714000E+01
   1.360           0.4235000E+01
   1.380           0.2384000E+01
   1.400           0.4711000E+01
   1.420           0.5181000E+01
   1.440           0.4022000E+01
   1.460           0.1840000E+01
   1.480          -0.1004000E+01
   1.500           0.2841000E+01
   1.520           0.3052000E+01
   1.540           0.3082000E+01
   1.560           0.5256000E+01
   1.580           0.6418000E+01
   1.600           0.4124000E+01
   1.620          -0.2480000E+00
   1.640          -0.4575000E+01
   1.660          -0.5233000E+01
   1.680          -0.7140000E+01
   1.700          -0.2671000E+01
   1.720           0.6350000E+00
   1.740          -0.2318000E+01
   1.760           0.1282000E+01
   1.780           0.2339000E+01
   1.800           0.1493000E+01
   1.820          -0.2057000E+01
   1.840          -0.6819000E+01
   1.860          -0.1898000E+01
   1.880           0.8460000E+00
   1.900          -0.2615000E+01
   1.920          -0.1403000E+01
   1.940           0.2176000E+01
   1.960           0.5836000E+01
   1.980           0.6451000E+01
   2.000           0.2105000E+01
   2.020           0.3000000E+00
   2.040          -0.2295000E+01
   2.060          -0.1078300E+02
   2.080          -0.1086200E+02
   2.100          -0.7211000E+01
   2.120          -0.9980000E+00
   2.140           0.1003800E+02
   2.160           0.6051000E+01
   2.180           0.4630000E+00
   2.200          -0.1332000E+01
   2.220          -0.6990000E+01
   2.240          -0.2022000E+01
   2.260          -0.4232000E+01
   2.280          -0.9971000E+01
   2.300          -0.4596000E+01
   2.320          -0.8566000E+01
   2.340          -0.6948000E+01
   2.360          -0.4829000E+01
   2.380          -0.1509000E+01
   2.400           0.8034000E+01
   2.420          -0.1072000E+01
   2.440          -0.6857000E+01
   2.460          -0.6149000E+01
   2.480          -0.7373000E+01
   2.500           0.4230000E+01
   2.520           0.3343000E+01
   2.540           0.8650000E+01
   2.560           0.1691600E+02
   2.580           0.1270500E+02
   2.600           0.1065300E+02
   2.620           0.9154000E+01
   2.640           0.8469000E+01
   2.660           0.1519800E+02
   2.680           0.8877000E+01
   2.700           0.1649500E+02
   2.720           0.1628400E+02
   2.740           0.6532000E+01
   2.760           0.1031200E+02
   2.780           0.2828000E+01
   2.800          -0.3538000E+01
   2.820          -0.9372000E+01
   2.840          -0.1919500E+02
   2.860          -0.1280600E+02
   2.880          -0.1626600E+02
   2.900          -0.1412000E+02
   2.920           0.6930000E+00
   2.940          -0.4030000E+01
   2.960          -0.1109300E+02
   2.980          -0.1186200E+02
   3.000          -0.1272500E+02
   3.020          -0.5106000E+01
   3.040           0.2542000E+01
   3.060           0.6277000E+01
   3.080           0.6397000E+01
   3.100          -0.1728000E+01
   3.120          -0.1251500E+02
   3.140          -0.1908100E+02
   3.160          -0.1917400E+02
   3.180          -0.1638600E+02
   3.200          -0.1537100E+02
   3.220          -0.1482100E+02
   3.240          -0.1458600E+02
   3.260          -0.1662300E+02
   3.280          -0.1424400E+02
   3.300          -0.4853000E+01
   3.320           0.7093000E+01
   3.340           0.1563100E+02
   3.360           0.1775800E+02
   3.380           0.2215900E+02
   3.400           0.1913300E+02
   3.420           0.4709000E+01
   3.440           0.2220000E+01
   3.460           0.6446000E+01
   3.480           0.1525400E+02
   3.500           0.2821600E+02
   3.520           0.2596600E+02
   3.540           0.2702400E+02
   3.560           0.3280200E+02
   3.580           0.3015200E+02
   3.600           0.2352400E+02
   3.620           0.1963600E+02
   3.640           0.2050300E+02
   3.660           0.1734200E+02
   3.680          -0.2300000E-01
   3.700          -0.2299000E+01
   3.720          -0.9993000E+01
   3.740          -0.2544600E+02
   3.760          -0.2784200E+02
   3.780          -0.2610600E+02
   3.800          -0.2019800E+02
   3.820          -0.4762000E+01
   3.840          -0.1059000E+01
   3.860          -0.1056200E+02
   3.880          -0.1778400E+02
   3.900          -0.1653400E+02
   3.920          -0.2049000E+01
   3.940           0.1090400E+02
   3.960           0.1222500E+02
   3.980           0.1117100E+02
   4.000           0.1350000E+00
   4.020          -0.6139000E+01
   4.040          -0.1978000E+01
   4.060          -0.9329000E+01
   4.080          -0.1198200E+02
   4.100          -0.6603000E+01
   4.120           0.2040000E+01
   4.140           0.3002000E+01
   4.160          -0.6050000E+00
   4.180           0.4240000E+01
   4.200           0.3308000E+01
   4.220          -0.1305300E+02
   4.240          -0.1467600E+02
   4.260          -0.1164900E+02
   4.280          -0.2310000E+00
   4.300           0.3889000E+01
   4.320           0.4423000E+01
   4.340           0.4938000E+01
   4.360          -0.7459000E+01
   4.380          -0.1234000E+02
   4.400          -0.1194300E+02
   4.420          -0.1485700E+02
   4.440           0.1598200E+02
   4.460           0.1845000E+02
   4.480          -0.1981000E+01
   4.500           0.2236000E+01
   4.520          -0.1771800E+02
   4.540          -0.3213700E+02
   4.560          -0.2013800E+02
   4.580          -0.1709100E+02
   4.600          -0.7549000E+01
   4.620          -0.7687000E+01
   4.640          -0.1146200E+02
   4.660          -0.1408700E+02
   4.680          -0.2797400E+02
   4.700          -0.1542000E+02
   4.720          -0.5968000E+01
   4.740          -0.5601000E+01
   4.760          -0.1033300E+02
   4.780          -0.2476700E+02
   4.800          -0.2477800E+02
   4.820          -0.1938400E+02
   4.840          -0.1340600E+02
   4.860           0.2938000E+01
   4.880           0.1083800E+02
   4.900           0.1516600E+02
   4.920           0.8726000E+01
   4.940           0.4598000E+01
   4.960           0.2556100E+02
   4.980           0.4925000E+02
   5.000           0.4447200E+02
   5.020           0.2348900E+02
   5.040           0.8822000E+01
   5.060           0.2462200E+02
   5.080           0.2478600E+02
   5.100           0.1559600E+02
   5.120           0.6389000E+01
   5.140          -0.2558600E+02
   5.160          -0.4445500E+02
   5.180          -0.3085800E+02
   5.200          -0.1983200E+02
   5.220          -0.7511000E+01
   5.240           0.4934000E+01
   5.260          -0.1751000E+01
   5.280          -0.6229000E+01
   5.300          -0.1825000E+02
   5.320          -0.2394300E+02
   5.340          -0.4017000E+01
   5.360          -0.1381200E+02
   5.380          -0.1063600E+02
   5.400           0.1979400E+02
   5.420           0.3275000E+02
   5.440           0.5735100E+02
   5.460           0.7738200E+02
   5.480           0.6822600E+02
   5.500           0.4329500E+02
   5.520           0.2019400E+02
   5.540          -0.6928000E+01
   5.560          -0.2635100E+02
   5.580          -0.3394000E+02
   5.600          -0.1816800E+02
   5.620          -0.1170100E+02
   5.640          -0.2146600E+02
   5.660          -0.2784600E+02
   5.680          -0.2486700E+02
   5.700           0.5322000E+01
   5.720           0.9427000E+01
   5.740          -0.1068200E+02
   5.760          -0.1128000E+02
   5.780          -0.6645000E+01
   5.800          -0.1699700E+02
   5.820          -0.3360600E+02
   5.840          -0.2372700E+02
   5.860          -0.7204000E+01
   5.880           0.4671000E+01
   5.900           0.2662900E+02
   5.920           0.1934800E+02
   5.940          -0.1210300E+02
   5.960          -0.1734500E+02
   5.980          -0.4526100E+02
   6.000          -0.5999500E+02
   6.020          -0.3551200E+02
   6.040          -0.2554200E+02
   6.060          -0.1581800E+02
   6.080          -0.7505000E+01
   6.100          -0.2815200E+02
   6.120          -0.3831100E+02
   6.140          -0.5307300E+02
   6.160          -0.5548600E+02
   6.180          -0.2925400E+02
   6.200          -0.3280000E+01
   6.220           0.2120200E+02
   6.240           0.6057500E+02
   6.260           0.7619400E+02
   6.280           0.8542800E+02
   6.300           0.7686600E+02
   6.320           0.3761800E+02
   6.340          -0.9193000E+01
   6.360          -0.3765500E+02
   6.380          -0.3485400E+02
   6.400          -0.6688000E+01
   6.420           0.7996000E+01
   6.440           0.4202200E+02
   6.460           0.5688400E+02
   6.480           0.2393500E+02
   6.500          -0.9468000E+01
   6.520          -0.1370500E+02
   6.540          -0.1608200E+02
   6.560          -0.2500000E+02
   6.580          -0.2594200E+02
   6.600          -0.2217200E+02
   6.620          -0.3798900E+02
   6.640          -0.6732500E+02
   6.660          -0.7692300E+02
   6.680          -0.4986000E+02
   6.700          -0.3501800E+02
   6.720          -0.6553400E+02
   6.740          -0.3812200E+02
   6.760           0.2137200E+02
   6.780           0.3813500E+02
   6.800           0.4458600E+02
   6.820           0.1985000E+02
   6.840           0.1677000E+01
   6.860           0.3848400E+02
   6.880           0.5786500E+02
   6.900           0.7346200E+02
   6.920           0.6170600E+02
   6.940           0.1519300E+02
   6.960          -0.3275200E+02
   6.980          -0.5459200E+02
   7.000          -0.4461600E+02
   7.020           0.8208000E+01
   7.040           0.2895200E+02
   7.060           0.1273000E+02
   7.080          -0.3431800E+02
   7.100          -0.5369300E+02
   7.120          -0.3337600E+02
   7.140          -0.3618000E+01
   7.160          -0.1881100E+02
   7.180          -0.4740200E+02
   7.200          -0.7011200E+02
   7.220          -0.8058900E+02
   7.240          -0.8712000E+02
   7.260          -0.7708600E+02
   7.280          -0.1872300E+02
   7.300           0.4918800E+02
   7.320           0.6494600E+02
   7.340           0.5518000E+02
   7.360           0.3408600E+02
   7.380           0.4370000E+01
   7.400           0.2320200E+02
   7.420           0.2628200E+02
   7.440          -0.6702000E+01
   7.460           0.1800800E+02
   7.480           0.6025900E+02
   7.500           0.3307500E+02
   7.520          -0.1419900E+02
   7.540          -0.1037300E+02
   7.560           0.2958600E+02
   7.580           0.6684800E+02
   7.600           0.5652100E+02
   7.620           0.3416800E+02
   7.640           0.7021900E+02
   7.660           0.4122900E+02
   7.680          -0.3528000E+02
   7.700          -0.3237300E+02
   7.720          -0.6805000E+01
   7.740          -0.2014000E+01
   7.760           0.1414100E+02
   7.780           0.2725700E+02
   7.800           0.6228300E+02
   7.820           0.6059900E+02
   7.840           0.1625300E+02
   7.860          -0.2245000E+01
   7.880          -0.4347700E+02
   7.900          -0.3556300E+02
   7.920           0.2289700E+02
   7.940           0.4849200E+02
   7.960           0.9047600E+02
   7.980           0.8869900E+02
   8.000           0.1080600E+02
   8.020          -0.5935000E+02
   8.040          -0.7747600E+02
   8.060          -0.7122000E+02
   8.080          -0.3934000E+02
   8.100           0.2600000E+01
   8.120           0.3378500E+02
   8.140           0.4256300E+02
   8.160           0.3992100E+02
   8.180           0.6201000E+02
   8.200           0.7421100E+02
   8.220           0.1578100E+02
   8.240          -0.3030200E+02
   8.260          -0.1931000E+01
   8.280           0.2789300E+02
   8.300           0.3338800E+02
   8.320           0.6197700E+02
   8.340           0.3442100E+02
   8.360           0.1260000E+02
   8.380           0.3633300E+02
   8.400           0.3323800E+02
   8.420           0.4365400E+02
   8.440           0.8389300E+02
   8.460           0.7055000E+02
   8.480           0.3652700E+02
   8.500          -0.1520200E+02
   8.520          -0.4240000E+02
   8.540          -0.2409000E+02
   8.560          -0.3331400E+02
   8.580           0.7920000E+00
   8.600           0.3983700E+02
   8.620           0.1925100E+02
   8.640           0.2500600E+02
   8.660           0.2351700E+02
   8.680           0.3480000E+01
   8.700           0.3941100E+02
   8.720           0.4797100E+02
   8.740           0.3035900E+02
   8.760          -0.1643000E+01
   8.780          -0.5785700E+02
   8.800          -0.8837700E+02
   8.820          -0.7256600E+02
   8.840          -0.3239700E+02
   8.860          -0.3396400E+02
   8.880          -0.8508500E+02
   8.900          -0.1131830E+03
   8.920          -0.1190010E+03
   8.940          -0.1060860E+03
   8.960          -0.7744900E+02
   8.980          -0.1351000E+01
   9.000           0.6927500E+02
   9.020           0.6348600E+02
   9.040           0.6911600E+02
   9.060           0.9125300E+02
   9.080           0.5962500E+02
   9.100           0.7493100E+02
   9.120           0.7596600E+02
   9.140           0.3552700E+02
   9.160           0.2123400E+02
   9.180          -0.2819900E+02
   9.200          -0.8965600E+02
   9.220          -0.1025300E+03
   9.240          -0.5916100E+02
   9.260          -0.7350000E+01
   9.280           0.2123600E+02
   9.300           0.4918800E+02
   9.320           0.7408500E+02
   9.340           0.6300100E+02
   9.360           0.2286000E+02
   9.380           0.8626000E+01
   9.400           0.3400000E-01
   9.420          -0.4069900E+02
   9.440          -0.4666500E+02
   9.460          -0.4440000E+00
   9.480           0.2067400E+02
   9.500           0.1389600E+02
   9.520           0.4789000E+01
   9.540           0.9844000E+01
   9.560          -0.1637100E+02
   9.580          -0.2532600E+02
   9.600           0.1881300E+02
   9.620           0.2603100E+02
   9.640           0.3930100E+02
   9.660           0.3996300E+02
   9.680          -0.3668400E+02
   9.700          -0.9416700E+02
   9.720          -0.8766300E+02
   9.740          -0.7494400E+02
   9.760          -0.5671000E+02
   9.780          -0.3780000E+01
   9.800           0.2393900E+02
   9.820           0.2557300E+02
   9.840           0.5796600E+02
   9.860           0.6794900E+02
   9.880           0.5547600E+02
   9.900           0.4120000E+02
   9.920          -0.3258300E+02
   9.940          -0.5859500E+02
   9.960          -0.1776500E+02
   9.980           0.2840200E+02
  10.000           0.7856400E+02
  10.020           0.3631500E+02
  10.040          -0.4408500E+02
  10.060          -0.6035800E+02
  10.080          -0.8111000E+02
  10.100          -0.7929400E+02
  10.120          -0.3319100E+02
  10.140          -0.1954600E+02
  10.160          -0.2297000E+02
  10.180          -0.1844800E+02
  10.200          -0.3081000E+01
  10.220           0.1452800E+02
  10.240           0.3703700E+02
  10.260           0.5408700E+02
  10.280           0.2606600E+02
  10.300          -0.9978000E+01
  10.320          -0.5730000E+01
  10.340          -0.3672000E+01
  10.360          -0.2437000E+01
  10.380           0.3339000E+01
  10.400          -0.1290000E+01
  10.420          -0.8643000E+01
  10.440           0.9000000E-02
  10.460           0.2149000E+01
  10.480          -0.1558400E+02
  10.500          -0.3194200E+02
  10.520          -0.1157500E+02
  10.540          -0.2732000E+01
  10.560          -0.2136900E+02
  10.580          -0.1867300E+02
  10.600           0.2353400E+02
  10.620           0.3022500E+02
  10.640          -0.2211600E+02
  10.660          -0.4560700E+02
  10.680          -0.2394300E+02
  10.700          -0.4216200E+02
  10.720          -0.4979600E+02
  10.740          -0.4374500E+02
  10.760          -0.5115500E+02
  10.780          -0.1966100E+02
  10.800           0.1500800E+02
  10.820          -0.2510000E+01
  10.840           0.1293300E+02
  10.860           0.5164700E+02
  10.880           0.2077200E+02
  10.900          -0.2012600E+02
  10.920          -0.1799600E+02
  10.940          -0.1651100E+02
  10.960          -0.2524200E+02
  10.980          -0.2828400E+02
  11.000          -0.5337000E+01
  11.020           0.3316000E+02
  11.040           0.6622000E+02
  11.060           0.6679300E+02
  11.080           0.6552000E+01
  11.100          -0.2326100E+02
  11.120          -0.1485900E+02
  11.140          -0.4670000E+00
  11.160           0.6028000E+02
  11.180           0.1190890E+03
  11.200           0.9242100E+02
  11.220           0.2604900E+02
  11.240          -0.2498000E+01
  11.260          -0.2461000E+02
  11.280          -0.2100500E+02
  11.300           0.8192000E+01
  11.320           0.2227000E+02
  11.340           0.3872400E+02
  11.360          -0.4185000E+01
  11.380          -0.7768000E+02
  11.400          -0.9621400E+02
  11.420          -0.7483600E+02
  11.440          -0.5535700E+02
  11.460          -0.2724200E+02
  11.480           0.2030300E+02
  11.500           0.4606800E+02
  11.520           0.3875300E+02
  11.540           0.1075500E+02
  11.560          -0.2402400E+02
  11.580          -0.3161600E+02
  11.600          -0.6457100E+02
  11.620          -0.9601600E+02
  11.640          -0.4715700E+02
  11.660           0.1196700E+02
  11.680           0.5683300E+02
  11.700           0.3460400E+02
  11.720          -0.3478800E+02
  11.740          -0.3201100E+02
  11.760          -0.5070200E+02
  11.780          -0.5161900E+02
  11.800          -0.7423000E+01
  11.820          -0.8500000E-01
  11.840           0.7926000E+01
  11.860           0.3009900E+02
  11.880           0.3205800E+02
  11.900           0.8179700E+02
  11.920           0.1110430E+03
  11.940           0.9975400E+02
  11.960           0.6563900E+02
  11.980           0.2160500E+02
  12.000          -0.3015600E+02
  12.020          -0.7322100E+02
  12.040          -0.4708300E+02
  12.060          -0.4080000E+01
  12.080          -0.9888000E+01
  12.100           0.8420000E+00
  12.120           0.2567400E+02
  12.140           0.3405000E+01
  12.160          -0.5924200E+02
  12.180          -0.7285100E+02
  12.200          -0.4116200E+02
  12.220          -0.4372800E+02
  12.240          -0.4381000E+01
  12.260           0.6283100E+02
  12.280           0.8157600E+02
  12.300           0.1164170E+03
  12.320           0.9455000E+02
  12.340           0.2590700E+02
  12.360           0.3735500E+02
  12.380           0.3050800E+02
  12.400          -0.1556000E+01
  12.420          -0.1708600E+02
  12.440          -0.1360900E+02
  12.460           0.4745000E+01
  12.480           0.1079200E+02
  12.500          -0.1340100E+02
  12.520          -0.1814500E+02
  12.540           0.6161000E+01
  12.560           0.1517300E+02
  12.580           0.1636400E+02
  12.600           0.1823000E+02
  12.620          -0.9308000E+01
  12.640          -0.2637600E+02
  12.660          -0.4215000E+02
  12.680          -0.2295500E+02
  12.700           0.2656800E+02
  12.720           0.5308500E+02
  12.740           0.5795400E+02
  12.760           0.2629700E+02
  12.780          -0.2582700E+02
  12.800          -0.2665100E+02
  12.820          -0.1366700E+02
  12.840           0.9550000E+00
  12.860           0.1082800E+02
  12.880           0.4078000E+01
  12.900          -0.6526000E+01
  12.920          -0.3133300E+02
  12.940          -0.5431000E+02
  12.960          -0.6221900E+02
  12.980          -0.6984900E+02
  13.000          -0.5941300E+02
  13.020          -0.5349400E+02
  13.040          -0.2514800E+02
  13.060          -0.1600000E+00
  13.080           0.6330000E+01
  13.100           0.1053500E+02
  13.120           0.1390300E+02
  13.140           0.1395700E+02
  13.160           0.1720800E+02
  13.180           0.2247900E+02
  13.200           0.5762700E+02
  13.220           0.4475400E+02
  13.240          -0.2119300E+02
  13.260          -0.5617800E+02
  13.280          -0.1059710E+03
  13.300          -0.1178920E+03
  13.320          -0.5493900E+02
  13.340           0.1820000E+00
  13.360           0.4873000E+02
  13.380           0.8519400E+02
  13.400           0.4507000E+02
  13.420           0.1162900E+02
  13.440           0.9501000E+01
  13.460          -0.6935000E+01
  13.480          -0.2492500E+02
  13.500           0.7650000E+00
  13.520           0.3603000E+02
  13.540           0.2979300E+02
  13.560          -0.1654800E+02
  13.580          -0.3031300E+02
  13.600           0.4237000E+01
  13.620           0.3568300E+02
  13.640           0.5382100E+02
  13.660           0.5474000E+02
  13.680           0.2441800E+02
  13.700           0.8810000E+00
  13.720          -0.2442600E+02
  13.740          -0.4337600E+02
  13.760          -0.7044500E+02
  13.780          -0.4891800E+02
  13.800          -0.9475000E+01
  13.820           0.5396000E+01
  13.840          -0.6700000E-01
  13.860          -0.1707800E+02
  13.880          -0.2171800E+02
  13.900           0.1058000E+02
  13.920           0.4514100E+02
  13.940           0.5385300E+02
  13.960           0.1461800E+02
  13.980          -0.7743000E+01
  14.000          -0.6560000E+00
  14.020          -0.2959300E+02
  14.040          -0.8909000E+01
  14.060           0.2929700E+02
  14.080          -0.4702000E+01
  14.100          -0.3053600E+02
  14.120          -0.2507000E+01
  14.140           0.7348800E+02
  14.160           0.1193140E+03
  14.180           0.1064070E+03
  14.200           0.6562300E+02
  14.220          -0.1537000E+01
  14.240          -0.3614200E+02
  14.260          -0.7456000E+01
  14.280           0.1209000E+01
  14.300           0.1353300E+02
  14.320           0.3594400E+02
  14.340           0.3502100E+02
  14.360           0.2113600E+02
  14.380           0.1186500E+02
  14.400           0.2112600E+02
  14.420           0.8500000E+01
  14.440           0.1597700E+02
  14.460           0.7787000E+01
  14.480          -0.2111500E+02
  14.500          -0.3448900E+02
  14.520          -0.4524800E+02
  14.540          -0.3102400E+02
  14.560          -0.4935000E+01
  14.580          -0.3811100E+02
  14.600          -0.8253300E+02
  14.620          -0.9507200E+02
  14.640          -0.8777400E+02
  14.660          -0.1047390E+03
  14.680          -0.8893700E+02
  14.700          -0.2151300E+02
  14.720           0.5899300E+02
  14.740           0.1285040E+03
  14.760           0.1400600E+03
  14.780           0.1315070E+03
  14.800           0.9430600E+02
  14.820          -0.8753000E+01
  14.840          -0.3163000E+02
  14.860          -0.1023200E+02
  14.880           0.1565600E+02
  14.900          -0.1219200E+02
  14.920          -0.6603200E+02
  14.940          -0.4457900E+02
  14.960          -0.1091900E+02
  14.980           0.2041300E+02
  15.000           0.5550500E+02
  15.020           0.4551600E+02
  15.040           0.3239000E+02
  15.060          -0.1278900E+02
  15.080          -0.7124400E+02
  15.100          -0.5938200E+02
  15.120          -0.4647600E+02
  15.140          -0.6361100E+02
  15.160          -0.4512000E+02
  15.180           0.1408100E+02
  15.200           0.5662200E+02
  15.220           0.6701200E+02
  15.240           0.5408500E+02
  15.260           0.3033800E+02
  15.280          -0.4020000E+00
  15.300           0.8277000E+01
  15.320           0.1869800E+02
  15.340           0.1858000E+01
  15.360          -0.1333700E+02
  15.380          -0.2988000E+02
  15.400          -0.3418700E+02
  15.420          -0.4471200E+02
  15.440          -0.6503100E+02
  15.460          -0.6650400E+02
  15.480          -0.4158900E+02
  15.500           0.2495400E+02
  15.520           0.5034900E+02
  15.540          -0.8853000E+01
  15.560          -0.1916700E+02
  15.580           0.1041200E+02
  15.600          -0.1007500E+02
  15.620          -0.4047500E+02
  15.640          -0.4974600E+02
  15.660          -0.3984900E+02
  15.680          -0.1720100E+02
  15.700          -0.5585000E+01
  15.720           0.1527000E+01
  15.740           0.1800100E+02
  15.760           0.8270000E+00
  15.780          -0.5135000E+01
  15.800           0.1263800E+02
  15.820           0.4905800E+02
  15.840           0.7122300E+02
  15.860           0.2321700E+02
  15.880          -0.3144300E+02
  15.900          -0.3374400E+02
  15.920           0.9667000E+01
  15.940           0.7472900E+02
  15.960           0.1117460E+03
  15.980           0.1129280E+03
  16.000           0.1044020E+03
  16.020           0.7162900E+02
  16.040           0.2424000E+02
  16.060          -0.1122900E+02
  16.080          -0.4459800E+02
  16.100          -0.7620000E+02
  16.120          -0.9163700E+02
  16.140          -0.7646800E+02
  16.160          -0.8939600E+02
  16.180          -0.6120000E+02
  16.200          -0.4122000E+01
  16.220           0.9528000E+01
  16.240           0.3036900E+02
  16.260           0.4591700E+02
  16.280           0.1480600E+02
  16.300          -0.3064900E+02
  16.320          -0.3746300E+02
  16.340          -0.2118900E+02
  16.360          -0.2447500E+02
  16.380          -0.8860000E+01
  16.400           0.2533800E+02
  16.420           0.2714100E+02
  16.440           0.4653700E+02
  16.460           0.4919900E+02
  16.480           0.9008000E+01
  16.500          -0.6290000E+00
  16.520          -0.1965300E+02
  16.540          -0.7156600E+02
  16.560          -0.7164000E+02
  16.580          -0.3808300E+02
  16.600          -0.4608000E+02
  16.620          -0.4961700E+02
  16.640          -0.1923900E+02
  16.660          -0.1442800E+02
  16.680          -0.3950700E+02
  16.700          -0.5073200E+02
  16.720          -0.5386700E+02
  16.740          -0.2343300E+02
  16.760           0.1202900E+02
  16.780           0.1101700E+02
  16.800          -0.1474400E+02
  16.820          -0.3819700E+02
  16.840          -0.4223300E+02
  16.860          -0.4693400E+02
  16.880          -0.3566700E+02
  16.900          -0.5978000E+01
  16.920           0.1641600E+02
  16.940           0.1594400E+02
  16.960           0.9588000E+01
  16.980           0.6789000E+01
  17.000           0.1301500E+02
  17.020           0.2205200E+02
  17.040           0.3430000E+02
  17.060           0.2259400E+02
  17.080           0.7434000E+01
  17.100           0.2546900E+02
  17.120           0.2854400E+02
  17.140           0.1513600E+02
  17.160          -0.6416000E+01
  17.180           0.2674000E+01
  17.200           0.4837400E+02
  17.220           0.3925300E+02
  17.240           0.1972500E+02
  17.260           0.4067600E+02
  17.280           0.5934500E+02
  17.300           0.3884400E+02
  17.320          -0.4261000E+01
  17.340          -0.3947400E+02
  17.360          -0.2235400E+02
  17.380          -0.5810000E+00
  17.400          -0.1189100E+02
  17.420          -0.2896900E+02
  17.440          -0.1730000E+02
  17.460           0.9892000E+01
  17.480           0.4988000E+01
  17.500          -0.1039400E+02
  17.520          -0.7573000E+01
  17.540          -0.8037000E+01
  17.560          -0.2447200E+02
  17.580          -0.5469100E+02
  17.600          -0.7081100E+02
  17.620          -0.6741800E+02
  17.640          -0.6113700E+02
  17.660          -0.4522700E+02
  17.680          -0.1402200E+02
  17.700           0.2225600E+02
  17.720           0.4628400E+02
  17.740           0.1800800E+02
  17.760          -0.1729500E+02
  17.780          -0.2726900E+02
  17.800          -0.3815900E+02
  17.820          -0.3889200E+02
  17.840          -0.1497200E+02
  17.860           0.5746000E+01
  17.880           0.1319300E+02
  17.900           0.1814100E+02
  17.920           0.2850200E+02
  17.940           0.2939000E+02
  17.960           0.2604500E+02
  17.980           0.2590800E+02
  18.000           0.2502900E+02
  18.020           0.1847000E+01
  18.040          -0.2625600E+02
  18.060          -0.1725700E+02
  18.080           0.2578700E+02
  18.100           0.5070900E+02
  18.120           0.1399600E+02
  18.140          -0.1768800E+02
  18.160          -0.3508300E+02
  18.180          -0.5331900E+02
  18.200          -0.5817400E+02
  18.220          -0.4571700E+02
  18.240          -0.2138900E+02
  18.260           0.2977000E+01
  18.280           0.1234700E+02
  18.300           0.3394400E+02
  18.320           0.5599700E+02
  18.340           0.4742400E+02
  18.360          -0.3574000E+01
  18.380          -0.4128300E+02
  18.400          -0.3614800E+02
  18.420          -0.1565000E+02
  18.440           0.5113000E+01
  18.460           0.3932100E+02
  18.480           0.5261000E+02
  18.500           0.5042400E+02
  18.520           0.4301800E+02
  18.540           0.3846100E+02
  18.560           0.7758000E+01
  18.580          -0.3511100E+02
  18.600          -0.5245600E+02
  18.620          -0.2799200E+02
  18.640          -0.1938000E+01
  18.660           0.4667000E+01
  18.680           0.1421400E+02
  18.700           0.3269500E+02
  18.720           0.2483100E+02
  18.740          -0.1329100E+02
  18.760          -0.1879600E+02
  18.780           0.1535300E+02
  18.800           0.3705300E+02
  18.820           0.4537100E+02
  18.840           0.5246900E+02
  18.860           0.3854700E+02
  18.880           0.3070300E+02
  18.900           0.1267900E+02
  18.920          -0.2881600E+02
  18.940          -0.4796800E+02
  18.960          -0.5620400E+02
  18.980          -0.5338300E+02
  19.000          -0.4648400E+02
  19.020          -0.3492100E+02
  19.040          -0.1464500E+02
  19.060          -0.8393000E+01
  19.080           0.3253000E+01
  19.100           0.5910000E+00
  19.120          -0.1480400E+02
  19.140           0.3557000E+01
  19.160           0.1364500E+02
  19.180          -0.1226100E+02
  19.200          -0.2379100E+02
  19.220          -0.2391700E+02
  19.240          -0.5284000E+01
  19.260           0.1397400E+02
  19.280           0.2158300E+02
  19.300           0.2464100E+02
  19.320           0.1203300E+02
  19.340           0.4138000E+01
  19.360          -0.1514100E+02
  19.380          -0.4997600E+02
  19.400          -0.4402600E+02
  19.420          -0.4756100E+02
  19.440          -0.4452300E+02
  19.460          -0.2878900E+02
  19.480          -0.2187500E+02
  19.500          -0.1900000E-01
  19.520           0.1323200E+02
  19.540           0.2096000E+01
  19.560           0.1695000E+01
  19.580           0.4093000E+01
  19.600           0.1237000E+02
  19.620           0.7207000E+01
  19.640           0.1465200E+02
  19.660           0.3050900E+02
  19.680           0.3034000E+02
  19.700           0.3527400E+02
  19.720           0.3306500E+02
  19.740           0.2439700E+02
  19.760           0.3650800E+02
  19.780           0.3164100E+02
  19.800           0.1530000E+02
  19.820           0.6590000E+00
  19.840          -0.2288000E+01
  19.860           0.6789000E+01
  19.880           0.1451700E+02
  19.900           0.1086900E+02
  19.920          -0.4133000E+01
  19.940          -0.5101000E+01
  19.960           0.6559000E+01
  19.980           0.1514300E+02
  20.000           0.2176100E+02
  20.020           0.3132300E+02
  20.040           0.2919400E+02
  20.060           0.1029100E+02
  20.080          -0.1407300E+02
  20.100          -0.1142500E+02
  20.120          -0.5957000E+01
  20.140          -0.9831000E+01
  20.160          -0.2127000E+01
  20.180           0.1488500E+02
  20.200           0.2472300E+02
  20.220           0.3210800E+02
  20.240           0.1636800E+02
  20.260          -0.1104900E+02
  20.280          -0.2457500E+02
  20.300          -0.2799600E+02
  20.320          -0.3510000E+02
  20.340          -0.1107400E+02
  20.360           0.1686700E+02
  20.380           0.7051000E+01
  20.400          -0.9470000E+00
  20.420           0.3523000E+01
  20.440          -0.1856100E+02
  20.460          -0.1452500E+02
  20.480           0.7455000E+01
  20.500           0.2679100E+02
  20.520           0.3293500E+02
  20.540           0.2176900E+02
  20.560           0.3344000E+01
  20.580          -0.4620000E+01
  20.600          -0.9206000E+01
  20.620          -0.3250500E+02
  20.640          -0.4273000E+02
  20.660          -0.1008900E+02
  20.680           0.1028900E+02
  20.700           0.1270000E+02
  20.720           0.1800200E+02
  20.740           0.1732100E+02
  20.760           0.6318000E+01
  20.780           0.1350000E+00
  20.800          -0.8753000E+01
  20.820          -0.2124800E+02
  20.840          -0.2638100E+02
  20.860          -0.3027400E+02
  20.880          -0.3022600E+02
  20.900          -0.1320100E+02
  20.920           0.2084300E+02
  20.940           0.3151700E+02
  20.960           0.2013000E+02
  20.980           0.1626900E+02
  21.000           0.4648000E+01
  21.020           0.2499000E+01
  21.040           0.2695000E+02
  21.060           0.2131200E+02
  21.080           0.1489000E+01
  21.100          -0.1332400E+02
  21.120          -0.2046000E+02
  21.140          -0.1846100E+02
  21.160          -0.1395700E+02
  21.180          -0.2369000E+01
  21.200           0.1089100E+02
  21.220           0.4403000E+01
  21.240           0.3846000E+01
  21.260           0.1354000E+01
  21.280           0.9631000E+01
  21.300           0.3853000E+01
  21.320          -0.1800200E+02
  21.340          -0.2354400E+02
  21.360          -0.1831100E+02
  21.380          -0.7996000E+01
  21.400           0.1475000E+01
  21.420          -0.3703000E+01
  21.440           0.1011000E+01
  21.460           0.6513000E+01
  21.480           0.3380000E+01
  21.500           0.6448000E+01
  21.520           0.1594400E+02
  21.540           0.2769200E+02
  21.560           0.2320600E+02
  21.580           0.2576000E+01
  21.600          -0.1941000E+01
  21.620          -0.3375000E+01
  21.640           0.2130000E+01
  21.660           0.3389000E+01
  21.680          -0.7259000E+01
  21.700          -0.1451300E+02
  21.720          -0.1596400E+02
  21.740          -0.1550300E+02
  21.760          -0.2081700E+02
  21.780          -0.2723400E+02
  21.800          -0.3044300E+02
  21.820          -0.2856600E+02
  21.840          -0.1871600E+02
  21.860          -0.4174000E+01
  21.880           0.9311000E+01
  21.900           0.2587100E+02
  21.920           0.2911100E+02
  21.940           0.1332500E+02
  21.960          -0.8627000E+01
  21.980          -0.1129500E+02
  22.000           0.2588000E+01
  22.020           0.1010800E+02
  22.040           0.1995200E+02
  22.060           0.2388900E+02
  22.080           0.1878400E+02
  22.100           0.1524200E+02
  22.120           0.7491000E+01
  22.140           0.6097000E+01
  22.160           0.1512000E+01
  22.180           0.5143000E+01
  22.200           0.8302000E+01
  22.220          -0.4456000E+01
  22.240          -0.1193900E+02
  22.260          -0.1453800E+02
  22.280          -0.2507700E+02
  22.300          -0.3245700E+02
  22.320          -0.4523900E+02
  22.340          -0.4505700E+02
  22.360          -0.3048500E+02
  22.380          -0.7231000E+01
  22.400           0.1183600E+02
  22.420           0.2261200E+02
  22.440           0.3796800E+02
  22.460           0.3977100E+02
  22.480           0.2003000E+02
  22.500           0.2550000E+00
  22.520          -0.1910100E+02
  22.540          -0.2168700E+02
  22.560          -0.1889800E+02
  22.580          -0.9042000E+01
  22.600           0.2134000E+02
  22.620           0.3473100E+02
  22.640           0.3081100E+02
  22.660           0.3429700E+02
  22.680           0.3058300E+02
  22.700           0.2227300E+02
  22.720           0.2118600E+02
  22.740           0.1122100E+02
  22.760          -0.7693000E+01
  22.780          -0.1707700E+02
  22.800           0.5506000E+01
  22.820           0.2708300E+02
  22.840           0.2929700E+02
  22.860           0.2925500E+02
  22.880           0.1681300E+02
  22.900          -0.5483000E+01
  22.920          -0.2205700E+02
  22.940          -0.3170500E+02
  22.960          -0.2310900E+02
  22.980          -0.6738000E+01
  23.000          -0.6480000E+00
  23.020          -0.9581000E+01
  23.040          -0.1023700E+02
  23.060           0.7585000E+01
  23.080           0.1372100E+02
  23.100           0.1141000E+01
  23.120          -0.2859000E+01
  23.140          -0.2930000E+01
  23.160           0.8960000E+00
  23.180           0.7254000E+01
  23.200           0.3230000E+00
  23.220          -0.4122000E+01
  23.240           0.3071000E+01
  23.260          -0.8680000E+00
  23.280          -0.1716000E+02
  23.300          -0.1643200E+02
  23.320          -0.5618000E+01
  23.340          -0.2552000E+01
  23.360          -0.7420000E+01
  23.380          -0.1128800E+02
  23.400          -0.3299000E+01
  23.420           0.1854800E+02
  23.440           0.2727700E+02
  23.460           0.9462000E+01
  23.480          -0.7004000E+01
  23.500          -0.1433100E+02
  23.520          -0.2468100E+02
  23.540          -0.2692600E+02
  23.560          -0.1594600E+02
  23.580           0.2360000E+00
  23.600           0.1490600E+02
  23.620           0.2032100E+02
  23.640           0.1298600E+02
  23.660           0.5085000E+01
  23.680           0.7862000E+01
  23.700           0.7590000E+01
  23.720          -0.3162000E+01
  23.740          -0.5890000E+01
  23.760          -0.5814000E+01
  23.780          -0.2450000E+00
  23.800           0.8796000E+01
  23.820           0.2552000E+01
  23.840          -0.5166000E+01
  23.860          -0.1784000E+01
  23.880          -0.1080000E+00
  23.900          -0.1269000E+01
  23.920           0.7386000E+01
  23.940           0.2395200E+02
  23.960           0.2720500E+02
  23.980           0.1801300E+02
  24.000           0.1106500E+02
  24.020           0.1430100E+02
  24.040           0.1948200E+02
  24.060           0.8549000E+01
  24.080          -0.1016000E+01
  24.100          -0.1427000E+01
  24.120          -0.4653000E+01
  24.140          -0.1032600E+02
  24.160          -0.1551900E+02
  24.180          -0.1747200E+02
  24.200          -0.1080700E+02
  24.220          -0.5462000E+01
  24.240          -0.5859000E+01
  24.260          -0.1330000E+02
  24.280          -0.1803500E+02
  24.300          -0.1877000E+02
  24.320          -0.1502800E+02
  24.340          -0.7921000E+01
  24.360          -0.8939000E+01
  24.380          -0.1435200E+02
  24.400          -0.1338800E+02
  24.420          -0.1663700E+02
  24.440          -0.1931900E+02
  24.460          -0.1514400E+02
  24.480          -0.7910000E+00
  24.500           0.9617000E+01
  24.520           0.9523000E+01
  24.540           0.5395000E+01
  24.560           0.8329000E+01
  24.580           0.1231300E+02
  24.600           0.1213800E+02
  24.620           0.1022300E+02
  24.640           0.1276700E+02
  24.660           0.7926000E+01
  24.680          -0.1740000E+01
  24.700           0.5574000E+01
  24.720           0.1465700E+02
  24.740           0.2148300E+02
  24.760           0.2880100E+02
  24.780           0.2589800E+02
  24.800           0.1095300E+02
  24.820           0.1628000E+01
  24.840          -0.1310000E+00
  24.860          -0.9520000E+00
  24.880          -0.8290000E+00
  24.900          -0.4369000E+01
  24.920          -0.8135000E+01
  24.940          -0.1329000E+01
  24.960           0.3711000E+01
  24.980           0.1660000E+00
  25.000          -0.5209000E+01
  25.020          -0.8738000E+01
  25.040          -0.1424300E+02
  25.060          -0.1866100E+02
  25.080          -0.1415800E+02
  25.100          -0.2544000E+01
  25.120           0.5270000E+00
  25.140          -0.6489000E+01
  25.160          -0.1480600E+02
  25.180          -0.1006300E+02
  25.200          -0.2798000E+01
  25.220           0.5545000E+01
  25.240           0.9827000E+01
  25.260           0.7128000E+01
  25.280           0.6180000E+01
  25.300          -0.2020000E+01
  25.320          -0.1558700E+02
  25.340          -0.1886100E+02
  25.360          -0.1623300E+02
  25.380          -0.8956000E+01
  25.400          -0.7597000E+01
  25.420          -0.6376000E+01
  25.440          -0.1739000E+01
  25.460           0.1243000E+01
  25.480           0.9958000E+01
  25.500           0.1579800E+02
  25.520           0.1233700E+02
  25.540           0.1754500E+02
  25.560           0.2246000E+02
  25.580           0.2147200E+02
  25.600           0.1034100E+02
  25.620          -0.1598000E+01
  25.640          -0.2286000E+01
  25.660          -0.1908000E+01
  25.680          -0.3810000E+01
  25.700           0.1650000E+00
  25.720           0.2971000E+01
  25.740           0.6044000E+01
  25.760           0.2162000E+01
  25.780          -0.7979000E+01
  25.800          -0.1056900E+02
  25.820          -0.7499000E+01
  25.840          -0.4494000E+01
  25.860          -0.7297000E+01
  25.880          -0.2088000E+01
  25.900           0.5490000E+01
  25.920           0.2666000E+01
  25.940           0.1389000E+01
  25.960           0.1509000E+01
  25.980           0.4990000E+00
  26.000           0.9004000E+01
  26.020           0.1384400E+02
  26.040           0.1909900E+02
  26.060           0.1633200E+02
  26.080           0.9291000E+01
  26.100           0.6120000E+01
  26.120           0.1186000E+01
  26.140          -0.6068000E+01
  26.160          -0.7068000E+01
  26.180          -0.4767000E+01
  26.200          -0.2849000E+01
  26.220          -0.6159000E+01
  26.240          -0.5439000E+01
  26.260          -0.4156000E+01
  26.280          -0.5031000E+01
  26.300          -0.7183000E+01
  26.320          -0.6311000E+01
  26.340          -0.5473000E+01
  26.360          -0.4329000E+01
  26.380          -0.3018000E+01
  26.400           0.4830000E+00
  26.420           0.4415000E+01
  26.440           0.7088000E+01
  26.460           0.7710000E+00
  26.480          -0.2050000E+01
  26.500           0.3044000E+01
  26.520           0.6292000E+01
  26.540           0.8200000E+01
  26.560           0.1092900E+02
  26.580           0.7788000E+01
  26.600          -0.5890000E+00
  26.620          -0.3714000E+01
  26.640          -0.2602000E+01
  26.660          -0.9360000E+00
  26.680           0.2799000E+01
  26.700           0.8409000E+01
  26.720           0.1434900E+02
  26.740           0.1987900E+02
  26.760           0.1968700E+02
  26.780           0.1598400E+02
  26.800           0.1403500E+02
  26.820           0.1018200E+02
  26.840           0.8660000E+00
  26.860          -0.6347000E+01
  26.880          -0.7160000E+01
  26.900          -0.2904000E+01
  26.920          -0.2186000E+01
  26.940          -0.6070000E+00
  26.960           0.1695000E+01
  26.980           0.1216000E+01
  27.000           0.3900000E+01
  27.020           0.4454000E+01
  27.040          -0.2264000E+01
  27.060          -0.1251000E+01
  27.080          -0.2747000E+01
  27.100          -0.6975000E+01
  27.120          -0.9847000E+01
  27.140          -0.8043000E+01
  27.160          -0.6430000E+00
  27.180           0.6226000E+01
  27.200           0.2605000E+01
  27.220          -0.5297000E+01
  27.240          -0.1117400E+02
  27.260          -0.7169000E+01
  27.280          -0.7673000E+01
  27.300          -0.9539000E+01
  27.320          -0.7147000E+01
  27.340          -0.7273000E+01
  27.360          -0.6636000E+01
  27.380          -0.5784000E+01
  27.400          -0.6193000E+01
  27.420          -0.2175000E+01
  27.440           0.1200000E+00
  27.460           0.2579000E+01
  27.480           0.1477000E+01
  27.500          -0.3279000E+01
  27.520           0.4370000E+00
  27.540           0.2450000E+00
  27.560          -0.4370000E+00
  27.580           0.7558000E+01
  27.600           0.9453000E+01
  27.620           0.1052800E+02
  27.640           0.6412000E+01
  27.660          -0.8140000E+00
  27.680           0.1562000E+01
  27.700          -0.1115000E+01
  27.720          -0.4073000E+01
  27.740          -0.7256000E+01
  27.760          -0.1118000E+02
  27.780          -0.1138800E+02
  27.800          -0.1497200E+02
  27.820          -0.1525600E+02
  27.840          -0.1037600E+02
  27.860          -0.5975000E+01
  27.880           0.4506000E+01
  27.900           0.5670000E+01
  27.920           0.5410000E+01
  27.940           0.8590000E+01
  27.960           0.8157000E+01
  27.980           0.8340000E+01
  28.000           0.6632000E+01
  28.020           0.8376000E+01
  28.040           0.9091000E+01
  28.060           0.4628000E+01
  28.080           0.8212000E+01
  28.100           0.3341000E+01
  28.120          -0.1828000E+01
  28.140           0.3013000E+01
  28.160           0.2680000E+01
  28.180           0.1345000E+01
  28.200           0.3874000E+01
  28.220           0.2593000E+01
  28.240           0.1642000E+01
  28.260          -0.4067000E+01
  28.280          -0.7468000E+01
  28.300          -0.5796000E+01
  28.320          -0.3650000E+00
  28.340           0.5210000E+00
  28.360          -0.4795000E+01
  28.380          -0.4929000E+01
  28.400          -0.4615000E+01
  28.420          -0.5551000E+01
  28.440          -0.2700000E-01
  28.460           0.2231000E+01
  28.480           0.2761000E+01
  28.500           0.1617000E+01
  28.520          -0.2450000E+01
  28.540          -0.6033000E+01
  28.560          -0.1146100E+02
  28.580          -0.1125100E+02
  28.600          -0.1002000E+02
  28.620          -0.6982000E+01
  28.640          -0.2907000E+01
  28.660          -0.4589000E+01
  28.680          -0.4097000E+01
  28.700          -0.3680000E+00
  28.720           0.1930000E+00
  28.740           0.4907000E+01
  28.760           0.8719000E+01
  28.780           0.1469000E+02
  28.800           0.1683200E+02
  28.820           0.1387800E+02
  28.840           0.1338000E+02
  28.860           0.1274300E+02
  28.880           0.1040300E+02
  28.900           0.7054000E+01
  28.920           0.2337000E+01
  28.940           0.2139000E+01
  28.960          -0.3700000E-01
  28.980          -0.2032000E+01
  29.000          -0.2483000E+01
  29.020          -0.3171000E+01
  29.040          -0.1626000E+01
  29.060          -0.2186000E+01
  29.080          -0.3736000E+01
  29.100          -0.2322000E+01
  29.120          -0.3434000E+01
  29.140          -0.3647000E+01
  29.160          -0.3297000E+01
  29.180          -0.4200000E+01
  29.200          -0.2137000E+01
  29.220          -0.1524000E+01
  29.240          -0.1695000E+01
  29.260          -0.1336000E+01
  29.280          -0.1280000E+01
  29.300          -0.1183000E+01
  29.320          -0.2226000E+01
  29.340          -0.2934000E+01
  29.360          -0.1732000E+01
  29.380          -0.1922000E+01
  29.400          -0.3310000E+00
  29.420           0.6600000E+00
  29.440          -0.1310000E+00
  29.460           0.2160000E+00
  29.480          -0.2930000E+00
  29.500          -0.7950000E+00
  29.520           0.7580000E+00
  29.540           0.1909000E+01
  29.560           0.3698000E+01
  29.580           0.3992000E+01
  29.600           0.2666000E+01
  29.620           0.1701000E+01
  29.640           0.1139000E+01
  29.660           0.9350000E+00
  29.680           0.1410000E+00
  29.700          -0.3940000E+00
  29.720           0.3990000E+00
  29.740          -0.5820000E+00
  29.760          -0.1152000E+01
  29.780          -0.3630000E+00
  29.800          -0.6660000E+00
  29.820          -0.3660000E+00
  29.840          -0.3840000E+00
  29.860          -0.1293000E+01
  29.880          -0.1227000E+01
  29.900          -0.6750000E+00
  29.920           0.4000000E-01
  29.940           0.6330000E+00
  29.960           0.1234000E+01
  29.980           0.1613000E+01
  30.000           0.8300000E+00
  30.020           0.3540000E+00
  30.040          -0.1980000E+00
  30.060          -0.8170000E+00
  30.080          -0.6610000E+00
  30.100          -0.3020000E+00
  30.120          -0.5400000E-01
  30.140           0.4000000E-02
  30.160          -0.3210000E+00
  30.180          -0.5760000E+00
  30.200          -0.6330000E+00
  30.220          -0.4160000E+00
  30.240          -0.2610000E+00
  30.260          -0.7300000E-01
  30.280           0.3600000E-01
  30.300           0.3100000E-01
  30.320           0.4300000E-01
  30.340           0.0000000E+00
  30.360           0.0000000E+00
  30.380           0.0000000E+00
  30.400           0.0000000E+00
  30.420           0.0000000E+00
  30.440           0.0000000E+00
  30.460           0.0000000E+00
  30.480           0.0000000E+00
  30.500           0.0000000E+00
  30.520           0.0000000E+00
  30.540           0.0000000E+00
  30.560           0.0000000E+00
  30.580           0.0000000E+00
  30.600           0.0000000E+00
  30.620           0.0000000E+00
  30.640           0.0000000E+00
  30.660           0.0000000E+00
  30.680           0.0000000E+00
  30.700           0.0000000E+00
  30.720           0.0000000E+00
  30.740           0.0000000E+00
  30.760           0.0000000E+00
  30.780           0.0000000E+00
  30.800           0.0000000E+00
  30.820           0.0000000E+00
  30.840           0.0000000E+00
  30.860           0.0000000E+00
  30.880           0.0000000E+00
  30.900           0.0000000E+00
  30.920           0.0000000E+00
  30.940           0.0000000E+00
  30.960           0.0000000E+00
  30.980           0.0000000E+00
  31.000           0.0000000E+00
  31.020           0.0000000E+00
  31.040           0.0000000E+00
  31.060           0.0000000E+00
  31.080           0.0000000E+00
  31.100           0.0000000E+00
  31.120           0.0000000E+00
  31.140           0.0000000E+00
  31.160           0.0000000E+00
  31.180           0.0000000E+00
  31.200           0.0000000E+00
  31.220           0.0000000E+00
  31.240           0.0000000E+00
  31.260           0.0000000E+00
  31.280           0.0000000E+00
  31.300           0.0000000E+00
  31.320           0.0000000E+00
  31.340           0.0000000E+00
  31.360           0.0000000E+00
  31.380           0.0000000E+00
  31.400           0.0000000E+00
  31.420           0.0000000E+00
  31.440           0.0000000E+00
  31.460           0.0000000E+00
  31.480           0.0000000E+00
  31.500           0.0000000E+00
  31.520           0.0000000E+00
  31.540           0.0000000E+00
  31.560           0.0000000E+00
  31.580           0.0000000E+00
  31.600           0.0000000E+00
  31.620           0.0000000E+00
  31.640           0.0000000E+00
  31.660           0.0000000E+00
  31.680           0.0000000E+00
  31.700           0.0000000E+00
  31.720           0.0000000E+00
  31.740           0.0000000E+00
  31.760           0.0000000E+00
  31.780           0.0000000E+00
  31.800           0.0000000E+00
  31.820           0.0000000E+00
  31.840           0.0000000E+00
  31.860           0.0000000E+00
  31.880           0.0000000E+00
  31.900           0.0000000E+00
  31.920           0.0000000E+00
  31.940           0.0000000E+00
  31.960           0.0000000E+00
  31.980           0.0000000E+00
  32.000           0.0000000E+00
  32.020           0.0000000E+00
  32.040           0.0000000E+00
  32.060           0.0000000E+00
  32.080           0.0000000E+00
  32.100           0.0000000E+00
  32.120           0.0000000E+00
  32.140           0.0000000E+00
  32.160           0.0000000E+00
  32.180           0.0000000E+00
  32.200           0.0000000E+00
  32.220           0.0000000E+00
  32.240           0.0000000E+00
  32.260           0.0000000E+00
  32.280           0.0000000E+00
  32.300           0.0000000E+00
  32.320           0.0000000E+00
  32.340           0.0000000E+00
  32.360           0.0000000E+00
  32.380           0.0000000E+00
  32.400           0.0000000E+00
  32.420           0.0000000E+00
  32.440           0.0000000E+00
  32.460           0.0000000E+00
  32.480           0.0000000E+00
  32.500           0.0000000E+00
  32.520           0.0000000E+00
  32.540           0.0000000E+00
  32.560           0.0000000E+00
  32.580           0.0000000E+00
  32.600           0.0000000E+00
  32.620           0.0000000E+00
  32.640           0.0000000E+00
  32.660           0.0000000E+00
  32.680           0.0000000E+00
  32.700           0.0000000E+00
  32.720           0.0000000E+00
  32.740           0.0000000E+00
  32.760           0.0000000E+00
  32.780           0.0000000E+00
  32.800           0.0000000E+00
  32.820           0.0000000E+00
  32.840           0.0000000E+00
  32.860           0.0000000E+00
  32.880           0.0000000E+00
  32.900           0.0000000E+00
  32.920           0.0000000E+00
  32.940           0.0000000E+00
  32.960           0.0000000E+00
  32.980           0.0000000E+00
  33.000           0.0000000E+00
  33.020           0.0000000E+00
  33.040           0.0000000E+00
  33.060           0.0000000E+00
  33.080           0.0000000E+00
  33.100           0.0000000E+00
  33.120           0.0000000E+00
  33.140           0.0000000E+00
  33.160           0.0000000E+00
  33.180           0.0000000E+00
  33.200           0.0000000E+00
  33.220           0.0000000E+00
  33.240           0.0000000E+00
  33.260           0.0000000E+00
  33.280           0.0000000E+00
  33.300           0.0000000E+00
  33.320           0.0000000E+00
  33.340           0.0000000E+00
  33.360           0.0000000E+00
  33.380           0.0000000E+00
  33.400           0.0000000E+00
  33.420           0.0000000E+00
  33.440           0.0000000E+00
  33.460           0.0000000E+00
  33.480           0.0000000E+00
  33.500           0.0000000E+00
  33.520           0.0000000E+00
  33.540           0.0000000E+00
  33.560           0.0000000E+00
  33.580           0.0000000E+00
  33.600           0.0000000E+00
  33.620           0.0000000E+00
  33.640           0.0000000E+00
  33.660           0.0000000E+00
  33.680           0.0000000E+00
  33.700           0.0000000E+00
  33.720           0.0000000E+00
  33.740           0.0000000E+00
  33.760           0.0000000E+00
  33.780           0.0000000E+00
  33.800           0.0000000E+00
  33.820           0.0000000E+00
  33.840           0.0000000E+00
  33.860           0.0000000E+00
  33.880           0.0000000E+00
  33.900           0.0000000E+00
  33.920           0.0000000E+00
  33.940           0.0000000E+00
  33.960           0.0000000E+00
  33.980           0.0000000E+00
  34.000           0.0000000E+00
  34.020           0.0000000E+00
  34.040           0.0000000E+00
  34.060           0.0000000E+00
  34.080           0.0000000E+00
  34.100           0.0000000E+00
  34.120           0.0000000E+00
  34.140           0.0000000E+00
  34.160           0.0000000E+00
  34.180           0.0000000E+00
  34.200           0.0000000E+00
  34.220           0.0000000E+00
  34.240           0.0000000E+00
  34.260           0.0000000E+00
  34.280           0.0000000E+00
  34.300           0.0000000E+00
  34.320           0.0000000E+00
  34.340           0.0000000E+00
  34.360           0.0000000E+00
  34.380           0.0000000E+00
  34.400           0.0000000E+00
  34.420           0.0000000E+00
  34.440           0.0000000E+00
  34.460           0.0000000E+00
  34.480           0.0000000E+00
  34.500           0.0000000E+00
  34.520           0.0000000E+00
  34.540           0.0000000E+00
  34.560           0.0000000E+00
  34.580           0.0000000E+00
  34.600           0.0000000E+00
  34.620           0.0000000E+00
  34.640           0.0000000E+00
  34.660           0.0000000E+00
  34.680           0.0000000E+00
  34.700           0.0000000E+00
  34.720           0.0000000E+00
  34.740           0.0000000E+00
  34.760           0.0000000E+00
  34.780           0.0000000E+00
  34.800           0.0000000E+00
  34.820           0.0000000E+00
  34.840           0.0000000E+00
  34.860           0.0000000E+00
  34.880           0.0000000E+00
  34.900           0.0000000E+00
  34.920           0.0000000E+00
  34.940           0.0000000E+00
  34.960           0.0000000E+00
  34.980           0.0000000E+00
  35.000           0.0000000E+00
  35.020           0.0000000E+00
  35.040           0.0000000E+00
  35.060           0.0000000E+00
  35.080           0.0000000E+00
  35.100           0.0000000E+00
  35.120           0.0000000E+00
  35.140           0.0000000E+00
  35.160           0.0000000E+00
  35.180           0.0000000E+00
  35.200           0.0000000E+00
  35.220           0.0000000E+00
  35.240           0.0000000E+00
  35.260           0.0000000E+00
  35.280           0.0000000E+00
  35.300           0.0000000E+00
  35.320           0.0000000E+00
  35.340           0.0000000E+00
  35.360           0.0000000E+00
  35.380           0.0000000E+00
  35.400           0.0000000E+00
  35.420           0.0000000E+00
  35.440           0.0000000E+00
  35.460           0.0000000E+00
  35.480           0.0000000E+00
  35.500           0.0000000E+00
  35.520           0.0000000E+00
  35.540           0.0000000E+00
  35.560           0.0000000E+00
  35.580           0.0000000E+00
  35.600           0.0000000E+00
  35.620           0.0000000E+00
  35.640           0.0000000E+00
  35.660           0.0000000E+00
  35.680           0.0000000E+00
  35.700           0.0000000E+00
  35.720           0.0000000E+00
  35.740           0.0000000E+00
  35.760           0.0000000E+00
  35.780           0.0000000E+00
  35.800           0.0000000E+00
  35.820           0.0000000E+00
  35.840           0.0000000E+00
  35.860           0.0000000E+00
  35.880           0.0000000E+00
  35.900           0.0000000E+00
  35.920           0.0000000E+00
  35.940           0.0000000E+00
  35.960           0.0000000E+00
  35.980           0.0000000E+00
  36.000           0.0000000E+00
  36.020           0.0000000E+00
  36.040           0.0000000E+00
  36.060           0.0000000E+00
  36.080           0.0000000E+00
  36.100           0.0000000E+00
  36.120           0.0000000E+00
  36.140           0.0000000E+00
  36.160           0.0000000E+00
  36.180           0.0000000E+00
  36.200           0.0000000E+00
  36.220           0.0000000E+00
  36.240           0.0000000E+00
  36.260           0.0000000E+00
  36.280           0.0000000E+00
  36.300           0.0000000E+00
  36.320           0.0000000E+00
  36.340           0.0000000E+00
  36.360           0.0000000E+00
  36.380           0.0000000E+00
  36.400           0.0000000E+00
  36.420           0.0000000E+00
  36.440           0.0000000E+00
  36.460           0.0000000E+00
  36.480           0.0000000E+00
  36.500           0.0000000E+00
  36.520           0.0000000E+00
  36.540           0.0000000E+00
  36.560           0.0000000E+00
  36.580           0.0000000E+00
  36.600           0.0000000E+00
  36.620           0.0000000E+00
  36.640           0.0000000E+00
  36.660           0.0000000E+00
  36.680           0.0000000E+00
  36.700           0.0000000E+00
  36.720           0.0000000E+00
  36.740           0.0000000E+00
  36.760           0.0000000E+00
  36.780           0.0000000E+00
  36.800           0.0000000E+00
  36.820           0.0000000E+00
  36.840           0.0000000E+00
  36.860           0.0000000E+00
  36.880           0.0000000E+00
  36.900           0.0000000E+00
  36.920           0.0000000E+00
  36.940           0.0000000E+00
  36.960           0.0000000E+00
  36.980           0.0000000E+00
  37.000           0.0000000E+00
  37.020           0.0000000E+00
  37.040           0.0000000E+00
  37.060           0.0000000E+00
  37.080           0.0000000E+00
  37.100           0.0000000E+00
  37.120           0.0000000E+00
  37.140           0.0000000E+00
  37.160           0.0000000E+00
  37.180           0.0000000E+00
  37.200           0.0000000E+00
  37.220           0.0000000E+00
  37.240           0.0000000E+00
  37.260           0.0000000E+00
  37.280           0.0000000E+00
  37.300           0.0000000E+00
  37.320           0.0000000E+00
  37.340           0.0000000E+00
  37.360           0.0000000E+00
  37.380           0.0000000E+00
  37.400           0.0000000E+00
  37.420           0.0000000E+00
  37.440           0.0000000E+00
  37.460           0.0000000E+00
  37.480           0.0000000E+00
  37.500           0.0000000E+00
  37.520           0.0000000E+00
  37.540           0.0000000E+00
  37.560           0.0000000E+00
  37.580           0.0000000E+00
  37.600           0.0000000E+00
  37.620           0.0000000E+00
  37.640           0.0000000E+00
  37.660           0.0000000E+00
  37.680           0.0000000E+00
  37.700           0.0000000E+00
  37.720           0.0000000E+00
  37.740           0.0000000E+00
  37.760           0.0000000E+00
  37.780           0.0000000E+00
  37.800           0.0000000E+00
  37.820           0.0000000E+00
  37.840           0.0000000E+00
  37.860           0.0000000E+00
  37.880           0.0000000E+00
  37.900           0.0000000E+00
  37.920           0.0000000E+00
  37.940           0.0000000E+00
  37.960           0.0000000E+00
  37.980           0.0000000E+00
  38.000           0.0000000E+00
  38.020           0.0000000E+00
  38.040           0.0000000E+00
  38.060           0.0000000E+00
  38.080           0.0000000E+00
  38.100           0.0000000E+00
  38.120           0.0000000E+00
  38.140           0.0000000E+00
  38.160           0.0000000E+00
  38.180           0.0000000E+00
  38.200           0.0000000E+00
  38.220           0.0000000E+00
  38.240           0.0000000E+00
  38.260           0.0000000E+00
  38.280           0.0000000E+00
  38.300           0.0000000E+00
  38.320           0.0000000E+00
  38.340           0.0000000E+00
  38.360           0.0000000E+00
  38.380           0.0000000E+00
  38.400           0.0000000E+00
  38.420           0.0000000E+00
  38.440           0.0000000E+00
  38.460           0.0000000E+00
  38.480           0.0000000E+00
  38.500           0.0000000E+00
  38.520           0.0000000E+00
  38.540           0.0000000E+00
  38.560           0.0000000E+00
  38.580           0.0000000E+00
  38.600           0.0000000E+00
  38.620           0.0000000E+00
  38.640           0.0000000E+00
  38.660           0.0000000E+00
  38.680           0.0000000E+00
  38.700           0.0000000E+00
  38.720           0.0000000E+00
  38.740           0.0000000E+00
  38.760           0.0000000E+00
  38.780           0.0000000E+00
  38.800           0.0000000E+00
  38.820           0.0000000E+00
  38.840           0.0000000E+00
  38.860           0.0000000E+00
  38.880           0.0000000E+00
  38.900           0.0000000E+00
  38.920           0.0000000E+00
  38.940           0.0000000E+00
  38.960           0.0000000E+00
  38.980           0.0000000E+00
  39.000           0.0000000E+00
  39.020           0.0000000E+00
  39.040           0.0000000E+00
  39.060           0.0000000E+00
  39.080           0.0000000E+00
  39.100           0.0000000E+00
  39.120           0.0000000E+00
  39.140           0.0000000E+00
  39.160           0.0000000E+00
  39.180           0.0000000E+00
  39.200           0.0000000E+00
  39.220           0.0000000E+00
  39.240           0.0000000E+00
  39.260           0.0000000E+00
  39.280           0.0000000E+00
  39.300           0.0000000E+00
  39.320           0.0000000E+00
  39.340           0.0000000E+00
  39.360           0.0000000E+00
  39.380           0.0000000E+00
  39.400           0.0000000E+00
  39.420           0.0000000E+00
  39.440           0.0000000E+00
  39.460           0.0000000E+00
  39.480           0.0000000E+00
  39.500           0.0000000E+00
  39.520           0.0000000E+00
  39.540           0.0000000E+00
  39.560           0.0000000E+00
  39.580           0.0000000E+00
  39.600           0.0000000E+00
  39.620           0.0000000E+00
  39.640           0.0000000E+00
  39.660           0.0000000E+00
  39.680           0.0000000E+00
  39.700           0.0000000E+00
  39.720           0.0000000E+00
  39.740           0.0000000E+00
  39.760           0.0000000E+00
  39.780           0.0000000E+00
  39.800           0.0000000E+00
  39.820           0.0000000E+00
  39.840           0.0000000E+00
  39.860           0.0000000E+00
  39.880           0.0000000E+00
  39.900           0.0000000E+00
  39.920           0.0000000E+00
  39.940           0.0000000E+00
  39.960           0.0000000E+00
  39.980           0.0000000E+00
  40.000           0.0000000E+00
  40.020           0.0000000E+00
  40.040           0.0000000E+00
  40.060           0.0000000E+00
  40.080           0.0000000E+00
  40.100           0.0000000E+00
  40.120           0.0000000E+00
  40.140           0.0000000E+00
  40.160           0.0000000E+00
  40.180           0.0000000E+00
  40.200           0.0000000E+00
  40.220           0.0000000E+00
  40.240           0.0000000E+00
  40.260           0.0000000E+00
  40.280           0.0000000E+00
  40.300           0.0000000E+00
  40.320           0.0000000E+00
  40.340           0.0000000E+00
  40.360           0.0000000E+00
  40.380           0.0000000E+00
  40.400           0.0000000E+00
  40.420           0.0000000E+00
  40.440           0.0000000E+00
  40.460           0.0000000E+00
  40.480           0.0000000E+00
  40.500           0.0000000E+00
  40.520           0.0000000E+00
  40.540           0.0000000E+00
  40.560           0.0000000E+00
  40.580           0.0000000E+00
  40.600           0.0000000E+00
  40.620           0.0000000E+00
  40.640           0.0000000E+00
  40.660           0.0000000E+00
  40.680           0.0000000E+00
  40.700           0.0000000E+00
  40.720           0.0000000E+00
  40.740           0.0000000E+00
  40.760           0.0000000E+00
  40.780           0.0000000E+00
  40.800           0.0000000E+00
  40.820           0.0000000E+00
  40.840           0.0000000E+00
  40.860           0.0000000E+00
  40.880           0.0000000E+00
  40.900           0.0000000E+00
  40.920           0.0000000E+00
  40.940           0.0000000E+00
  40.960           0.0000000E+00
