   0.020          -0.5100000E-01
   0.040          -0.5100000E-01
   0.060          -0.5100000E-01
   0.080          -0.4200000E-01
   0.100          -0.5100000E-01
   0.120          -0.5100000E-01
   0.140          -0.8900000E-01
   0.160          -0.5100000E-01
   0.180          -0.5200000E-01
   0.200          -0.1070000E+00
   0.220          -0.5300000E-01
   0.240          -0.5400000E-01
   0.260          -0.2020000E+00
   0.280          -0.5400000E-01
   0.300          -0.5500000E-01
   0.320          -0.2670000E+00
   0.340          -0.6100000E-01
   0.360          -0.6000000E-01
   0.380          -0.3490000E+00
   0.400          -0.6500000E-01
   0.420          -0.6800000E-01
   0.440          -0.5120000E+00
   0.460          -0.2920000E+00
   0.480          -0.1980000E+00
   0.500           0.5510000E+00
   0.520           0.2800000E-01
   0.540           0.4500000E-01
   0.560           0.5840000E+00
   0.580           0.4010000E+00
   0.600           0.3830000E+00
   0.620           0.8900000E+00
   0.640          -0.2380000E+00
   0.660          -0.4200000E+00
   0.680           0.1087000E+01
   0.700           0.3630000E+00
   0.720          -0.3950000E+00
   0.740          -0.9170000E+00
   0.760          -0.1490000E+00
   0.780           0.5280000E+00
   0.800           0.1446000E+01
   0.820           0.2540000E+00
   0.840           0.2460000E+00
   0.860           0.1151000E+01
   0.880           0.3870000E+00
   0.900           0.5030000E+00
   0.920           0.2065000E+01
   0.940           0.2560000E+00
   0.960           0.3290000E+00
   0.980           0.2161000E+01
   1.000           0.2458000E+01
   1.020           0.3700000E+00
   1.040          -0.5870000E+00
   1.060          -0.2877000E+01
   1.080          -0.1171000E+01
   1.100          -0.7630000E+00
   1.120          -0.2897000E+01
   1.140          -0.3329000E+01
   1.160          -0.1681000E+01
   1.180          -0.4170000E+00
   1.200           0.2853000E+01
   1.220           0.3711000E+01
   1.240           0.1971000E+01
   1.260           0.3407000E+01
   1.280           0.3996000E+01
   1.300           0.3287000E+01
   1.320           0.4365000E+01
   1.340           0.4000000E-02
   1.360          -0.3660000E+01
   1.380          -0.3816000E+01
   1.400          -0.2673000E+01
   1.420          -0.2189000E+01
   1.440          -0.2440000E+01
   1.460          -0.4284000E+01
   1.480          -0.4039000E+01
   1.500          -0.2041000E+01
   1.520          -0.3697000E+01
   1.540          -0.6088000E+01
   1.560          -0.6111000E+01
   1.580          -0.6169000E+01
   1.600          -0.2438000E+01
   1.620           0.3755000E+01
   1.640           0.6806000E+01
   1.660           0.4385000E+01
   1.680           0.2643000E+01
   1.700           0.2698000E+01
   1.720           0.5930000E+01
   1.740           0.7679000E+01
   1.760           0.4482000E+01
   1.780           0.3965000E+01
   1.800           0.7136000E+01
   1.820           0.8414000E+01
   1.840           0.5924000E+01
   1.860           0.5377000E+01
   1.880           0.3063000E+01
   1.900           0.4250000E+01
   1.920           0.4240000E+01
   1.940           0.2561000E+01
   1.960           0.3568000E+01
   1.980           0.6587000E+01
   2.000           0.6999000E+01
   2.020           0.3585000E+01
   2.040           0.2096000E+01
   2.060          -0.2943000E+01
   2.080          -0.4115000E+01
   2.100          -0.8020000E+00
   2.120           0.6400000E+01
   2.140           0.8226000E+01
   2.160           0.1244000E+01
   2.180          -0.2212000E+01
   2.200          -0.1275000E+01
   2.220           0.2581000E+01
   2.240           0.3000000E+00
   2.260          -0.3788000E+01
   2.280          -0.8654000E+01
   2.300          -0.1363300E+02
   2.320          -0.1358000E+02
   2.340          -0.1209900E+02
   2.360          -0.9980000E+01
   2.380          -0.9004000E+01
   2.400          -0.1111000E+02
   2.420          -0.1473400E+02
   2.440          -0.1485400E+02
   2.460          -0.9877000E+01
   2.480          -0.8638000E+01
   2.500          -0.1246100E+02
   2.520          -0.1332700E+02
   2.540          -0.1189300E+02
   2.560          -0.1495000E+02
   2.580          -0.1595100E+02
   2.600          -0.1516100E+02
   2.620          -0.1771400E+02
   2.640          -0.1270000E+02
   2.660          -0.3064000E+01
   2.680           0.4329000E+01
   2.700           0.4219000E+01
   2.720           0.3034000E+01
   2.740           0.4885000E+01
   2.760           0.1064000E+02
   2.780           0.8079000E+01
   2.800           0.3163000E+01
   2.820           0.2634000E+01
   2.840           0.3994000E+01
   2.860           0.9764000E+01
   2.880           0.1258300E+02
   2.900           0.9073000E+01
   2.920           0.1464000E+01
   2.940           0.6176000E+01
   2.960           0.1123500E+02
   2.980           0.1153200E+02
   3.000           0.9853000E+01
   3.020           0.3096000E+01
   3.040           0.6119000E+01
   3.060           0.9120000E+01
   3.080           0.5472000E+01
   3.100          -0.1610000E+01
   3.120          -0.3535000E+01
   3.140          -0.2877000E+01
   3.160           0.6271000E+01
   3.180           0.1767600E+02
   3.200           0.9820000E+01
   3.220           0.1003000E+01
   3.240          -0.4391000E+01
   3.260          -0.1265000E+01
   3.280           0.9482000E+01
   3.300           0.1672800E+02
   3.320           0.9814000E+01
   3.340          -0.3380000E+01
   3.360          -0.4443000E+01
   3.380          -0.2290000E+01
   3.400          -0.1040000E+00
   3.420          -0.8328000E+01
   3.440          -0.1633200E+02
   3.460          -0.7236000E+01
   3.480           0.2553000E+01
   3.500           0.5890000E+01
   3.520           0.1010300E+02
   3.540           0.1385400E+02
   3.560           0.7634000E+01
   3.580          -0.3755000E+01
   3.600          -0.1716300E+02
   3.620          -0.2070700E+02
   3.640          -0.1845400E+02
   3.660          -0.1653600E+02
   3.680          -0.9649000E+01
   3.700          -0.8228000E+01
   3.720          -0.9391000E+01
   3.740          -0.1308200E+02
   3.760          -0.4207000E+01
   3.780           0.7572000E+01
   3.800           0.1292400E+02
   3.820           0.1108000E+02
   3.840           0.6039000E+01
   3.860           0.4583000E+01
   3.880          -0.2934000E+01
   3.900          -0.1169200E+02
   3.920          -0.1408300E+02
   3.940          -0.2653000E+01
   3.960           0.3841000E+01
   3.980           0.2533000E+01
   4.000           0.2868000E+01
   4.020          -0.1275000E+01
   4.040          -0.1729700E+02
   4.060          -0.3966700E+02
   4.080          -0.3870900E+02
   4.100          -0.2514100E+02
   4.120          -0.1373200E+02
   4.140          -0.1372900E+02
   4.160          -0.1347600E+02
   4.180           0.3298000E+01
   4.200           0.1227100E+02
   4.220           0.1664400E+02
   4.240           0.1555200E+02
   4.260           0.2037600E+02
   4.280           0.3034300E+02
   4.300           0.4662900E+02
   4.320           0.4826000E+02
   4.340           0.2648500E+02
   4.360           0.7747000E+01
   4.380          -0.1039700E+02
   4.400          -0.2431400E+02
   4.420          -0.1949800E+02
   4.440          -0.2577000E+01
   4.460           0.1413800E+02
   4.480           0.1369700E+02
   4.500           0.4771000E+01
   4.520          -0.1100500E+02
   4.540          -0.1495900E+02
   4.560          -0.6162000E+01
   4.580           0.5671000E+01
   4.600           0.5191000E+01
   4.620           0.5739000E+01
   4.640           0.1085700E+02
   4.660           0.1232800E+02
   4.680          -0.7416000E+01
   4.700          -0.4069800E+02
   4.720          -0.5776800E+02
   4.740          -0.4097400E+02
   4.760          -0.1637000E+01
   4.780           0.2035200E+02
   4.800           0.1943900E+02
   4.820           0.1489900E+02
   4.840           0.3020400E+02
   4.860           0.5737800E+02
   4.880           0.5474400E+02
   4.900           0.2818700E+02
   4.920           0.2062000E+01
   4.940           0.8401000E+01
   4.960           0.1263300E+02
   4.980          -0.7266000E+01
   5.000          -0.2215100E+02
   5.020          -0.2050000E+02
   5.040          -0.1226400E+02
   5.060          -0.1426400E+02
   5.080           0.5305000E+01
   5.100           0.1425300E+02
   5.120           0.6499000E+01
   5.140          -0.8246000E+01
   5.160          -0.3185400E+02
   5.180          -0.4906900E+02
   5.200          -0.4660500E+02
   5.220          -0.2508500E+02
   5.240          -0.1690000E+00
   5.260           0.6333000E+01
   5.280           0.6087000E+01
   5.300           0.6491000E+01
   5.320           0.1027000E+01
   5.340          -0.2383400E+02
   5.360          -0.3159100E+02
   5.380          -0.2926500E+02
   5.400          -0.2311300E+02
   5.420          -0.1023800E+02
   5.440          -0.3054000E+01
   5.460          -0.1091600E+02
   5.480          -0.1790800E+02
   5.500          -0.1807800E+02
   5.520          -0.1801300E+02
   5.540          -0.2747300E+02
   5.560          -0.2175800E+02
   5.580          -0.1725900E+02
   5.600          -0.2513300E+02
   5.620          -0.3751000E+02
   5.640          -0.3358100E+02
   5.660           0.7393000E+01
   5.680           0.5674100E+02
   5.700           0.7431200E+02
   5.720           0.6874000E+02
   5.740           0.3397400E+02
   5.760           0.8650000E+01
   5.780          -0.7184000E+01
   5.800          -0.1399200E+02
   5.820          -0.3136700E+02
   5.840          -0.4195400E+02
   5.860          -0.1691900E+02
   5.880           0.1144100E+02
   5.900           0.3783200E+02
   5.920           0.5408600E+02
   5.940           0.6195200E+02
   5.960           0.4805000E+02
   5.980           0.2550200E+02
   6.000           0.1948700E+02
   6.020           0.1327500E+02
   6.040          -0.1676300E+02
   6.060          -0.5755500E+02
   6.080          -0.7271000E+02
   6.100          -0.6423300E+02
   6.120          -0.3941500E+02
   6.140          -0.6110000E+00
   6.160           0.3381600E+02
   6.180           0.5958700E+02
   6.200           0.5529000E+02
   6.220           0.3356300E+02
   6.240          -0.4780000E+00
   6.260          -0.1900000E+02
   6.280          -0.3168400E+02
   6.300          -0.4769500E+02
   6.320          -0.5639900E+02
   6.340          -0.4271300E+02
   6.360          -0.7370000E+01
   6.380           0.1807900E+02
   6.400           0.3515000E+01
   6.420           0.4906000E+01
   6.440           0.2041800E+02
   6.460           0.3888600E+02
   6.480           0.5133400E+02
   6.500           0.4401700E+02
   6.520          -0.1366000E+01
   6.540          -0.4238400E+02
   6.560          -0.4650400E+02
   6.580          -0.1861600E+02
   6.600          -0.5705000E+01
   6.620          -0.1913700E+02
   6.640          -0.4539300E+02
   6.660          -0.3028600E+02
   6.680           0.3926000E+01
   6.700           0.3273000E+01
   6.720          -0.2632700E+02
   6.740          -0.6634800E+02
   6.760          -0.7995200E+02
   6.780          -0.5249500E+02
   6.800           0.2391800E+02
   6.820           0.7216000E+02
   6.840           0.4898400E+02
   6.860           0.4013000E+01
   6.880          -0.4950100E+02
   6.900          -0.6233100E+02
   6.920          -0.4166500E+02
   6.940          -0.2345300E+02
   6.960          -0.2441700E+02
   6.980          -0.3737000E+01
   7.000           0.4657400E+02
   7.020           0.4409300E+02
   7.040           0.2041600E+02
   7.060          -0.6593000E+01
   7.080          -0.4956900E+02
   7.100          -0.9236500E+02
   7.120          -0.9542400E+02
   7.140          -0.7219800E+02
   7.160          -0.6457000E+02
   7.180          -0.4516200E+02
   7.200          -0.2100900E+02
   7.220          -0.3773000E+01
   7.240           0.1300300E+02
   7.260           0.4640500E+02
   7.280           0.8487100E+02
   7.300           0.9484700E+02
   7.320           0.9587900E+02
   7.340           0.7117600E+02
   7.360           0.1558200E+02
   7.380          -0.3748400E+02
   7.400          -0.5884200E+02
   7.420          -0.3650400E+02
   7.440          -0.1158900E+02
   7.460           0.3992400E+02
   7.480           0.8488800E+02
   7.500           0.8307500E+02
   7.520           0.2935500E+02
   7.540          -0.4129700E+02
   7.560          -0.5643100E+02
   7.580          -0.3606900E+02
   7.600          -0.1487500E+02
   7.620           0.1783700E+02
   7.640           0.3678100E+02
   7.660           0.3880000E+00
   7.680          -0.5122000E+02
   7.700          -0.3137200E+02
   7.720           0.3838000E+02
   7.740           0.7603800E+02
   7.760           0.8840000E+02
   7.780           0.5427600E+02
   7.800           0.6505000E+01
   7.820          -0.2189100E+02
   7.840          -0.4936600E+02
   7.860          -0.6466500E+02
   7.880          -0.7462300E+02
   7.900          -0.5676000E+02
   7.920          -0.5180100E+02
   7.940          -0.5378900E+02
   7.960          -0.2797300E+02
   7.980           0.1496500E+02
   8.000           0.5443400E+02
   8.020           0.3486800E+02
   8.040           0.1579000E+01
   8.060          -0.3791000E+02
   8.080          -0.4520200E+02
   8.100          -0.3203300E+02
   8.120          -0.5460200E+02
   8.140          -0.7598700E+02
   8.160          -0.5958700E+02
   8.180          -0.1599100E+02
   8.200          -0.1214000E+01
   8.220          -0.1334500E+02
   8.240           0.5101000E+01
   8.260           0.2622700E+02
   8.280           0.6590600E+02
   8.300           0.7508200E+02
   8.320           0.4910000E+02
   8.340           0.1181500E+02
   8.360           0.5430000E+01
   8.380           0.3089400E+02
   8.400           0.5460900E+02
   8.420           0.2731200E+02
   8.440          -0.3112300E+02
   8.460          -0.3023400E+02
   8.480           0.6202000E+01
   8.500           0.1501000E+02
   8.520           0.6654000E+01
   8.540           0.1311900E+02
   8.560           0.4766000E+02
   8.580           0.3628800E+02
   8.600           0.7845000E+01
   8.620           0.7485000E+01
   8.640           0.1931700E+02
   8.660           0.9553000E+01
   8.680          -0.2146400E+02
   8.700          -0.6354100E+02
   8.720          -0.7680300E+02
   8.740          -0.6901600E+02
   8.760          -0.5605400E+02
   8.780          -0.6502500E+02
   8.800          -0.5501900E+02
   8.820          -0.3589200E+02
   8.840          -0.1894200E+02
   8.860           0.1607800E+02
   8.880           0.3459200E+02
   8.900           0.4492900E+02
   8.920           0.8059600E+02
   8.940           0.1232580E+03
   8.960           0.1142800E+03
   8.980           0.6439200E+02
   9.000           0.3097900E+02
   9.020           0.2036900E+02
   9.040           0.1575600E+02
   9.060          -0.1247300E+02
   9.080          -0.4249700E+02
   9.100          -0.2811900E+02
   9.120           0.1790500E+02
   9.140           0.6628500E+02
   9.160           0.6779600E+02
   9.180           0.8858900E+02
   9.200           0.7241800E+02
   9.220           0.2695000E+01
   9.240          -0.6999600E+02
   9.260          -0.1239420E+03
   9.280          -0.1234740E+03
   9.300          -0.7535700E+02
   9.320          -0.3382900E+02
   9.340          -0.1901400E+02
   9.360          -0.3300100E+02
   9.380          -0.1609600E+02
   9.400          -0.2682000E+01
   9.420           0.3275700E+02
   9.440           0.3796100E+02
   9.460           0.3561900E+02
   9.480           0.1011400E+02
   9.500          -0.1116800E+02
   9.520          -0.2496000E+02
   9.540          -0.3358200E+02
   9.560          -0.3696200E+02
   9.580          -0.2891200E+02
   9.600          -0.1059300E+02
   9.620           0.2727400E+02
   9.640           0.5418700E+02
   9.660           0.7999400E+02
   9.680           0.6181800E+02
   9.700           0.1018600E+02
   9.720          -0.5799600E+02
   9.740          -0.8571700E+02
   9.760          -0.3379300E+02
   9.780          -0.7040000E+00
   9.800          -0.1716300E+02
   9.820          -0.2322300E+02
   9.840           0.5398000E+01
   9.860           0.3457300E+02
   9.880           0.1363400E+02
   9.900          -0.2156000E+01
   9.920           0.6305000E+01
   9.940           0.3755400E+02
   9.960           0.4895600E+02
   9.980           0.1443200E+02
  10.000          -0.1071300E+02
  10.020          -0.4591400E+02
  10.040          -0.5116500E+02
  10.060          -0.1960700E+02
  10.080           0.2463800E+02
  10.100           0.5671500E+02
  10.120           0.4693400E+02
  10.140          -0.1680000E+01
  10.160          -0.5311100E+02
  10.180          -0.5719700E+02
  10.200          -0.1601200E+02
  10.220           0.7903000E+01
  10.240           0.2867800E+02
  10.260           0.1387000E+02
  10.280           0.2029300E+02
  10.300           0.9608000E+01
  10.320          -0.1324800E+02
  10.340          -0.1827400E+02
  10.360          -0.1089600E+02
  10.380          -0.4489000E+02
  10.400          -0.1026600E+03
  10.420          -0.7648500E+02
  10.440           0.9681000E+01
  10.460           0.7748200E+02
  10.480           0.9898800E+02
  10.500           0.6534000E+02
  10.520           0.4440300E+02
  10.540           0.9254000E+01
  10.560          -0.1742700E+02
  10.580          -0.1094500E+02
  10.600           0.1633800E+02
  10.620           0.2213700E+02
  10.640           0.2364000E+02
  10.660           0.4642700E+02
  10.680           0.6619700E+02
  10.700           0.3782200E+02
  10.720           0.2063800E+02
  10.740           0.2037900E+02
  10.760           0.1034000E+02
  10.780          -0.3289200E+02
  10.800          -0.5109500E+02
  10.820          -0.4419700E+02
  10.840          -0.3164500E+02
  10.860          -0.2898500E+02
  10.880          -0.3730600E+02
  10.900           0.7636000E+01
  10.920           0.6278100E+02
  10.940           0.4674900E+02
  10.960           0.1024500E+02
  10.980           0.9313000E+01
  11.000           0.1608600E+02
  11.020          -0.2129900E+02
  11.040          -0.2259300E+02
  11.060           0.4538000E+01
  11.080           0.2973000E+02
  11.100           0.7227300E+02
  11.120           0.9509000E+02
  11.140           0.1061510E+03
  11.160           0.8704700E+02
  11.180           0.4174500E+02
  11.200          -0.1115800E+02
  11.220          -0.3514300E+02
  11.240           0.1500000E+00
  11.260           0.3189100E+02
  11.280           0.2581700E+02
  11.300          -0.8162000E+01
  11.320          -0.2857500E+02
  11.340          -0.3837900E+02
  11.360          -0.2440500E+02
  11.380           0.2759800E+02
  11.400           0.1041400E+02
  11.420           0.1405700E+02
  11.440           0.3946200E+02
  11.460           0.6643500E+02
  11.480           0.8946700E+02
  11.500           0.9023300E+02
  11.520           0.6531200E+02
  11.540           0.4391000E+02
  11.560           0.4902400E+02
  11.580           0.2397700E+02
  11.600          -0.1325100E+02
  11.620          -0.1082500E+02
  11.640          -0.1841600E+02
  11.660          -0.1819800E+02
  11.680          -0.2856400E+02
  11.700          -0.4329500E+02
  11.720          -0.4116400E+02
  11.740          -0.3032900E+02
  11.760          -0.2193600E+02
  11.780           0.1417700E+02
  11.800           0.8313900E+02
  11.820           0.1277620E+03
  11.840           0.1188620E+03
  11.860           0.6350000E+02
  11.880           0.1641100E+02
  11.900           0.2351400E+02
  11.920           0.1084000E+01
  11.940          -0.3484100E+02
  11.960          -0.3966000E+02
  11.980          -0.2137800E+02
  12.000          -0.9329000E+01
  12.020          -0.4101400E+02
  12.040          -0.6139300E+02
  12.060          -0.3915500E+02
  12.080          -0.2627400E+02
  12.100          -0.4343600E+02
  12.120          -0.7209300E+02
  12.140          -0.3840100E+02
  12.160           0.9464000E+01
  12.180           0.2852600E+02
  12.200           0.2103900E+02
  12.220           0.9530000E+00
  12.240          -0.1172300E+02
  12.260           0.3900000E+01
  12.280           0.6710600E+02
  12.300           0.7074500E+02
  12.320           0.1280000E+00
  12.340          -0.5009700E+02
  12.360          -0.5460200E+02
  12.380          -0.8141000E+01
  12.400           0.2110700E+02
  12.420           0.5969600E+02
  12.440           0.5584300E+02
  12.460           0.4701500E+02
  12.480           0.2463200E+02
  12.500          -0.1749900E+02
  12.520          -0.1953800E+02
  12.540          -0.3850000E+00
  12.560           0.4673000E+02
  12.580           0.7400200E+02
  12.600           0.6865300E+02
  12.620           0.8254500E+02
  12.640           0.8955100E+02
  12.660           0.7927700E+02
  12.680           0.2392100E+02
  12.700          -0.3099200E+02
  12.720          -0.5867600E+02
  12.740          -0.5528700E+02
  12.760          -0.2083500E+02
  12.780          -0.6425000E+01
  12.800           0.1712500E+02
  12.820           0.4312000E+01
  12.840          -0.3023500E+02
  12.860          -0.2556800E+02
  12.880          -0.2463400E+02
  12.900          -0.5096200E+02
  12.920          -0.8221300E+02
  12.940          -0.8336200E+02
  12.960          -0.2414600E+02
  12.980           0.3127300E+02
  13.000           0.2786000E+02
  13.020          -0.3355700E+02
  13.040          -0.6287000E+02
  13.060          -0.6308900E+02
  13.080          -0.4591900E+02
  13.100          -0.1087300E+02
  13.120           0.8815000E+01
  13.140          -0.5592000E+01
  13.160          -0.7381000E+01
  13.180           0.3036300E+02
  13.200           0.7491200E+02
  13.220           0.4336800E+02
  13.240           0.1466000E+01
  13.260          -0.2443900E+02
  13.280           0.1258600E+02
  13.300           0.3468500E+02
  13.320           0.3669200E+02
  13.340           0.2414400E+02
  13.360          -0.5742000E+01
  13.380          -0.4814300E+02
  13.400          -0.8871200E+02
  13.420          -0.7054100E+02
  13.440          -0.3508600E+02
  13.460           0.5277000E+01
  13.480           0.7370200E+02
  13.500           0.6471400E+02
  13.520           0.2384700E+02
  13.540          -0.1291300E+02
  13.560           0.3537000E+01
  13.580           0.5474700E+02
  13.600           0.1142640E+03
  13.620           0.1148880E+03
  13.640           0.5448800E+02
  13.660           0.6531000E+01
  13.680          -0.2109400E+02
  13.700          -0.1532200E+02
  13.720           0.2095000E+01
  13.740          -0.1090000E+00
  13.760           0.1934000E+02
  13.780           0.1259600E+02
  13.800          -0.4798000E+01
  13.820          -0.4403500E+02
  13.840          -0.7521400E+02
  13.860          -0.5815300E+02
  13.880          -0.2970900E+02
  13.900          -0.2093900E+02
  13.920          -0.4287300E+02
  13.940          -0.4147800E+02
  13.960          -0.2441800E+02
  13.980          -0.4500000E+01
  14.000           0.1827100E+02
  14.020           0.1688600E+02
  14.040           0.3791000E+01
  14.060           0.2610000E+01
  14.080           0.3980000E+00
  14.100           0.4024600E+02
  14.120           0.7680200E+02
  14.140           0.5464300E+02
  14.160          -0.1443700E+02
  14.180          -0.1789200E+02
  14.200          -0.3063600E+02
  14.220          -0.9344100E+02
  14.240          -0.1173650E+03
  14.260          -0.7007100E+02
  14.280          -0.4430000E+00
  14.300           0.1109500E+02
  14.320          -0.2033500E+02
  14.340           0.8389000E+01
  14.360           0.1294600E+02
  14.380          -0.1817000E+02
  14.400          -0.5501100E+02
  14.420          -0.1976200E+02
  14.440          -0.3605000E+02
  14.460          -0.5222200E+02
  14.480          -0.1261600E+02
  14.500           0.4664600E+02
  14.520           0.6053400E+02
  14.540           0.2523600E+02
  14.560          -0.8127000E+01
  14.580           0.1900000E+01
  14.600           0.1661200E+02
  14.620           0.1070900E+02
  14.640          -0.6011000E+01
  14.660           0.1773700E+02
  14.680           0.9400000E-01
  14.700          -0.2396000E+01
  14.720          -0.7481000E+01
  14.740          -0.1358800E+02
  14.760           0.1400200E+02
  14.780           0.9750000E+00
  14.800          -0.3360900E+02
  14.820          -0.6670000E+02
  14.840          -0.1147400E+03
  14.860          -0.1400510E+03
  14.880          -0.1008590E+03
  14.900           0.5163000E+01
  14.920           0.8437900E+02
  14.940           0.1033230E+03
  14.960           0.8306200E+02
  14.980           0.5560400E+02
  15.000           0.2355000E+02
  15.020          -0.2444000E+02
  15.040          -0.3750700E+02
  15.060          -0.3137900E+02
  15.080          -0.5469000E+01
  15.100           0.2285200E+02
  15.120          -0.1616000E+01
  15.140          -0.2982400E+02
  15.160          -0.2064000E+01
  15.180           0.3203800E+02
  15.200           0.3670600E+02
  15.220          -0.2581000E+01
  15.240          -0.3553000E+01
  15.260           0.8876000E+01
  15.280           0.5051600E+02
  15.300           0.6359000E+02
  15.320           0.6034100E+02
  15.340           0.5102400E+02
  15.360           0.2338600E+02
  15.380           0.4807000E+01
  15.400          -0.5047000E+01
  15.420          -0.1835000E+01
  15.440           0.2986900E+02
  15.460           0.7485200E+02
  15.480           0.1069610E+03
  15.500           0.6042900E+02
  15.520          -0.9570000E+01
  15.540          -0.6198200E+02
  15.560          -0.6108300E+02
  15.580          -0.7508500E+02
  15.600          -0.6939000E+02
  15.620          -0.2088200E+02
  15.640           0.3158300E+02
  15.660           0.7295400E+02
  15.680           0.6016300E+02
  15.700           0.1596800E+02
  15.720           0.6185000E+01
  15.740          -0.1769000E+02
  15.760          -0.4098200E+02
  15.780          -0.3811400E+02
  15.800           0.1546100E+02
  15.820           0.3811000E+02
  15.840           0.3386800E+02
  15.860           0.1181100E+02
  15.880          -0.1345900E+02
  15.900           0.1577300E+02
  15.920           0.5346100E+02
  15.940           0.2790600E+02
  15.960          -0.2865000E+02
  15.980          -0.6061300E+02
  16.000          -0.7781800E+02
  16.020          -0.9267300E+02
  16.040          -0.4075700E+02
  16.060           0.2244400E+02
  16.080           0.5963500E+02
  16.100           0.8424900E+02
  16.120           0.8570000E+02
  16.140           0.6104700E+02
  16.160           0.6905000E+01
  16.180          -0.2256600E+02
  16.200          -0.5431000E+01
  16.220           0.4609000E+01
  16.240           0.1107100E+02
  16.260           0.1513700E+02
  16.280           0.2333300E+02
  16.300           0.1267000E+01
  16.320          -0.3200100E+02
  16.340          -0.3910300E+02
  16.360          -0.5690300E+02
  16.380          -0.4676300E+02
  16.400          -0.2344000E+02
  16.420          -0.1221200E+02
  16.440          -0.3238400E+02
  16.460          -0.4102500E+02
  16.480          -0.2169900E+02
  16.500           0.1379700E+02
  16.520           0.4536500E+02
  16.540           0.3351000E+02
  16.560           0.6451000E+01
  16.580          -0.5745000E+01
  16.600          -0.2000000E+01
  16.620           0.2417300E+02
  16.640           0.7289000E+01
  16.660          -0.1180800E+02
  16.680          -0.1402400E+02
  16.700           0.2430700E+02
  16.720           0.7072100E+02
  16.740           0.7799400E+02
  16.760           0.6906700E+02
  16.780           0.7293400E+02
  16.800           0.1013700E+03
  16.820           0.1008850E+03
  16.840           0.4873500E+02
  16.860          -0.5922000E+01
  16.880          -0.4871800E+02
  16.900          -0.5536300E+02
  16.920          -0.6159400E+02
  16.940          -0.4671500E+02
  16.960          -0.2081000E+02
  16.980           0.2147800E+02
  17.000           0.3681600E+02
  17.020           0.8594000E+01
  17.040           0.4666000E+01
  17.060           0.1307000E+01
  17.080           0.5802000E+01
  17.100           0.4551200E+02
  17.120           0.5898500E+02
  17.140           0.5087300E+02
  17.160           0.2292900E+02
  17.180           0.4110000E+00
  17.200          -0.2188200E+02
  17.220          -0.3516700E+02
  17.240          -0.4627000E+02
  17.260          -0.4940700E+02
  17.280          -0.4337200E+02
  17.300          -0.6597500E+02
  17.320          -0.8971000E+02
  17.340          -0.8120100E+02
  17.360          -0.6025800E+02
  17.380          -0.2368000E+01
  17.400           0.3463300E+02
  17.420           0.5030400E+02
  17.440           0.5989600E+02
  17.460           0.6038300E+02
  17.480           0.3850800E+02
  17.500           0.3107100E+02
  17.520           0.3339100E+02
  17.540           0.5930000E+01
  17.560          -0.1560800E+02
  17.580          -0.1395000E+01
  17.600           0.9780000E+01
  17.620           0.2053000E+02
  17.640           0.7053000E+01
  17.660          -0.1712600E+02
  17.680          -0.2806300E+02
  17.700          -0.3641700E+02
  17.720          -0.4861500E+02
  17.740          -0.4503200E+02
  17.760          -0.2189600E+02
  17.780          -0.1652700E+02
  17.800          -0.2692200E+02
  17.820          -0.3669400E+02
  17.840          -0.1290100E+02
  17.860           0.1229100E+02
  17.880           0.1278500E+02
  17.900           0.1600100E+02
  17.920           0.8828000E+01
  17.940          -0.2304000E+01
  17.960           0.2038300E+02
  17.980           0.4230800E+02
  18.000           0.2514800E+02
  18.020          -0.2445500E+02
  18.040          -0.4575400E+02
  18.060          -0.7046700E+02
  18.080          -0.6514500E+02
  18.100          -0.2310300E+02
  18.120           0.2408200E+02
  18.140           0.4431600E+02
  18.160           0.4959900E+02
  18.180           0.4579800E+02
  18.200           0.2789000E+02
  18.220          -0.4592000E+01
  18.240          -0.2590000E+00
  18.260           0.6794000E+01
  18.280           0.2182900E+02
  18.300           0.1803300E+02
  18.320           0.1377400E+02
  18.340           0.1654800E+02
  18.360           0.1782800E+02
  18.380          -0.9040000E+00
  18.400          -0.1716000E+01
  18.420           0.1403100E+02
  18.440          -0.7090000E+00
  18.460          -0.1996000E+02
  18.480          -0.1140500E+02
  18.500          -0.2823300E+02
  18.520          -0.3626000E+02
  18.540          -0.1466800E+02
  18.560           0.9922000E+01
  18.580           0.2032000E+01
  18.600          -0.2142700E+02
  18.620          -0.4178000E+02
  18.640          -0.5228600E+02
  18.660          -0.5724800E+02
  18.680          -0.6077200E+02
  18.700          -0.5555700E+02
  18.720          -0.2089500E+02
  18.740           0.2687400E+02
  18.760           0.6250900E+02
  18.780           0.6939200E+02
  18.800           0.7108000E+02
  18.820           0.6174800E+02
  18.840           0.4129900E+02
  18.860           0.2364200E+02
  18.880           0.6192000E+01
  18.900          -0.4482000E+01
  18.920          -0.3998000E+01
  18.940           0.1717100E+02
  18.960           0.2940800E+02
  18.980           0.3500300E+02
  19.000           0.3829700E+02
  19.020           0.2771600E+02
  19.040           0.1973500E+02
  19.060           0.2620000E+02
  19.080           0.3027100E+02
  19.100           0.3817000E+02
  19.120           0.2819300E+02
  19.140           0.8023000E+01
  19.160          -0.5460000E+01
  19.180           0.7562000E+01
  19.200           0.8278000E+01
  19.220          -0.5753000E+01
  19.240          -0.2161800E+02
  19.260          -0.2121700E+02
  19.280          -0.1159200E+02
  19.300           0.3455000E+01
  19.320           0.1954200E+02
  19.340           0.1711700E+02
  19.360          -0.2159000E+02
  19.380          -0.4804900E+02
  19.400          -0.6288700E+02
  19.420          -0.3898400E+02
  19.440          -0.1551400E+02
  19.460          -0.9023000E+01
  19.480          -0.1946900E+02
  19.500          -0.3481900E+02
  19.520          -0.4432100E+02
  19.540          -0.2059400E+02
  19.560           0.1403800E+02
  19.580           0.3277400E+02
  19.600           0.2633900E+02
  19.620           0.2311600E+02
  19.640           0.1321500E+02
  19.660           0.1423500E+02
  19.680           0.3060000E+01
  19.700          -0.2398000E+02
  19.720          -0.3777900E+02
  19.740          -0.3372700E+02
  19.760          -0.2361100E+02
  19.780          -0.1075500E+02
  19.800          -0.4557000E+01
  19.820          -0.1163000E+01
  19.840          -0.5897000E+01
  19.860          -0.2580900E+02
  19.880          -0.3010200E+02
  19.900          -0.2033000E+01
  19.920           0.2990000E+01
  19.940          -0.1004900E+02
  19.960          -0.9416000E+01
  19.980          -0.1277900E+02
  20.000          -0.2095000E+02
  20.020          -0.2594800E+02
  20.040          -0.1760700E+02
  20.060           0.1291000E+01
  20.080           0.2626200E+02
  20.100           0.2393600E+02
  20.120           0.4480000E+01
  20.140           0.4150000E+00
  20.160           0.1786300E+02
  20.180           0.3324600E+02
  20.200           0.2402400E+02
  20.220          -0.4035000E+01
  20.240          -0.2645000E+01
  20.260           0.2380200E+02
  20.280           0.4513900E+02
  20.300           0.3917700E+02
  20.320           0.2437200E+02
  20.340           0.3436000E+01
  20.360          -0.2450000E+01
  20.380           0.1587000E+01
  20.400           0.5285000E+01
  20.420           0.1233400E+02
  20.440           0.1974300E+02
  20.460           0.3548700E+02
  20.480           0.4428200E+02
  20.500           0.1762200E+02
  20.520          -0.6528000E+01
  20.540          -0.8065000E+01
  20.560           0.2319000E+01
  20.580          -0.1739000E+01
  20.600          -0.4877000E+01
  20.620          -0.1758000E+01
  20.640           0.6447000E+01
  20.660           0.1016500E+02
  20.680          -0.4348000E+01
  20.700          -0.1760100E+02
  20.720          -0.6740000E+01
  20.740          -0.6374000E+01
  20.760          -0.1975600E+02
  20.780          -0.2991100E+02
  20.800          -0.2955700E+02
  20.820          -0.4187700E+02
  20.840          -0.5416500E+02
  20.860          -0.4658900E+02
  20.880          -0.2458700E+02
  20.900          -0.1131700E+02
  20.920          -0.1239700E+02
  20.940          -0.1513000E+02
  20.960          -0.1287800E+02
  20.980          -0.1291500E+02
  21.000          -0.5116000E+01
  21.020          -0.2611000E+01
  21.040          -0.1194600E+02
  21.060          -0.2396200E+02
  21.080          -0.1862800E+02
  21.100          -0.2520000E+01
  21.120           0.6832000E+01
  21.140          -0.1559000E+01
  21.160          -0.1375100E+02
  21.180          -0.1118400E+02
  21.200          -0.3197000E+01
  21.220           0.6713000E+01
  21.240           0.1752100E+02
  21.260           0.2035300E+02
  21.280           0.2395000E+02
  21.300           0.1172400E+02
  21.320          -0.1700200E+02
  21.340          -0.2955300E+02
  21.360          -0.1793100E+02
  21.380          -0.2140000E+01
  21.400           0.2300000E-01
  21.420          -0.4761000E+01
  21.440          -0.1062100E+02
  21.460          -0.1901000E+01
  21.480           0.1341400E+02
  21.500           0.1962400E+02
  21.520           0.4378000E+01
  21.540          -0.1825100E+02
  21.560          -0.2305500E+02
  21.580          -0.1477100E+02
  21.600          -0.3870000E+01
  21.620          -0.1653000E+01
  21.640          -0.1415900E+02
  21.660          -0.2198300E+02
  21.680          -0.2380500E+02
  21.700          -0.2372200E+02
  21.720          -0.2109000E+02
  21.740          -0.1967000E+01
  21.760           0.8583000E+01
  21.780           0.3689000E+01
  21.800           0.2243000E+01
  21.820          -0.1708000E+01
  21.840          -0.1551700E+02
  21.860          -0.2291100E+02
  21.880          -0.3359600E+02
  21.900          -0.4638100E+02
  21.920          -0.4636800E+02
  21.940          -0.2373600E+02
  21.960           0.3174000E+01
  21.980           0.1768400E+02
  22.000           0.1418500E+02
  22.020           0.8386000E+01
  22.040           0.8437000E+01
  22.060           0.1479400E+02
  22.080           0.1178800E+02
  22.100           0.7373000E+01
  22.120           0.1457000E+01
  22.140          -0.5938000E+01
  22.160          -0.1733300E+02
  22.180          -0.1447000E+02
  22.200           0.6197000E+01
  22.220           0.1946500E+02
  22.240           0.1304400E+02
  22.260           0.9168000E+01
  22.280           0.6993000E+01
  22.300          -0.1389000E+01
  22.320          -0.1767000E+01
  22.340           0.9323000E+01
  22.360           0.9436000E+01
  22.380           0.1041400E+02
  22.400           0.1120300E+02
  22.420           0.8092000E+01
  22.440          -0.5390000E+00
  22.460           0.1006000E+01
  22.480           0.1090000E+00
  22.500          -0.1233800E+02
  22.520          -0.2789400E+02
  22.540          -0.3070600E+02
  22.560          -0.1170700E+02
  22.580           0.1077500E+02
  22.600           0.1495700E+02
  22.620           0.3681000E+01
  22.640          -0.2455000E+01
  22.660          -0.5740000E+00
  22.680          -0.5860000E+00
  22.700          -0.1603000E+01
  22.720          -0.1302800E+02
  22.740          -0.2031400E+02
  22.760          -0.1190100E+02
  22.780           0.6244000E+01
  22.800           0.1758300E+02
  22.820           0.9458000E+01
  22.840           0.1083100E+02
  22.860           0.1938700E+02
  22.880           0.1586300E+02
  22.900           0.4268000E+01
  22.920           0.8235000E+01
  22.940           0.9764000E+01
  22.960           0.5614000E+01
  22.980           0.5638000E+01
  23.000           0.3562000E+01
  23.020           0.2170000E+00
  23.040           0.1257400E+02
  23.060           0.2777800E+02
  23.080           0.2884500E+02
  23.100           0.1811200E+02
  23.120           0.9884000E+01
  23.140           0.6699000E+01
  23.160           0.1100000E+02
  23.180           0.7900000E+00
  23.200          -0.1654900E+02
  23.220          -0.3503900E+02
  23.240          -0.3371200E+02
  23.260          -0.1410600E+02
  23.280           0.1407700E+02
  23.300           0.1875100E+02
  23.320           0.2702000E+01
  23.340          -0.9701000E+01
  23.360          -0.5514000E+01
  23.380           0.3428000E+01
  23.400           0.1053700E+02
  23.420           0.1665900E+02
  23.440           0.1950600E+02
  23.460           0.1464400E+02
  23.480           0.1042300E+02
  23.500           0.4945000E+01
  23.520           0.2577000E+01
  23.540           0.8990000E+00
  23.560           0.3825000E+01
  23.580          -0.2197000E+01
  23.600          -0.7736000E+01
  23.620          -0.8952000E+01
  23.640          -0.3090000E+01
  23.660           0.6622000E+01
  23.680           0.1642900E+02
  23.700           0.2198000E+02
  23.720           0.1590300E+02
  23.740           0.1470100E+02
  23.760           0.1375900E+02
  23.780           0.6736000E+01
  23.800          -0.3766000E+01
  23.820          -0.1268700E+02
  23.840          -0.1460500E+02
  23.860          -0.1799100E+02
  23.880          -0.8755000E+01
  23.900           0.7125000E+01
  23.920           0.1190100E+02
  23.940           0.6410000E+01
  23.960          -0.1138000E+01
  23.980           0.8890000E+00
  24.000          -0.2410000E+00
  24.020          -0.7040000E+01
  24.040          -0.2020000E+02
  24.060          -0.2780100E+02
  24.080          -0.2429400E+02
  24.100          -0.8195000E+01
  24.120           0.3088000E+01
  24.140           0.3730000E+01
  24.160          -0.1801000E+01
  24.180          -0.6680000E+00
  24.200           0.1816000E+01
  24.220          -0.1064000E+01
  24.240          -0.2751000E+01
  24.260          -0.2992000E+01
  24.280          -0.1819000E+01
  24.300           0.5856000E+01
  24.320           0.1063100E+02
  24.340           0.1040400E+02
  24.360           0.6200000E+00
  24.380          -0.1282000E+01
  24.400           0.1606000E+01
  24.420           0.9626000E+01
  24.440           0.9304000E+01
  24.460           0.5118000E+01
  24.480           0.3742000E+01
  24.500           0.6028000E+01
  24.520           0.3211000E+01
  24.540          -0.1195000E+01
  24.560          -0.2878000E+01
  24.580          -0.6078000E+01
  24.600          -0.4773000E+01
  24.620          -0.7380000E+00
  24.640          -0.1096000E+01
  24.660          -0.8800000E+00
  24.680          -0.5634000E+01
  24.700          -0.3618000E+01
  24.720           0.3089000E+01
  24.740           0.1007100E+02
  24.760           0.7782000E+01
  24.780           0.4184000E+01
  24.800          -0.3814000E+01
  24.820          -0.1082300E+02
  24.840          -0.1133900E+02
  24.860          -0.1557300E+02
  24.880          -0.1136100E+02
  24.900          -0.2347000E+01
  24.920          -0.1127000E+01
  24.940          -0.4419000E+01
  24.960          -0.2357000E+01
  24.980           0.1851000E+01
  25.000          -0.1341000E+01
  25.020          -0.6112000E+01
  25.040          -0.7276000E+01
  25.060           0.1724000E+01
  25.080           0.8480000E+01
  25.100           0.6521000E+01
  25.120           0.1126700E+02
  25.140           0.1275100E+02
  25.160           0.6404000E+01
  25.180           0.3434000E+01
  25.200           0.6000000E+00
  25.220          -0.8733000E+01
  25.240          -0.7585000E+01
  25.260          -0.5073000E+01
  25.280          -0.3713000E+01
  25.300          -0.4424000E+01
  25.320          -0.6626000E+01
  25.340          -0.8597000E+01
  25.360          -0.9792000E+01
  25.380          -0.9403000E+01
  25.400          -0.1079500E+02
  25.420          -0.1076000E+02
  25.440          -0.1017200E+02
  25.460          -0.6611000E+01
  25.480          -0.2543000E+01
  25.500          -0.8744000E+01
  25.520          -0.1088100E+02
  25.540          -0.7202000E+01
  25.560           0.1403000E+01
  25.580           0.8831000E+01
  25.600           0.1702000E+02
  25.620           0.1589100E+02
  25.640           0.9763000E+01
  25.660           0.5874000E+01
  25.680           0.2198000E+01
  25.700          -0.2985000E+01
  25.720          -0.1009500E+02
  25.740          -0.1244600E+02
  25.760          -0.1154600E+02
  25.780          -0.2339000E+01
  25.800           0.8677000E+01
  25.820           0.8986000E+01
  25.840           0.8896000E+01
  25.860           0.5489000E+01
  25.880           0.3564000E+01
  25.900          -0.2545000E+01
  25.920          -0.1027400E+02
  25.940          -0.1160100E+02
  25.960          -0.3404000E+01
  25.980           0.1300000E+00
  26.000          -0.5158000E+01
  26.020          -0.4794000E+01
  26.040           0.1040000E+00
  26.060           0.6237000E+01
  26.080           0.1235200E+02
  26.100           0.1354600E+02
  26.120           0.5862000E+01
  26.140          -0.8886000E+01
  26.160          -0.1591500E+02
  26.180          -0.1237300E+02
  26.200          -0.1023100E+02
  26.220          -0.1896400E+02
  26.240          -0.1996900E+02
  26.260          -0.1383400E+02
  26.280          -0.1088700E+02
  26.300          -0.1091400E+02
  26.320          -0.8746000E+01
  26.340          -0.8136000E+01
  26.360          -0.9031000E+01
  26.380          -0.4010000E+01
  26.400           0.1470000E+01
  26.420           0.1041300E+02
  26.440           0.1579300E+02
  26.460           0.1590800E+02
  26.480           0.1178500E+02
  26.500           0.2193000E+01
  26.520          -0.5993000E+01
  26.540          -0.9429000E+01
  26.560          -0.7325000E+01
  26.580          -0.7010000E+01
  26.600          -0.5196000E+01
  26.620          -0.4203000E+01
  26.640          -0.7681000E+01
  26.660          -0.9412000E+01
  26.680          -0.7780000E+01
  26.700          -0.1206000E+01
  26.720           0.2167000E+01
  26.740           0.5903000E+01
  26.760           0.3837000E+01
  26.780           0.2895000E+01
  26.800          -0.5200000E+00
  26.820          -0.3440000E+01
  26.840          -0.8450000E+00
  26.860          -0.4300000E+00
  26.880           0.4510000E+01
  26.900           0.1067500E+02
  26.920           0.1378900E+02
  26.940           0.1488100E+02
  26.960           0.1415200E+02
  26.980           0.8355000E+01
  27.000          -0.3188000E+01
  27.020          -0.5026000E+01
  27.040          -0.6640000E+01
  27.060          -0.8517000E+01
  27.080          -0.7854000E+01
  27.100          -0.2146000E+01
  27.120           0.5980000E+00
  27.140           0.9620000E+00
  27.160           0.1600000E+01
  27.180           0.2304000E+01
  27.200           0.1098000E+01
  27.220          -0.8990000E+00
  27.240           0.1249000E+01
  27.260           0.2499000E+01
  27.280           0.2428000E+01
  27.300           0.6564000E+01
  27.320           0.1214500E+02
  27.340           0.1760000E+02
  27.360           0.1614700E+02
  27.380           0.1064300E+02
  27.400           0.4172000E+01
  27.420           0.5560000E+01
  27.440           0.3385000E+01
  27.460          -0.2900000E+00
  27.480          -0.7644000E+01
  27.500          -0.1588500E+02
  27.520          -0.1345400E+02
  27.540          -0.8107000E+01
  27.560          -0.4830000E+01
  27.580          -0.4893000E+01
  27.600          -0.3287000E+01
  27.620          -0.5687000E+01
  27.640          -0.7470000E+01
  27.660          -0.5880000E+01
  27.680          -0.8276000E+01
  27.700          -0.8014000E+01
  27.720          -0.4193000E+01
  27.740           0.6824000E+01
  27.760           0.1041400E+02
  27.780           0.7457000E+01
  27.800           0.8636000E+01
  27.820           0.9062000E+01
  27.840           0.5544000E+01
  27.860           0.3330000E+00
  27.880           0.2983000E+01
  27.900          -0.1520000E+01
  27.920          -0.3355000E+01
  27.940          -0.1273000E+01
  27.960          -0.1478000E+01
  27.980          -0.1464000E+01
  28.000          -0.1460000E+00
  28.020           0.1054000E+01
  28.040          -0.4140000E+00
  28.060          -0.4140000E+00
  28.080           0.7970000E+00
  28.100           0.7030000E+00
  28.120           0.1430000E+00
  28.140           0.1908000E+01
  28.160           0.9619000E+01
  28.180           0.1215500E+02
  28.200           0.1111100E+02
  28.220           0.1054200E+02
  28.240           0.1648500E+02
  28.260           0.1747700E+02
  28.280           0.1318200E+02
  28.300          -0.5980000E+00
  28.320          -0.1330100E+02
  28.340          -0.1498100E+02
  28.360          -0.1047500E+02
  28.380          -0.6609000E+01
  28.400          -0.8756000E+01
  28.420          -0.1255800E+02
  28.440          -0.1613500E+02
  28.460          -0.1264700E+02
  28.480          -0.5878000E+01
  28.500          -0.3662000E+01
  28.520          -0.1605000E+01
  28.540          -0.3771000E+01
  28.560          -0.2519000E+01
  28.580          -0.6220000E+00
  28.600           0.1950000E+00
  28.620          -0.3574000E+01
  28.640          -0.4782000E+01
  28.660          -0.5014000E+01
  28.680          -0.1045900E+02
  28.700          -0.1272400E+02
  28.720          -0.1376300E+02
  28.740          -0.1172300E+02
  28.760          -0.1018300E+02
  28.780          -0.7689000E+01
  28.800          -0.5167000E+01
  28.820          -0.4417000E+01
  28.840          -0.4091000E+01
  28.860          -0.2882000E+01
  28.880           0.3537000E+01
  28.900           0.5622000E+01
  28.920           0.4518000E+01
  28.940           0.2781000E+01
  28.960           0.1452000E+01
  28.980           0.1784000E+01
  29.000           0.2016000E+01
  29.020           0.1675000E+01
  29.040          -0.1364000E+01
  29.060          -0.1613000E+01
  29.080          -0.9280000E+00
  29.100           0.2967000E+01
  29.120           0.5261000E+01
  29.140           0.3589000E+01
  29.160           0.2488000E+01
  29.180           0.2843000E+01
  29.200           0.2963000E+01
  29.220           0.1800000E+01
  29.240           0.6360000E+00
  29.260          -0.1581000E+01
  29.280           0.4290000E+00
  29.300           0.3990000E+01
  29.320           0.4262000E+01
  29.340           0.3858000E+01
  29.360           0.2763000E+01
  29.380           0.2649000E+01
  29.400           0.2977000E+01
  29.420           0.4435000E+01
  29.440           0.2329000E+01
  29.460          -0.1090000E+00
  29.480          -0.7990000E+00
  29.500          -0.2170000E+00
  29.520           0.9950000E+00
  29.540          -0.6850000E+00
  29.560          -0.2116000E+01
  29.580          -0.2286000E+01
  29.600          -0.1336000E+01
  29.620          -0.9910000E+00
  29.640          -0.5040000E+00
  29.660          -0.6790000E+00
  29.680          -0.1090000E+01
  29.700           0.8710000E+00
  29.720           0.1819000E+01
  29.740           0.1432000E+01
  29.760          -0.5400000E+00
  29.780          -0.1420000E+01
  29.800          -0.1086000E+01
  29.820          -0.8010000E+00
  29.840          -0.1049000E+01
  29.860          -0.1765000E+01
  29.880          -0.1821000E+01
  29.900          -0.2138000E+01
  29.920          -0.1069000E+01
  29.940          -0.3450000E+00
  29.960          -0.7120000E+00
  29.980          -0.9450000E+00
  30.000          -0.4220000E+00
  30.020           0.4030000E+00
  30.040           0.7510000E+00
  30.060           0.1200000E+01
  30.080           0.9240000E+00
  30.100           0.8150000E+00
  30.120           0.7090000E+00
  30.140           0.4470000E+00
  30.160           0.1060000E+00
  30.180          -0.2820000E+00
  30.200          -0.3010000E+00
  30.220          -0.2230000E+00
  30.240          -0.1010000E+00
  30.260          -0.2000000E+00
  30.280          -0.1740000E+00
  30.300          -0.9700000E-01
  30.320          -0.1500000E-01
  30.340           0.0000000E+00
  30.360           0.0000000E+00
  30.380           0.0000000E+00
  30.400           0.0000000E+00
  30.420           0.0000000E+00
  30.440           0.0000000E+00
  30.460           0.0000000E+00
  30.480           0.0000000E+00
  30.500           0.0000000E+00
  30.520           0.0000000E+00
  30.540           0.0000000E+00
  30.560           0.0000000E+00
  30.580           0.0000000E+00
  30.600           0.0000000E+00
  30.620           0.0000000E+00
  30.640           0.0000000E+00
  30.660           0.0000000E+00
  30.680           0.0000000E+00
  30.700           0.0000000E+00
  30.720           0.0000000E+00
  30.740           0.0000000E+00
  30.760           0.0000000E+00
  30.780           0.0000000E+00
  30.800           0.0000000E+00
  30.820           0.0000000E+00
  30.840           0.0000000E+00
  30.860           0.0000000E+00
  30.880           0.0000000E+00
  30.900           0.0000000E+00
  30.920           0.0000000E+00
  30.940           0.0000000E+00
  30.960           0.0000000E+00
  30.980           0.0000000E+00
  31.000           0.0000000E+00
  31.020           0.0000000E+00
  31.040           0.0000000E+00
  31.060           0.0000000E+00
  31.080           0.0000000E+00
  31.100           0.0000000E+00
  31.120           0.0000000E+00
  31.140           0.0000000E+00
  31.160           0.0000000E+00
  31.180           0.0000000E+00
  31.200           0.0000000E+00
  31.220           0.0000000E+00
  31.240           0.0000000E+00
  31.260           0.0000000E+00
  31.280           0.0000000E+00
  31.300           0.0000000E+00
  31.320           0.0000000E+00
  31.340           0.0000000E+00
  31.360           0.0000000E+00
  31.380           0.0000000E+00
  31.400           0.0000000E+00
  31.420           0.0000000E+00
  31.440           0.0000000E+00
  31.460           0.0000000E+00
  31.480           0.0000000E+00
  31.500           0.0000000E+00
  31.520           0.0000000E+00
  31.540           0.0000000E+00
  31.560           0.0000000E+00
  31.580           0.0000000E+00
  31.600           0.0000000E+00
  31.620           0.0000000E+00
  31.640           0.0000000E+00
  31.660           0.0000000E+00
  31.680           0.0000000E+00
  31.700           0.0000000E+00
  31.720           0.0000000E+00
  31.740           0.0000000E+00
  31.760           0.0000000E+00
  31.780           0.0000000E+00
  31.800           0.0000000E+00
  31.820           0.0000000E+00
  31.840           0.0000000E+00
  31.860           0.0000000E+00
  31.880           0.0000000E+00
  31.900           0.0000000E+00
  31.920           0.0000000E+00
  31.940           0.0000000E+00
  31.960           0.0000000E+00
  31.980           0.0000000E+00
  32.000           0.0000000E+00
  32.020           0.0000000E+00
  32.040           0.0000000E+00
  32.060           0.0000000E+00
  32.080           0.0000000E+00
  32.100           0.0000000E+00
  32.120           0.0000000E+00
  32.140           0.0000000E+00
  32.160           0.0000000E+00
  32.180           0.0000000E+00
  32.200           0.0000000E+00
  32.220           0.0000000E+00
  32.240           0.0000000E+00
  32.260           0.0000000E+00
  32.280           0.0000000E+00
  32.300           0.0000000E+00
  32.320           0.0000000E+00
  32.340           0.0000000E+00
  32.360           0.0000000E+00
  32.380           0.0000000E+00
  32.400           0.0000000E+00
  32.420           0.0000000E+00
  32.440           0.0000000E+00
  32.460           0.0000000E+00
  32.480           0.0000000E+00
  32.500           0.0000000E+00
  32.520           0.0000000E+00
  32.540           0.0000000E+00
  32.560           0.0000000E+00
  32.580           0.0000000E+00
  32.600           0.0000000E+00
  32.620           0.0000000E+00
  32.640           0.0000000E+00
  32.660           0.0000000E+00
  32.680           0.0000000E+00
  32.700           0.0000000E+00
  32.720           0.0000000E+00
  32.740           0.0000000E+00
  32.760           0.0000000E+00
  32.780           0.0000000E+00
  32.800           0.0000000E+00
  32.820           0.0000000E+00
  32.840           0.0000000E+00
  32.860           0.0000000E+00
  32.880           0.0000000E+00
  32.900           0.0000000E+00
  32.920           0.0000000E+00
  32.940           0.0000000E+00
  32.960           0.0000000E+00
  32.980           0.0000000E+00
  33.000           0.0000000E+00
  33.020           0.0000000E+00
  33.040           0.0000000E+00
  33.060           0.0000000E+00
  33.080           0.0000000E+00
  33.100           0.0000000E+00
  33.120           0.0000000E+00
  33.140           0.0000000E+00
  33.160           0.0000000E+00
  33.180           0.0000000E+00
  33.200           0.0000000E+00
  33.220           0.0000000E+00
  33.240           0.0000000E+00
  33.260           0.0000000E+00
  33.280           0.0000000E+00
  33.300           0.0000000E+00
  33.320           0.0000000E+00
  33.340           0.0000000E+00
  33.360           0.0000000E+00
  33.380           0.0000000E+00
  33.400           0.0000000E+00
  33.420           0.0000000E+00
  33.440           0.0000000E+00
  33.460           0.0000000E+00
  33.480           0.0000000E+00
  33.500           0.0000000E+00
  33.520           0.0000000E+00
  33.540           0.0000000E+00
  33.560           0.0000000E+00
  33.580           0.0000000E+00
  33.600           0.0000000E+00
  33.620           0.0000000E+00
  33.640           0.0000000E+00
  33.660           0.0000000E+00
  33.680           0.0000000E+00
  33.700           0.0000000E+00
  33.720           0.0000000E+00
  33.740           0.0000000E+00
  33.760           0.0000000E+00
  33.780           0.0000000E+00
  33.800           0.0000000E+00
  33.820           0.0000000E+00
  33.840           0.0000000E+00
  33.860           0.0000000E+00
  33.880           0.0000000E+00
  33.900           0.0000000E+00
  33.920           0.0000000E+00
  33.940           0.0000000E+00
  33.960           0.0000000E+00
  33.980           0.0000000E+00
  34.000           0.0000000E+00
  34.020           0.0000000E+00
  34.040           0.0000000E+00
  34.060           0.0000000E+00
  34.080           0.0000000E+00
  34.100           0.0000000E+00
  34.120           0.0000000E+00
  34.140           0.0000000E+00
  34.160           0.0000000E+00
  34.180           0.0000000E+00
  34.200           0.0000000E+00
  34.220           0.0000000E+00
  34.240           0.0000000E+00
  34.260           0.0000000E+00
  34.280           0.0000000E+00
  34.300           0.0000000E+00
  34.320           0.0000000E+00
  34.340           0.0000000E+00
  34.360           0.0000000E+00
  34.380           0.0000000E+00
  34.400           0.0000000E+00
  34.420           0.0000000E+00
  34.440           0.0000000E+00
  34.460           0.0000000E+00
  34.480           0.0000000E+00
  34.500           0.0000000E+00
  34.520           0.0000000E+00
  34.540           0.0000000E+00
  34.560           0.0000000E+00
  34.580           0.0000000E+00
  34.600           0.0000000E+00
  34.620           0.0000000E+00
  34.640           0.0000000E+00
  34.660           0.0000000E+00
  34.680           0.0000000E+00
  34.700           0.0000000E+00
  34.720           0.0000000E+00
  34.740           0.0000000E+00
  34.760           0.0000000E+00
  34.780           0.0000000E+00
  34.800           0.0000000E+00
  34.820           0.0000000E+00
  34.840           0.0000000E+00
  34.860           0.0000000E+00
  34.880           0.0000000E+00
  34.900           0.0000000E+00
  34.920           0.0000000E+00
  34.940           0.0000000E+00
  34.960           0.0000000E+00
  34.980           0.0000000E+00
  35.000           0.0000000E+00
  35.020           0.0000000E+00
  35.040           0.0000000E+00
  35.060           0.0000000E+00
  35.080           0.0000000E+00
  35.100           0.0000000E+00
  35.120           0.0000000E+00
  35.140           0.0000000E+00
  35.160           0.0000000E+00
  35.180           0.0000000E+00
  35.200           0.0000000E+00
  35.220           0.0000000E+00
  35.240           0.0000000E+00
  35.260           0.0000000E+00
  35.280           0.0000000E+00
  35.300           0.0000000E+00
  35.320           0.0000000E+00
  35.340           0.0000000E+00
  35.360           0.0000000E+00
  35.380           0.0000000E+00
  35.400           0.0000000E+00
  35.420           0.0000000E+00
  35.440           0.0000000E+00
  35.460           0.0000000E+00
  35.480           0.0000000E+00
  35.500           0.0000000E+00
  35.520           0.0000000E+00
  35.540           0.0000000E+00
  35.560           0.0000000E+00
  35.580           0.0000000E+00
  35.600           0.0000000E+00
  35.620           0.0000000E+00
  35.640           0.0000000E+00
  35.660           0.0000000E+00
  35.680           0.0000000E+00
  35.700           0.0000000E+00
  35.720           0.0000000E+00
  35.740           0.0000000E+00
  35.760           0.0000000E+00
  35.780           0.0000000E+00
  35.800           0.0000000E+00
  35.820           0.0000000E+00
  35.840           0.0000000E+00
  35.860           0.0000000E+00
  35.880           0.0000000E+00
  35.900           0.0000000E+00
  35.920           0.0000000E+00
  35.940           0.0000000E+00
  35.960           0.0000000E+00
  35.980           0.0000000E+00
  36.000           0.0000000E+00
  36.020           0.0000000E+00
  36.040           0.0000000E+00
  36.060           0.0000000E+00
  36.080           0.0000000E+00
  36.100           0.0000000E+00
  36.120           0.0000000E+00
  36.140           0.0000000E+00
  36.160           0.0000000E+00
  36.180           0.0000000E+00
  36.200           0.0000000E+00
  36.220           0.0000000E+00
  36.240           0.0000000E+00
  36.260           0.0000000E+00
  36.280           0.0000000E+00
  36.300           0.0000000E+00
  36.320           0.0000000E+00
  36.340           0.0000000E+00
  36.360           0.0000000E+00
  36.380           0.0000000E+00
  36.400           0.0000000E+00
  36.420           0.0000000E+00
  36.440           0.0000000E+00
  36.460           0.0000000E+00
  36.480           0.0000000E+00
  36.500           0.0000000E+00
  36.520           0.0000000E+00
  36.540           0.0000000E+00
  36.560           0.0000000E+00
  36.580           0.0000000E+00
  36.600           0.0000000E+00
  36.620           0.0000000E+00
  36.640           0.0000000E+00
  36.660           0.0000000E+00
  36.680           0.0000000E+00
  36.700           0.0000000E+00
  36.720           0.0000000E+00
  36.740           0.0000000E+00
  36.760           0.0000000E+00
  36.780           0.0000000E+00
  36.800           0.0000000E+00
  36.820           0.0000000E+00
  36.840           0.0000000E+00
  36.860           0.0000000E+00
  36.880           0.0000000E+00
  36.900           0.0000000E+00
  36.920           0.0000000E+00
  36.940           0.0000000E+00
  36.960           0.0000000E+00
  36.980           0.0000000E+00
  37.000           0.0000000E+00
  37.020           0.0000000E+00
  37.040           0.0000000E+00
  37.060           0.0000000E+00
  37.080           0.0000000E+00
  37.100           0.0000000E+00
  37.120           0.0000000E+00
  37.140           0.0000000E+00
  37.160           0.0000000E+00
  37.180           0.0000000E+00
  37.200           0.0000000E+00
  37.220           0.0000000E+00
  37.240           0.0000000E+00
  37.260           0.0000000E+00
  37.280           0.0000000E+00
  37.300           0.0000000E+00
  37.320           0.0000000E+00
  37.340           0.0000000E+00
  37.360           0.0000000E+00
  37.380           0.0000000E+00
  37.400           0.0000000E+00
  37.420           0.0000000E+00
  37.440           0.0000000E+00
  37.460           0.0000000E+00
  37.480           0.0000000E+00
  37.500           0.0000000E+00
  37.520           0.0000000E+00
  37.540           0.0000000E+00
  37.560           0.0000000E+00
  37.580           0.0000000E+00
  37.600           0.0000000E+00
  37.620           0.0000000E+00
  37.640           0.0000000E+00
  37.660           0.0000000E+00
  37.680           0.0000000E+00
  37.700           0.0000000E+00
  37.720           0.0000000E+00
  37.740           0.0000000E+00
  37.760           0.0000000E+00
  37.780           0.0000000E+00
  37.800           0.0000000E+00
  37.820           0.0000000E+00
  37.840           0.0000000E+00
  37.860           0.0000000E+00
  37.880           0.0000000E+00
  37.900           0.0000000E+00
  37.920           0.0000000E+00
  37.940           0.0000000E+00
  37.960           0.0000000E+00
  37.980           0.0000000E+00
  38.000           0.0000000E+00
  38.020           0.0000000E+00
  38.040           0.0000000E+00
  38.060           0.0000000E+00
  38.080           0.0000000E+00
  38.100           0.0000000E+00
  38.120           0.0000000E+00
  38.140           0.0000000E+00
  38.160           0.0000000E+00
  38.180           0.0000000E+00
  38.200           0.0000000E+00
  38.220           0.0000000E+00
  38.240           0.0000000E+00
  38.260           0.0000000E+00
  38.280           0.0000000E+00
  38.300           0.0000000E+00
  38.320           0.0000000E+00
  38.340           0.0000000E+00
  38.360           0.0000000E+00
  38.380           0.0000000E+00
  38.400           0.0000000E+00
  38.420           0.0000000E+00
  38.440           0.0000000E+00
  38.460           0.0000000E+00
  38.480           0.0000000E+00
  38.500           0.0000000E+00
  38.520           0.0000000E+00
  38.540           0.0000000E+00
  38.560           0.0000000E+00
  38.580           0.0000000E+00
  38.600           0.0000000E+00
  38.620           0.0000000E+00
  38.640           0.0000000E+00
  38.660           0.0000000E+00
  38.680           0.0000000E+00
  38.700           0.0000000E+00
  38.720           0.0000000E+00
  38.740           0.0000000E+00
  38.760           0.0000000E+00
  38.780           0.0000000E+00
  38.800           0.0000000E+00
  38.820           0.0000000E+00
  38.840           0.0000000E+00
  38.860           0.0000000E+00
  38.880           0.0000000E+00
  38.900           0.0000000E+00
  38.920           0.0000000E+00
  38.940           0.0000000E+00
  38.960           0.0000000E+00
  38.980           0.0000000E+00
  39.000           0.0000000E+00
  39.020           0.0000000E+00
  39.040           0.0000000E+00
  39.060           0.0000000E+00
  39.080           0.0000000E+00
  39.100           0.0000000E+00
  39.120           0.0000000E+00
  39.140           0.0000000E+00
  39.160           0.0000000E+00
  39.180           0.0000000E+00
  39.200           0.0000000E+00
  39.220           0.0000000E+00
  39.240           0.0000000E+00
  39.260           0.0000000E+00
  39.280           0.0000000E+00
  39.300           0.0000000E+00
  39.320           0.0000000E+00
  39.340           0.0000000E+00
  39.360           0.0000000E+00
  39.380           0.0000000E+00
  39.400           0.0000000E+00
  39.420           0.0000000E+00
  39.440           0.0000000E+00
  39.460           0.0000000E+00
  39.480           0.0000000E+00
  39.500           0.0000000E+00
  39.520           0.0000000E+00
  39.540           0.0000000E+00
  39.560           0.0000000E+00
  39.580           0.0000000E+00
  39.600           0.0000000E+00
  39.620           0.0000000E+00
  39.640           0.0000000E+00
  39.660           0.0000000E+00
  39.680           0.0000000E+00
  39.700           0.0000000E+00
  39.720           0.0000000E+00
  39.740           0.0000000E+00
  39.760           0.0000000E+00
  39.780           0.0000000E+00
  39.800           0.0000000E+00
  39.820           0.0000000E+00
  39.840           0.0000000E+00
  39.860           0.0000000E+00
  39.880           0.0000000E+00
  39.900           0.0000000E+00
  39.920           0.0000000E+00
  39.940           0.0000000E+00
  39.960           0.0000000E+00
  39.980           0.0000000E+00
  40.000           0.0000000E+00
  40.020           0.0000000E+00
  40.040           0.0000000E+00
  40.060           0.0000000E+00
  40.080           0.0000000E+00
  40.100           0.0000000E+00
  40.120           0.0000000E+00
  40.140           0.0000000E+00
  40.160           0.0000000E+00
  40.180           0.0000000E+00
  40.200           0.0000000E+00
  40.220           0.0000000E+00
  40.240           0.0000000E+00
  40.260           0.0000000E+00
  40.280           0.0000000E+00
  40.300           0.0000000E+00
  40.320           0.0000000E+00
  40.340           0.0000000E+00
  40.360           0.0000000E+00
  40.380           0.0000000E+00
  40.400           0.0000000E+00
  40.420           0.0000000E+00
  40.440           0.0000000E+00
  40.460           0.0000000E+00
  40.480           0.0000000E+00
  40.500           0.0000000E+00
  40.520           0.0000000E+00
  40.540           0.0000000E+00
  40.560           0.0000000E+00
  40.580           0.0000000E+00
  40.600           0.0000000E+00
  40.620           0.0000000E+00
  40.640           0.0000000E+00
  40.660           0.0000000E+00
  40.680           0.0000000E+00
  40.700           0.0000000E+00
  40.720           0.0000000E+00
  40.740           0.0000000E+00
  40.760           0.0000000E+00
  40.780           0.0000000E+00
  40.800           0.0000000E+00
  40.820           0.0000000E+00
  40.840           0.0000000E+00
  40.860           0.0000000E+00
  40.880           0.0000000E+00
  40.900           0.0000000E+00
  40.920           0.0000000E+00
  40.940           0.0000000E+00
  40.960           0.0000000E+00
