        4096     0.02000
       0.009       0.009       0.009       0.010       0.009       0.009       0.012       0.009       0.009       0.016
       0.009       0.009      -0.002       0.009       0.009      -0.011       0.008       0.008      -0.020       0.007
       0.009      -0.013       0.004       0.008       0.018       0.013       0.011       0.020       0.015       0.015
       0.051       0.049       0.027      -0.031      -0.038      -0.024      -0.036      -0.005       0.101       0.061
       0.018      -0.040      -0.145      -0.149      -0.026      -0.014       0.132       0.052       0.036       0.138
       0.095       0.076       0.245       0.180       0.152       0.148       0.054      -0.075      -0.068      -0.139
      -0.305      -0.102       0.063       0.206       0.110       0.064       0.193       0.156       0.106       0.231
       0.101       0.069       0.234       0.148       0.167       0.499       0.150      -0.002      -0.326      -0.195
      -0.107      -0.319      -0.301      -0.099      -0.279      -0.622      -0.426      -0.536      -0.560       0.527
       0.347       0.362       0.747       0.496       0.517       0.559       0.167       0.348       0.769       0.438
       0.461       0.899       0.183      -0.142      -0.564      -0.610      -0.395      -0.651      -1.009      -0.301
      -0.252      -0.509      -0.567      -0.470      -0.777      -1.145      -0.967      -1.091      -1.206      -1.045
      -0.144      -0.242       0.326       0.189      -0.671      -0.361       0.025       0.140       0.766       0.319
      -0.289      -0.332      -0.884      -1.534      -1.193      -1.094      -1.605      -0.280       0.607       1.694
       1.596       0.755       0.212       0.338      -0.150       0.466       1.868       1.626       0.897       0.635
      -0.378      -1.304      -1.303      -1.300      -1.871      -1.838      -1.608      -1.515      -1.553      -2.097
      -2.157      -2.162      -2.281      -1.302       0.407       0.884       1.961       1.495       1.438       2.500
       2.315       1.386       2.283       1.305       1.676       2.680       2.468       1.202      -1.093      -2.256
      -1.270       0.403       0.562       1.904       2.071       1.530       2.347       0.899      -0.198      -0.660
      -1.113      -0.742      -1.330      -2.195      -1.090      -1.191      -2.401      -3.272      -3.411      -3.114
      -2.252      -2.375       0.126       1.992       1.489       0.525       0.074       1.548       2.099       2.215
       3.200       3.893       3.017       3.386       3.941       1.649      -0.160      -1.597      -2.199      -1.909
      -3.537      -2.436      -3.013      -4.329      -3.112      -2.860      -3.915      -3.361      -1.364       0.662
       2.672       3.467       4.119       1.596      -0.640      -0.616      -0.314      -0.144      -0.357       0.397
       0.010      -1.715      -4.507      -5.142      -4.178      -2.279      -0.174       3.731       4.873       2.566
       3.332       4.365       5.016       4.297       4.110       3.483       3.994       5.144       4.856       3.231
       1.975      -1.403      -3.257      -3.855      -6.071      -4.812      -2.046       0.766       1.069      -0.474
      -0.553       0.072      -2.089      -0.839      -0.031      -1.031      -0.134       1.547       0.837      -1.562
       0.008      -0.569       0.569       2.393       3.428       0.888      -0.802       0.572      -0.673       1.187
       3.402       1.952       0.823       3.039       2.527       0.557      -0.195       1.318       2.794       3.441
       2.987       2.977      -0.617      -4.441      -5.656      -2.925       0.438      -0.184      -1.335      -3.574
      -2.782      -4.000      -3.625      -1.268       1.998       0.786       0.030       0.924      -1.929      -0.809
       2.549       3.783       6.454       9.110       6.612       2.017      -3.424      -2.881      -2.942      -1.863
      -0.464      -4.521      -7.290      -5.362      -1.740       2.614       4.208       1.301       0.453      -3.352
      -5.461      -4.877      -3.409      -4.339      -3.633       1.039       3.251       1.748       1.957      -0.845
      -2.548      -1.968       2.395       1.860       2.010       3.029       2.401      -1.615      -1.312      -2.980
      -3.140       0.016      -4.178      -3.503       0.284       6.118       8.079       4.832       0.730       2.040
       3.740       3.094       5.809       4.216       2.482      -2.595      -6.277     -10.732      -8.534      -3.781
      -3.813      -8.644     -12.721      -9.132      -6.430      -2.381      -0.100      -6.793      -8.279      -4.447
      -0.657       4.901       9.919      13.482      13.111      10.953       5.611       3.403       5.346       4.983
      -3.311      -7.317      -9.113      -5.635      -3.634      -1.979      -6.628      -8.595      -7.769      -3.496
      -1.951      -8.608      -4.462       1.996       7.416       9.814       7.441       6.550       0.483       0.333
       5.842       4.168      -4.989      -7.873     -10.758     -12.430     -11.029      -7.772      -1.080       1.017
       0.090       5.395      11.541      10.328       7.675       3.274      -2.114       0.953       1.554       4.248
       1.940       5.209      11.618      12.255      10.250       5.120      -5.270     -15.444     -14.273      -3.075
       6.542      10.777       9.976       8.042      -4.260      -9.991      -6.946       0.643      -1.423      -6.779
      -2.164       0.729      -2.810       4.621       8.002       3.094      -5.374      -6.267      -5.880      -4.179
      -0.485      -4.060      -0.976      -6.023      -4.777       4.287       8.894      15.924      13.881      17.698
      11.513       0.306      -7.799      -6.531      -8.608     -12.001     -12.252     -11.547      -3.719       5.045
       6.344      -4.222     -12.789     -10.988      -4.562       4.159      13.314      15.035      12.225       4.710
       1.459       6.732       7.358       9.488      -1.806      -8.293      -7.189       2.176       5.328       1.847
       0.414       1.063       5.122       3.227       6.190      -0.746      -9.138      -9.448      -8.221      -0.568
       9.358       3.474       5.652      -2.395      -2.593       0.189      -1.237      -1.136     -13.099     -22.605
     -16.444      -6.971      -3.822       3.441       2.156       6.234       8.972       0.615      -1.008       5.528
       4.404       0.362       8.732       6.555      10.593       8.069       9.646       8.230      -0.178      -4.967
      -0.412       6.098      -2.553      -9.181      -8.005     -12.125      -5.806       7.265       9.849       0.652
     -12.783     -18.260     -11.005       2.377       2.533      -7.694     -17.282     -22.669     -17.886      -4.943
      14.807      28.451      28.116      17.631      11.086       4.771      -8.174      -9.357       0.505       5.638
       0.364      12.460      16.544       9.678       8.244      -0.865     -15.125     -13.832     -12.390     -18.041
     -14.986      -2.885      10.383       8.803       7.432      17.155       6.268      -0.938      -5.881     -13.148
      -7.497       5.353      10.213      -0.672     -13.978     -14.176       1.155       5.752      -5.629     -13.043
      -6.779     -10.006     -16.265      -4.867       3.832      12.563       2.714       0.860      10.488      19.080
      11.741      11.482      19.423       8.686      -0.356      -4.312       9.654      20.743      10.272      -4.651
     -16.966     -19.779     -24.077     -25.802     -20.813     -10.097      -3.510      -3.731      13.796      13.915
      19.706      21.608      11.937       0.412      -7.644     -16.895     -22.086     -18.892     -13.764      -3.487
       8.057       3.666       7.842      -2.589       3.241      13.822       7.413      -5.243      -2.957     -15.878
     -22.369      -8.940      -3.121      10.157      17.030      23.532      22.670      10.088       8.680       7.573
      -3.900     -11.441     -11.359     -18.369     -23.247     -15.502     -14.788     -11.259       1.441      -3.790
       3.594      -4.156      -1.063       1.873      -7.208       2.864       2.274       9.834      12.656       9.385
      -6.639     -11.230      -3.581       4.968       8.099      -0.695      -7.942       3.740      10.600      20.732
      14.273      -2.935      -5.001      10.303      21.791      13.882      13.160      12.282      -2.919      -2.472
       7.417       0.579     -11.806     -18.948     -22.218     -14.433     -17.968     -11.754      -9.408      -1.616
      20.582      30.320      30.766      26.562       6.722      -4.180     -11.252      -8.629      -5.771     -14.831
     -12.670      -0.823      18.466      18.531       8.987      -9.355     -25.455     -22.420     -18.892      -1.550
      24.578      38.009      34.532      17.156      -2.528     -10.200     -15.513      -9.504      -7.059     -22.766
     -19.800      -8.696       0.056       5.447      -4.030      -2.641       8.124      22.973      25.529      14.596
      -8.822     -14.763     -14.777     -18.202     -19.105     -15.864      -3.396       8.796      11.919      23.709
      24.667      13.955      19.961      12.882      -1.269     -17.065     -14.713      -3.600     -14.360     -17.175
     -13.512      -2.497       8.716      19.044      12.234      -8.591     -23.059     -26.063     -12.140      10.885
      23.403      35.066      21.337      -1.560     -18.661     -20.876     -16.246      -3.894      -0.889       4.173
       6.686       2.870      12.143      -2.964      -8.777      -3.603     -11.009      -4.955       8.965       9.641
      -4.118      -2.814       0.535      12.989      28.080      22.875      13.013      -0.954      -4.825     -12.014
     -14.955     -27.653     -32.909     -22.479      -6.387      13.420      17.098      27.027      17.536      -5.176
     -17.130     -29.030     -14.781      -0.651      12.087      10.284      10.865      -0.251       0.953      -1.917
      -9.653       1.583       9.240      22.922      23.141       8.878      -6.711       1.701      21.465      30.168
      15.120      -4.005     -18.618     -28.877     -29.916     -25.255      -8.980       1.079       7.074       6.183
      -4.692       1.271      -6.084      -9.709       6.004      22.825      30.431      21.760      14.463       1.471
     -11.896      -5.640      13.562      16.035      17.634      12.499      10.044       4.527       8.091       5.670
      -5.895     -17.840     -26.878     -21.020      -8.340     -11.089     -10.585      -0.709      -4.748      -3.156
      -4.457     -13.091     -10.539      -0.456      -1.079       2.712       2.376      -7.976     -11.572     -26.302
     -12.677       7.800      17.278       6.383      -5.319     -24.553     -32.520     -16.409       5.265       7.385
       4.747      12.297      10.115      -7.453     -14.144      -8.474      -4.658       5.791      18.153      23.645
      23.124      22.339      20.491      18.605       4.556     -12.607     -16.212      -8.430     -16.985     -13.599
     -10.543       0.163      13.804       8.272       6.910      10.005       5.585      15.639       9.573      -6.515
     -21.351     -29.908     -26.607     -16.158      -0.738      14.966      22.575       9.801       4.747      13.629
      13.062       1.195      -0.441       5.500      -6.358      -1.619      -2.024       1.237       9.757      -3.780
     -12.076     -11.349       5.632       2.480       3.758       8.111       7.010      17.147      20.460      17.414
      10.293       7.166     -14.223     -23.323     -25.801     -17.881      -1.326       6.314      -6.171      -4.233
     -11.224     -14.702      -8.824       6.554       6.419      -0.846      -0.967      -7.260      -4.036     -15.606
     -12.774       0.087      15.562      14.853       1.238       1.386      -6.614     -16.464      -3.073       9.048
      18.380      17.083      14.535      20.205      15.233       1.666     -17.336     -18.634     -12.460       2.039
       8.750      -5.455      -7.631       2.765       0.649     -14.307     -16.370      -3.105       2.605      -6.732
       2.009      16.660      19.906       9.971      14.318       6.957      -7.119     -17.382     -15.258      -5.704
      10.245       7.014     -11.336     -20.143     -10.794       1.609      -6.125     -17.831      -7.609       6.482
      16.471       5.752       3.319      -2.704     -11.341       2.291      14.793      17.939      -1.183      -9.881
      -7.619     -16.989      -1.691       9.232      14.376      13.256      10.250      23.510      25.073      16.981
       7.664      -4.749     -10.006     -22.728     -23.470      -7.985      11.884      23.524      15.909       1.559
       6.834       2.807      -1.489      -8.435      -4.015       4.712      -3.602     -17.221     -15.758      -2.639
      -0.362       1.100     -17.934     -24.569     -25.762     -11.273      12.931      25.862      27.959      14.055
       8.124      -4.338     -20.361     -12.124      -7.914       4.069       6.616      -1.566       7.058      -4.207
      -5.651      -3.075     -17.363     -21.829      -8.740       6.472      14.154      13.897      -4.889     -16.012
      -9.817      -0.240       9.086       4.087      -0.029       9.144      13.437      15.734      16.072      22.333
      16.022       2.466      -5.756     -17.034     -17.850      -1.557       7.224      -4.121     -13.467      -5.230
     -10.281      -8.654      12.416      18.878      23.018      21.519      20.173      11.939      12.386       9.450
      -6.572     -22.480     -21.528      -7.747      -8.070       6.762      13.500       0.731       5.399      10.058
       5.301       0.242     -11.670       0.862      -7.824     -13.180     -12.698     -24.849     -19.608     -12.718
     -10.040       2.846       7.001       7.580      -1.868       6.629       9.003      22.988      28.637      20.299
       1.091     -18.490     -15.361       5.118      21.816      21.143      14.271       6.304      -8.463       0.500
      -6.757      -2.026       3.618      -5.366       1.161       1.500      -8.312       1.524      -9.740      -7.303
     -10.038      -3.085      -3.542      -8.387      -5.403       4.185      14.670       3.365     -13.099     -21.575
     -26.367     -20.786     -14.307      -0.028      10.002      17.899       9.110      -2.733       6.316       5.944
     -10.164     -21.311     -18.885      -6.013      -2.531       9.144      25.324      34.825      30.110      15.634
      -1.227     -10.127     -15.474     -14.588      -5.962       8.822      13.845       4.615       0.751     -14.681
     -24.257     -23.507      -6.993      11.248      12.544      -1.262     -13.317     -14.452      -0.747       9.006
       2.590       6.799      11.636       1.735      -1.902       3.512      12.522       3.897     -10.506     -22.712
     -19.999      -8.174       3.510       9.443      -3.882     -10.634     -14.299     -10.450       1.464      -2.424
       0.864       5.346      -6.229      -9.549     -10.082      -5.577       2.598       4.162       1.335       3.867
      -4.381      -8.155       0.897      10.536      20.133      15.285      15.743      10.889      -3.119      -2.593
      -8.202      -9.155      -6.088      -7.129       1.930      -1.785      -3.933       6.193      16.527      15.261
      12.308       4.592       2.562      -3.712      -7.645       2.745       7.493       5.871      -3.736      -3.368
       0.849       9.772      10.373       1.726      -5.564      -4.010       4.546       1.853       1.337      -1.662
      -7.400      -7.611       0.380      -5.276      -8.713     -14.795      -9.796       3.568      14.749      23.099
      21.762      14.024       8.987      -0.061       4.184       4.661       6.175       7.690       3.616       0.485
      -8.692      -9.522      -6.145      -9.535      -1.778       2.874       7.343       7.118      -2.769      -9.091
      -5.761       3.685       0.622      -4.314      -5.509       3.268      12.843      11.857      12.501       3.161
      -7.324     -13.139      -7.174      -1.803      -7.504      -9.733      -9.589      -4.829      -4.925      -7.562
      -2.467       2.597      -2.328      -7.526      -6.308      -4.137       8.423      12.025       9.251       2.587
      -4.615       0.949       5.330       0.789      -5.582     -11.126     -11.550      -5.772       2.411      -0.634
      -0.214      -5.338      -2.945       1.645      -2.381      -9.129      -8.018      -3.180      -1.299       3.816
      11.384      11.804       9.600       8.405       1.978       5.404       9.058       2.385       3.118       1.061
       0.353       8.683      14.936      16.979      12.719       6.756      -2.425      -5.157      -1.677      -6.698
     -12.590     -12.401      -6.641       2.328      -0.200       0.033       0.899      -2.695      -3.552     -10.401
     -14.132     -15.198     -10.660      -4.269       3.524       5.868       5.645       7.534       4.589       7.889
       6.183      -0.055       0.871      -5.126     -11.558     -10.335      -6.122      -0.623      -0.916       0.918
      -3.272      -8.756      -4.224       3.363      10.401       9.260       3.516      -1.586       0.772       1.036
       3.095       7.709       6.821       9.243      -0.762      -4.818      -5.839      -7.108      -4.373      -7.707
      -7.452      -1.689      -1.476       1.755       6.760       3.159      -1.317      -5.787      -1.404       3.313
       6.601       8.560       6.296       4.450       3.929       2.259       4.424       7.125       2.555      -3.219
      -8.896     -10.887     -10.106      -3.850       2.721       3.910      -3.188      -8.504     -11.265      -7.459
      -3.626       1.770       2.733       3.528       6.149       2.000      -2.133      -0.355       4.067       4.320
       1.827       4.416      -1.088      -2.862      -0.897       3.157       3.411       6.923       4.909       5.623
      11.708      10.695       9.223       4.107      -4.048      -7.560      -9.014      -5.622      -5.187      -5.412
      -4.765      -4.810      -3.983      -7.525      -6.365      -5.233      -7.064      -4.203       1.632       6.977
       9.978      11.647       8.709       4.126       4.055       0.156      -1.642       0.340      -4.490      -5.219
      -5.289      -2.984      -3.351      -8.272      -8.225      -5.426      -5.306      -4.774      -0.223       2.436
       2.177       4.751       8.413      11.542       8.837       3.076      -0.371       0.427      -1.638      -5.596
      -6.218      -2.325       0.892      -0.213      -3.679      -6.519      -5.147      -2.336      -3.763      -1.182
       1.969      -0.689      -1.399      -4.029      -3.401      -0.359       4.639       6.603       2.518       0.698
       3.111       5.411       7.504       6.473       5.013       5.014       5.147       5.442       4.199       3.046
       3.973       1.743       1.746      -0.602       0.673      -0.775      -1.761      -3.552      -4.054      -0.394
       3.275       5.164       1.457      -3.546      -5.946      -4.283      -1.243      -1.854      -5.685      -2.756
       2.144       8.876      10.865       8.616       4.428      -1.325      -3.555      -1.802       2.976       3.580
       1.482       2.085       4.394       1.888      -0.358      -6.013     -10.037     -10.747      -9.397      -7.320
      -1.067       3.106       5.487       5.647       1.245      -3.390      -4.407      -1.774       0.222       2.660
       6.703       5.796       2.652      -2.993      -8.215      -9.773      -6.301      -3.064      -0.501       3.055
       4.721       3.597       1.639      -1.490      -1.282      -2.549       0.023       3.154       3.811       6.482
       5.551       4.431       3.782       2.448      -3.297      -4.862      -4.078      -1.227       2.157       1.614
       2.233      -0.501      -0.948      -2.414      -5.686      -4.863      -3.602      -4.287      -3.685      -2.462
      -1.072      -0.854      -4.145      -5.952      -4.493      -0.714       0.796       1.151       2.712       0.966
       0.303      -0.555       2.897       3.608       4.001       2.011      -0.181       1.373       1.159       1.225
      -0.949      -1.925      -0.822      -1.413      -3.462      -2.305      -1.611      -3.934      -4.169      -0.816
       0.126      -0.792      -1.624      -3.858      -1.750       0.649       1.916       4.043       4.277       5.932
       5.851       3.813       4.041       2.949       0.031      -3.380      -5.844      -5.674      -5.186      -3.319
      -2.017      -3.955      -4.359      -4.558      -1.647       0.312       1.420       2.711       3.881       5.401
       4.382       4.892       2.411      -0.500      -2.636      -2.853      -2.555      -4.033      -3.280      -2.245
      -0.124      -1.584      -1.994      -1.737      -1.136      -0.285       0.939       1.278       1.755       2.635
       3.324       1.229       0.141       0.073      -1.572      -1.351      -0.757       0.951       1.957       3.924
       3.532       5.490       3.885       1.766       0.403      -1.947      -2.383      -2.591       0.011       0.977
       0.461       0.265      -0.717       0.408       0.600      -0.849      -2.609      -1.583      -3.069      -2.464
      -2.831      -2.737      -1.582      -2.692      -2.177       1.253       5.023       5.952       6.337       4.963
       2.257       0.609      -0.521       0.742       1.069       1.815       1.780       1.503       0.199       0.026
      -0.280      -0.081      -0.093      -0.114      -2.040      -2.379      -0.631       0.509       0.394       0.360
      -1.015       0.496       1.511       0.952       2.730       2.788       1.140       1.010       2.380       4.426
       4.395       2.571       1.437       1.129       1.759       1.738      -0.146      -1.222       0.180       1.881
       2.164       3.094       2.233       2.732       3.430       1.727       0.357      -0.797      -0.052      -0.034
       2.429       3.636       2.234       0.798      -0.269      -2.115      -2.476      -3.406      -2.344      -1.379
      -0.035      -0.286      -0.859      -1.295      -1.787      -2.718      -1.252       0.920       2.591       3.024
       2.772       1.022      -1.213      -1.924      -3.298      -2.936      -1.563      -0.382       1.516       2.178
       1.875       0.125      -0.402      -2.445      -2.385      -0.525       0.851       0.792       0.437      -0.541
      -1.159      -2.715      -2.614      -3.094      -2.801      -2.719      -2.260      -1.449      -1.593      -1.928
      -1.026      -2.724      -2.905      -2.482      -2.522      -0.956       0.224       1.637       1.502      -0.420
      -1.413      -2.258      -0.972      -1.490      -2.223      -1.467      -0.106       1.389       1.545      -0.406
      -0.809      -1.652      -1.816      -0.493       1.169       1.430       0.802      -0.256      -1.875      -2.343
      -1.805      -1.773      -1.388      -1.198      -2.271      -2.233      -1.077      -0.529       0.222       0.258
      -0.069       1.095       1.653       2.824       3.443       2.437       1.953      -0.267      -1.595      -2.619
      -1.995      -1.205       0.232      -0.502      -1.070      -1.524      -1.890      -2.614      -3.039      -1.083
      -0.181      -0.628      -0.764      -1.128      -1.239      -0.949       0.130       0.371       1.166       0.393
       0.135      -0.303      -0.115       0.025      -0.314      -1.296      -1.874      -1.947      -0.620       0.891
       1.013       0.740       1.462       1.070       0.074      -0.939      -1.467      -1.177       0.625       1.798
       1.550       1.354       0.707       0.227       0.199      -0.208      -0.417       0.062       0.518       0.496
       0.429      -0.218      -0.412      -0.278      -0.536      -0.312       0.404       0.616       1.339       1.281
       0.588       0.251       0.013      -0.465      -0.013       0.309       0.926       1.174       1.137       0.737
       0.352      -0.005       0.085       0.382       0.578       0.872       1.267       1.221       1.293       0.972
       0.572       0.253       0.106      -0.054       0.044       0.025       0.158       0.219       0.170      -0.051
      -0.195      -0.432      -0.355      -0.133       0.180       0.435       0.449       0.159      -0.065      -0.187
      -0.155      -0.004       0.104       0.149       0.239       0.238       0.205       0.122       0.041       0.008
       0.018       0.038       0.046       0.027       0.000       0.000       0.000       0.000       0.000       0.000
       0.000       0.000       0.000       0.000       0.000       0.000       0.000       0.000       0.000       0.000
       0.000       0.000       0.000       0.000       0.000       0.000       0.000       0.000       0.000       0.000
       0.000       0.000       0.000       0.000       0.000       0.000       0.000       0.000       0.000       0.000
       0.000       0.000       0.000       0.000       0.000       0.000       0.000       0.000       0.000       0.000
       0.000       0.000       0.000       0.000       0.000       0.000       0.000       0.000       0.000       0.000
       0.000       0.000       0.000       0.000       0.000       0.000       0.000       0.000       0.000       0.000
       0.000       0.000       0.000       0.000       0.000       0.000       0.000       0.000       0.000       0.000
       0.000       0.000       0.000       0.000       0.000       0.000       0.000       0.000       0.000       0.000
       0.000       0.000       0.000       0.000       0.000       0.000       0.000       0.000       0.000       0.000
       0.000       0.000       0.000       0.000       0.000       0.000       0.000       0.000       0.000       0.000
       0.000       0.000       0.000       0.000       0.000       0.000       0.000       0.000       0.000       0.000
       0.000       0.000       0.000       0.000       0.000       0.000       0.000       0.000       0.000       0.000
       0.000       0.000       0.000       0.000       0.000       0.000       0.000       0.000       0.000       0.000
       0.000       0.000       0.000       0.000       0.000       0.000       0.000       0.000       0.000       0.000
       0.000       0.000       0.000       0.000       0.000       0.000       0.000       0.000       0.000       0.000
       0.000       0.000       0.000       0.000       0.000       0.000       0.000       0.000       0.000       0.000
       0.000       0.000       0.000       0.000       0.000       0.000       0.000       0.000       0.000       0.000
       0.000       0.000       0.000       0.000       0.000       0.000       0.000       0.000       0.000       0.000
       0.000       0.000       0.000       0.000       0.000       0.000       0.000       0.000       0.000       0.000
       0.000       0.000       0.000       0.000       0.000       0.000       0.000       0.000       0.000       0.000
       0.000       0.000       0.000       0.000       0.000       0.000       0.000       0.000       0.000       0.000
       0.000       0.000       0.000       0.000       0.000       0.000       0.000       0.000       0.000       0.000
       0.000       0.000       0.000       0.000       0.000       0.000       0.000       0.000       0.000       0.000
       0.000       0.000       0.000       0.000       0.000       0.000       0.000       0.000       0.000       0.000
       0.000       0.000       0.000       0.000       0.000       0.000       0.000       0.000       0.000       0.000
       0.000       0.000       0.000       0.000       0.000       0.000       0.000       0.000       0.000       0.000
       0.000       0.000       0.000       0.000       0.000       0.000       0.000       0.000       0.000       0.000
       0.000       0.000       0.000       0.000       0.000       0.000       0.000       0.000       0.000       0.000
       0.000       0.000       0.000       0.000       0.000       0.000       0.000       0.000       0.000       0.000
       0.000       0.000       0.000       0.000       0.000       0.000       0.000       0.000       0.000       0.000
       0.000       0.000       0.000       0.000       0.000       0.000       0.000       0.000       0.000       0.000
       0.000       0.000       0.000       0.000       0.000       0.000       0.000       0.000       0.000       0.000
       0.000       0.000       0.000       0.000       0.000       0.000       0.000       0.000       0.000       0.000
       0.000       0.000       0.000       0.000       0.000       0.000       0.000       0.000       0.000       0.000
       0.000       0.000       0.000       0.000       0.000       0.000       0.000       0.000       0.000       0.000
       0.000       0.000       0.000       0.000       0.000       0.000       0.000       0.000       0.000       0.000
       0.000       0.000       0.000       0.000       0.000       0.000       0.000       0.000       0.000       0.000
       0.000       0.000       0.000       0.000       0.000       0.000       0.000       0.000       0.000       0.000
       0.000       0.000       0.000       0.000       0.000       0.000       0.000       0.000       0.000       0.000
       0.000       0.000       0.000       0.000       0.000       0.000       0.000       0.000       0.000       0.000
       0.000       0.000       0.000       0.000       0.000       0.000       0.000       0.000       0.000       0.000
       0.000       0.000       0.000       0.000       0.000       0.000       0.000       0.000       0.000       0.000
       0.000       0.000       0.000       0.000       0.000       0.000       0.000       0.000       0.000       0.000
       0.000       0.000       0.000       0.000       0.000       0.000       0.000       0.000       0.000       0.000
       0.000       0.000       0.000       0.000       0.000       0.000       0.000       0.000       0.000       0.000
       0.000       0.000       0.000       0.000       0.000       0.000       0.000       0.000       0.000       0.000
       0.000       0.000       0.000       0.000       0.000       0.000       0.000       0.000       0.000       0.000
       0.000       0.000       0.000       0.000       0.000       0.000       0.000       0.000       0.000       0.000
       0.000       0.000       0.000       0.000       0.000       0.000       0.000       0.000       0.000       0.000
       0.000       0.000       0.000       0.000       0.000       0.000       0.000       0.000       0.000       0.000
       0.000       0.000       0.000       0.000       0.000       0.000       0.000       0.000       0.000       0.000
       0.000       0.000       0.000       0.000       0.000       0.000       0.000       0.000       0.000       0.000
       0.000       0.000       0.000       0.000       0.000       0.000       0.000       0.000       0.000       0.000
       0.000       0.000       0.000       0.000       0.000       0.000       0.000       0.000       0.000       0.000
       0.000       0.000       0.000       0.000       0.000       0.000       0.000       0.000       0.000       0.000
       0.000       0.000       0.000       0.000       0.000       0.000       0.000       0.000       0.000       0.000
       0.000       0.000       0.000       0.000       0.000       0.000       0.000       0.000       0.000       0.000
       0.000       0.000       0.000       0.000       0.000       0.000       0.000       0.000       0.000       0.000
       0.000       0.000       0.000       0.000       0.000       0.000       0.000       0.000       0.000       0.000
       0.000       0.000       0.000       0.000       0.000       0.000       0.000       0.000       0.000       0.000
       0.000       0.000       0.000       0.000       0.000       0.000       0.000       0.000       0.000       0.000
       0.000       0.000       0.000       0.000       0.000       0.000       0.000       0.000       0.000       0.000
       0.000       0.000       0.000       0.000       0.000       0.000       0.000       0.000       0.000       0.000
       0.000       0.000       0.000       0.000       0.000       0.000       0.000       0.000       0.000       0.000
       0.000       0.000       0.000       0.000       0.000       0.000       0.000       0.000       0.000       0.000
       0.000       0.000       0.000       0.000       0.000       0.000       0.000       0.000       0.000       0.000
       0.000       0.000       0.000       0.000       0.000       0.000       0.000       0.000       0.000       0.000
       0.000       0.000       0.000       0.000       0.000       0.000       0.000       0.000       0.000       0.000
       0.000       0.000       0.000       0.000       0.000       0.000       0.000       0.000       0.000       0.000
       0.000       0.000       0.000       0.000       0.000       0.000       0.000       0.000       0.000       0.000
       0.000       0.000       0.000       0.000       0.000       0.000       0.000       0.000       0.000       0.000
       0.000       0.000       0.000       0.000       0.000       0.000       0.000       0.000       0.000       0.000
       0.000       0.000       0.000       0.000       0.000       0.000       0.000       0.000       0.000       0.000
       0.000       0.000       0.000       0.000       0.000       0.000       0.000       0.000       0.000       0.000
       0.000       0.000       0.000       0.000       0.000       0.000       0.000       0.000       0.000       0.000
       0.000       0.000       0.000       0.000       0.000       0.000       0.000       0.000       0.000       0.000
       0.000       0.000       0.000       0.000       0.000       0.000       0.000       0.000       0.000       0.000
       0.000       0.000       0.000       0.000       0.000       0.000       0.000       0.000       0.000       0.000
       0.000       0.000       0.000       0.000       0.000       0.000       0.000       0.000       0.000       0.000
       0.000       0.000       0.000       0.000       0.000       0.000       0.000       0.000       0.000       0.000
       0.000       0.000       0.000       0.000       0.000       0.000       0.000       0.000       0.000       0.000
       0.000       0.000       0.000       0.000       0.000       0.000       0.000       0.000       0.000       0.000
       0.000       0.000       0.000       0.000       0.000       0.000       0.000       0.000       0.000       0.000
       0.000       0.000       0.000       0.000       0.000       0.000       0.000       0.000       0.000       0.000
       0.000       0.000       0.000       0.000       0.000       0.000       0.000       0.000       0.000       0.000
       0.000       0.000       0.000       0.000       0.000       0.000       0.000       0.000       0.000       0.000
       0.000       0.000       0.000       0.000       0.000       0.000       0.000       0.000       0.000       0.000
       0.000       0.000       0.000       0.000       0.000       0.000       0.000       0.000       0.000       0.000
       0.000       0.000       0.000       0.000       0.000       0.000       0.000       0.000       0.000       0.000
       0.000       0.000       0.000       0.000       0.000       0.000       0.000       0.000       0.000       0.000
       0.000       0.000       0.000       0.000       0.000       0.000       0.000       0.000       0.000       0.000
       0.000       0.000       0.000       0.000       0.000       0.000       0.000       0.000       0.000       0.000
       0.000       0.000       0.000       0.000       0.000       0.000       0.000       0.000       0.000       0.000
       0.000       0.000       0.000       0.000       0.000       0.000       0.000       0.000       0.000       0.000
       0.000       0.000       0.000       0.000       0.000       0.000       0.000       0.000       0.000       0.000
       0.000       0.000       0.000       0.000       0.000       0.000       0.000       0.000       0.000       0.000
       0.000       0.000       0.000       0.000       0.000       0.000       0.000       0.000       0.000       0.000
       0.000       0.000       0.000       0.000       0.000       0.000       0.000       0.000       0.000       0.000
       0.000       0.000       0.000       0.000       0.000       0.000       0.000       0.000       0.000       0.000
       0.000       0.000       0.000       0.000       0.000       0.000       0.000       0.000       0.000       0.000
       0.000       0.000       0.000       0.000       0.000       0.000       0.000       0.000       0.000       0.000
       0.000       0.000       0.000       0.000       0.000       0.000       0.000       0.000       0.000       0.000
       0.000       0.000       0.000       0.000       0.000       0.000       0.000       0.000       0.000       0.000
       0.000       0.000       0.000       0.000       0.000       0.000       0.000       0.000       0.000       0.000
       0.000       0.000       0.000       0.000       0.000       0.000       0.000       0.000       0.000       0.000
       0.000       0.000       0.000       0.000       0.000       0.000       0.000       0.000       0.000       0.000
       0.000       0.000       0.000       0.000       0.000       0.000       0.000       0.000       0.000       0.000
       0.000       0.000       0.000       0.000       0.000       0.000       0.000       0.000       0.000       0.000
       0.000       0.000       0.000       0.000       0.000       0.000       0.000       0.000       0.000       0.000
       0.000       0.000       0.000       0.000       0.000       0.000       0.000       0.000       0.000       0.000
       0.000       0.000       0.000       0.000       0.000       0.000       0.000       0.000       0.000       0.000
       0.000       0.000       0.000       0.000       0.000       0.000       0.000       0.000       0.000       0.000
       0.000       0.000       0.000       0.000       0.000       0.000       0.000       0.000       0.000       0.000
       0.000       0.000       0.000       0.000       0.000       0.000       0.000       0.000       0.000       0.000
       0.000       0.000       0.000       0.000       0.000       0.000       0.000       0.000       0.000       0.000
       0.000       0.000       0.000       0.000       0.000       0.000       0.000       0.000       0.000       0.000
       0.000       0.000       0.000       0.000       0.000       0.000       0.000       0.000       0.000       0.000
       0.000       0.000       0.000       0.000       0.000       0.000       0.000       0.000       0.000       0.000
       0.000       0.000       0.000       0.000       0.000       0.000       0.000       0.000       0.000       0.000
       0.000       0.000       0.000       0.000       0.000       0.000       0.000       0.000       0.000       0.000
       0.000       0.000       0.000       0.000       0.000       0.000       0.000       0.000       0.000       0.000
       0.000       0.000       0.000       0.000       0.000       0.000       0.000       0.000       0.000       0.000
       0.000       0.000       0.000       0.000       0.000       0.000       0.000       0.000       0.000       0.000
       0.000       0.000       0.000       0.000       0.000       0.000       0.000       0.000       0.000       0.000
       0.000       0.000       0.000       0.000       0.000       0.000       0.000       0.000       0.000       0.000
       0.000       0.000       0.000       0.000       0.000       0.000       0.000       0.000       0.000       0.000
       0.000       0.000       0.000       0.000       0.000       0.000       0.000       0.000       0.000       0.000
       0.000       0.000       0.000       0.000       0.000       0.000       0.000       0.000       0.000       0.000
       0.000       0.000       0.000       0.000       0.000       0.000       0.000       0.000       0.000       0.000
       0.000       0.000       0.000       0.000       0.000       0.000       0.000       0.000       0.000       0.000
       0.000       0.000       0.000       0.000       0.000       0.000       0.000       0.000       0.000       0.000
       0.000       0.000       0.000       0.000       0.000       0.000       0.000       0.000       0.000       0.000
       0.000       0.000       0.000       0.000       0.000       0.000       0.000       0.000       0.000       0.000
       0.000       0.000       0.000       0.000       0.000       0.000       0.000       0.000       0.000       0.000
       0.000       0.000       0.000       0.000       0.000       0.000       0.000       0.000       0.000       0.000
       0.000       0.000       0.000       0.000       0.000       0.000       0.000       0.000       0.000       0.000
       0.000       0.000       0.000       0.000       0.000       0.000       0.000       0.000       0.000       0.000
       0.000       0.000       0.000       0.000       0.000       0.000       0.000       0.000       0.000       0.000
       0.000       0.000       0.000       0.000       0.000       0.000       0.000       0.000       0.000       0.000
       0.000       0.000       0.000       0.000       0.000       0.000       0.000       0.000       0.000       0.000
       0.000       0.000       0.000       0.000       0.000       0.000       0.000       0.000       0.000       0.000
       0.000       0.000       0.000       0.000       0.000       0.000       0.000       0.000       0.000       0.000
       0.000       0.000       0.000       0.000       0.000       0.000       0.000       0.000       0.000       0.000
       0.000       0.000       0.000       0.000       0.000       0.000       0.000       0.000       0.000       0.000
       0.000       0.000       0.000       0.000       0.000       0.000       0.000       0.000       0.000       0.000
       0.000       0.000       0.000       0.000       0.000       0.000       0.000       0.000       0.000       0.000
       0.000       0.000       0.000       0.000       0.000       0.000       0.000       0.000       0.000       0.000
       0.000       0.000       0.000       0.000       0.000       0.000       0.000       0.000       0.000       0.000
       0.000       0.000       0.000       0.000       0.000       0.000       0.000       0.000       0.000       0.000
       0.000       0.000       0.000       0.000       0.000       0.000       0.000       0.000       0.000       0.000
       0.000       0.000       0.000       0.000       0.000       0.000       0.000       0.000       0.000       0.000
       0.000       0.000       0.000       0.000       0.000       0.000       0.000       0.000       0.000       0.000
       0.000       0.000       0.000       0.000       0.000       0.000       0.000       0.000       0.000       0.000
       0.000       0.000       0.000       0.000       0.000       0.000       0.000       0.000       0.000       0.000
       0.000       0.000       0.000       0.000       0.000       0.000       0.000       0.000       0.000       0.000
       0.000       0.000       0.000       0.000       0.000       0.000       0.000       0.000       0.000       0.000
       0.000       0.000       0.000       0.000       0.000       0.000       0.000       0.000       0.000       0.000
       0.000       0.000       0.000       0.000       0.000       0.000       0.000       0.000       0.000       0.000
       0.000       0.000       0.000       0.000       0.000       0.000       0.000       0.000       0.000       0.000
       0.000       0.000       0.000       0.000       0.000       0.000       0.000       0.000       0.000       0.000
       0.000       0.000       0.000       0.000       0.000       0.000       0.000       0.000       0.000       0.000
       0.000       0.000       0.000       0.000       0.000       0.000       0.000       0.000       0.000       0.000
       0.000       0.000       0.000       0.000       0.000       0.000       0.000       0.000       0.000       0.000
       0.000       0.000       0.000       0.000       0.000       0.000       0.000       0.000       0.000       0.000
       0.000       0.000       0.000       0.000       0.000       0.000       0.000       0.000       0.000       0.000
       0.000       0.000       0.000       0.000       0.000       0.000       0.000       0.000       0.000       0.000
       0.000       0.000       0.000       0.000       0.000       0.000       0.000       0.000       0.000       0.000
       0.000       0.000       0.000       0.000       0.000       0.000       0.000       0.000       0.000       0.000
       0.000       0.000       0.000       0.000       0.000       0.000       0.000       0.000       0.000       0.000
       0.000       0.000       0.000       0.000       0.000       0.000       0.000       0.000       0.000       0.000
       0.000       0.000       0.000       0.000       0.000       0.000       0.000       0.000       0.000       0.000
       0.000       0.000       0.000       0.000       0.000       0.000       0.000       0.000       0.000       0.000
       0.000       0.000       0.000       0.000       0.000       0.000       0.000       0.000       0.000       0.000
       0.000       0.000       0.000       0.000       0.000       0.000       0.000       0.000       0.000       0.000
       0.000       0.000       0.000       0.000       0.000       0.000       0.000       0.000       0.000       0.000
       0.000       0.000       0.000       0.000       0.000       0.000       0.000       0.000       0.000       0.000
       0.000       0.000       0.000       0.000       0.000       0.000       0.000       0.000       0.000       0.000
       0.000       0.000       0.000       0.000       0.000       0.000       0.000       0.000       0.000       0.000
       0.000       0.000       0.000       0.000       0.000       0.000       0.000       0.000       0.000       0.000
       0.000       0.000       0.000       0.000       0.000       0.000       0.000       0.000       0.000       0.000
       0.000       0.000       0.000       0.000       0.000       0.000       0.000       0.000       0.000       0.000
       0.000       0.000       0.000       0.000       0.000       0.000       0.000       0.000       0.000       0.000
       0.000       0.000       0.000       0.000       0.000       0.000       0.000       0.000       0.000       0.000
       0.000       0.000       0.000       0.000       0.000       0.000       0.000       0.000       0.000       0.000
       0.000       0.000       0.000       0.000       0.000       0.000       0.000       0.000       0.000       0.000
       0.000       0.000       0.000       0.000       0.000       0.000       0.000       0.000       0.000       0.000
       0.000       0.000       0.000       0.000       0.000       0.000       0.000       0.000       0.000       0.000
       0.000       0.000       0.000       0.000       0.000       0.000       0.000       0.000       0.000       0.000
       0.000       0.000       0.000       0.000       0.000       0.000       0.000       0.000       0.000       0.000
       0.000       0.000       0.000       0.000       0.000       0.000       0.000       0.000       0.000       0.000
       0.000       0.000       0.000       0.000       0.000       0.000       0.000       0.000       0.000       0.000
       0.000       0.000       0.000       0.000       0.000       0.000       0.000       0.000       0.000       0.000
       0.000       0.000       0.000       0.000       0.000       0.000       0.000       0.000       0.000       0.000
       0.000       0.000       0.000       0.000       0.000       0.000       0.000       0.000       0.000       0.000
       0.000       0.000       0.000       0.000       0.000       0.000       0.000       0.000       0.000       0.000
       0.000       0.000       0.000       0.000       0.000       0.000       0.000       0.000       0.000       0.000
       0.000       0.000       0.000       0.000       0.000       0.000       0.000       0.000       0.000       0.000
       0.000       0.000       0.000       0.000       0.000       0.000       0.000       0.000       0.000       0.000
       0.000       0.000       0.000       0.000       0.000       0.000       0.000       0.000       0.000       0.000
       0.000       0.000       0.000       0.000       0.000       0.000       0.000       0.000       0.000       0.000
       0.000       0.000       0.000       0.000       0.000       0.000       0.000       0.000       0.000       0.000
       0.000       0.000       0.000       0.000       0.000       0.000       0.000       0.000       0.000       0.000
       0.000       0.000       0.000       0.000       0.000       0.000