        4096     0.02000
      -0.006      -0.006      -0.006      -0.005      -0.006      -0.006      -0.003      -0.006      -0.006      -0.002
      -0.007      -0.006      -0.003      -0.005      -0.006      -0.013      -0.007      -0.006       0.001       0.010
      -0.004      -0.013      -0.018       0.003      -0.000      -0.005      -0.017      -0.070      -0.009      -0.006
       0.058      -0.004      -0.010      -0.101      -0.008      -0.002       0.034      -0.015      -0.025      -0.139
      -0.061      -0.012      -0.031      -0.084      -0.072      -0.034       0.038       0.187       0.008      -0.022
      -0.224      -0.043      -0.013       0.209       0.015      -0.046      -0.278      -0.016       0.029       0.298
       0.027      -0.012      -0.341      -0.039       0.019       0.318      -0.001      -0.073      -0.352      -0.007
       0.074       0.434       0.031      -0.096      -0.233       0.266       0.158      -0.000      -0.194      -0.376
      -0.175      -0.341      -0.370      -0.221      -0.482      -0.167       0.044       0.381       0.669       0.377
       0.266      -0.001       0.070      -0.049      -0.246      -0.571      -0.810      -0.500      -0.127       0.849
       0.593       0.088       0.342       0.575       0.937       0.743       0.277      -1.005      -0.885      -0.605
      -0.717      -0.828      -0.645       0.231       0.495       0.783       1.136       0.514       0.766       1.198
       1.158       1.239       0.350      -1.323      -1.347      -0.422       0.919       1.354       1.157       0.600
       0.677       1.246       1.514       1.230       0.288      -0.441      -0.851      -0.091       1.203       1.260
       0.138      -1.740      -1.404       0.565       1.803       1.293      -0.953      -0.193      -0.029       1.299
       1.957       0.647      -0.501      -1.261      -0.492       1.679       2.117       0.849      -0.882      -2.211
      -1.155       1.178       1.818       0.474      -1.858      -2.336       0.407       2.427       1.601      -0.129
      -1.553      -0.359       2.294       2.605       0.410      -1.296      -2.708      -0.516       0.808       2.789
       1.945      -0.077      -0.481       1.333       2.490       1.440      -0.281      -1.994      -1.283       1.223
       3.143       2.449      -0.811      -1.829      -0.840      -0.072       1.929      -0.854      -2.254      -2.130
      -1.570       0.926      -0.035      -2.326      -3.636      -2.522      -1.093      -0.283       1.093       0.656
       1.997       1.192       1.572       2.460       0.589      -2.365      -3.314      -4.114      -2.287      -1.301
      -1.574      -1.465      -1.337       1.310       3.150       1.742       2.797       0.930       0.742       0.993
      -1.013      -2.382      -4.287      -4.742      -2.782      -1.887      -3.012      -4.906      -4.619      -2.314
       0.910       2.460       1.394      -0.002      -0.510       0.914       4.863       3.650      -1.512      -4.935
      -3.637       0.662       3.975       5.578       3.653       0.477       1.669       5.756       4.983       2.452
      -2.638      -3.719      -1.955       2.314       6.074       5.287       1.567       0.180       1.586       4.760
       3.091      -0.062      -2.740      -4.346      -0.269       1.427       3.276      -2.064      -5.648      -4.836
      -3.003      -0.590      -1.355      -3.399      -5.399      -4.617      -1.300       0.795      -2.619      -6.192
      -7.343      -6.179      -4.219       0.813       3.801       4.248       4.582       3.520       4.618       4.800
       0.368      -4.486      -6.061      -2.722      -2.779      -2.514      -2.891      -0.955      -1.394       3.223
       5.672       4.988       2.087      -1.173      -4.110      -5.856      -3.054      -1.818      -1.780      -4.274
      -2.293       1.463       5.074       7.813       6.367       4.219       1.563       1.203      -2.304      -7.744
      -6.983      -5.252      -2.529      -0.297       3.152       6.209       4.674       5.392       2.555       1.318
      -1.355      -5.949      -5.386      -1.511       0.368      -0.937       1.250       3.064       2.887       6.404
       5.009       1.763      -2.576      -1.883       2.724       2.444       1.188      -6.274      -5.023      -1.109
       5.217       6.336       5.886       1.303      -1.891       0.953       4.673       1.939      -6.354      -9.071
      -5.309       1.567       4.412       1.369       1.978       0.532      -0.647       3.713       3.260       2.708
      -2.712      -2.816      -1.499       0.584       0.462      -3.057      -1.325      -1.775      -2.240       1.385
       5.222       3.369       1.951      -5.848      -5.184      -4.425      -4.561      -3.394      -1.894       5.840
       9.580      12.092       8.883      -1.355      -4.164       4.122      10.007      10.216       3.742      -8.977
     -10.865      -9.288      -3.840       5.506       7.584       3.303      -2.833      -4.369      -1.216       6.669
       8.667       9.744       8.038       3.990      -2.590      -8.940     -13.633     -10.062      -8.842      -8.509
      -0.194       8.118       8.611       2.455      -5.424      -6.421     -10.966      -5.253      -2.057      -2.846
      -5.734      -4.516       2.494       2.814      -2.903      -5.035       1.940       8.057       5.865      -0.714
     -10.314      -8.119      -3.535       0.546       3.084       5.092       8.440      12.383      18.293      17.937
      17.686      10.451       3.116      -3.469      -7.489     -12.963     -18.950     -17.966      -9.627       1.922
       7.654       1.254       4.679      12.185      19.594      17.580       8.221       1.104      -8.791      -6.857
      -8.202      -8.109      -4.038     -11.350     -14.976      -5.234      10.883      13.724       3.833      -7.239
      -8.490      -2.214      -1.939       1.891       7.214       4.498      -0.542      -5.355      -3.228      -1.216
      -8.935     -13.513      -8.601      -5.393      -4.366       0.481      -1.102      -7.860      -0.030       5.263
      11.771       6.352       6.511       9.647       5.131       8.884       1.549      -9.790     -12.936      -9.858
       2.060      13.886      19.729      16.977      17.721      10.821       7.043       7.891       3.937       1.862
      -3.455      -0.666      -5.480     -12.119     -18.016     -18.508      -9.288      -5.339       6.862       9.024
      13.485      12.731       0.824      -7.216     -16.232     -16.600      -9.639      -4.573      -5.921      -2.347
      -9.766     -14.355     -10.997      -3.826      -8.556      -5.139      -0.177      -6.658      -2.985       3.748
      14.257      16.194       7.924      -2.715      -0.874      13.255      21.436      14.189      -0.296     -11.515
     -13.946      -7.711      -0.962      -7.965     -15.335     -18.309     -16.840      -3.511       4.955       7.714
       8.088       2.389      11.616      16.836      18.634       8.275      -5.224      -5.653     -15.890     -11.905
      -6.926     -12.864      -3.542       4.630      19.254      19.122       9.361       5.586      -1.899       5.997
       1.329       5.628       0.264     -12.188     -23.056     -20.554      -7.225       7.909       2.899       0.824
       9.031      12.330      22.952      20.895      10.163     -10.633     -17.571     -15.936     -17.073      -2.564
      -1.722       4.095      14.979      19.848      27.728      18.943       2.927     -14.006     -23.702     -23.923
     -11.660     -14.307      -7.285      -5.828      -3.418      -0.554     -15.236     -11.697      -0.599      14.838
      15.810      16.159      29.969      30.201      25.557       8.872      -5.598     -13.907     -10.020       0.376
      -1.721       8.162       3.477       1.809       1.020     -17.354     -21.462     -22.560     -10.813       7.624
      17.099      22.472      23.412      12.686      -4.374      -8.402      -3.000     -12.644      -4.631      -5.314
      -5.126      -9.087     -22.177     -24.024     -14.913       2.085      14.047       9.133      -2.466      11.055
      16.102       9.731      -9.615     -25.560     -20.752     -14.179       0.621      -1.475      -8.900      -1.903
       6.659      12.911      24.081      27.593      25.279       9.858       4.549      14.687       8.576      -4.851
     -19.310     -15.176      -9.292      10.836      12.855       2.244      -8.989      -6.265       2.152      -8.584
     -21.142     -19.418      -6.939       0.359       8.295      -1.499      -2.817      -5.342     -14.935       1.975
      11.534      23.208      14.709       6.710       2.997      -0.897      12.084      14.370      22.349      13.433
      -1.872      -8.187     -13.525       1.044       4.594       9.190       5.799       3.551      11.158       1.871
      -6.286     -10.656     -16.831      -6.491       2.022      -2.256      -9.691      -2.551       8.269       8.015
      -0.502     -12.645      -5.738       5.136       5.628     -15.462     -20.582     -20.413      -8.940       8.972
      26.455      28.632       6.959      -2.659       7.200       0.115      -1.221      -8.366     -10.046      -0.176
       1.423      23.204      21.250      16.062       8.456     -10.809     -14.442     -14.095      -7.617     -19.928
     -29.551     -26.890     -23.702      -9.605       4.770      10.519      15.103       4.204       4.731       7.229
      -6.311       1.647       1.814       3.317      -2.883     -13.707       0.064      11.100      17.881       4.510
      -7.915      -7.338       5.584      11.214       0.630      -5.554      -2.325      -2.003      -7.335       4.188
       1.766     -12.828     -12.896       1.228      11.888       8.500      -7.202     -16.781     -12.868       3.924
       8.990       2.002      -1.369     -14.308     -14.645      -9.172       7.430      25.377      33.961      25.990
       3.868     -17.258     -26.413     -16.296       0.978       9.756      19.499      14.064      -1.873     -12.585
      -4.261       5.557      -3.578       1.246      15.007      29.876      37.994      31.637      10.197     -11.069
     -20.506     -19.042       2.160       4.876      -5.341     -17.660     -14.299      -6.839      -7.006      -7.890
     -12.758      -5.002     -10.951       5.976       6.941       5.765       8.501      -5.234       6.505       7.327
      10.154      12.694      -0.873      -3.270     -16.717     -16.021      -4.983       5.473      -4.785     -20.760
     -28.623     -20.320     -11.410     -10.226      -7.114     -10.550      -1.974       9.160      18.704      18.737
      21.694      10.734      -1.839      -4.638     -16.396      -3.610      -3.523       5.535      14.759      11.703
       8.373      -5.104       5.755       7.464      -1.477      -1.604     -19.305     -13.622       9.866      24.617
      22.080      18.441      17.153      11.401       4.127      -4.361     -18.239     -24.776     -14.528     -11.424
       6.042      16.002       5.236      -0.478      11.659      16.751       7.387      -3.977     -24.326     -32.502
     -24.363     -18.003      -7.122       1.714       6.616       0.820       8.662      24.594      29.342      16.086
      -5.092      -3.081       7.199      12.435       8.068      -9.390     -20.106     -12.094     -11.115      -4.727
      10.749       2.988       9.596       3.196      -1.150      -1.055      -2.908      15.172      14.418      15.477
       8.357     -10.274     -25.142     -27.538      -8.200       3.668      11.881      -2.738      -9.931      -7.861
      -0.043       6.736      -4.396     -10.716      -1.081      -2.384     -10.042     -11.036      -6.274      -1.909
     -12.070       0.473      19.261      26.650      13.321     -13.028     -22.520     -24.727     -19.242      -3.266
      11.235      28.765      21.302      23.468      26.181      19.750       3.062     -15.623      -5.084      -2.732
      12.628      20.499      10.035      -0.024      -5.319       4.471      -2.872      -0.481     -14.704     -28.292
     -20.682      -3.468       1.538     -12.334      -5.696       7.108       8.059       0.091       4.168      19.504
      22.712      16.814       1.611     -14.591     -18.228     -17.289     -13.672       5.097      17.267       7.393
      -2.437       2.168      -6.932     -12.782      -3.096       7.699       1.480      -5.091       3.384       1.371
     -10.945     -16.961     -14.849       4.528      19.763      24.781      14.241       8.337      -7.652     -22.393
     -30.114     -18.830      -1.514      -6.967      -6.034     -10.141     -18.732     -12.175      -2.256      13.740
      11.269      15.279      11.515      10.088       6.037       4.013      10.739      13.719       9.974       6.586
       4.072      -1.050      12.330      13.733       2.491      -7.784     -23.082     -21.360     -11.766       0.312
      18.201      23.795      15.335       9.521       3.753      -1.305       1.006     -11.408      -9.816      -1.952
       7.566      -1.938      -1.924      -5.725      -2.541       0.294      -3.821       9.924       8.779      -2.168
      -9.198      -9.900     -22.692     -27.967     -13.358       5.066      18.693      27.362      20.076       5.685
     -11.768     -20.266     -13.232     -15.744      -6.401      -4.424       1.290      18.638      19.143      20.213
       9.424       3.042      -3.404     -20.757     -15.507       5.392      22.324      28.920      29.728      25.747
      18.559       4.993      -8.095     -13.776     -19.052      -9.182       5.577       1.497      -4.100      -2.457
     -16.036     -21.233      -5.981      13.259      16.783       9.150      -9.277     -22.320     -20.941      -0.577
      -1.669      -3.509      -1.647      -1.612       2.677       6.544      16.832      18.091      11.408      12.394
      14.090      14.890      14.082      -2.357     -11.079     -14.618     -27.713     -38.006     -35.976     -25.532
     -12.012     -10.961      -5.310      -4.291       2.381       8.673       8.713      -2.367      -9.499       1.386
      10.930      17.127      18.953       3.191     -15.188     -19.247      -5.225      -3.895       6.960      11.230
      -7.787     -19.175     -28.357     -13.774       3.213      18.687      27.025      19.854       6.979      -9.705
      -8.885       1.886       0.183     -15.057     -21.193      -8.649       4.200       7.137       2.878     -10.881
      -7.311     -10.481      -3.280       4.093      16.280      25.159      19.715       2.584      -6.917      -8.419
       0.709       9.433       5.116       4.177     -12.869     -22.588     -26.297     -13.942      -3.585       0.486
       9.262      17.787      24.434      19.817       4.527     -12.067     -10.341      -7.608       0.104      -3.742
     -10.828      -4.611       1.774      -3.283      -0.206       1.014      -2.901       8.752       7.488      11.146
      10.316      12.820      16.640      12.155       3.306      -9.663     -11.967       2.325      12.355      13.806
       7.331      -8.122     -13.549      -9.459       6.101      16.763      12.645       3.090      -5.151      -8.627
      -5.401      -1.322     -11.433      -6.335       6.141      12.725       6.892      -0.409       1.803      -8.190
      -8.088     -10.954     -14.429      -5.232       5.634      14.780      17.400      13.623       7.696      -7.752
     -16.278     -13.330      -5.243      -0.029       2.932       3.148      15.138      24.443      23.594       7.840
      -7.707      -9.196     -13.583     -19.302     -23.260     -21.180      -8.595       6.533      16.921      12.778
      -2.313     -12.254     -19.199      -9.332       3.398       8.363       4.465      -9.276     -12.657      -6.965
       0.302      -1.859       2.692       8.716      18.325      22.707      13.290       4.407      -9.817     -14.152
      -9.945      -7.423       3.447      10.091      16.257      18.439      16.655      10.572       5.054       5.205
      -3.144     -12.185     -10.008      -8.299      -5.597       0.051      -0.455      -4.629      -4.755       5.235
       8.804       9.026       5.983       4.352       9.337       9.162       4.826      -2.724      -4.009      -0.192
      -0.829      -6.717     -10.867     -11.166     -12.459      -5.737      -7.836      -0.798      -0.069      -1.284
      -1.427      -7.730      -3.380      -4.113       6.909      17.927      19.467      18.013      11.260       0.107
      -4.599      -5.689      -9.540      -8.388      -3.457       3.185      11.973      13.383      12.905       0.972
      -3.533      -5.030      -6.361       0.270       3.601      -4.924      -8.378      -9.947      -7.224      -6.228
     -11.766     -15.718     -19.376     -16.173     -10.606      -2.280       4.365       7.992       3.701       0.922
      -0.498      -6.051      -6.308     -10.541      -8.316      -2.035       5.085      10.579      15.401      15.634
      10.285       2.337       0.689       6.844       6.941       3.521      -4.560      -3.383      -1.864      -2.128
       1.530       2.466      -0.008       1.652       9.142      11.488       8.308      -0.221       0.144      -0.242
      -2.604      -0.479       0.736      -4.232      -8.079      -3.777       3.028       3.505      -2.425      -8.261
      -7.101      -3.932       0.584       3.649      -1.602       0.290      -1.861      -8.345      -8.616      -3.667
       0.080      -0.008       4.559       7.114       2.931       0.152      -2.274      -4.132       0.521      -0.921
      -1.103       3.173       3.063      -3.825      -8.701     -11.336     -13.650      -9.637       1.863      10.291
      11.491       6.277      -0.558      -2.144      -0.029       6.342       6.053      -2.757      -8.516      -6.731
      -0.910       1.900      -3.046      -8.849      -7.247      -3.955       3.210       8.570       5.129       3.792
       7.407      12.644      12.666      10.587       3.564      -1.481      -3.274      -2.977      -0.062      -3.680
      -2.396       1.456       1.837       1.811       3.690       1.059       2.027       2.338       3.646       3.987
      -2.248      -7.826      -5.147      -2.823       2.889       1.324      -0.167       1.994       4.593      10.046
       7.365       3.643      -3.143      -9.154      -8.716     -10.935     -10.762     -10.861      -9.604      -5.741
      -0.701       2.333       0.912       2.162       7.214      10.059       6.612       3.460      -0.174       1.858
       0.948      -3.255      -8.816     -11.729      -8.502      -3.053       4.426       7.626       2.501      -1.039
       2.529       9.484      11.149       9.325       4.628       2.160       3.256       1.116      -2.768      -2.196
       2.034       5.394       9.386      10.385      10.621       4.635       3.581       1.612      -0.508      -1.275
      -2.761      -2.626      -5.304      -2.283       2.542       4.450       3.253       4.382       1.724      -1.279
       0.544      -0.359      -3.127      -3.374      -0.667      -2.130      -6.868      -6.670      -9.308      -8.972
      -5.639      -1.524      -0.614      -2.515      -3.561      -3.809      -5.601      -2.941      -0.560      -1.061
       0.656       1.122       1.301      -1.827      -2.909      -1.750       0.868       3.799       3.293       3.990
       7.996       9.467       7.642       5.536       2.501       0.230      -1.076       1.181       3.691       1.512
       0.652       2.852       1.696       2.334       1.494      -1.984      -5.791      -6.425      -2.472      -4.224
      -4.789      -4.713      -4.117      -5.975      -6.243      -3.937      -1.433       1.261       2.201      -1.156
      -2.531      -0.023       1.665      -2.443      -7.832      -9.078      -7.217      -3.816      -0.153      -0.115
      -0.244      -1.252      -0.480       4.425       5.275       3.967       1.241      -0.916       1.061       3.158
       1.993      -1.566      -2.259      -4.072      -3.382      -1.827       0.287       2.231       3.186       1.820
       1.017       4.254       7.620       5.104       0.778      -0.226       1.531       2.744       1.575       4.092
       3.493       4.075       2.054       0.390      -0.437      -1.524      -2.166       0.741       3.432       3.340
       1.700       3.245       2.523       1.944       1.930      -0.104      -0.531       1.331       1.193      -2.578
      -5.506      -4.880      -1.594       3.286       2.349       0.245      -2.877      -4.480      -1.247      -0.101
       0.152      -0.507      -3.033      -0.357       2.411       4.787       4.226       2.014      -0.623      -3.841
      -2.243      -0.801      -2.111      -2.295      -3.941      -3.570      -0.774       2.562       2.772       1.909
       0.840      -0.749      -1.682      -0.575       0.972      -1.334      -5.121      -7.413      -6.143      -4.252
      -2.482      -0.945      -1.241      -2.924      -2.274      -0.390       0.303      -0.158       1.055       3.230
       2.630       2.249       0.177      -1.151       0.787       2.312       2.658       2.436       3.093      -0.147
      -1.392      -2.419      -3.964      -3.241      -2.124      -1.862      -0.182       0.893       1.279       2.719
       0.976      -1.781      -3.682      -2.925       0.313       0.242      -0.567      -1.668      -3.516      -2.740
      -3.279      -3.856      -3.423      -3.177      -2.264      -1.497      -0.897       1.283       2.807       1.947
      -0.174       0.777       1.649       3.370       3.498       1.247      -1.963      -1.832       1.900       5.228
       5.266       4.219       3.131       3.118       3.885       5.158       5.270       2.867       0.843       0.558
       0.606       0.521       1.675       0.605      -1.218       0.714       3.447       2.768       2.939       1.729
       0.282       0.337      -0.036       0.444      -0.539      -0.136       0.786      -0.029       0.395       2.251
       2.017       2.553       2.901       0.526      -0.559      -0.885       0.590       0.827       0.443       2.234
       2.287       1.609       1.972       3.981       3.665       1.789       2.935       5.551       5.733       3.813
       0.197      -1.495      -1.604      -1.207      -0.638      -3.170      -4.387      -3.796      -3.206      -0.767
       1.466       2.207       0.385      -1.108      -0.217       1.706      -0.047      -1.621      -4.011      -6.328
      -5.626      -4.412      -2.517      -0.841      -0.303       1.998       3.459       4.333       3.145       2.377
       1.898       1.208       0.639      -0.353      -1.849      -3.144      -4.306      -3.437      -2.581      -0.426
       1.146       1.851       2.856       2.222       2.010       2.166       0.918      -1.222      -3.773      -5.084
      -5.635      -3.883      -2.268      -1.164      -0.853      -0.063       2.496       3.845       3.083       1.898
       0.954      -0.515      -1.783      -4.288      -5.086      -6.528      -5.952      -4.200      -4.004      -3.524
      -2.209      -0.819      -1.007       0.192       1.786       2.607       1.408      -1.859      -3.578      -4.504
      -2.835      -3.404      -3.760      -2.935      -1.681      -0.416       0.060       0.628       0.497       1.808
       2.124       0.946      -0.883      -0.510       1.071       1.356       0.364      -0.969      -1.272      -0.285
       1.628       2.205       1.505       1.101       0.557       0.235       0.958       2.459       1.904      -0.406
      -1.302      -1.996      -1.119       0.049       0.499      -0.520      -1.586      -0.521       0.810       2.197
       1.305       0.321       0.226       0.591       1.518       1.294       0.608      -0.349      -1.251      -0.974
      -0.406       0.045      -0.779      -0.877      -0.153       0.747       1.902       1.281       0.130      -0.454
      -1.093      -0.195       0.160       0.174       0.146      -0.301      -0.046       0.527       0.700       0.606
       0.592       0.916       1.432       1.657       1.067       0.515      -0.237      -0.384      -0.164      -0.724
      -0.895      -1.060      -0.735      -0.097       0.069       0.349       0.505       0.802       0.912       0.488
       0.128      -0.128      -0.242      -0.348      -0.423      -0.689      -0.637      -0.401      -0.404      -0.307
      -0.198      -0.014       0.231       0.147       0.197       0.207       0.086       0.109       0.088       0.081
       0.136       0.181       0.322       0.351       0.332       0.304       0.262       0.187       0.125       0.085
       0.026      -0.008      -0.018      -0.008       0.000       0.000       0.000       0.000       0.000       0.000
       0.000       0.000       0.000       0.000       0.000       0.000       0.000       0.000       0.000       0.000
       0.000       0.000       0.000       0.000       0.000       0.000       0.000       0.000       0.000       0.000
       0.000       0.000       0.000       0.000       0.000       0.000       0.000       0.000       0.000       0.000
       0.000       0.000       0.000       0.000       0.000       0.000       0.000       0.000       0.000       0.000
       0.000       0.000       0.000       0.000       0.000       0.000       0.000       0.000       0.000       0.000
       0.000       0.000       0.000       0.000       0.000       0.000       0.000       0.000       0.000       0.000
       0.000       0.000       0.000       0.000       0.000       0.000       0.000       0.000       0.000       0.000
       0.000       0.000       0.000       0.000       0.000       0.000       0.000       0.000       0.000       0.000
       0.000       0.000       0.000       0.000       0.000       0.000       0.000       0.000       0.000       0.000
       0.000       0.000       0.000       0.000       0.000       0.000       0.000       0.000       0.000       0.000
       0.000       0.000       0.000       0.000       0.000       0.000       0.000       0.000       0.000       0.000
       0.000       0.000       0.000       0.000       0.000       0.000       0.000       0.000       0.000       0.000
       0.000       0.000       0.000       0.000       0.000       0.000       0.000       0.000       0.000       0.000
       0.000       0.000       0.000       0.000       0.000       0.000       0.000       0.000       0.000       0.000
       0.000       0.000       0.000       0.000       0.000       0.000       0.000       0.000       0.000       0.000
       0.000       0.000       0.000       0.000       0.000       0.000       0.000       0.000       0.000       0.000
       0.000       0.000       0.000       0.000       0.000       0.000       0.000       0.000       0.000       0.000
       0.000       0.000       0.000       0.000       0.000       0.000       0.000       0.000       0.000       0.000
       0.000       0.000       0.000       0.000       0.000       0.000       0.000       0.000       0.000       0.000
       0.000       0.000       0.000       0.000       0.000       0.000       0.000       0.000       0.000       0.000
       0.000       0.000       0.000       0.000       0.000       0.000       0.000       0.000       0.000       0.000
       0.000       0.000       0.000       0.000       0.000       0.000       0.000       0.000       0.000       0.000
       0.000       0.000       0.000       0.000       0.000       0.000       0.000       0.000       0.000       0.000
       0.000       0.000       0.000       0.000       0.000       0.000       0.000       0.000       0.000       0.000
       0.000       0.000       0.000       0.000       0.000       0.000       0.000       0.000       0.000       0.000
       0.000       0.000       0.000       0.000       0.000       0.000       0.000       0.000       0.000       0.000
       0.000       0.000       0.000       0.000       0.000       0.000       0.000       0.000       0.000       0.000
       0.000       0.000       0.000       0.000       0.000       0.000       0.000       0.000       0.000       0.000
       0.000       0.000       0.000       0.000       0.000       0.000       0.000       0.000       0.000       0.000
       0.000       0.000       0.000       0.000       0.000       0.000       0.000       0.000       0.000       0.000
       0.000       0.000       0.000       0.000       0.000       0.000       0.000       0.000       0.000       0.000
       0.000       0.000       0.000       0.000       0.000       0.000       0.000       0.000       0.000       0.000
       0.000       0.000       0.000       0.000       0.000       0.000       0.000       0.000       0.000       0.000
       0.000       0.000       0.000       0.000       0.000       0.000       0.000       0.000       0.000       0.000
       0.000       0.000       0.000       0.000       0.000       0.000       0.000       0.000       0.000       0.000
       0.000       0.000       0.000       0.000       0.000       0.000       0.000       0.000       0.000       0.000
       0.000       0.000       0.000       0.000       0.000       0.000       0.000       0.000       0.000       0.000
       0.000       0.000       0.000       0.000       0.000       0.000       0.000       0.000       0.000       0.000
       0.000       0.000       0.000       0.000       0.000       0.000       0.000       0.000       0.000       0.000
       0.000       0.000       0.000       0.000       0.000       0.000       0.000       0.000       0.000       0.000
       0.000       0.000       0.000       0.000       0.000       0.000       0.000       0.000       0.000       0.000
       0.000       0.000       0.000       0.000       0.000       0.000       0.000       0.000       0.000       0.000
       0.000       0.000       0.000       0.000       0.000       0.000       0.000       0.000       0.000       0.000
       0.000       0.000       0.000       0.000       0.000       0.000       0.000       0.000       0.000       0.000
       0.000       0.000       0.000       0.000       0.000       0.000       0.000       0.000       0.000       0.000
       0.000       0.000       0.000       0.000       0.000       0.000       0.000       0.000       0.000       0.000
       0.000       0.000       0.000       0.000       0.000       0.000       0.000       0.000       0.000       0.000
       0.000       0.000       0.000       0.000       0.000       0.000       0.000       0.000       0.000       0.000
       0.000       0.000       0.000       0.000       0.000       0.000       0.000       0.000       0.000       0.000
       0.000       0.000       0.000       0.000       0.000       0.000       0.000       0.000       0.000       0.000
       0.000       0.000       0.000       0.000       0.000       0.000       0.000       0.000       0.000       0.000
       0.000       0.000       0.000       0.000       0.000       0.000       0.000       0.000       0.000       0.000
       0.000       0.000       0.000       0.000       0.000       0.000       0.000       0.000       0.000       0.000
       0.000       0.000       0.000       0.000       0.000       0.000       0.000       0.000       0.000       0.000
       0.000       0.000       0.000       0.000       0.000       0.000       0.000       0.000       0.000       0.000
       0.000       0.000       0.000       0.000       0.000       0.000       0.000       0.000       0.000       0.000
       0.000       0.000       0.000       0.000       0.000       0.000       0.000       0.000       0.000       0.000
       0.000       0.000       0.000       0.000       0.000       0.000       0.000       0.000       0.000       0.000
       0.000       0.000       0.000       0.000       0.000       0.000       0.000       0.000       0.000       0.000
       0.000       0.000       0.000       0.000       0.000       0.000       0.000       0.000       0.000       0.000
       0.000       0.000       0.000       0.000       0.000       0.000       0.000       0.000       0.000       0.000
       0.000       0.000       0.000       0.000       0.000       0.000       0.000       0.000       0.000       0.000
       0.000       0.000       0.000       0.000       0.000       0.000       0.000       0.000       0.000       0.000
       0.000       0.000       0.000       0.000       0.000       0.000       0.000       0.000       0.000       0.000
       0.000       0.000       0.000       0.000       0.000       0.000       0.000       0.000       0.000       0.000
       0.000       0.000       0.000       0.000       0.000       0.000       0.000       0.000       0.000       0.000
       0.000       0.000       0.000       0.000       0.000       0.000       0.000       0.000       0.000       0.000
       0.000       0.000       0.000       0.000       0.000       0.000       0.000       0.000       0.000       0.000
       0.000       0.000       0.000       0.000       0.000       0.000       0.000       0.000       0.000       0.000
       0.000       0.000       0.000       0.000       0.000       0.000       0.000       0.000       0.000       0.000
       0.000       0.000       0.000       0.000       0.000       0.000       0.000       0.000       0.000       0.000
       0.000       0.000       0.000       0.000       0.000       0.000       0.000       0.000       0.000       0.000
       0.000       0.000       0.000       0.000       0.000       0.000       0.000       0.000       0.000       0.000
       0.000       0.000       0.000       0.000       0.000       0.000       0.000       0.000       0.000       0.000
       0.000       0.000       0.000       0.000       0.000       0.000       0.000       0.000       0.000       0.000
       0.000       0.000       0.000       0.000       0.000       0.000       0.000       0.000       0.000       0.000
       0.000       0.000       0.000       0.000       0.000       0.000       0.000       0.000       0.000       0.000
       0.000       0.000       0.000       0.000       0.000       0.000       0.000       0.000       0.000       0.000
       0.000       0.000       0.000       0.000       0.000       0.000       0.000       0.000       0.000       0.000
       0.000       0.000       0.000       0.000       0.000       0.000       0.000       0.000       0.000       0.000
       0.000       0.000       0.000       0.000       0.000       0.000       0.000       0.000       0.000       0.000
       0.000       0.000       0.000       0.000       0.000       0.000       0.000       0.000       0.000       0.000
       0.000       0.000       0.000       0.000       0.000       0.000       0.000       0.000       0.000       0.000
       0.000       0.000       0.000       0.000       0.000       0.000       0.000       0.000       0.000       0.000
       0.000       0.000       0.000       0.000       0.000       0.000       0.000       0.000       0.000       0.000
       0.000       0.000       0.000       0.000       0.000       0.000       0.000       0.000       0.000       0.000
       0.000       0.000       0.000       0.000       0.000       0.000       0.000       0.000       0.000       0.000
       0.000       0.000       0.000       0.000       0.000       0.000       0.000       0.000       0.000       0.000
       0.000       0.000       0.000       0.000       0.000       0.000       0.000       0.000       0.000       0.000
       0.000       0.000       0.000       0.000       0.000       0.000       0.000       0.000       0.000       0.000
       0.000       0.000       0.000       0.000       0.000       0.000       0.000       0.000       0.000       0.000
       0.000       0.000       0.000       0.000       0.000       0.000       0.000       0.000       0.000       0.000
       0.000       0.000       0.000       0.000       0.000       0.000       0.000       0.000       0.000       0.000
       0.000       0.000       0.000       0.000       0.000       0.000       0.000       0.000       0.000       0.000
       0.000       0.000       0.000       0.000       0.000       0.000       0.000       0.000       0.000       0.000
       0.000       0.000       0.000       0.000       0.000       0.000       0.000       0.000       0.000       0.000
       0.000       0.000       0.000       0.000       0.000       0.000       0.000       0.000       0.000       0.000
       0.000       0.000       0.000       0.000       0.000       0.000       0.000       0.000       0.000       0.000
       0.000       0.000       0.000       0.000       0.000       0.000       0.000       0.000       0.000       0.000
       0.000       0.000       0.000       0.000       0.000       0.000       0.000       0.000       0.000       0.000
       0.000       0.000       0.000       0.000       0.000       0.000       0.000       0.000       0.000       0.000
       0.000       0.000       0.000       0.000       0.000       0.000       0.000       0.000       0.000       0.000
       0.000       0.000       0.000       0.000       0.000       0.000       0.000       0.000       0.000       0.000
       0.000       0.000       0.000       0.000       0.000       0.000       0.000       0.000       0.000       0.000
       0.000       0.000       0.000       0.000       0.000       0.000       0.000       0.000       0.000       0.000
       0.000       0.000       0.000       0.000       0.000       0.000       0.000       0.000       0.000       0.000
       0.000       0.000       0.000       0.000       0.000       0.000       0.000       0.000       0.000       0.000
       0.000       0.000       0.000       0.000       0.000       0.000       0.000       0.000       0.000       0.000
       0.000       0.000       0.000       0.000       0.000       0.000       0.000       0.000       0.000       0.000
       0.000       0.000       0.000       0.000       0.000       0.000       0.000       0.000       0.000       0.000
       0.000       0.000       0.000       0.000       0.000       0.000       0.000       0.000       0.000       0.000
       0.000       0.000       0.000       0.000       0.000       0.000       0.000       0.000       0.000       0.000
       0.000       0.000       0.000       0.000       0.000       0.000       0.000       0.000       0.000       0.000
       0.000       0.000       0.000       0.000       0.000       0.000       0.000       0.000       0.000       0.000
       0.000       0.000       0.000       0.000       0.000       0.000       0.000       0.000       0.000       0.000
       0.000       0.000       0.000       0.000       0.000       0.000       0.000       0.000       0.000       0.000
       0.000       0.000       0.000       0.000       0.000       0.000       0.000       0.000       0.000       0.000
       0.000       0.000       0.000       0.000       0.000       0.000       0.000       0.000       0.000       0.000
       0.000       0.000       0.000       0.000       0.000       0.000       0.000       0.000       0.000       0.000
       0.000       0.000       0.000       0.000       0.000       0.000       0.000       0.000       0.000       0.000
       0.000       0.000       0.000       0.000       0.000       0.000       0.000       0.000       0.000       0.000
       0.000       0.000       0.000       0.000       0.000       0.000       0.000       0.000       0.000       0.000
       0.000       0.000       0.000       0.000       0.000       0.000       0.000       0.000       0.000       0.000
       0.000       0.000       0.000       0.000       0.000       0.000       0.000       0.000       0.000       0.000
       0.000       0.000       0.000       0.000       0.000       0.000       0.000       0.000       0.000       0.000
       0.000       0.000       0.000       0.000       0.000       0.000       0.000       0.000       0.000       0.000
       0.000       0.000       0.000       0.000       0.000       0.000       0.000       0.000       0.000       0.000
       0.000       0.000       0.000       0.000       0.000       0.000       0.000       0.000       0.000       0.000
       0.000       0.000       0.000       0.000       0.000       0.000       0.000       0.000       0.000       0.000
       0.000       0.000       0.000       0.000       0.000       0.000       0.000       0.000       0.000       0.000
       0.000       0.000       0.000       0.000       0.000       0.000       0.000       0.000       0.000       0.000
       0.000       0.000       0.000       0.000       0.000       0.000       0.000       0.000       0.000       0.000
       0.000       0.000       0.000       0.000       0.000       0.000       0.000       0.000       0.000       0.000
       0.000       0.000       0.000       0.000       0.000       0.000       0.000       0.000       0.000       0.000
       0.000       0.000       0.000       0.000       0.000       0.000       0.000       0.000       0.000       0.000
       0.000       0.000       0.000       0.000       0.000       0.000       0.000       0.000       0.000       0.000
       0.000       0.000       0.000       0.000       0.000       0.000       0.000       0.000       0.000       0.000
       0.000       0.000       0.000       0.000       0.000       0.000       0.000       0.000       0.000       0.000
       0.000       0.000       0.000       0.000       0.000       0.000       0.000       0.000       0.000       0.000
       0.000       0.000       0.000       0.000       0.000       0.000       0.000       0.000       0.000       0.000
       0.000       0.000       0.000       0.000       0.000       0.000       0.000       0.000       0.000       0.000
       0.000       0.000       0.000       0.000       0.000       0.000       0.000       0.000       0.000       0.000
       0.000       0.000       0.000       0.000       0.000       0.000       0.000       0.000       0.000       0.000
       0.000       0.000       0.000       0.000       0.000       0.000       0.000       0.000       0.000       0.000
       0.000       0.000       0.000       0.000       0.000       0.000       0.000       0.000       0.000       0.000
       0.000       0.000       0.000       0.000       0.000       0.000       0.000       0.000       0.000       0.000
       0.000       0.000       0.000       0.000       0.000       0.000       0.000       0.000       0.000       0.000
       0.000       0.000       0.000       0.000       0.000       0.000       0.000       0.000       0.000       0.000
       0.000       0.000       0.000       0.000       0.000       0.000       0.000       0.000       0.000       0.000
       0.000       0.000       0.000       0.000       0.000       0.000       0.000       0.000       0.000       0.000
       0.000       0.000       0.000       0.000       0.000       0.000       0.000       0.000       0.000       0.000
       0.000       0.000       0.000       0.000       0.000       0.000       0.000       0.000       0.000       0.000
       0.000       0.000       0.000       0.000       0.000       0.000       0.000       0.000       0.000       0.000
       0.000       0.000       0.000       0.000       0.000       0.000       0.000       0.000       0.000       0.000
       0.000       0.000       0.000       0.000       0.000       0.000       0.000       0.000       0.000       0.000
       0.000       0.000       0.000       0.000       0.000       0.000       0.000       0.000       0.000       0.000
       0.000       0.000       0.000       0.000       0.000       0.000       0.000       0.000       0.000       0.000
       0.000       0.000       0.000       0.000       0.000       0.000       0.000       0.000       0.000       0.000
       0.000       0.000       0.000       0.000       0.000       0.000       0.000       0.000       0.000       0.000
       0.000       0.000       0.000       0.000       0.000       0.000       0.000       0.000       0.000       0.000
       0.000       0.000       0.000       0.000       0.000       0.000       0.000       0.000       0.000       0.000
       0.000       0.000       0.000       0.000       0.000       0.000       0.000       0.000       0.000       0.000
       0.000       0.000       0.000       0.000       0.000       0.000       0.000       0.000       0.000       0.000
       0.000       0.000       0.000       0.000       0.000       0.000       0.000       0.000       0.000       0.000
       0.000       0.000       0.000       0.000       0.000       0.000       0.000       0.000       0.000       0.000
       0.000       0.000       0.000       0.000       0.000       0.000       0.000       0.000       0.000       0.000
       0.000       0.000       0.000       0.000       0.000       0.000       0.000       0.000       0.000       0.000
       0.000       0.000       0.000       0.000       0.000       0.000       0.000       0.000       0.000       0.000
       0.000       0.000       0.000       0.000       0.000       0.000       0.000       0.000       0.000       0.000
       0.000       0.000       0.000       0.000       0.000       0.000       0.000       0.000       0.000       0.000
       0.000       0.000       0.000       0.000       0.000       0.000       0.000       0.000       0.000       0.000
       0.000       0.000       0.000       0.000       0.000       0.000       0.000       0.000       0.000       0.000
       0.000       0.000       0.000       0.000       0.000       0.000       0.000       0.000       0.000       0.000
       0.000       0.000       0.000       0.000       0.000       0.000       0.000       0.000       0.000       0.000
       0.000       0.000       0.000       0.000       0.000       0.000       0.000       0.000       0.000       0.000
       0.000       0.000       0.000       0.000       0.000       0.000       0.000       0.000       0.000       0.000
       0.000       0.000       0.000       0.000       0.000       0.000       0.000       0.000       0.000       0.000
       0.000       0.000       0.000       0.000       0.000       0.000       0.000       0.000       0.000       0.000
       0.000       0.000       0.000       0.000       0.000       0.000       0.000       0.000       0.000       0.000
       0.000       0.000       0.000       0.000       0.000       0.000       0.000       0.000       0.000       0.000
       0.000       0.000       0.000       0.000       0.000       0.000       0.000       0.000       0.000       0.000
       0.000       0.000       0.000       0.000       0.000       0.000       0.000       0.000       0.000       0.000
       0.000       0.000       0.000       0.000       0.000       0.000       0.000       0.000       0.000       0.000
       0.000       0.000       0.000       0.000       0.000       0.000       0.000       0.000       0.000       0.000
       0.000       0.000       0.000       0.000       0.000       0.000       0.000       0.000       0.000       0.000
       0.000       0.000       0.000       0.000       0.000       0.000       0.000       0.000       0.000       0.000
       0.000       0.000       0.000       0.000       0.000       0.000       0.000       0.000       0.000       0.000
       0.000       0.000       0.000       0.000       0.000       0.000       0.000       0.000       0.000       0.000
       0.000       0.000       0.000       0.000       0.000       0.000       0.000       0.000       0.000       0.000
       0.000       0.000       0.000       0.000       0.000       0.000       0.000       0.000       0.000       0.000
       0.000       0.000       0.000       0.000       0.000       0.000       0.000       0.000       0.000       0.000
       0.000       0.000       0.000       0.000       0.000       0.000       0.000       0.000       0.000       0.000
       0.000       0.000       0.000       0.000       0.000       0.000       0.000       0.000       0.000       0.000
       0.000       0.000       0.000       0.000       0.000       0.000       0.000       0.000       0.000       0.000
       0.000       0.000       0.000       0.000       0.000       0.000       0.000       0.000       0.000       0.000
       0.000       0.000       0.000       0.000       0.000       0.000       0.000       0.000       0.000       0.000
       0.000       0.000       0.000       0.000       0.000       0.000       0.000       0.000       0.000       0.000
       0.000       0.000       0.000       0.000       0.000       0.000       0.000       0.000       0.000       0.000
       0.000       0.000       0.000       0.000       0.000       0.000       0.000       0.000       0.000       0.000
       0.000       0.000       0.000       0.000       0.000       0.000       0.000       0.000       0.000       0.000
       0.000       0.000       0.000       0.000       0.000       0.000       0.000       0.000       0.000       0.000
       0.000       0.000       0.000       0.000       0.000       0.000       0.000       0.000       0.000       0.000
       0.000       0.000       0.000       0.000       0.000       0.000