        2048     0.02000
      -0.021      -0.021      -0.021      -0.009      -0.021      -0.021       0.027      -0.020      -0.020       0.087
      -0.018      -0.019       0.171      -0.022      -0.027      -0.320      -0.044      -0.040      -0.452      -0.055
      -0.033      -0.281      -0.137      -0.103      -0.502      -0.168      -0.079      -0.525      -0.421      -0.205
      -0.707      -0.699      -0.503      -0.730      -0.350      -0.316      -1.016      -1.825      -1.945      -1.999
       0.993       1.515      -1.014      -1.596      -0.936      -1.337      -1.569      -1.757      -2.791      -3.220
      -1.790      -0.148       1.447       3.116       2.856       0.149      -3.702      -3.866       0.090       2.536
       4.776       3.726       2.155      -2.232       0.276       2.198       2.527       2.036       0.772       0.658
      -2.454      -6.738      -6.303      -5.853      -4.024       2.256       5.802       3.167      -1.439      -5.967
      -8.548      -8.731      -8.050      -4.603      -1.405       0.230      -0.521      -3.136      -7.892      -9.234
       1.483       8.819      11.257       3.028      -6.310     -12.046     -11.356      -6.923      -0.809       2.540
       6.329      13.572      13.427      10.988       7.886       8.641       9.723      12.633      14.030      15.271
      15.963      16.397      14.390      14.292       9.537       8.068      -0.855     -10.642     -16.546     -17.478
     -14.731      -9.817     -15.851     -20.179     -16.938     -19.089     -19.155     -13.504      -3.526      13.544
      19.277      22.846      15.833      14.302      16.121       7.950      -3.256     -15.748     -14.182      -5.681
      -1.718      -0.862      -4.709      -0.744      -0.690      -7.823     -12.972     -15.977     -13.325     -14.809
      -7.725       4.654       8.501       9.350      14.986       9.771      -0.687      -6.403      -5.024      -4.442
      -0.188      -7.088     -20.027     -32.051     -23.968     -15.590      -3.674      10.466       2.575      -3.649
       8.691      17.749      26.371      23.560      22.441      27.316      19.427      28.582      38.324      31.585
      14.446       0.801      -6.358       5.134      -4.536      -5.721     -10.270     -21.690     -33.480     -22.289
     -10.886       2.271      31.389      37.674      43.782      32.364       4.439     -17.893      -5.859       1.246
      19.676      29.217       3.595     -13.454     -35.280     -46.275     -56.565     -52.081     -34.499     -31.181
     -22.258     -20.194     -16.457      11.648      36.289      53.140      62.146      49.363      40.613      39.297
      32.138      22.573      -1.388       5.335       5.582     -15.883     -17.865      -7.746     -21.592     -27.263
     -29.089     -21.316      -6.464     -10.078     -25.336     -20.564     -28.471     -27.972     -16.503      -8.204
     -28.182     -32.216      -1.188      32.951      74.037      70.389      70.696      52.489      -7.230     -43.616
     -37.030     -35.106       7.721      20.946      25.531      39.327      27.208      23.151      -3.049     -21.105
      -6.735      -4.398     -11.864      -3.704     -18.745      -6.546      16.407      30.289      19.988      -4.871
     -27.296     -55.133     -70.694     -75.782     -39.733      -5.931       8.361      37.892      28.023      37.140
      53.710      14.222      14.353      -2.547     -39.926      -2.814      42.311      50.682      25.445      14.833
      11.684       1.690     -35.919     -48.086     -27.635      25.473      26.551      16.846      18.767      33.512
      31.904      28.239      47.117      36.597      33.410      23.015      -1.722     -37.358     -56.472     -45.476
      -3.464      26.192      10.505     -10.753     -46.510    -100.152    -104.881     -74.095     -32.623     -27.900
     -44.796     -63.778     -46.325       3.159      47.162      49.358      58.672      32.203       7.239      22.448
      18.616       9.307       5.609      29.759      58.602      56.868      13.238     -47.173     -70.096     -49.240
     -34.645     -13.230       4.045      23.170      41.874      39.936      70.883      46.522      42.142      18.724
     -13.294     -12.888     -39.092     -14.050      38.457      53.260      59.362       9.178     -38.345     -57.546
     -45.174       7.086       7.070     -12.641     -14.851     -22.286      -0.796     -24.019     -27.998      10.375
       9.228     -41.695     -63.839     -16.563      23.332      68.147      64.744      51.024      23.586       4.826
      16.142     -16.869     -58.860     -79.999     -42.650       8.577      43.835      40.031      -8.177     -40.347
     -69.470     -37.480     -29.103     -36.614       7.614      38.166       9.500      25.124      62.997      69.305
      58.836      40.806      30.537      20.410     -11.175     -16.253     -22.541     -17.846      35.998      53.593
      37.164     -14.856     -34.347     -14.692      -6.799     -33.173     -19.556      21.312      13.945      19.265
      26.143      41.085       4.124      -6.856     -13.106     -39.633     -10.580       7.348     -11.615     -30.841
     -25.179     -17.613     -30.952     -28.293      24.155      40.440      47.150      72.547      65.751      33.888
     -20.080     -78.539    -103.484    -114.021     -88.826     -90.078     -43.158     -19.972     -21.510      -8.074
      11.009     -11.966      -9.874      19.188       1.487     -20.120     -35.215     -36.849     -72.455     -75.058
     -40.685      10.260      31.489      -4.214     -21.038     -19.388       9.555      22.769      33.369      21.136
     -25.154     -18.796       9.650      -7.491     -26.714     -43.621     -34.519      -7.363      11.472      14.323
      21.587      -8.546     -34.800     -50.601     -41.117      -6.048      15.528       6.428       1.254       7.563
     -31.337     -48.191     -57.941     -75.434     -95.849     -69.753     -20.145       8.970      32.898      65.991
      55.255      27.708     -12.470       7.179      12.983       5.922       8.446      11.060      21.167       8.411
      10.873      34.326      54.660      46.272      -4.587      -8.233      -8.033     -10.604       9.399      26.690
      80.933      70.848      75.498      61.157      16.657       3.743      -2.010     -42.546     -66.711     -89.826
     -63.272     -23.208      -8.650     -50.193     -39.955     -14.893      13.455      16.795      19.743      -3.417
      -1.880      -6.710     -31.994       8.288      27.882       0.688     -16.171       5.802      17.200      29.780
      44.051      53.412      64.231      28.886      26.576      29.012     -22.996     -60.265     -97.659     -83.748
     -41.750      12.899       9.329       4.360       1.431      -0.452      26.842      72.973      72.844      47.497
       7.477     -18.230       1.944      12.085      29.405      26.788      15.961      13.651      32.863      62.027
      47.413       8.521     -15.593     -39.280     -60.629     -15.414     -14.077     -12.817      22.007      28.587
      19.629       3.894     -20.123     -40.304     -57.418     -54.429     -56.919     -47.830     -30.879     -31.656
       8.632      49.752      65.882      56.673      49.693      52.613      67.557      36.558      -7.832     -19.996
      37.376      49.486      35.539      34.464      33.860      -7.418     -50.701     -23.520     -36.594     -32.987
       2.585      16.578      13.769      15.710     -16.016       5.508      31.792      19.473      53.891      55.694
      51.319      52.080      62.135      30.948      -8.420     -20.133     -47.272     -66.931     -35.624     -26.249
     -13.091     -33.527     -36.548     -19.609      17.587      38.357      17.553     -10.160      -5.194     -23.202
      -1.418      -7.670     -19.780      -7.822     -17.575      13.291      21.409      14.897      -8.387     -68.180
     -77.711     -51.331     -27.689       6.379      47.339      73.109      59.206      37.268      37.468      27.769
      15.875      22.772       9.541      18.385     -12.847     -45.763     -55.177     -62.296     -39.173      -7.428
      23.761      21.823      18.095      -3.797     -26.663      -4.565       6.288      46.016      54.809      36.164
      22.885       9.160       2.104     -15.329      -7.066      22.924      41.067      33.490      37.138      35.473
      28.210      10.094     -39.798     -66.663     -71.835     -60.297     -19.973      -4.059      27.746      43.581
      57.347      31.773     -11.769     -22.074     -13.938       4.278      24.683       6.795     -23.876     -34.451
     -37.122     -27.054       9.665      20.225      18.732      13.052      -7.314     -43.368     -45.095     -26.174
      -7.187       8.406      -8.646     -27.166     -34.682     -53.667     -52.453     -33.064     -23.187      -2.184
      25.489      11.962      -5.914      -4.905     -31.565     -33.708     -29.115     -25.122     -21.496      -6.013
       8.738      14.833      34.539      52.265      39.112      21.568      -7.070      -8.239      11.313      27.737
      42.681      51.200      35.891       5.143     -18.861     -25.789     -11.248      -4.899       1.787       0.920
     -15.501     -29.930     -37.159     -32.733     -17.407      -7.928       1.399     -13.973     -32.258     -36.007
     -21.978      -8.428     -10.211      -1.275      -8.677     -12.452     -15.550     -12.569     -32.407     -34.589
     -43.553     -37.801     -18.860       4.884      24.527      26.977      30.814      28.179      27.424      24.002
      35.470      24.369      12.667      15.820       9.438      12.675      -1.497     -10.546       3.143       5.394
       9.465      15.122      24.603      41.724      41.091      17.873      -7.361      -5.109      -5.187      -0.295
       9.383      26.798      18.885       8.914      17.455      21.785      10.332      -0.521      -0.202      -0.391
      -9.366     -11.660     -21.541     -22.771     -25.018     -22.765     -10.341       3.553       8.702      16.416
       7.050       4.816       1.303      -6.788      -9.460     -13.225     -14.183      -6.251     -11.821     -12.295
     -14.942     -12.023      -7.536      -5.610      -3.824       4.388       6.630      18.869      16.438       1.475
     -17.416     -22.481     -13.627      15.769      24.086      25.177      25.564       5.243      -7.386      -2.480
       7.098      20.938      16.600      10.499       0.813      -5.460      -6.722       0.403       6.406       7.730
      11.686      18.490      16.242       0.792      -9.683     -19.438     -25.614     -18.909      -8.152      -5.101
      -8.975     -17.845     -15.407      -9.761     -10.881     -15.968     -14.105     -17.569     -16.286      -0.793
      -1.433      -7.328     -10.237     -14.399      -5.078       5.279      18.292      32.046      41.044      41.072
      35.379      26.515      15.192      12.121      17.961      19.920      27.901      20.415      10.659       0.229
      -2.600       1.062       5.248       7.096       2.185       5.704       6.326       3.491      -4.073     -10.424
     -13.906     -11.720     -11.843     -18.070     -23.775     -25.353     -14.538      -3.331      -0.644       0.522
       4.065       9.089       8.822       5.319       6.133       6.213       6.177      10.818       6.286       0.270
      -5.694      -7.775      -5.093      -0.303       0.270      -2.825      -5.052      -6.801      -1.164       7.222
      16.857      23.213      22.846      12.335       8.735       9.047       9.252      12.891       6.710      -0.428
       0.642      -0.269      -0.039       3.266      11.341      10.868      10.389       9.155       5.449       0.953
      -1.001      -6.397      -5.863      -5.222      -2.553       2.950       8.970       3.925      -3.054      -0.267
      -0.473      -3.328      -9.795      -5.637      -0.259       8.201       8.767       6.701       2.447      -6.079
     -10.553     -12.386     -10.677     -14.517     -10.998      -6.427      -4.223      -9.159     -11.518     -11.296
     -11.384      -6.761       1.868       3.149      -2.607      -2.637      -0.971       4.158       1.955      -3.591
       1.495       3.251      -0.482       1.891       4.346       0.142      -5.187      -5.234       2.583       3.748
       0.865      -5.608      -4.759      -2.185       1.231       7.162       8.393       4.398       3.014      -1.299
      -1.131      -0.266      -2.203      -6.540      -7.017       1.387       7.530       5.155       4.159       6.153
       5.351      -2.372     -12.741     -17.816     -16.367     -11.592      -6.962      -7.427     -10.404     -11.053
      -9.879      -9.527      -8.202     -10.553      -8.719      -4.333       1.013       4.486       0.013      -4.946
      -7.651      -0.601       2.868       6.914       6.962       2.021      -2.803     -12.022     -13.752     -10.247
      -5.773      -1.261       0.249       4.859       4.953       2.972       1.517       0.065      -5.066      -2.106
       1.176       3.770       7.947       9.937      12.879      14.604      13.411       9.399       4.865      -0.163
      -0.282      -0.226       1.109       2.033       3.649       4.547       4.172       2.635       3.725       2.011
       0.091      -2.629      -2.075      -1.038      -0.110      -0.111      -0.578       0.129      -0.056       0.841
       3.316       4.681       4.909       5.760       7.079       7.052       5.614       3.537       1.842       1.672
       3.014       2.084       1.804       0.387      -0.869      -1.703      -1.969      -4.859      -7.581      -7.550
      -5.577      -2.954      -2.177      -3.961      -4.268      -4.285      -3.646      -2.290      -1.372      -1.306
      -1.791      -2.741      -2.692      -2.194      -0.826       0.327       0.002      -0.150      -0.687      -2.109
      -2.457      -1.929      -0.984      -0.836      -0.508      -0.630       0.110       0.867       1.863       1.813
       1.604       1.370       1.772       1.932       1.427       0.553      -0.172      -0.160       0.064       0.322
       0.474       0.259       0.316       0.229       0.084       0.115       0.027       0.060       0.041       0.077
       0.087       0.085       0.079       0.000       0.000       0.000       0.000       0.000       0.000       0.000
       0.000       0.000       0.000       0.000       0.000       0.000       0.000       0.000       0.000       0.000
       0.000       0.000       0.000       0.000       0.000       0.000       0.000       0.000       0.000       0.000
       0.000       0.000       0.000       0.000       0.000       0.000       0.000       0.000       0.000       0.000
       0.000       0.000       0.000       0.000       0.000       0.000       0.000       0.000       0.000       0.000
       0.000       0.000       0.000       0.000       0.000       0.000       0.000       0.000       0.000       0.000
       0.000       0.000       0.000       0.000       0.000       0.000       0.000       0.000       0.000       0.000
       0.000       0.000       0.000       0.000       0.000       0.000       0.000       0.000       0.000       0.000
       0.000       0.000       0.000       0.000       0.000       0.000       0.000       0.000       0.000       0.000
       0.000       0.000       0.000       0.000       0.000       0.000       0.000       0.000       0.000       0.000
       0.000       0.000       0.000       0.000       0.000       0.000       0.000       0.000       0.000       0.000
       0.000       0.000       0.000       0.000       0.000       0.000       0.000       0.000       0.000       0.000
       0.000       0.000       0.000       0.000       0.000       0.000       0.000       0.000       0.000       0.000
       0.000       0.000       0.000       0.000       0.000       0.000       0.000       0.000       0.000       0.000
       0.000       0.000       0.000       0.000       0.000       0.000       0.000       0.000       0.000       0.000
       0.000       0.000       0.000       0.000       0.000       0.000       0.000       0.000       0.000       0.000
       0.000       0.000       0.000       0.000       0.000       0.000       0.000       0.000       0.000       0.000
       0.000       0.000       0.000       0.000       0.000       0.000       0.000       0.000       0.000       0.000
       0.000       0.000       0.000       0.000       0.000       0.000       0.000       0.000       0.000       0.000
       0.000       0.000       0.000       0.000       0.000       0.000       0.000       0.000       0.000       0.000
       0.000       0.000       0.000       0.000       0.000       0.000       0.000       0.000       0.000       0.000
       0.000       0.000       0.000       0.000       0.000       0.000       0.000       0.000       0.000       0.000
       0.000       0.000       0.000       0.000       0.000       0.000       0.000       0.000       0.000       0.000
       0.000       0.000       0.000       0.000       0.000       0.000       0.000       0.000       0.000       0.000
       0.000       0.000       0.000       0.000       0.000       0.000       0.000       0.000       0.000       0.000
       0.000       0.000       0.000       0.000       0.000       0.000       0.000       0.000       0.000       0.000
       0.000       0.000       0.000       0.000       0.000       0.000       0.000       0.000       0.000       0.000
       0.000       0.000       0.000       0.000       0.000       0.000       0.000       0.000       0.000       0.000
       0.000       0.000       0.000       0.000       0.000       0.000       0.000       0.000       0.000       0.000
       0.000       0.000       0.000       0.000       0.000       0.000       0.000       0.000       0.000       0.000
       0.000       0.000       0.000       0.000       0.000       0.000       0.000       0.000       0.000       0.000
       0.000       0.000       0.000       0.000       0.000       0.000       0.000       0.000       0.000       0.000
       0.000       0.000       0.000       0.000       0.000       0.000       0.000       0.000       0.000       0.000
       0.000       0.000       0.000       0.000       0.000       0.000       0.000       0.000       0.000       0.000
       0.000       0.000       0.000       0.000       0.000       0.000       0.000       0.000       0.000       0.000
       0.000       0.000       0.000       0.000       0.000       0.000       0.000       0.000       0.000       0.000
       0.000       0.000       0.000       0.000       0.000       0.000       0.000       0.000       0.000       0.000
       0.000       0.000       0.000       0.000       0.000       0.000       0.000       0.000       0.000       0.000
       0.000       0.000       0.000       0.000       0.000       0.000       0.000       0.000       0.000       0.000
       0.000       0.000       0.000       0.000       0.000       0.000       0.000       0.000       0.000       0.000
       0.000       0.000       0.000       0.000       0.000       0.000       0.000       0.000       0.000       0.000
       0.000       0.000       0.000       0.000       0.000       0.000       0.000       0.000       0.000       0.000
       0.000       0.000       0.000       0.000       0.000       0.000       0.000       0.000       0.000       0.000
       0.000       0.000       0.000       0.000       0.000       0.000       0.000       0.000       0.000       0.000
       0.000       0.000       0.000       0.000       0.000       0.000       0.000       0.000       0.000       0.000
       0.000       0.000       0.000       0.000       0.000       0.000       0.000       0.000       0.000       0.000
       0.000       0.000       0.000       0.000       0.000       0.000       0.000       0.000       0.000       0.000
       0.000       0.000       0.000       0.000       0.000       0.000       0.000       0.000       0.000       0.000
       0.000       0.000       0.000       0.000       0.000       0.000       0.000       0.000       0.000       0.000
       0.000       0.000       0.000       0.000       0.000       0.000       0.000       0.000       0.000       0.000
       0.000       0.000       0.000       0.000       0.000       0.000       0.000       0.000       0.000       0.000
       0.000       0.000       0.000       0.000       0.000       0.000       0.000       0.000       0.000       0.000
       0.000       0.000       0.000       0.000       0.000       0.000       0.000       0.000       0.000       0.000
       0.000       0.000       0.000       0.000       0.000       0.000       0.000       0.000       0.000       0.000
       0.000       0.000       0.000       0.000       0.000       0.000       0.000       0.000       0.000       0.000
       0.000       0.000       0.000       0.000       0.000       0.000       0.000       0.000       0.000       0.000
       0.000       0.000       0.000       0.000       0.000       0.000       0.000       0.000       0.000       0.000
       0.000       0.000       0.000       0.000       0.000       0.000       0.000       0.000       0.000       0.000
       0.000       0.000       0.000       0.000       0.000       0.000       0.000       0.000       0.000       0.000
       0.000       0.000       0.000       0.000       0.000       0.000       0.000       0.000       0.000       0.000
       0.000       0.000       0.000       0.000       0.000       0.000       0.000       0.000       0.000       0.000
       0.000       0.000       0.000       0.000       0.000       0.000       0.000       0.000       0.000       0.000
       0.000       0.000       0.000       0.000       0.000       0.000       0.000       0.000       0.000       0.000
       0.000       0.000       0.000       0.000       0.000       0.000       0.000       0.000       0.000       0.000
       0.000       0.000       0.000       0.000       0.000       0.000       0.000       0.000       0.000       0.000
       0.000       0.000       0.000       0.000       0.000       0.000       0.000       0.000       0.000       0.000
       0.000       0.000       0.000       0.000       0.000       0.000       0.000       0.000       0.000       0.000
       0.000       0.000       0.000       0.000       0.000       0.000       0.000       0.000       0.000       0.000
       0.000       0.000       0.000       0.000       0.000       0.000       0.000       0.000       0.000       0.000
       0.000       0.000       0.000       0.000       0.000       0.000       0.000       0.000       0.000       0.000
       0.000       0.000       0.000       0.000       0.000       0.000       0.000       0.000       0.000       0.000
       0.000       0.000       0.000       0.000       0.000       0.000       0.000       0.000       0.000       0.000
       0.000       0.000       0.000       0.000       0.000       0.000       0.000       0.000       0.000       0.000
       0.000       0.000       0.000       0.000       0.000       0.000       0.000       0.000       0.000       0.000
       0.000       0.000       0.000       0.000       0.000       0.000       0.000       0.000       0.000       0.000
       0.000       0.000       0.000       0.000       0.000       0.000       0.000       0.000       0.000       0.000
       0.000       0.000       0.000       0.000       0.000       0.000       0.000       0.000       0.000       0.000
       0.000       0.000       0.000       0.000       0.000       0.000       0.000       0.000       0.000       0.000
       0.000       0.000       0.000       0.000       0.000       0.000       0.000       0.000       0.000       0.000
       0.000       0.000       0.000       0.000       0.000       0.000       0.000       0.000       0.000       0.000
       0.000       0.000       0.000       0.000       0.000       0.000       0.000       0.000       0.000       0.000
       0.000       0.000       0.000       0.000       0.000       0.000       0.000       0.000       0.000       0.000
       0.000       0.000       0.000       0.000       0.000       0.000       0.000       0.000       0.000       0.000
       0.000       0.000       0.000       0.000       0.000       0.000       0.000       0.000       0.000       0.000
       0.000       0.000       0.000       0.000       0.000       0.000       0.000       0.000       0.000       0.000
       0.000       0.000       0.000       0.000       0.000       0.000       0.000       0.000