   0.020           0.1300000E-01
   0.040           0.1300000E-01
   0.060           0.1300000E-01
   0.080           0.4000000E-02
   0.100           0.1300000E-01
   0.120           0.1300000E-01
   0.140          -0.2400000E-01
   0.160           0.1300000E-01
   0.180           0.1300000E-01
   0.200          -0.7000000E-01
   0.220           0.1200000E-01
   0.240           0.1400000E-01
   0.260           0.1560000E+00
   0.280           0.2200000E-01
   0.300           0.2000000E-01
   0.320           0.1500000E+00
   0.340           0.2200000E-01
   0.360           0.2000000E-01
   0.380           0.1860000E+00
   0.400           0.2600000E-01
   0.420           0.2400000E-01
   0.440           0.3060000E+00
   0.460           0.3600000E-01
   0.480           0.2600000E-01
   0.500           0.3580000E+00
   0.520           0.4200000E-01
   0.540           0.3200000E-01
   0.560           0.4710000E+00
   0.580           0.6200000E-01
   0.600           0.4700000E-01
   0.620           0.7100000E+00
   0.640           0.1370000E+00
   0.660           0.8200000E-01
   0.680           0.8240000E+00
   0.700           0.2080000E+00
   0.720           0.2250000E+00
   0.740           0.1350000E+01
   0.760           0.1255000E+01
   0.780           0.7890000E+00
   0.800           0.6630000E+00
   0.820          -0.3540000E+00
   0.840          -0.6880000E+00
   0.860          -0.7120000E+00
   0.880          -0.5530000E+00
   0.900          -0.1156000E+01
   0.920          -0.2074000E+01
   0.940          -0.1315000E+01
   0.960          -0.7160000E+00
   0.980          -0.1044000E+01
   1.000          -0.5810000E+00
   1.020          -0.1030000E+01
   1.040          -0.1060000E+01
   1.060          -0.8360000E+00
   1.080          -0.1820000E+01
   1.100          -0.2993000E+01
   1.120          -0.1979000E+01
   1.140          -0.1622000E+01
   1.160           0.9370000E+00
   1.180           0.1872000E+01
   1.200           0.1854000E+01
   1.220           0.1264000E+01
   1.240           0.1392000E+01
   1.260           0.1460000E+01
   1.280           0.2038000E+01
   1.300           0.1932000E+01
   1.320           0.1951000E+01
   1.340           0.2805000E+01
   1.360           0.2276000E+01
   1.380           0.1920000E+01
   1.400           0.2408000E+01
   1.420           0.1969000E+01
   1.440           0.2366000E+01
   1.460           0.3775000E+01
   1.480           0.4539000E+01
   1.500           0.5455000E+01
   1.520           0.5813000E+01
   1.540           0.1783000E+01
   1.560           0.3277000E+01
   1.580           0.2304000E+01
   1.600           0.2155000E+01
   1.620           0.1654000E+01
   1.640          -0.5760000E+00
   1.660           0.3202000E+01
   1.680           0.1645000E+01
   1.700          -0.4653000E+01
   1.720          -0.4023000E+01
   1.740          -0.5087000E+01
   1.760          -0.1479000E+01
   1.780           0.2617000E+01
   1.800           0.5250000E+00
   1.820          -0.1523000E+01
   1.840          -0.4789000E+01
   1.860          -0.7368000E+01
   1.880          -0.6057000E+01
   1.900          -0.6782000E+01
   1.920          -0.9291000E+01
   1.940          -0.7320000E+01
   1.960          -0.6789000E+01
   1.980          -0.7316000E+01
   2.000          -0.5918000E+01
   2.020          -0.3284000E+01
   2.040           0.3553000E+01
   2.060           0.8149000E+01
   2.080           0.9636000E+01
   2.100           0.8782000E+01
   2.120           0.6040000E+01
   2.140           0.6453000E+01
   2.160           0.8187000E+01
   2.180           0.5660000E+01
   2.200           0.7444000E+01
   2.220           0.9001000E+01
   2.240           0.1042000E+02
   2.260           0.1294600E+02
   2.280           0.1317400E+02
   2.300           0.1019900E+02
   2.320           0.9713000E+01
   2.340           0.9291000E+01
   2.360           0.9003000E+01
   2.380           0.1125200E+02
   2.400           0.9832000E+01
   2.420           0.8154000E+01
   2.440           0.4949000E+01
   2.460          -0.5100000E+00
   2.480          -0.8120000E+00
   2.500          -0.4870000E+01
   2.520          -0.1160000E+02
   2.540          -0.1121100E+02
   2.560          -0.5501000E+01
   2.580          -0.7126000E+01
   2.600          -0.7312000E+01
   2.620           0.2600000E-01
   2.640           0.2769000E+01
   2.660           0.2950000E+01
   2.680          -0.4540000E+01
   2.700          -0.6592000E+01
   2.720          -0.4526000E+01
   2.740          -0.6470000E+01
   2.760          -0.4320000E+01
   2.780          -0.9300000E+00
   2.800          -0.1927000E+01
   2.820          -0.2475000E+01
   2.840          -0.4218000E+01
   2.860          -0.6859000E+01
   2.880          -0.7187000E+01
   2.900          -0.6899000E+01
   2.920          -0.8958000E+01
   2.940          -0.6111000E+01
   2.960          -0.9400000E+00
   2.980          -0.1178000E+01
   3.000          -0.4580000E+01
   3.020          -0.8509000E+01
   3.040          -0.1041900E+02
   3.060          -0.1533800E+02
   3.080          -0.2263400E+02
   3.100          -0.2250500E+02
   3.120          -0.2064300E+02
   3.140          -0.2507700E+02
   3.160          -0.1550200E+02
   3.180          -0.8592000E+01
   3.200          -0.6941000E+01
   3.220           0.5593000E+01
   3.240           0.1011200E+02
   3.260           0.1281000E+01
   3.280          -0.8022000E+01
   3.300          -0.1317100E+02
   3.320          -0.1259400E+02
   3.340          -0.8131000E+01
   3.360          -0.9340000E+00
   3.380           0.1207200E+02
   3.400           0.1814100E+02
   3.420           0.2283100E+02
   3.440           0.2252100E+02
   3.460           0.2349400E+02
   3.480           0.2804400E+02
   3.500           0.2887800E+02
   3.520           0.2915400E+02
   3.540           0.2373100E+02
   3.560           0.2068400E+02
   3.580           0.1441700E+02
   3.600           0.7025000E+01
   3.620          -0.1490000E+00
   3.640           0.4717000E+01
   3.660           0.1491100E+02
   3.680           0.1745000E+02
   3.700           0.3092500E+02
   3.720           0.2652400E+02
   3.740           0.1590800E+02
   3.760           0.1364800E+02
   3.780           0.1722000E+01
   3.800          -0.2673000E+01
   3.820          -0.2215000E+01
   3.840          -0.5388000E+01
   3.860          -0.1332300E+02
   3.880          -0.1090000E+02
   3.900          -0.2160000E+00
   3.920           0.1129000E+01
   3.940          -0.9548000E+01
   3.960          -0.1635500E+02
   3.980          -0.2138200E+02
   4.000          -0.2865800E+02
   4.020          -0.3377100E+02
   4.040          -0.2487800E+02
   4.060          -0.3214000E+01
   4.080          -0.3860000E+00
   4.100          -0.1882600E+02
   4.120          -0.2916800E+02
   4.140          -0.2822300E+02
   4.160          -0.6207000E+01
   4.180          -0.1008500E+02
   4.200          -0.3347300E+02
   4.220          -0.3098000E+02
   4.240          -0.1977500E+02
   4.260          -0.8930000E+00
   4.280           0.9298000E+01
   4.300          -0.5090000E+00
   4.320          -0.6871000E+01
   4.340          -0.3044800E+02
   4.360          -0.3608900E+02
   4.380          -0.1267600E+02
   4.400           0.1244700E+02
   4.420           0.2272100E+02
   4.440           0.3250200E+02
   4.460           0.2783200E+02
   4.480           0.1354000E+02
   4.500           0.1770900E+02
   4.520           0.2566800E+02
   4.540           0.2157800E+02
   4.560           0.2026500E+02
   4.580           0.7845000E+01
   4.600           0.4800000E+00
   4.620           0.5150000E+00
   4.640          -0.1699300E+02
   4.660          -0.2769500E+02
   4.680          -0.3207500E+02
   4.700          -0.2593300E+02
   4.720          -0.8517000E+01
   4.740           0.2746000E+01
   4.760           0.2762000E+02
   4.780           0.3668500E+02
   4.800           0.2570700E+02
   4.820           0.1069200E+02
   4.840          -0.9163000E+01
   4.860          -0.1078900E+02
   4.880          -0.1283400E+02
   4.900          -0.2529100E+02
   4.920          -0.5661000E+01
   4.940           0.1272400E+02
   4.960           0.4157500E+02
   4.980           0.4683800E+02
   5.000           0.1752100E+02
   5.020          -0.2778000E+01
   5.040          -0.8637000E+01
   5.060          -0.1120900E+02
   5.080          -0.8237000E+01
   5.100          -0.1389400E+02
   5.120          -0.3509500E+02
   5.140          -0.4838900E+02
   5.160          -0.6578600E+02
   5.180          -0.6861300E+02
   5.200          -0.3371000E+02
   5.220           0.6862000E+01
   5.240           0.4570900E+02
   5.260           0.6026800E+02
   5.280           0.4396500E+02
   5.300           0.4982400E+02
   5.320           0.4942900E+02
   5.340           0.4821400E+02
   5.360           0.5550800E+02
   5.380           0.2417800E+02
   5.400          -0.9411000E+01
   5.420          -0.1626600E+02
   5.440          -0.2858200E+02
   5.460          -0.2781500E+02
   5.480          -0.1381900E+02
   5.500          -0.9395000E+01
   5.520          -0.1740600E+02
   5.540          -0.1530300E+02
   5.560          -0.1905900E+02
   5.580          -0.2402500E+02
   5.600          -0.3228100E+02
   5.620          -0.4037000E+02
   5.640          -0.1331800E+02
   5.660          -0.1347300E+02
   5.680          -0.4924500E+02
   5.700          -0.4742900E+02
   5.720          -0.3278600E+02
   5.740          -0.2521400E+02
   5.760          -0.2852000E+02
   5.780          -0.2186300E+02
   5.800           0.1088200E+02
   5.820           0.2586800E+02
   5.840           0.2167900E+02
   5.860           0.4690600E+02
   5.880           0.6268100E+02
   5.900           0.5980900E+02
   5.920           0.3174300E+02
   5.940           0.4971000E+01
   5.960          -0.3173900E+02
   5.980          -0.5248600E+02
   6.000          -0.3665000E+02
   6.020          -0.3050400E+02
   6.040          -0.4685700E+02
   6.060          -0.6018100E+02
   6.080          -0.3695700E+02
   6.100          -0.2583600E+02
   6.120          -0.2788900E+02
   6.140           0.1239600E+02
   6.160           0.6247500E+02
   6.180           0.8080100E+02
   6.200           0.5722300E+02
   6.220          -0.1568000E+01
   6.240          -0.3676800E+02
   6.260          -0.6966400E+02
   6.280          -0.1009910E+03
   6.300          -0.6462300E+02
   6.320          -0.1681800E+02
   6.340           0.1640500E+02
   6.360           0.3382100E+02
   6.380          -0.5708000E+01
   6.400          -0.1880800E+02
   6.420          -0.4675000E+01
   6.440           0.4855000E+01
   6.460           0.6171900E+02
   6.480           0.9525100E+02
   6.500           0.7902600E+02
   6.520           0.5260300E+02
   6.540           0.1087600E+02
   6.560          -0.3421700E+02
   6.580          -0.2432600E+02
   6.600           0.2792100E+02
   6.620           0.5768400E+02
   6.640           0.7871800E+02
   6.660           0.5850100E+02
   6.680           0.5274400E+02
   6.700           0.6095100E+02
   6.720           0.7232000E+01
   6.740          -0.1465200E+02
   6.760          -0.5063000E+02
   6.780          -0.1072270E+03
   6.800          -0.9374100E+02
   6.820          -0.1063430E+03
   6.840          -0.7687900E+02
   6.860          -0.7962000E+01
   6.880          -0.2265500E+02
   6.900          -0.4075000E+02
   6.920          -0.4010900E+02
   6.940          -0.4430600E+02
   6.960           0.1371200E+02
   6.980           0.4102900E+02
   7.000           0.7085000E+02
   7.020           0.1037240E+03
   7.040           0.5871100E+02
   7.060          -0.6945000E+01
   7.080          -0.1535100E+02
   7.100          -0.3272200E+02
   7.120          -0.2070600E+02
   7.140          -0.5215000E+01
   7.160          -0.1717300E+02
   7.180          -0.2293200E+02
   7.200          -0.2351000E+02
   7.220           0.1184900E+02
   7.240           0.3821700E+02
   7.260           0.3105600E+02
   7.280           0.1348000E+01
   7.300          -0.2948800E+02
   7.320          -0.7601000E+01
   7.340           0.7582000E+01
   7.360          -0.1588800E+02
   7.380          -0.3278000E+01
   7.400           0.1731400E+02
   7.420          -0.1168600E+02
   7.440           0.2193000E+01
   7.460           0.3952300E+02
   7.480           0.3233900E+02
   7.500           0.6189100E+02
   7.520           0.6309500E+02
   7.540           0.3897100E+02
   7.560           0.4766900E+02
   7.580           0.1982300E+02
   7.600          -0.9047000E+01
   7.620          -0.4329300E+02
   7.640          -0.4707300E+02
   7.660          -0.2833900E+02
   7.680           0.1227400E+02
   7.700           0.7003500E+02
   7.720           0.1099130E+03
   7.740           0.1160580E+03
   7.760           0.5839800E+02
   7.780          -0.3801000E+01
   7.800          -0.1838400E+02
   7.820          -0.2507400E+02
   7.840          -0.4187800E+02
   7.860          -0.7824400E+02
   7.880          -0.1064890E+03
   7.900          -0.7974500E+02
   7.920          -0.1167700E+02
   7.940           0.1757500E+02
   7.960           0.1811000E+02
   7.980           0.4625100E+02
   8.000           0.2000300E+02
   8.020          -0.1540400E+02
   8.040           0.1216400E+02
   8.060           0.4567600E+02
   8.080           0.4881200E+02
   8.100           0.2345100E+02
   8.120           0.2325200E+02
   8.140           0.7878000E+01
   8.160          -0.5966000E+02
   8.180          -0.1014000E+02
   8.200           0.4293100E+02
   8.220           0.2746500E+02
   8.240          -0.1809000E+01
   8.260           0.5589000E+01
   8.280           0.5796700E+02
   8.300           0.7032800E+02
   8.320           0.6408000E+01
   8.340          -0.4340900E+02
   8.360          -0.5881300E+02
   8.380          -0.4762300E+02
   8.400           0.5442000E+01
   8.420           0.2244600E+02
   8.440           0.1494700E+02
   8.460          -0.3104200E+02
   8.480          -0.6442600E+02
   8.500          -0.4896900E+02
   8.520          -0.2595000E+01
   8.540           0.4662200E+02
   8.560           0.1142700E+02
   8.580          -0.4169000E+01
   8.600          -0.1766900E+02
   8.620          -0.1323200E+02
   8.640          -0.8390000E+01
   8.660          -0.8883000E+01
   8.680           0.1017800E+02
   8.700          -0.2392900E+02
   8.720          -0.7497000E+02
   8.740          -0.7662700E+02
   8.760          -0.3788700E+02
   8.780           0.6361000E+01
   8.800          -0.8182000E+01
   8.820          -0.1199600E+02
   8.840           0.5719000E+01
   8.860          -0.7180000E+00
   8.880           0.1916100E+02
   8.900           0.5509100E+02
   8.920           0.8267800E+02
   8.940           0.8398300E+02
   8.960           0.4083700E+02
   8.980           0.2762400E+02
   9.000           0.9137000E+01
   9.020          -0.2278600E+02
   9.040          -0.2415300E+02
   9.060          -0.2734200E+02
   9.080          -0.1454000E+02
   9.100           0.2251900E+02
   9.120           0.3312500E+02
   9.140           0.3174100E+02
   9.160           0.2283600E+02
   9.180           0.1693000E+01
   9.200          -0.2197100E+02
   9.220          -0.6095900E+02
   9.240          -0.7951900E+02
   9.260          -0.1072560E+03
   9.280          -0.4834900E+02
   9.300           0.7134300E+02
   9.320           0.1189800E+03
   9.340           0.1400130E+03
   9.360           0.1044030E+03
   9.380           0.8211100E+02
   9.400           0.5931100E+02
   9.420           0.1489500E+02
   9.440           0.5302400E+02
   9.460           0.8013300E+02
   9.480           0.4685900E+02
   9.500           0.1459300E+02
   9.520          -0.3673400E+02
   9.540          -0.7648000E+02
   9.560          -0.4118700E+02
   9.580          -0.3045500E+02
   9.600          -0.5409400E+02
   9.620          -0.4418800E+02
   9.640          -0.5037000E+01
   9.660           0.3491600E+02
   9.680           0.1662800E+02
   9.700          -0.5487000E+02
   9.720          -0.3526500E+02
   9.740          -0.1794900E+02
   9.760          -0.1461700E+02
   9.780           0.2850500E+02
   9.800           0.5363900E+02
   9.820           0.4596600E+02
   9.840          -0.2613000E+02
   9.860          -0.6141700E+02
   9.880          -0.3429900E+02
   9.900          -0.1524900E+02
   9.920           0.2384200E+02
   9.940           0.4923500E+02
   9.960           0.6383500E+02
   9.980           0.5425600E+02
  10.000           0.4008700E+02
  10.020           0.3088800E+02
  10.040           0.2037000E+02
  10.060           0.1571000E+01
  10.080          -0.3349000E+01
  10.100           0.1845900E+02
  10.120           0.2011200E+02
  10.140           0.3488200E+02
  10.160           0.8246500E+02
  10.180           0.5970500E+02
  10.200           0.7436900E+02
  10.220           0.6085600E+02
  10.240          -0.3573100E+02
  10.260          -0.7498100E+02
  10.280          -0.7070100E+02
  10.300          -0.4740500E+02
  10.320          -0.2881900E+02
  10.340          -0.1058000E+02
  10.360          -0.1866600E+02
  10.380          -0.6115000E+01
  10.400           0.5980000E+00
  10.420           0.8273000E+01
  10.440           0.4199000E+02
  10.460          -0.5100000E+00
  10.480          -0.4742300E+02
  10.500          -0.7816800E+02
  10.520          -0.8775500E+02
  10.540          -0.5198700E+02
  10.560          -0.4097000E+01
  10.580          -0.1727500E+02
  10.600          -0.3865500E+02
  10.620          -0.1346100E+02
  10.640          -0.2022800E+02
  10.660          -0.1321000E+01
  10.680           0.2475100E+02
  10.700           0.3472600E+02
  10.720           0.3216500E+02
  10.740          -0.7804000E+01
  10.760          -0.5014100E+02
  10.780          -0.5065200E+02
  10.800          -0.3656700E+02
  10.820          -0.8466000E+01
  10.840          -0.3145000E+01
  10.860           0.1154000E+01
  10.880           0.3968400E+02
  10.900           0.3656600E+02
  10.920           0.2590200E+02
  10.940           0.2182500E+02
  10.960          -0.6318000E+01
  10.980          -0.7987000E+01
  11.000          -0.1112000E+02
  11.020          -0.9700000E-01
  11.040           0.1220900E+02
  11.060           0.2872000E+02
  11.080           0.4369200E+02
  11.100           0.3890200E+02
  11.120          -0.9670000E+01
  11.140          -0.3127900E+02
  11.160          -0.1332200E+02
  11.180          -0.3262000E+02
  11.200          -0.2265800E+02
  11.220           0.2573200E+02
  11.240           0.4700800E+02
  11.260           0.6434600E+02
  11.280           0.1513400E+02
  11.300          -0.3808000E+02
  11.320          -0.5761200E+02
  11.340          -0.7949200E+02
  11.360          -0.2516300E+02
  11.380           0.6264400E+02
  11.400           0.6316200E+02
  11.420           0.3905500E+02
  11.440          -0.6395000E+01
  11.460          -0.5470000E+01
  11.480           0.4027500E+02
  11.500           0.2733800E+02
  11.520           0.1752600E+02
  11.540           0.3234700E+02
  11.560           0.1448400E+02
  11.580           0.5898000E+01
  11.600          -0.5070000E+01
  11.620           0.6250000E+00
  11.640           0.1830100E+02
  11.660          -0.8149000E+01
  11.680          -0.6796200E+02
  11.700          -0.8766600E+02
  11.720          -0.3701200E+02
  11.740          -0.9202000E+01
  11.760          -0.1619000E+02
  11.780          -0.2930600E+02
  11.800          -0.4112300E+02
  11.820          -0.8614300E+02
  11.840          -0.1270620E+03
  11.860          -0.8580600E+02
  11.880          -0.1259400E+02
  11.900           0.9473000E+01
  11.920          -0.3696000E+02
  11.940          -0.6824800E+02
  11.960          -0.3282000E+02
  11.980           0.1674000E+01
  12.000           0.2959100E+02
  12.020           0.7344000E+01
  12.040           0.1377200E+02
  12.060           0.3357500E+02
  12.080           0.6165000E+01
  12.100          -0.7120000E+00
  12.120           0.1528400E+02
  12.140           0.5333500E+02
  12.160           0.5773100E+02
  12.180          -0.1784000E+02
  12.200          -0.5161600E+02
  12.220          -0.1420000E+01
  12.240           0.2838900E+02
  12.260           0.2537900E+02
  12.280           0.1554000E+01
  12.300          -0.3139900E+02
  12.320          -0.3973000E+02
  12.340          -0.7752500E+02
  12.360          -0.6746700E+02
  12.380          -0.3238100E+02
  12.400          -0.3648400E+02
  12.420          -0.2570100E+02
  12.440          -0.2349500E+02
  12.460          -0.3311200E+02
  12.480          -0.9692000E+01
  12.500          -0.2639000E+01
  12.520           0.5396000E+01
  12.540           0.2183800E+02
  12.560           0.3852300E+02
  12.580           0.1458500E+02
  12.600          -0.8733000E+01
  12.620           0.1829000E+02
  12.640           0.6497000E+02
  12.660           0.4932800E+02
  12.680          -0.1652900E+02
  12.700          -0.2038400E+02
  12.720          -0.6619000E+01
  12.740          -0.9032000E+01
  12.760           0.3256300E+02
  12.780           0.1762300E+02
  12.800           0.2791000E+01
  12.820           0.6233000E+01
  12.840          -0.3517500E+02
  12.860          -0.4340400E+02
  12.880          -0.3787400E+02
  12.900           0.3089000E+01
  12.920           0.6381100E+02
  12.940           0.5165700E+02
  12.960           0.5184200E+02
  12.980           0.6069800E+02
  13.000          -0.1373000E+01
  13.020          -0.3639000E+02
  13.040          -0.3891400E+02
  13.060          -0.7121200E+02
  13.080          -0.4201900E+02
  13.100           0.2914800E+02
  13.120           0.6156800E+02
  13.140           0.5805100E+02
  13.160           0.9799000E+01
  13.180          -0.2024000E+01
  13.200           0.2575500E+02
  13.220           0.1192500E+02
  13.240           0.1870900E+02
  13.260           0.9770000E+01
  13.280          -0.5259300E+02
  13.300          -0.1048150E+03
  13.320          -0.1018780E+03
  13.340          -0.6552500E+02
  13.360          -0.9104000E+01
  13.380           0.5591100E+02
  13.400           0.8424300E+02
  13.420           0.1025480E+03
  13.440           0.9585900E+02
  13.460           0.6580400E+02
  13.480           0.2701000E+02
  13.500           0.3072100E+02
  13.520           0.1249200E+02
  13.540          -0.1038000E+02
  13.560           0.1086500E+02
  13.580          -0.3620000E+00
  13.600           0.2202300E+02
  13.620           0.6300200E+02
  13.640           0.3428500E+02
  13.660           0.3360200E+02
  13.680           0.3867500E+02
  13.700           0.3169800E+02
  13.720           0.1778800E+02
  13.740          -0.1269600E+02
  13.760          -0.4908200E+02
  13.780          -0.7468200E+02
  13.800          -0.8715700E+02
  13.820          -0.7673700E+02
  13.840          -0.5038000E+02
  13.860          -0.8474000E+01
  13.880           0.3136700E+02
  13.900           0.6004900E+02
  13.920           0.4170200E+02
  13.940           0.9787000E+01
  13.960           0.2021500E+02
  13.980           0.3108700E+02
  14.000           0.2620800E+02
  14.020           0.5033300E+02
  14.040           0.7588400E+02
  14.060           0.5997600E+02
  14.080           0.2081200E+02
  14.100          -0.3235400E+02
  14.120          -0.6981400E+02
  14.140          -0.6722600E+02
  14.160          -0.4617900E+02
  14.180           0.3845000E+01
  14.200           0.5694200E+02
  14.220           0.9431900E+02
  14.240           0.6055700E+02
  14.260           0.2808800E+02
  14.280           0.1631100E+02
  14.300           0.2421200E+02
  14.320           0.4253300E+02
  14.340           0.4881300E+02
  14.360           0.4625100E+02
  14.380          -0.1538600E+02
  14.400          -0.5501600E+02
  14.420          -0.6233300E+02
  14.440          -0.4947700E+02
  14.460          -0.3505900E+02
  14.480           0.4492000E+01
  14.500           0.3627600E+02
  14.520          -0.6077000E+01
  14.540          -0.2796100E+02
  14.560          -0.1689000E+01
  14.580           0.3522600E+02
  14.600           0.6369600E+02
  14.620           0.5312300E+02
  14.640           0.4049600E+02
  14.660           0.8177000E+01
  14.680          -0.1026300E+02
  14.700          -0.1987400E+02
  14.720          -0.3845600E+02
  14.740          -0.2653500E+02
  14.760          -0.6008300E+02
  14.780          -0.1169050E+03
  14.800          -0.1224320E+03
  14.820          -0.7925600E+02
  14.840          -0.3116000E+01
  14.860          -0.3117000E+01
  14.880          -0.3564100E+02
  14.900          -0.2250000E+01
  14.920           0.3170000E+00
  14.940          -0.3369100E+02
  14.960          -0.3439700E+02
  14.980          -0.2549000E+02
  15.000          -0.2134500E+02
  15.020          -0.4344000E+01
  15.040           0.1587600E+02
  15.060           0.3332300E+02
  15.080           0.3793300E+02
  15.100           0.3693700E+02
  15.120           0.3043000E+02
  15.140           0.2236800E+02
  15.160           0.4326500E+02
  15.180           0.5517100E+02
  15.200           0.4174900E+02
  15.220           0.1921000E+01
  15.240          -0.1079500E+02
  15.260          -0.1001300E+02
  15.280           0.6491000E+01
  15.300           0.3462700E+02
  15.320           0.7018800E+02
  15.340           0.6832500E+02
  15.360           0.3016700E+02
  15.380          -0.2223000E+01
  15.400           0.2236000E+01
  15.420          -0.6090000E+00
  15.440           0.2025000E+02
  15.460           0.1878800E+02
  15.480          -0.3605900E+02
  15.500          -0.4082000E+02
  15.520          -0.5693300E+02
  15.540          -0.1007030E+03
  15.560          -0.1295390E+03
  15.580          -0.9865300E+02
  15.600          -0.3760700E+02
  15.620          -0.3727100E+02
  15.640          -0.9538000E+01
  15.660           0.3127800E+02
  15.680           0.6756500E+02
  15.700           0.1040370E+03
  15.720           0.8947100E+02
  15.740           0.5975200E+02
  15.760           0.8202000E+01
  15.780          -0.3237700E+02
  15.800          -0.4993200E+02
  15.820          -0.8035200E+02
  15.840          -0.6137300E+02
  15.860           0.1178500E+02
  15.880           0.3242100E+02
  15.900           0.1417100E+02
  15.920           0.5124000E+01
  15.940           0.8427000E+01
  15.960          -0.1935000E+02
  15.980          -0.2513700E+02
  16.000           0.1052900E+02
  16.020           0.1796600E+02
  16.040          -0.3635300E+02
  16.060          -0.6186500E+02
  16.080          -0.2909500E+02
  16.100          -0.9876000E+01
  16.120          -0.6900000E-01
  16.140          -0.1368000E+01
  16.160          -0.1175500E+02
  16.180          -0.1015800E+02
  16.200          -0.1124200E+02
  16.220          -0.2364000E+01
  16.240           0.2959700E+02
  16.260           0.5846000E+02
  16.280           0.7452200E+02
  16.300           0.6114700E+02
  16.320           0.3341700E+02
  16.340           0.3314800E+02
  16.360           0.1502700E+02
  16.380          -0.7784000E+01
  16.400           0.1732000E+01
  16.420          -0.1779200E+02
  16.440          -0.4098400E+02
  16.460          -0.6319000E+02
  16.480          -0.1071840E+03
  16.500          -0.7676700E+02
  16.520          -0.3204000E+02
  16.540          -0.1360900E+02
  16.560           0.4721500E+02
  16.580           0.7880600E+02
  16.600           0.7027900E+02
  16.620           0.3840500E+02
  16.640           0.1026800E+02
  16.660           0.5939200E+02
  16.680           0.4294500E+02
  16.700           0.6425000E+01
  16.720           0.4311400E+02
  16.740           0.2550600E+02
  16.760           0.3433000E+01
  16.780           0.4981000E+01
  16.800          -0.8750000E+01
  16.820           0.2466000E+01
  16.840           0.1118000E+01
  16.860           0.8776000E+01
  16.880           0.2522500E+02
  16.900           0.4100000E-01
  16.920          -0.7397000E+01
  16.940          -0.6795000E+01
  16.960          -0.4380400E+02
  16.980          -0.5710900E+02
  17.000          -0.3824400E+02
  17.020          -0.3492900E+02
  17.040          -0.4665000E+02
  17.060          -0.4060300E+02
  17.080          -0.1734000E+02
  17.100           0.2415800E+02
  17.120           0.6877300E+02
  17.140           0.7416500E+02
  17.160           0.3804000E+02
  17.180           0.1024100E+02
  17.200          -0.8290000E+00
  17.220          -0.3245700E+02
  17.240          -0.4401900E+02
  17.260          -0.1764500E+02
  17.280           0.6490000E+01
  17.300           0.6064000E+01
  17.320          -0.4451000E+01
  17.340           0.8440000E+00
  17.360           0.2601400E+02
  17.380           0.2193800E+02
  17.400           0.1664000E+01
  17.420          -0.7967000E+01
  17.440          -0.8103000E+01
  17.460          -0.2193400E+02
  17.480          -0.6252600E+02
  17.500          -0.8580400E+02
  17.520          -0.6262200E+02
  17.540          -0.3585800E+02
  17.560          -0.6336400E+02
  17.580          -0.7350800E+02
  17.600          -0.6016700E+02
  17.620          -0.4272400E+02
  17.640          -0.3390000E+00
  17.660           0.1497800E+02
  17.680           0.4719000E+01
  17.700          -0.3070300E+02
  17.720          -0.6385700E+02
  17.740          -0.5160800E+02
  17.760          -0.5574000E+01
  17.780           0.3938000E+02
  17.800           0.5172000E+02
  17.820           0.2768700E+02
  17.840          -0.3459900E+02
  17.860          -0.6484400E+02
  17.880          -0.3273100E+02
  17.900           0.7529000E+01
  17.920           0.5861200E+02
  17.940           0.8242400E+02
  17.960           0.6151800E+02
  17.980           0.4994000E+02
  18.000           0.4074900E+02
  18.020           0.3665700E+02
  18.040           0.4440200E+02
  18.060           0.1287400E+02
  18.080          -0.3375300E+02
  18.100          -0.3517300E+02
  18.120          -0.1899400E+02
  18.140          -0.2008000E+01
  18.160           0.1505600E+02
  18.180           0.6195000E+01
  18.200           0.8556000E+01
  18.220           0.6228000E+01
  18.240           0.1090900E+02
  18.260           0.3733000E+02
  18.280           0.5026200E+02
  18.300           0.3449700E+02
  18.320           0.1085900E+02
  18.340          -0.5186000E+01
  18.360          -0.1941100E+02
  18.380          -0.2175200E+02
  18.400          -0.1865900E+02
  18.420          -0.2360000E+02
  18.440          -0.1833300E+02
  18.460          -0.4583000E+01
  18.480           0.1188900E+02
  18.500           0.1126000E+02
  18.520          -0.1586900E+02
  18.540          -0.1596300E+02
  18.560          -0.2466700E+02
  18.580          -0.1343000E+02
  18.600           0.6354000E+01
  18.620          -0.1976000E+01
  18.640           0.1001600E+02
  18.660          -0.1132000E+01
  18.680          -0.6700000E+01
  18.700          -0.1134600E+02
  18.720          -0.4017000E+02
  18.740          -0.2174000E+02
  18.760          -0.7640000E+01
  18.780          -0.1686800E+02
  18.800           0.8735000E+01
  18.820           0.4715600E+02
  18.840           0.8570100E+02
  18.860           0.9041400E+02
  18.880           0.6968600E+02
  18.900           0.5614900E+02
  18.920           0.3929600E+02
  18.940           0.2863800E+02
  18.960           0.3940200E+02
  18.980           0.3012400E+02
  19.000           0.1695000E+01
  19.020          -0.2124900E+02
  19.040          -0.3659200E+02
  19.060          -0.3301200E+02
  19.080          -0.4321400E+02
  19.100          -0.3486300E+02
  19.120           0.1200000E-01
  19.140           0.1672600E+02
  19.160           0.1435600E+02
  19.180           0.1713700E+02
  19.200           0.1446400E+02
  19.220           0.4240000E+00
  19.240          -0.7372000E+01
  19.260          -0.1145800E+02
  19.280          -0.1950000E+02
  19.300          -0.1792700E+02
  19.320          -0.1272000E+02
  19.340          -0.1562000E+01
  19.360           0.7075000E+01
  19.380          -0.9821000E+01
  19.400          -0.8973000E+01
  19.420          -0.9002000E+01
  19.440          -0.2256400E+02
  19.460          -0.2192100E+02
  19.480          -0.3188700E+02
  19.500          -0.4120600E+02
  19.520          -0.2421400E+02
  19.540          -0.1780500E+02
  19.560          -0.1728300E+02
  19.580          -0.4568000E+01
  19.600           0.5131000E+01
  19.620           0.2055000E+01
  19.640           0.9260000E+00
  19.660           0.1729500E+02
  19.680           0.3424400E+02
  19.700           0.3665800E+02
  19.720           0.2830600E+02
  19.740           0.1054400E+02
  19.760          -0.5602000E+01
  19.780          -0.1501200E+02
  19.800          -0.2112300E+02
  19.820          -0.1014800E+02
  19.840          -0.1038100E+02
  19.860           0.6248000E+01
  19.880           0.1605700E+02
  19.900           0.1516100E+02
  19.920           0.2967000E+02
  19.940           0.3660200E+02
  19.960           0.2903900E+02
  19.980           0.1174600E+02
  20.000          -0.4689000E+01
  20.020          -0.1731200E+02
  20.040          -0.5904000E+01
  20.060           0.4992000E+01
  20.080           0.2469000E+01
  20.100          -0.1039900E+02
  20.120          -0.2325000E+02
  20.140          -0.1005300E+02
  20.160          -0.5781000E+01
  20.180          -0.2577800E+02
  20.200          -0.1731300E+02
  20.220          -0.4768000E+01
  20.240          -0.9428000E+01
  20.260          -0.1446100E+02
  20.280          -0.2329000E+01
  20.300           0.2032100E+02
  20.320           0.2514700E+02
  20.340           0.1332400E+02
  20.360           0.3920000E+01
  20.380           0.9834000E+01
  20.400           0.1856100E+02
  20.420           0.1237700E+02
  20.440          -0.6750000E+00
  20.460          -0.7017000E+01
  20.480          -0.1993600E+02
  20.500          -0.1953700E+02
  20.520          -0.2062500E+02
  20.540          -0.2556100E+02
  20.560          -0.3978000E+01
  20.580          -0.1964000E+01
  20.600          -0.1069800E+02
  20.620           0.4966000E+01
  20.640           0.1749500E+02
  20.660           0.7253000E+01
  20.680          -0.1472800E+02
  20.700          -0.3108700E+02
  20.720          -0.3484400E+02
  20.740          -0.1726200E+02
  20.760          -0.6278000E+01
  20.780          -0.1196000E+02
  20.800          -0.2292100E+02
  20.820          -0.3857900E+02
  20.840          -0.3384600E+02
  20.860          -0.1685200E+02
  20.880           0.1328000E+02
  20.900           0.4379300E+02
  20.920           0.4856800E+02
  20.940           0.3268100E+02
  20.960           0.1537500E+02
  20.980           0.1459500E+02
  21.000           0.1960000E+02
  21.020           0.2077000E+01
  21.040          -0.6641000E+01
  21.060          -0.1976300E+02
  21.080          -0.3089300E+02
  21.100          -0.1192600E+02
  21.120          -0.2747000E+01
  21.140           0.1038000E+02
  21.160           0.2622900E+02
  21.180           0.2445800E+02
  21.200           0.2342400E+02
  21.220           0.2046700E+02
  21.240           0.1634500E+02
  21.260           0.4950000E+00
  21.280          -0.1539400E+02
  21.300          -0.2432400E+02
  21.320          -0.3119200E+02
  21.340          -0.1943600E+02
  21.360          -0.1125100E+02
  21.380          -0.5365000E+01
  21.400           0.6948000E+01
  21.420           0.8061000E+01
  21.440           0.1436600E+02
  21.460           0.1771600E+02
  21.480           0.8603000E+01
  21.500          -0.6450000E+00
  21.520          -0.1464300E+02
  21.540          -0.1513400E+02
  21.560           0.7327000E+01
  21.580           0.1462400E+02
  21.600           0.3550000E+01
  21.620          -0.5656000E+01
  21.640           0.4600000E-01
  21.660           0.2860000E+01
  21.680           0.1995000E+01
  21.700           0.8390000E+01
  21.720           0.7744000E+01
  21.740           0.1106100E+02
  21.760           0.1079700E+02
  21.780           0.1294700E+02
  21.800           0.3172700E+02
  21.820           0.3248000E+02
  21.840           0.1168600E+02
  21.860          -0.7943000E+01
  21.880          -0.5208000E+01
  21.900           0.1289200E+02
  21.920           0.1060200E+02
  21.940           0.1290300E+02
  21.960           0.3258900E+02
  21.980           0.2562900E+02
  22.000           0.8595000E+01
  22.020           0.7432000E+01
  22.040           0.1980400E+02
  22.060           0.2349400E+02
  22.080           0.7404000E+01
  22.100           0.1322000E+01
  22.120          -0.3471000E+01
  22.140          -0.1132000E+02
  22.160          -0.1484000E+02
  22.180          -0.1765900E+02
  22.200          -0.2231900E+02
  22.220          -0.1253100E+02
  22.240          -0.2129000E+01
  22.260          -0.2725000E+01
  22.280           0.5214000E+01
  22.300           0.9890000E+01
  22.320           0.2690000E+00
  22.340          -0.1379500E+02
  22.360          -0.1415200E+02
  22.380           0.7810000E+00
  22.400           0.2935000E+01
  22.420           0.1860000E+00
  22.440           0.3855000E+01
  22.460          -0.1151600E+02
  22.480          -0.1877700E+02
  22.500          -0.2338100E+02
  22.520          -0.2238700E+02
  22.540          -0.1748500E+02
  22.560          -0.1510700E+02
  22.580          -0.2843000E+01
  22.600           0.4250000E+00
  22.620           0.3967000E+01
  22.640           0.1220200E+02
  22.660           0.8522000E+01
  22.680          -0.1552000E+01
  22.700          -0.5791000E+01
  22.720          -0.1090700E+02
  22.740          -0.1591000E+02
  22.760          -0.2024700E+02
  22.780          -0.8347000E+01
  22.800           0.1071600E+02
  22.820           0.2147500E+02
  22.840           0.2296600E+02
  22.860           0.2060600E+02
  22.880           0.2809700E+02
  22.900           0.2675900E+02
  22.920           0.1879700E+02
  22.940           0.3080000E+01
  22.960          -0.8081000E+01
  22.980          -0.8122000E+01
  23.000          -0.7714000E+01
  23.020           0.7218000E+01
  23.040           0.2203900E+02
  23.060           0.2097200E+02
  23.080           0.2563600E+02
  23.100           0.1901700E+02
  23.120           0.1295000E+02
  23.140           0.2197800E+02
  23.160           0.2430300E+02
  23.180           0.3288800E+02
  23.200           0.2030800E+02
  23.220          -0.2100000E+01
  23.240          -0.1708000E+01
  23.260          -0.5077000E+01
  23.280          -0.1566600E+02
  23.300          -0.1503100E+02
  23.320          -0.1390700E+02
  23.340          -0.1106900E+02
  23.360          -0.9396000E+01
  23.380          -0.1041400E+02
  23.400          -0.9343000E+01
  23.420          -0.1562000E+02
  23.440          -0.2069600E+02
  23.460          -0.2343100E+02
  23.480          -0.2262800E+02
  23.500          -0.1940200E+02
  23.520          -0.2321400E+02
  23.540          -0.2966800E+02
  23.560          -0.3514700E+02
  23.580          -0.3651400E+02
  23.600          -0.2233600E+02
  23.620          -0.1090100E+02
  23.640          -0.9077000E+01
  23.660          -0.6239000E+01
  23.680          -0.6327000E+01
  23.700          -0.1210400E+02
  23.720          -0.1389600E+02
  23.740          -0.1501500E+02
  23.760          -0.1911700E+02
  23.780          -0.2212500E+02
  23.800          -0.2022800E+02
  23.820          -0.1830700E+02
  23.840          -0.1269300E+02
  23.860          -0.7724000E+01
  23.880           0.8699000E+01
  23.900           0.2477800E+02
  23.920           0.2988800E+02
  23.940           0.3645300E+02
  23.960           0.3186500E+02
  23.980           0.2343100E+02
  24.000           0.1199900E+02
  24.020           0.4949000E+01
  24.040           0.1667500E+02
  24.060           0.1502800E+02
  24.080           0.1164500E+02
  24.100           0.5980000E+01
  24.120          -0.6051000E+01
  24.140          -0.6410000E+00
  24.160           0.5543000E+01
  24.180           0.1385400E+02
  24.200           0.2506600E+02
  24.220           0.1418100E+02
  24.240           0.1377000E+01
  24.260          -0.1493700E+02
  24.280          -0.2840700E+02
  24.300          -0.1592900E+02
  24.320          -0.1197800E+02
  24.340          -0.1573700E+02
  24.360          -0.8863000E+01
  24.380          -0.9361000E+01
  24.400           0.2980000E+00
  24.420           0.3223000E+01
  24.440          -0.5062000E+01
  24.460          -0.2169000E+01
  24.480          -0.3135000E+01
  24.500          -0.4130000E+01
  24.520          -0.3759000E+01
  24.540          -0.8059000E+01
  24.560          -0.1092200E+02
  24.580          -0.1528900E+02
  24.600          -0.9830000E+01
  24.620          -0.3416000E+01
  24.640          -0.1489000E+01
  24.660           0.3408000E+01
  24.680           0.1362000E+01
  24.700          -0.2544000E+01
  24.720           0.2397000E+01
  24.740           0.4630000E+01
  24.760           0.7269000E+01
  24.780           0.7801000E+01
  24.800          -0.4880000E+00
  24.820          -0.4271000E+01
  24.840           0.1823000E+01
  24.860           0.1374500E+02
  24.880           0.2074000E+02
  24.900           0.2127300E+02
  24.920           0.1693700E+02
  24.940           0.8255000E+01
  24.960          -0.1575000E+01
  24.980          -0.4637000E+01
  25.000           0.4756000E+01
  25.020           0.5711000E+01
  25.040           0.1759000E+01
  25.060           0.7200000E-01
  25.080          -0.1229500E+02
  25.100          -0.1517400E+02
  25.120          -0.9912000E+01
  25.140          -0.6903000E+01
  25.160          -0.4778000E+01
  25.180          -0.2696000E+01
  25.200           0.1621000E+01
  25.220          -0.4130000E+00
  25.240          -0.1066800E+02
  25.260          -0.1014300E+02
  25.280          -0.5358000E+01
  25.300          -0.1128600E+02
  25.320          -0.1965900E+02
  25.340          -0.2621200E+02
  25.360          -0.2716300E+02
  25.380          -0.1919000E+02
  25.400          -0.8620000E+01
  25.420           0.3955000E+01
  25.440           0.7722000E+01
  25.460           0.2039000E+01
  25.480          -0.6595000E+01
  25.500          -0.1553500E+02
  25.520          -0.1751600E+02
  25.540          -0.1049400E+02
  25.560          -0.3722000E+01
  25.580           0.4166000E+01
  25.600           0.4500000E+01
  25.620          -0.7000000E-01
  25.640           0.3002000E+01
  25.660           0.6512000E+01
  25.680           0.1115200E+02
  25.700           0.2030700E+02
  25.720           0.2545600E+02
  25.740           0.2355200E+02
  25.760           0.2212300E+02
  25.780           0.2293800E+02
  25.800           0.2205500E+02
  25.820           0.1881500E+02
  25.840           0.1937300E+02
  25.860           0.2269000E+02
  25.880           0.2256800E+02
  25.900           0.1658900E+02
  25.920           0.1813000E+02
  25.940           0.2124300E+02
  25.960           0.2572300E+02
  25.980           0.3164600E+02
  26.000           0.2984000E+02
  26.020           0.2536600E+02
  26.040           0.1813500E+02
  26.060           0.6255000E+01
  26.080          -0.1663000E+01
  26.100          -0.2114000E+01
  26.120          -0.1492000E+01
  26.140          -0.3177000E+01
  26.160          -0.5906000E+01
  26.180          -0.7557000E+01
  26.200          -0.5634000E+01
  26.220          -0.6580000E+01
  26.240          -0.4955000E+01
  26.260          -0.2600000E+00
  26.280          -0.1147000E+01
  26.300          -0.8218000E+01
  26.320          -0.6600000E+01
  26.340          -0.1031700E+02
  26.360          -0.2198400E+02
  26.380          -0.3212600E+02
  26.400          -0.3554000E+02
  26.420          -0.2571300E+02
  26.440          -0.1580400E+02
  26.460          -0.1335200E+02
  26.480          -0.6290000E+01
  26.500          -0.3965000E+01
  26.520          -0.6709000E+01
  26.540          -0.1008500E+02
  26.560          -0.1201200E+02
  26.580          -0.7128000E+01
  26.600          -0.2883000E+01
  26.620          -0.3661000E+01
  26.640          -0.6780000E+00
  26.660           0.1214000E+01
  26.680           0.2102000E+01
  26.700           0.1480000E+00
  26.720          -0.1940000E+01
  26.740           0.1914000E+01
  26.760           0.4594000E+01
  26.780           0.3748000E+01
  26.800           0.6202000E+01
  26.820           0.4332000E+01
  26.840           0.3595000E+01
  26.860           0.6639000E+01
  26.880           0.9750000E+01
  26.900           0.1085400E+02
  26.920           0.1226600E+02
  26.940           0.1113600E+02
  26.960           0.3315000E+01
  26.980          -0.1018000E+01
  27.000           0.4045000E+01
  27.020           0.1096400E+02
  27.040           0.1297700E+02
  27.060           0.8361000E+01
  27.080           0.5352000E+01
  27.100           0.4272000E+01
  27.120           0.4564000E+01
  27.140           0.6645000E+01
  27.160           0.7391000E+01
  27.180           0.4820000E+01
  27.200          -0.3152000E+01
  27.220          -0.1105000E+02
  27.240          -0.1140600E+02
  27.260          -0.8180000E+01
  27.280          -0.6406000E+01
  27.300          -0.3556000E+01
  27.320          -0.1016700E+02
  27.340          -0.1552500E+02
  27.360          -0.1103100E+02
  27.380          -0.1217400E+02
  27.400          -0.1125000E+02
  27.420          -0.9996000E+01
  27.440          -0.1060800E+02
  27.460          -0.4937000E+01
  27.480          -0.5706000E+01
  27.500          -0.6768000E+01
  27.520          -0.1123000E+01
  27.540          -0.2541000E+01
  27.560          -0.4608000E+01
  27.580          -0.1360000E+00
  27.600           0.2832000E+01
  27.620           0.5775000E+01
  27.640           0.5779000E+01
  27.660          -0.1875000E+01
  27.680          -0.4570000E+01
  27.700          -0.1826000E+01
  27.720           0.4930000E+00
  27.740           0.2962000E+01
  27.760           0.9620000E+00
  27.780           0.1126000E+01
  27.800           0.1232000E+01
  27.820          -0.1700000E+01
  27.840           0.2223000E+01
  27.860           0.8925000E+01
  27.880           0.1081300E+02
  27.900           0.1032200E+02
  27.920           0.3602000E+01
  27.940           0.1460000E+01
  27.960           0.2450000E+00
  27.980          -0.9000000E+00
  28.000           0.1763000E+01
  28.020          -0.1215000E+01
  28.040          -0.4204000E+01
  28.060          -0.4543000E+01
  28.080          -0.8871000E+01
  28.100          -0.7165000E+01
  28.120          -0.1187000E+01
  28.140           0.4688000E+01
  28.160           0.1024900E+02
  28.180           0.5197000E+01
  28.200          -0.5609000E+01
  28.220          -0.1027900E+02
  28.240          -0.1128800E+02
  28.260          -0.1307400E+02
  28.280          -0.9649000E+01
  28.300          -0.3597000E+01
  28.320          -0.2935000E+01
  28.340          -0.2861000E+01
  28.360          -0.4828000E+01
  28.380          -0.5995000E+01
  28.400          -0.3109000E+01
  28.420          -0.1436000E+01
  28.440          -0.2400000E-01
  28.460           0.8220000E+00
  28.480           0.1150000E+01
  28.500           0.1227000E+01
  28.520           0.1041000E+01
  28.540           0.1122000E+01
  28.560           0.2966000E+01
  28.580           0.6493000E+01
  28.600           0.8836000E+01
  28.620           0.9650000E+01
  28.640           0.1361600E+02
  28.660           0.1524500E+02
  28.680           0.1851000E+02
  28.700           0.2050600E+02
  28.720           0.1815600E+02
  28.740           0.1665500E+02
  28.760           0.1242000E+02
  28.780           0.6026000E+01
  28.800           0.2626000E+01
  28.820           0.1135000E+01
  28.840           0.6974000E+01
  28.860           0.9390000E+01
  28.880           0.9189000E+01
  28.900           0.1425100E+02
  28.920           0.1567400E+02
  28.940           0.1367300E+02
  28.960           0.1251500E+02
  28.980           0.6566000E+01
  29.000           0.1589000E+01
  29.020          -0.1939000E+01
  29.040          -0.3711000E+01
  29.060          -0.2971000E+01
  29.080          -0.3385000E+01
  29.100          -0.2913000E+01
  29.120          -0.3904000E+01
  29.140          -0.7943000E+01
  29.160          -0.6881000E+01
  29.180          -0.5808000E+01
  29.200          -0.7428000E+01
  29.220          -0.8275000E+01
  29.240          -0.7923000E+01
  29.260          -0.8008000E+01
  29.280          -0.7580000E+01
  29.300          -0.8092000E+01
  29.320          -0.8043000E+01
  29.340          -0.8393000E+01
  29.360          -0.9234000E+01
  29.380          -0.8367000E+01
  29.400          -0.6863000E+01
  29.420          -0.5496000E+01
  29.440          -0.2294000E+01
  29.460          -0.2660000E+01
  29.480          -0.4024000E+01
  29.500          -0.2926000E+01
  29.520          -0.3526000E+01
  29.540          -0.3897000E+01
  29.560          -0.3419000E+01
  29.580          -0.3547000E+01
  29.600          -0.2940000E+01
  29.620          -0.2368000E+01
  29.640          -0.1711000E+01
  29.660          -0.1184000E+01
  29.680          -0.8110000E+00
  29.700           0.9000000E-01
  29.720           0.1370000E+00
  29.740          -0.5960000E+00
  29.760          -0.8800000E-01
  29.780           0.2930000E+00
  29.800          -0.3230000E+00
  29.820          -0.9490000E+00
  29.840          -0.9130000E+00
  29.860          -0.8410000E+00
  29.880          -0.7430000E+00
  29.900          -0.6620000E+00
  29.920          -0.1158000E+01
  29.940          -0.9310000E+00
  29.960          -0.2200000E-01
  29.980          -0.1400000E-01
  30.000           0.1800000E-01
  30.020          -0.1490000E+00
  30.040          -0.5620000E+00
  30.060          -0.9440000E+00
  30.080          -0.1703000E+01
  30.100          -0.1143000E+01
  30.120          -0.3840000E+00
  30.140          -0.3400000E-01
  30.160           0.8590000E+00
  30.180           0.8260000E+00
  30.200           0.2650000E+00
  30.220          -0.6600000E-01
  30.240          -0.5330000E+00
  30.260          -0.3840000E+00
  30.280          -0.9500000E-01
  30.300          -0.7600000E-01
  30.320          -0.1070000E+00
  30.340          -0.1540000E+00
  30.360          -0.1520000E+00
  30.380          -0.7900000E-01
  30.400          -0.2310000E+00
  30.420          -0.3140000E+00
  30.440          -0.2170000E+00
  30.460          -0.1660000E+00
  30.480          -0.7300000E-01
  30.500           0.0000000E+00
  30.520           0.0000000E+00
  30.540           0.0000000E+00
  30.560           0.0000000E+00
  30.580           0.0000000E+00
  30.600           0.0000000E+00
  30.620           0.0000000E+00
  30.640           0.0000000E+00
  30.660           0.0000000E+00
  30.680           0.0000000E+00
  30.700           0.0000000E+00
  30.720           0.0000000E+00
  30.740           0.0000000E+00
  30.760           0.0000000E+00
  30.780           0.0000000E+00
  30.800           0.0000000E+00
  30.820           0.0000000E+00
  30.840           0.0000000E+00
  30.860           0.0000000E+00
  30.880           0.0000000E+00
  30.900           0.0000000E+00
  30.920           0.0000000E+00
  30.940           0.0000000E+00
  30.960           0.0000000E+00
  30.980           0.0000000E+00
  31.000           0.0000000E+00
  31.020           0.0000000E+00
  31.040           0.0000000E+00
  31.060           0.0000000E+00
  31.080           0.0000000E+00
  31.100           0.0000000E+00
  31.120           0.0000000E+00
  31.140           0.0000000E+00
  31.160           0.0000000E+00
  31.180           0.0000000E+00
  31.200           0.0000000E+00
  31.220           0.0000000E+00
  31.240           0.0000000E+00
  31.260           0.0000000E+00
  31.280           0.0000000E+00
  31.300           0.0000000E+00
  31.320           0.0000000E+00
  31.340           0.0000000E+00
  31.360           0.0000000E+00
  31.380           0.0000000E+00
  31.400           0.0000000E+00
  31.420           0.0000000E+00
  31.440           0.0000000E+00
  31.460           0.0000000E+00
  31.480           0.0000000E+00
  31.500           0.0000000E+00
  31.520           0.0000000E+00
  31.540           0.0000000E+00
  31.560           0.0000000E+00
  31.580           0.0000000E+00
  31.600           0.0000000E+00
  31.620           0.0000000E+00
  31.640           0.0000000E+00
  31.660           0.0000000E+00
  31.680           0.0000000E+00
  31.700           0.0000000E+00
  31.720           0.0000000E+00
  31.740           0.0000000E+00
  31.760           0.0000000E+00
  31.780           0.0000000E+00
  31.800           0.0000000E+00
  31.820           0.0000000E+00
  31.840           0.0000000E+00
  31.860           0.0000000E+00
  31.880           0.0000000E+00
  31.900           0.0000000E+00
  31.920           0.0000000E+00
  31.940           0.0000000E+00
  31.960           0.0000000E+00
  31.980           0.0000000E+00
  32.000           0.0000000E+00
  32.020           0.0000000E+00
  32.040           0.0000000E+00
  32.060           0.0000000E+00
  32.080           0.0000000E+00
  32.100           0.0000000E+00
  32.120           0.0000000E+00
  32.140           0.0000000E+00
  32.160           0.0000000E+00
  32.180           0.0000000E+00
  32.200           0.0000000E+00
  32.220           0.0000000E+00
  32.240           0.0000000E+00
  32.260           0.0000000E+00
  32.280           0.0000000E+00
  32.300           0.0000000E+00
  32.320           0.0000000E+00
  32.340           0.0000000E+00
  32.360           0.0000000E+00
  32.380           0.0000000E+00
  32.400           0.0000000E+00
  32.420           0.0000000E+00
  32.440           0.0000000E+00
  32.460           0.0000000E+00
  32.480           0.0000000E+00
  32.500           0.0000000E+00
  32.520           0.0000000E+00
  32.540           0.0000000E+00
  32.560           0.0000000E+00
  32.580           0.0000000E+00
  32.600           0.0000000E+00
  32.620           0.0000000E+00
  32.640           0.0000000E+00
  32.660           0.0000000E+00
  32.680           0.0000000E+00
  32.700           0.0000000E+00
  32.720           0.0000000E+00
  32.740           0.0000000E+00
  32.760           0.0000000E+00
  32.780           0.0000000E+00
  32.800           0.0000000E+00
  32.820           0.0000000E+00
  32.840           0.0000000E+00
  32.860           0.0000000E+00
  32.880           0.0000000E+00
  32.900           0.0000000E+00
  32.920           0.0000000E+00
  32.940           0.0000000E+00
  32.960           0.0000000E+00
  32.980           0.0000000E+00
  33.000           0.0000000E+00
  33.020           0.0000000E+00
  33.040           0.0000000E+00
  33.060           0.0000000E+00
  33.080           0.0000000E+00
  33.100           0.0000000E+00
  33.120           0.0000000E+00
  33.140           0.0000000E+00
  33.160           0.0000000E+00
  33.180           0.0000000E+00
  33.200           0.0000000E+00
  33.220           0.0000000E+00
  33.240           0.0000000E+00
  33.260           0.0000000E+00
  33.280           0.0000000E+00
  33.300           0.0000000E+00
  33.320           0.0000000E+00
  33.340           0.0000000E+00
  33.360           0.0000000E+00
  33.380           0.0000000E+00
  33.400           0.0000000E+00
  33.420           0.0000000E+00
  33.440           0.0000000E+00
  33.460           0.0000000E+00
  33.480           0.0000000E+00
  33.500           0.0000000E+00
  33.520           0.0000000E+00
  33.540           0.0000000E+00
  33.560           0.0000000E+00
  33.580           0.0000000E+00
  33.600           0.0000000E+00
  33.620           0.0000000E+00
  33.640           0.0000000E+00
  33.660           0.0000000E+00
  33.680           0.0000000E+00
  33.700           0.0000000E+00
  33.720           0.0000000E+00
  33.740           0.0000000E+00
  33.760           0.0000000E+00
  33.780           0.0000000E+00
  33.800           0.0000000E+00
  33.820           0.0000000E+00
  33.840           0.0000000E+00
  33.860           0.0000000E+00
  33.880           0.0000000E+00
  33.900           0.0000000E+00
  33.920           0.0000000E+00
  33.940           0.0000000E+00
  33.960           0.0000000E+00
  33.980           0.0000000E+00
  34.000           0.0000000E+00
  34.020           0.0000000E+00
  34.040           0.0000000E+00
  34.060           0.0000000E+00
  34.080           0.0000000E+00
  34.100           0.0000000E+00
  34.120           0.0000000E+00
  34.140           0.0000000E+00
  34.160           0.0000000E+00
  34.180           0.0000000E+00
  34.200           0.0000000E+00
  34.220           0.0000000E+00
  34.240           0.0000000E+00
  34.260           0.0000000E+00
  34.280           0.0000000E+00
  34.300           0.0000000E+00
  34.320           0.0000000E+00
  34.340           0.0000000E+00
  34.360           0.0000000E+00
  34.380           0.0000000E+00
  34.400           0.0000000E+00
  34.420           0.0000000E+00
  34.440           0.0000000E+00
  34.460           0.0000000E+00
  34.480           0.0000000E+00
  34.500           0.0000000E+00
  34.520           0.0000000E+00
  34.540           0.0000000E+00
  34.560           0.0000000E+00
  34.580           0.0000000E+00
  34.600           0.0000000E+00
  34.620           0.0000000E+00
  34.640           0.0000000E+00
  34.660           0.0000000E+00
  34.680           0.0000000E+00
  34.700           0.0000000E+00
  34.720           0.0000000E+00
  34.740           0.0000000E+00
  34.760           0.0000000E+00
  34.780           0.0000000E+00
  34.800           0.0000000E+00
  34.820           0.0000000E+00
  34.840           0.0000000E+00
  34.860           0.0000000E+00
  34.880           0.0000000E+00
  34.900           0.0000000E+00
  34.920           0.0000000E+00
  34.940           0.0000000E+00
  34.960           0.0000000E+00
  34.980           0.0000000E+00
  35.000           0.0000000E+00
  35.020           0.0000000E+00
  35.040           0.0000000E+00
  35.060           0.0000000E+00
  35.080           0.0000000E+00
  35.100           0.0000000E+00
  35.120           0.0000000E+00
  35.140           0.0000000E+00
  35.160           0.0000000E+00
  35.180           0.0000000E+00
  35.200           0.0000000E+00
  35.220           0.0000000E+00
  35.240           0.0000000E+00
  35.260           0.0000000E+00
  35.280           0.0000000E+00
  35.300           0.0000000E+00
  35.320           0.0000000E+00
  35.340           0.0000000E+00
  35.360           0.0000000E+00
  35.380           0.0000000E+00
  35.400           0.0000000E+00
  35.420           0.0000000E+00
  35.440           0.0000000E+00
  35.460           0.0000000E+00
  35.480           0.0000000E+00
  35.500           0.0000000E+00
  35.520           0.0000000E+00
  35.540           0.0000000E+00
  35.560           0.0000000E+00
  35.580           0.0000000E+00
  35.600           0.0000000E+00
  35.620           0.0000000E+00
  35.640           0.0000000E+00
  35.660           0.0000000E+00
  35.680           0.0000000E+00
  35.700           0.0000000E+00
  35.720           0.0000000E+00
  35.740           0.0000000E+00
  35.760           0.0000000E+00
  35.780           0.0000000E+00
  35.800           0.0000000E+00
  35.820           0.0000000E+00
  35.840           0.0000000E+00
  35.860           0.0000000E+00
  35.880           0.0000000E+00
  35.900           0.0000000E+00
  35.920           0.0000000E+00
  35.940           0.0000000E+00
  35.960           0.0000000E+00
  35.980           0.0000000E+00
  36.000           0.0000000E+00
  36.020           0.0000000E+00
  36.040           0.0000000E+00
  36.060           0.0000000E+00
  36.080           0.0000000E+00
  36.100           0.0000000E+00
  36.120           0.0000000E+00
  36.140           0.0000000E+00
  36.160           0.0000000E+00
  36.180           0.0000000E+00
  36.200           0.0000000E+00
  36.220           0.0000000E+00
  36.240           0.0000000E+00
  36.260           0.0000000E+00
  36.280           0.0000000E+00
  36.300           0.0000000E+00
  36.320           0.0000000E+00
  36.340           0.0000000E+00
  36.360           0.0000000E+00
  36.380           0.0000000E+00
  36.400           0.0000000E+00
  36.420           0.0000000E+00
  36.440           0.0000000E+00
  36.460           0.0000000E+00
  36.480           0.0000000E+00
  36.500           0.0000000E+00
  36.520           0.0000000E+00
  36.540           0.0000000E+00
  36.560           0.0000000E+00
  36.580           0.0000000E+00
  36.600           0.0000000E+00
  36.620           0.0000000E+00
  36.640           0.0000000E+00
  36.660           0.0000000E+00
  36.680           0.0000000E+00
  36.700           0.0000000E+00
  36.720           0.0000000E+00
  36.740           0.0000000E+00
  36.760           0.0000000E+00
  36.780           0.0000000E+00
  36.800           0.0000000E+00
  36.820           0.0000000E+00
  36.840           0.0000000E+00
  36.860           0.0000000E+00
  36.880           0.0000000E+00
  36.900           0.0000000E+00
  36.920           0.0000000E+00
  36.940           0.0000000E+00
  36.960           0.0000000E+00
  36.980           0.0000000E+00
  37.000           0.0000000E+00
  37.020           0.0000000E+00
  37.040           0.0000000E+00
  37.060           0.0000000E+00
  37.080           0.0000000E+00
  37.100           0.0000000E+00
  37.120           0.0000000E+00
  37.140           0.0000000E+00
  37.160           0.0000000E+00
  37.180           0.0000000E+00
  37.200           0.0000000E+00
  37.220           0.0000000E+00
  37.240           0.0000000E+00
  37.260           0.0000000E+00
  37.280           0.0000000E+00
  37.300           0.0000000E+00
  37.320           0.0000000E+00
  37.340           0.0000000E+00
  37.360           0.0000000E+00
  37.380           0.0000000E+00
  37.400           0.0000000E+00
  37.420           0.0000000E+00
  37.440           0.0000000E+00
  37.460           0.0000000E+00
  37.480           0.0000000E+00
  37.500           0.0000000E+00
  37.520           0.0000000E+00
  37.540           0.0000000E+00
  37.560           0.0000000E+00
  37.580           0.0000000E+00
  37.600           0.0000000E+00
  37.620           0.0000000E+00
  37.640           0.0000000E+00
  37.660           0.0000000E+00
  37.680           0.0000000E+00
  37.700           0.0000000E+00
  37.720           0.0000000E+00
  37.740           0.0000000E+00
  37.760           0.0000000E+00
  37.780           0.0000000E+00
  37.800           0.0000000E+00
  37.820           0.0000000E+00
  37.840           0.0000000E+00
  37.860           0.0000000E+00
  37.880           0.0000000E+00
  37.900           0.0000000E+00
  37.920           0.0000000E+00
  37.940           0.0000000E+00
  37.960           0.0000000E+00
  37.980           0.0000000E+00
  38.000           0.0000000E+00
  38.020           0.0000000E+00
  38.040           0.0000000E+00
  38.060           0.0000000E+00
  38.080           0.0000000E+00
  38.100           0.0000000E+00
  38.120           0.0000000E+00
  38.140           0.0000000E+00
  38.160           0.0000000E+00
  38.180           0.0000000E+00
  38.200           0.0000000E+00
  38.220           0.0000000E+00
  38.240           0.0000000E+00
  38.260           0.0000000E+00
  38.280           0.0000000E+00
  38.300           0.0000000E+00
  38.320           0.0000000E+00
  38.340           0.0000000E+00
  38.360           0.0000000E+00
  38.380           0.0000000E+00
  38.400           0.0000000E+00
  38.420           0.0000000E+00
  38.440           0.0000000E+00
  38.460           0.0000000E+00
  38.480           0.0000000E+00
  38.500           0.0000000E+00
  38.520           0.0000000E+00
  38.540           0.0000000E+00
  38.560           0.0000000E+00
  38.580           0.0000000E+00
  38.600           0.0000000E+00
  38.620           0.0000000E+00
  38.640           0.0000000E+00
  38.660           0.0000000E+00
  38.680           0.0000000E+00
  38.700           0.0000000E+00
  38.720           0.0000000E+00
  38.740           0.0000000E+00
  38.760           0.0000000E+00
  38.780           0.0000000E+00
  38.800           0.0000000E+00
  38.820           0.0000000E+00
  38.840           0.0000000E+00
  38.860           0.0000000E+00
  38.880           0.0000000E+00
  38.900           0.0000000E+00
  38.920           0.0000000E+00
  38.940           0.0000000E+00
  38.960           0.0000000E+00
  38.980           0.0000000E+00
  39.000           0.0000000E+00
  39.020           0.0000000E+00
  39.040           0.0000000E+00
  39.060           0.0000000E+00
  39.080           0.0000000E+00
  39.100           0.0000000E+00
  39.120           0.0000000E+00
  39.140           0.0000000E+00
  39.160           0.0000000E+00
  39.180           0.0000000E+00
  39.200           0.0000000E+00
  39.220           0.0000000E+00
  39.240           0.0000000E+00
  39.260           0.0000000E+00
  39.280           0.0000000E+00
  39.300           0.0000000E+00
  39.320           0.0000000E+00
  39.340           0.0000000E+00
  39.360           0.0000000E+00
  39.380           0.0000000E+00
  39.400           0.0000000E+00
  39.420           0.0000000E+00
  39.440           0.0000000E+00
  39.460           0.0000000E+00
  39.480           0.0000000E+00
  39.500           0.0000000E+00
  39.520           0.0000000E+00
  39.540           0.0000000E+00
  39.560           0.0000000E+00
  39.580           0.0000000E+00
  39.600           0.0000000E+00
  39.620           0.0000000E+00
  39.640           0.0000000E+00
  39.660           0.0000000E+00
  39.680           0.0000000E+00
  39.700           0.0000000E+00
  39.720           0.0000000E+00
  39.740           0.0000000E+00
  39.760           0.0000000E+00
  39.780           0.0000000E+00
  39.800           0.0000000E+00
  39.820           0.0000000E+00
  39.840           0.0000000E+00
  39.860           0.0000000E+00
  39.880           0.0000000E+00
  39.900           0.0000000E+00
  39.920           0.0000000E+00
  39.940           0.0000000E+00
  39.960           0.0000000E+00
  39.980           0.0000000E+00
  40.000           0.0000000E+00
  40.020           0.0000000E+00
  40.040           0.0000000E+00
  40.060           0.0000000E+00
  40.080           0.0000000E+00
  40.100           0.0000000E+00
  40.120           0.0000000E+00
  40.140           0.0000000E+00
  40.160           0.0000000E+00
  40.180           0.0000000E+00
  40.200           0.0000000E+00
  40.220           0.0000000E+00
  40.240           0.0000000E+00
  40.260           0.0000000E+00
  40.280           0.0000000E+00
  40.300           0.0000000E+00
  40.320           0.0000000E+00
  40.340           0.0000000E+00
  40.360           0.0000000E+00
  40.380           0.0000000E+00
  40.400           0.0000000E+00
  40.420           0.0000000E+00
  40.440           0.0000000E+00
  40.460           0.0000000E+00
  40.480           0.0000000E+00
  40.500           0.0000000E+00
  40.520           0.0000000E+00
  40.540           0.0000000E+00
  40.560           0.0000000E+00
  40.580           0.0000000E+00
  40.600           0.0000000E+00
  40.620           0.0000000E+00
  40.640           0.0000000E+00
  40.660           0.0000000E+00
  40.680           0.0000000E+00
  40.700           0.0000000E+00
  40.720           0.0000000E+00
  40.740           0.0000000E+00
  40.760           0.0000000E+00
  40.780           0.0000000E+00
  40.800           0.0000000E+00
  40.820           0.0000000E+00
  40.840           0.0000000E+00
  40.860           0.0000000E+00
  40.880           0.0000000E+00
  40.900           0.0000000E+00
  40.920           0.0000000E+00
  40.940           0.0000000E+00
  40.960           0.0000000E+00
