   0.020           0.1400000E-01
   0.040           0.1400000E-01
   0.060           0.1400000E-01
   0.080           0.1400000E-01
   0.100           0.1400000E-01
   0.120           0.1400000E-01
   0.140           0.1700000E-01
   0.160           0.1400000E-01
   0.180           0.1400000E-01
   0.200           0.2200000E-01
   0.220           0.1400000E-01
   0.240           0.1400000E-01
   0.260           0.3700000E-01
   0.280           0.1400000E-01
   0.300           0.1400000E-01
   0.320           0.5000000E-01
   0.340           0.1400000E-01
   0.360           0.1400000E-01
   0.380           0.6600000E-01
   0.400           0.1500000E-01
   0.420           0.1400000E-01
   0.440           0.6400000E-01
   0.460           0.1500000E-01
   0.480           0.1500000E-01
   0.500           0.9500000E-01
   0.520           0.1700000E-01
   0.540           0.1700000E-01
   0.560           0.1320000E+00
   0.580           0.2000000E-01
   0.600           0.1800000E-01
   0.620           0.1550000E+00
   0.640           0.9900000E-01
   0.660           0.3600000E-01
   0.680           0.3500000E-01
   0.700          -0.1200000E-01
   0.720          -0.4600000E-01
   0.740          -0.3800000E-01
   0.760          -0.7500000E-01
   0.780          -0.1520000E+00
   0.800          -0.4000000E-02
   0.820           0.8700000E-01
   0.840           0.2870000E+00
   0.860           0.1910000E+00
   0.880           0.3100000E-01
   0.900           0.6600000E-01
   0.920          -0.2200000E+00
   0.940          -0.6500000E-01
   0.960          -0.1800000E-01
   0.980          -0.2280000E+00
   1.000          -0.9600000E-01
   1.020          -0.3400000E-01
   1.040          -0.2280000E+00
   1.060          -0.3720000E+00
   1.080          -0.9100000E-01
   1.100          -0.1420000E+00
   1.120          -0.3980000E+00
   1.140          -0.2980000E+00
   1.160          -0.6300000E-01
   1.180          -0.2180000E+00
   1.200          -0.4700000E+00
   1.220          -0.4200000E-01
   1.240          -0.1170000E+00
   1.260          -0.6120000E+00
   1.280          -0.3580000E+00
   1.300          -0.1190000E+00
   1.320          -0.2330000E+00
   1.340          -0.2540000E+00
   1.360          -0.2170000E+00
   1.380          -0.2060000E+00
   1.400          -0.4870000E+00
   1.420          -0.3470000E+00
   1.440          -0.3560000E+00
   1.460          -0.8300000E+00
   1.480          -0.2580000E+00
   1.500          -0.2800000E+00
   1.520          -0.9020000E+00
   1.540          -0.2880000E+00
   1.560          -0.3200000E+00
   1.580          -0.9770000E+00
   1.600          -0.2120000E+00
   1.620           0.8800000E-01
   1.640           0.6140000E+00
   1.660           0.7280000E+00
   1.680           0.8200000E+00
   1.700           0.7220000E+00
   1.720           0.5040000E+00
   1.740           0.8220000E+00
   1.760           0.1245000E+01
   1.780           0.4590000E+00
   1.800           0.9820000E+00
   1.820           0.1248000E+01
   1.840          -0.7180000E+00
   1.860          -0.1200000E-01
   1.880           0.7640000E+00
   1.900           0.6800000E+00
   1.920           0.4850000E+00
   1.940           0.6910000E+00
   1.960           0.9170000E+00
   1.980           0.6540000E+00
   2.000           0.9540000E+00
   2.020           0.1410000E+01
   2.040           0.5890000E+00
   2.060           0.9080000E+00
   2.080           0.1740000E+01
   2.100           0.5790000E+00
   2.120           0.8210000E+00
   2.140           0.1663000E+01
   2.160           0.9140000E+00
   2.180           0.1027000E+01
   2.200           0.1947000E+01
   2.220           0.1305000E+01
   2.240          -0.1600000E-01
   2.260          -0.1040000E+01
   2.280           0.3010000E+00
   2.300           0.8600000E+00
   2.320           0.1692000E+01
   2.340           0.2203000E+01
   2.360           0.1678000E+01
   2.380           0.1970000E+01
   2.400           0.2318000E+01
   2.420           0.1314000E+01
   2.440           0.7660000E+00
   2.460          -0.2190000E+00
   2.480          -0.6510000E+00
   2.500          -0.1090000E+01
   2.520          -0.2005000E+01
   2.540          -0.1430000E+01
   2.560          -0.1571000E+01
   2.580          -0.2653000E+01
   2.600          -0.1946000E+01
   2.620          -0.1785000E+01
   2.640          -0.1205000E+01
   2.660          -0.1264000E+01
   2.680          -0.2349000E+01
   2.700          -0.1571000E+01
   2.720          -0.1763000E+01
   2.740          -0.2996000E+01
   2.760          -0.2354000E+01
   2.780          -0.2168000E+01
   2.800          -0.1925000E+01
   2.820          -0.2164000E+01
   2.840          -0.3009000E+01
   2.860          -0.2146000E+01
   2.880          -0.2380000E+01
   2.900          -0.3361000E+01
   2.920          -0.1774000E+01
   2.940          -0.1477000E+01
   2.960          -0.2256000E+01
   2.980          -0.3007000E+01
   3.000          -0.2675000E+01
   3.020          -0.6110000E+00
   3.040           0.8000000E-02
   3.060           0.1687000E+01
   3.080           0.2744000E+01
   3.100           0.9760000E+00
   3.120           0.1047000E+01
   3.140           0.1579000E+01
   3.160           0.5200000E+00
   3.180           0.2180000E+00
   3.200           0.9430000E+00
   3.220           0.1071000E+01
   3.240           0.1233000E+01
   3.260           0.1352000E+01
   3.280           0.2999000E+01
   3.300           0.4390000E+01
   3.320           0.3350000E+01
   3.340           0.3145000E+01
   3.360           0.1165000E+01
   3.380          -0.5660000E+00
   3.400           0.8420000E+00
   3.420          -0.8100000E-01
   3.440          -0.4270000E+00
   3.460           0.6800000E-01
   3.480           0.2029000E+01
   3.500           0.4940000E+01
   3.520           0.3542000E+01
   3.540           0.3607000E+01
   3.560           0.5112000E+01
   3.580           0.4315000E+01
   3.600           0.4432000E+01
   3.620           0.5286000E+01
   3.640           0.3780000E+01
   3.660           0.6330000E+00
   3.680          -0.3114000E+01
   3.700          -0.5215000E+01
   3.720          -0.5550000E+01
   3.740          -0.5616000E+01
   3.760          -0.3703000E+01
   3.780           0.2173000E+01
   3.800           0.5386000E+01
   3.820           0.5185000E+01
   3.840           0.3340000E+01
   3.860           0.3663000E+01
   3.880           0.3602000E+01
   3.900           0.2700000E-01
   3.920          -0.1259000E+01
   3.940          -0.6540000E+00
   3.960          -0.1458000E+01
   3.980          -0.1434000E+01
   4.000          -0.1943000E+01
   4.020          -0.8440000E+00
   4.040           0.2458000E+01
   4.060           0.2543000E+01
   4.080           0.1531000E+01
   4.100           0.1632000E+01
   4.120           0.3806000E+01
   4.140           0.4570000E+01
   4.160           0.4110000E+00
   4.180          -0.9650000E+00
   4.200           0.6100000E-01
   4.220          -0.1220000E+01
   4.240          -0.9450000E+00
   4.260          -0.5750000E+00
   4.280          -0.2331000E+01
   4.300          -0.5627000E+01
   4.320          -0.7509000E+01
   4.340          -0.4613000E+01
   4.360          -0.1340000E+01
   4.380          -0.2020000E+00
   4.400           0.1765000E+01
   4.420           0.3362000E+01
   4.440           0.4026000E+01
   4.460           0.3611000E+01
   4.480           0.1301000E+01
   4.500           0.2880000E+00
   4.520          -0.5820000E+00
   4.540          -0.3590000E+01
   4.560          -0.3978000E+01
   4.580          -0.3252000E+01
   4.600          -0.1896000E+01
   4.620           0.3930000E+00
   4.640           0.1247000E+01
   4.660           0.1367000E+01
   4.680           0.5780000E+00
   4.700          -0.1290000E+00
   4.720          -0.1712000E+01
   4.740          -0.3336000E+01
   4.760          -0.3104000E+01
   4.780          -0.3134000E+01
   4.800          -0.5046000E+01
   4.820          -0.6898000E+01
   4.840          -0.4814000E+01
   4.860          -0.1415000E+01
   4.880           0.2585000E+01
   4.900           0.5202000E+01
   4.920           0.7341000E+01
   4.940           0.9862000E+01
   4.960           0.8117000E+01
   4.980           0.6815000E+01
   5.000           0.6359000E+01
   5.020           0.6100000E+00
   5.040          -0.6023000E+01
   5.060          -0.1032100E+02
   5.080          -0.7838000E+01
   5.100          -0.2209000E+01
   5.120           0.2535000E+01
   5.140           0.5363000E+01
   5.160           0.1536000E+01
   5.180           0.1560000E+00
   5.200           0.3412000E+01
   5.220           0.2901000E+01
   5.240           0.1164000E+01
   5.260           0.2300000E-01
   5.280           0.9110000E+00
   5.300           0.3145000E+01
   5.320           0.5038000E+01
   5.340           0.4148000E+01
   5.360          -0.1047000E+01
   5.380          -0.4995000E+01
   5.400          -0.5563000E+01
   5.420          -0.5050000E+01
   5.440          -0.5388000E+01
   5.460          -0.2897000E+01
   5.480          -0.7560000E+00
   5.500          -0.1234000E+01
   5.520          -0.2775000E+01
   5.540          -0.6892000E+01
   5.560          -0.6988000E+01
   5.580          -0.2263000E+01
   5.600          -0.3218000E+01
   5.620          -0.5632000E+01
   5.640          -0.8320000E+01
   5.660          -0.8991000E+01
   5.680          -0.6882000E+01
   5.700          -0.4139000E+01
   5.720           0.2740000E+00
   5.740           0.9620000E+00
   5.760           0.5450000E+00
   5.780           0.5851000E+01
   5.800           0.3663000E+01
   5.820          -0.1760000E+00
   5.840          -0.2130000E+00
   5.860           0.2619000E+01
   5.880           0.5577000E+01
   5.900           0.2291000E+01
   5.920           0.1085000E+01
   5.940           0.5032000E+01
   5.960           0.5269000E+01
   5.980           0.6379000E+01
   6.000           0.6298000E+01
   6.020           0.6115000E+01
   6.040           0.5829000E+01
   6.060           0.1460000E+01
   6.080          -0.1361000E+01
   6.100          -0.1478000E+01
   6.120          -0.6061000E+01
   6.140          -0.9186000E+01
   6.160          -0.1178000E+01
   6.180           0.9586000E+01
   6.200           0.1555200E+02
   6.220           0.1209900E+02
   6.240           0.9477000E+01
   6.260           0.1071100E+02
   6.280           0.4162000E+01
   6.300           0.1419000E+01
   6.320           0.2450000E+01
   6.340          -0.1778000E+01
   6.360          -0.3807000E+01
   6.380          -0.2808000E+01
   6.400          -0.4550000E+00
   6.420           0.4070000E+01
   6.440           0.5161000E+01
   6.460           0.5144000E+01
   6.480           0.3067000E+01
   6.500          -0.3500000E+01
   6.520          -0.8225000E+01
   6.540          -0.1111100E+02
   6.560          -0.2181000E+01
   6.580           0.9773000E+01
   6.600           0.1205300E+02
   6.620           0.1612000E+02
   6.640           0.1784300E+02
   6.660           0.9385000E+01
   6.680          -0.1138000E+01
   6.700          -0.1146300E+02
   6.720          -0.1592200E+02
   6.740          -0.1467700E+02
   6.760          -0.9525000E+01
   6.780          -0.2964000E+01
   6.800          -0.2800000E+01
   6.820          -0.1652000E+01
   6.840           0.5196000E+01
   6.860           0.6288000E+01
   6.880           0.8313000E+01
   6.900           0.9863000E+01
   6.920           0.9490000E+00
   6.940          -0.8162000E+01
   6.960          -0.1399300E+02
   6.980          -0.1969400E+02
   7.000          -0.1800500E+02
   7.020          -0.8000000E+01
   7.040           0.7014000E+01
   7.060           0.1762600E+02
   7.080           0.1382200E+02
   7.100           0.9146000E+01
   7.120           0.2524000E+01
   7.140          -0.3870000E+00
   7.160           0.5183000E+01
   7.180           0.1613000E+01
   7.200          -0.4288000E+01
   7.220          -0.5636000E+01
   7.240          -0.1258200E+02
   7.260          -0.1205100E+02
   7.280          -0.9330000E+01
   7.300          -0.2810000E+01
   7.320           0.9660000E+01
   7.340           0.1228600E+02
   7.360           0.1106500E+02
   7.380           0.5590000E+01
   7.400           0.1404000E+01
   7.420           0.3275000E+01
   7.440          -0.8032000E+01
   7.460          -0.1819600E+02
   7.480          -0.1464700E+02
   7.500          -0.1480300E+02
   7.520          -0.1637400E+02
   7.540          -0.1571600E+02
   7.560          -0.1220400E+02
   7.580          -0.1260000E+00
   7.600           0.1101200E+02
   7.620           0.1976100E+02
   7.640           0.2363600E+02
   7.660           0.1179500E+02
   7.680           0.3077000E+01
   7.700          -0.1903000E+01
   7.720          -0.8378000E+01
   7.740          -0.2259000E+01
   7.760           0.3742000E+01
   7.780           0.5709000E+01
   7.800           0.2582000E+01
   7.820          -0.1116600E+02
   7.840          -0.1559700E+02
   7.860          -0.1400300E+02
   7.880          -0.1039300E+02
   7.900           0.5755000E+01
   7.920           0.1480700E+02
   7.940           0.1227900E+02
   7.960           0.1237400E+02
   7.980           0.6988000E+01
   8.000           0.8094000E+01
   8.020           0.1252000E+02
   8.040           0.1605800E+02
   8.060           0.2349800E+02
   8.080           0.2031900E+02
   8.100           0.4776000E+01
   8.120          -0.1030200E+02
   8.140          -0.1724300E+02
   8.160          -0.9263000E+01
   8.180          -0.7262000E+01
   8.200          -0.8931000E+01
   8.220           0.7190000E+00
   8.240           0.1383400E+02
   8.260           0.1924700E+02
   8.280           0.1067900E+02
   8.300          -0.1953000E+01
   8.320          -0.3536000E+01
   8.340          -0.1183000E+02
   8.360          -0.2742200E+02
   8.380          -0.2842000E+02
   8.400          -0.1896500E+02
   8.420          -0.8688000E+01
   8.440           0.1580000E+00
   8.460           0.8307000E+01
   8.480           0.1733400E+02
   8.500           0.1855900E+02
   8.520           0.1206200E+02
   8.540           0.3250000E+00
   8.560          -0.1635100E+02
   8.580          -0.2798300E+02
   8.600          -0.2818400E+02
   8.620          -0.1950300E+02
   8.640          -0.3539000E+01
   8.660           0.3761000E+01
   8.680          -0.4820000E+00
   8.700           0.5463000E+01
   8.720           0.9831000E+01
   8.740           0.1096000E+02
   8.760           0.1249200E+02
   8.780           0.7927000E+01
   8.800           0.7644000E+01
   8.820           0.6521000E+01
   8.840          -0.3083000E+01
   8.860          -0.7076000E+01
   8.880           0.8930000E+00
   8.900           0.1472300E+02
   8.920           0.1037300E+02
   8.940           0.4220000E+01
   8.960           0.1336900E+02
   8.980           0.8512000E+01
   9.000          -0.2745000E+01
   9.020          -0.1023900E+02
   9.040          -0.1347300E+02
   9.060          -0.3952000E+01
   9.080           0.4676000E+01
   9.100           0.8008000E+01
   9.120           0.1285000E+01
   9.140          -0.9403000E+01
   9.160          -0.8555000E+01
   9.180          -0.8989000E+01
   9.200          -0.2603600E+02
   9.220          -0.3442100E+02
   9.240          -0.1651400E+02
   9.260           0.7626000E+01
   9.280           0.1667800E+02
   9.300           0.1001700E+02
   9.320           0.5672000E+01
   9.340           0.8318000E+01
   9.360           0.1058800E+02
   9.380           0.1415100E+02
   9.400           0.9063000E+01
   9.420          -0.2738000E+01
   9.440          -0.9911000E+01
   9.460          -0.6077000E+01
   9.480           0.6880000E+01
   9.500           0.7739000E+01
   9.520          -0.2379000E+01
   9.540           0.7082000E+01
   9.560           0.1808200E+02
   9.580           0.2531700E+02
   9.600           0.3006700E+02
   9.620           0.1372600E+02
   9.640          -0.8008000E+01
   9.660          -0.2103300E+02
   9.680          -0.2034100E+02
   9.700          -0.1541200E+02
   9.720          -0.8891000E+01
   9.740           0.1281600E+02
   9.760           0.2617600E+02
   9.780           0.2153300E+02
   9.800           0.2205800E+02
   9.820           0.1356900E+02
   9.840           0.7000000E-01
   9.860          -0.1305600E+02
   9.880          -0.2419400E+02
   9.900          -0.2540200E+02
   9.920          -0.2527700E+02
   9.940          -0.2239000E+02
   9.960          -0.9209000E+01
   9.980           0.5960000E+01
  10.000           0.1236700E+02
  10.020           0.5825000E+01
  10.040          -0.7448000E+01
  10.060          -0.8197000E+01
  10.080           0.9883000E+01
  10.100           0.2330900E+02
  10.120           0.2733000E+02
  10.140           0.2266800E+02
  10.160           0.7608000E+01
  10.180          -0.1075100E+02
  10.200          -0.2156000E+02
  10.220          -0.1344300E+02
  10.240          -0.1382600E+02
  10.260          -0.2516500E+02
  10.280          -0.1994700E+02
  10.300           0.6280000E+00
  10.320           0.1944600E+02
  10.340           0.2228200E+02
  10.360           0.1348300E+02
  10.380           0.1624000E+01
  10.400          -0.2140000E+01
  10.420           0.1385000E+01
  10.440           0.7518000E+01
  10.460           0.2452000E+01
  10.480          -0.1535400E+02
  10.500          -0.3355000E+02
  10.520          -0.4017900E+02
  10.540          -0.2234200E+02
  10.560           0.7788000E+01
  10.580           0.2824500E+02
  10.600           0.3755800E+02
  10.620           0.2986800E+02
  10.640           0.1429900E+02
  10.660          -0.2164000E+01
  10.680          -0.1679500E+02
  10.700          -0.1084900E+02
  10.720           0.7758000E+01
  10.740           0.9576000E+01
  10.760          -0.5271000E+01
  10.780           0.4800000E+00
  10.800           0.6958000E+01
  10.820          -0.3340000E+00
  10.840          -0.1865000E+01
  10.860           0.1274400E+02
  10.880           0.1131800E+02
  10.900          -0.9120000E+01
  10.920          -0.1431400E+02
  10.940          -0.3907000E+01
  10.960          -0.1450100E+02
  10.980          -0.3048500E+02
  11.000          -0.1428900E+02
  11.020           0.9687000E+01
  11.040           0.9070000E+01
  11.060          -0.8704000E+01
  11.080          -0.1344200E+02
  11.100          -0.1322600E+02
  11.120          -0.1593800E+02
  11.140          -0.1379000E+01
  11.160           0.6731000E+01
  11.180          -0.2590000E+00
  11.200           0.2545000E+01
  11.220           0.1667000E+01
  11.240          -0.3333000E+01
  11.260          -0.9575000E+01
  11.280          -0.7314000E+01
  11.300           0.2573000E+01
  11.320           0.5787000E+01
  11.340           0.1584000E+01
  11.360          -0.1354200E+02
  11.380          -0.3447600E+02
  11.400          -0.3176700E+02
  11.420           0.3202000E+01
  11.440           0.3804300E+02
  11.460           0.3555700E+02
  11.480           0.5144000E+01
  11.500          -0.1025500E+02
  11.520          -0.6699000E+01
  11.540          -0.1115100E+02
  11.560          -0.7162000E+01
  11.580           0.9783000E+01
  11.600           0.1206200E+02
  11.620           0.1126000E+02
  11.640           0.1147200E+02
  11.660           0.6973000E+01
  11.680          -0.8181000E+01
  11.700          -0.2461200E+02
  11.720          -0.1271600E+02
  11.740           0.1861000E+01
  11.760           0.1778300E+02
  11.780           0.3537300E+02
  11.800           0.2059700E+02
  11.820          -0.1833200E+02
  11.840          -0.3883400E+02
  11.860          -0.2070000E+02
  11.880           0.1106300E+02
  11.900           0.1788600E+02
  11.920           0.1256200E+02
  11.940           0.1316100E+02
  11.960           0.8400000E+01
  11.980           0.1506600E+02
  12.000           0.1553000E+02
  12.020          -0.1352000E+01
  12.040          -0.1773000E+01
  12.060           0.4120000E+00
  12.080          -0.3826000E+01
  12.100          -0.1287400E+02
  12.120          -0.3312000E+02
  12.140          -0.3344400E+02
  12.160          -0.2182500E+02
  12.180          -0.8262000E+01
  12.200          -0.1462000E+01
  12.220          -0.7091000E+01
  12.240          -0.7962000E+01
  12.260           0.4764000E+01
  12.280           0.1860300E+02
  12.300           0.2866500E+02
  12.320           0.7973000E+01
  12.340          -0.9126000E+01
  12.360          -0.4878000E+01
  12.380          -0.1022000E+02
  12.400          -0.2401000E+02
  12.420          -0.1643300E+02
  12.440           0.9370000E+00
  12.460           0.7407000E+01
  12.480           0.7366000E+01
  12.500           0.6992000E+01
  12.520           0.1129900E+02
  12.540           0.9998000E+01
  12.560          -0.6524000E+01
  12.580          -0.3079500E+02
  12.600          -0.3429900E+02
  12.620          -0.7821000E+01
  12.640          -0.1338000E+01
  12.660          -0.9159000E+01
  12.680          -0.7111000E+01
  12.700          -0.1424900E+02
  12.720          -0.1617700E+02
  12.740          -0.1124000E+01
  12.760           0.2710600E+02
  12.780           0.4257200E+02
  12.800           0.1539600E+02
  12.820          -0.1608000E+02
  12.840          -0.1030200E+02
  12.860           0.2492000E+01
  12.880           0.4909000E+01
  12.900           0.1160100E+02
  12.920           0.2598100E+02
  12.940           0.2551800E+02
  12.960           0.7503000E+01
  12.980          -0.8460000E+00
  13.000           0.4884000E+01
  13.020           0.4475000E+01
  13.040          -0.2875000E+01
  13.060          -0.7845000E+01
  13.080          -0.2848000E+01
  13.100           0.1132500E+02
  13.120           0.2652800E+02
  13.140           0.2867700E+02
  13.160           0.1455400E+02
  13.180          -0.1356000E+01
  13.200          -0.5948000E+01
  13.220          -0.2022800E+02
  13.240          -0.3600600E+02
  13.260          -0.2143700E+02
  13.280          -0.1345300E+02
  13.300          -0.1068400E+02
  13.320           0.2832000E+01
  13.340           0.7262000E+01
  13.360           0.1028700E+02
  13.380           0.3747000E+01
  13.400           0.1438800E+02
  13.420           0.1690700E+02
  13.440          -0.1506100E+02
  13.460          -0.3535900E+02
  13.480          -0.3065900E+02
  13.500          -0.1578300E+02
  13.520          -0.2053000E+01
  13.540          -0.7897000E+01
  13.560          -0.1041600E+02
  13.580           0.3443000E+01
  13.600           0.1054200E+02
  13.620           0.2119000E+02
  13.640           0.3185200E+02
  13.660           0.1522100E+02
  13.680          -0.3750000E+01
  13.700          -0.8111000E+01
  13.720          -0.8640000E+00
  13.740           0.1035700E+02
  13.760           0.5562000E+01
  13.780           0.2174000E+01
  13.800           0.4870000E+00
  13.820           0.7211000E+01
  13.840           0.2201000E+02
  13.860           0.1060100E+02
  13.880          -0.2673000E+01
  13.900          -0.4909000E+01
  13.920           0.6379000E+01
  13.940           0.2483300E+02
  13.960           0.1410200E+02
  13.980           0.7826000E+01
  14.000           0.1137900E+02
  14.020          -0.3069000E+01
  14.040          -0.1101900E+02
  14.060          -0.2087800E+02
  14.080          -0.3213900E+02
  14.100          -0.2040000E+02
  14.120           0.5391000E+01
  14.140           0.9729000E+01
  14.160           0.2381000E+01
  14.180          -0.1128000E+02
  14.200          -0.1441100E+02
  14.220          -0.4150000E+01
  14.240           0.1330700E+02
  14.260           0.2916700E+02
  14.280           0.3059400E+02
  14.300           0.2527400E+02
  14.320           0.1179000E+01
  14.340          -0.4190200E+02
  14.360          -0.5214300E+02
  14.380          -0.3810600E+02
  14.400          -0.2206800E+02
  14.420           0.5334000E+01
  14.440           0.1995500E+02
  14.460           0.2719300E+02
  14.480           0.2858000E+02
  14.500           0.2523500E+02
  14.520           0.2137100E+02
  14.540           0.5686000E+01
  14.560           0.8561000E+01
  14.580           0.2637800E+02
  14.600           0.2671900E+02
  14.620           0.1197600E+02
  14.640          -0.2187600E+02
  14.660          -0.2202500E+02
  14.680           0.1731100E+02
  14.700           0.2019600E+02
  14.720          -0.1252200E+02
  14.740          -0.1712400E+02
  14.760           0.2061000E+01
  14.780           0.1137000E+02
  14.800           0.8876000E+01
  14.820           0.2083000E+01
  14.840          -0.1711000E+01
  14.860          -0.9893000E+01
  14.880          -0.1232700E+02
  14.900          -0.1195600E+02
  14.920          -0.2176900E+02
  14.940          -0.2311500E+02
  14.960           0.6110000E+00
  14.980           0.2527300E+02
  15.000           0.2458400E+02
  15.020           0.1754000E+01
  15.040          -0.1101800E+02
  15.060          -0.9708000E+01
  15.080          -0.1211500E+02
  15.100           0.1084000E+01
  15.120           0.6898000E+01
  15.140           0.5400000E+01
  15.160           0.1584500E+02
  15.180           0.1436300E+02
  15.200          -0.1299400E+02
  15.220          -0.3837500E+02
  15.240          -0.2717600E+02
  15.260           0.1411000E+01
  15.280           0.9712000E+01
  15.300           0.1145000E+02
  15.320           0.1229200E+02
  15.340           0.6484000E+01
  15.360          -0.1733700E+02
  15.380          -0.3294400E+02
  15.400          -0.1764400E+02
  15.420           0.4252000E+01
  15.440           0.1291600E+02
  15.460           0.1629800E+02
  15.480           0.2000800E+02
  15.500           0.2756000E+01
  15.520          -0.3489000E+01
  15.540           0.1498300E+02
  15.560           0.3423700E+02
  15.580           0.3046800E+02
  15.600           0.5622000E+01
  15.620          -0.1014500E+02
  15.640          -0.1695400E+02
  15.660          -0.2543200E+02
  15.680          -0.3550800E+02
  15.700          -0.3600500E+02
  15.720          -0.2674700E+02
  15.740          -0.2030300E+02
  15.760          -0.8196000E+01
  15.780           0.2096000E+01
  15.800           0.6117000E+01
  15.820           0.1212700E+02
  15.840           0.2838000E+01
  15.860          -0.1780100E+02
  15.880          -0.2681200E+02
  15.900           0.3996000E+01
  15.920           0.3119200E+02
  15.940           0.2641500E+02
  15.960           0.6953000E+01
  15.980          -0.9347000E+01
  16.000          -0.9286000E+01
  16.020           0.2097000E+01
  16.040           0.1671300E+02
  16.060           0.3273000E+02
  16.080           0.2286200E+02
  16.100           0.4916000E+01
  16.120           0.3600000E+01
  16.140           0.8377000E+01
  16.160          -0.2130000E+00
  16.180          -0.2096900E+02
  16.200          -0.3269900E+02
  16.220          -0.3589400E+02
  16.240          -0.3353900E+02
  16.260          -0.1348700E+02
  16.280           0.2296100E+02
  16.300           0.4278500E+02
  16.320           0.3422400E+02
  16.340           0.2051100E+02
  16.360           0.9380000E+01
  16.380           0.9070000E+00
  16.400          -0.6664000E+01
  16.420          -0.8577000E+01
  16.440          -0.4399000E+01
  16.460          -0.9705000E+01
  16.480          -0.1726100E+02
  16.500          -0.1490000E+00
  16.520           0.2142300E+02
  16.540           0.2476000E+02
  16.560           0.2428300E+02
  16.580           0.2534200E+02
  16.600           0.2432100E+02
  16.620           0.1251400E+02
  16.640           0.2828000E+01
  16.660          -0.2100000E-01
  16.680           0.2186000E+01
  16.700           0.8233000E+01
  16.720           0.1370000E+00
  16.740          -0.3413000E+01
  16.760          -0.6648000E+01
  16.780          -0.8465000E+01
  16.800          -0.4141000E+01
  16.820          -0.1729600E+02
  16.840          -0.3361100E+02
  16.860          -0.3814300E+02
  16.880          -0.2300000E+02
  16.900           0.4023000E+01
  16.920           0.1869300E+02
  16.940           0.9325000E+01
  16.960           0.3712000E+01
  16.980           0.1086600E+02
  17.000           0.2033000E+02
  17.020           0.5008000E+01
  17.040          -0.2280100E+02
  17.060          -0.2107600E+02
  17.080          -0.2678000E+01
  17.100           0.4008000E+01
  17.120          -0.2834000E+01
  17.140          -0.1092500E+02
  17.160           0.4410000E+00
  17.180           0.1546800E+02
  17.200           0.2260700E+02
  17.220           0.2193700E+02
  17.240           0.1535000E+01
  17.260          -0.2207800E+02
  17.280          -0.3024200E+02
  17.300          -0.1681400E+02
  17.320          -0.1991000E+01
  17.340          -0.1702400E+02
  17.360          -0.2001600E+02
  17.380           0.6149000E+01
  17.400           0.2411000E+02
  17.420           0.2373900E+02
  17.440           0.2725900E+02
  17.460           0.3683100E+02
  17.480           0.3445200E+02
  17.500           0.1387300E+02
  17.520          -0.2526900E+02
  17.540          -0.3799400E+02
  17.560          -0.2189900E+02
  17.580          -0.4889000E+01
  17.600           0.1678700E+02
  17.620           0.1709900E+02
  17.640           0.7815000E+01
  17.660           0.9640000E+01
  17.680           0.1554400E+02
  17.700           0.9020000E+01
  17.720          -0.1951400E+02
  17.740          -0.3025400E+02
  17.760          -0.1222000E+02
  17.780          -0.2320000E+00
  17.800           0.2148000E+01
  17.820           0.6202000E+01
  17.840           0.2007000E+01
  17.860          -0.1087400E+02
  17.880          -0.1024800E+02
  17.900          -0.1693100E+02
  17.920          -0.2382100E+02
  17.940          -0.1858900E+02
  17.960          -0.5906000E+01
  17.980          -0.2227000E+01
  18.000          -0.1202800E+02
  18.020          -0.1435000E+01
  18.040           0.1841000E+02
  18.060           0.8981000E+01
  18.080          -0.9253000E+01
  18.100          -0.1296500E+02
  18.120          -0.5570000E+01
  18.140          -0.4005000E+01
  18.160          -0.2661500E+02
  18.180          -0.1968200E+02
  18.200           0.1739100E+02
  18.220           0.3012600E+02
  18.240           0.1672300E+02
  18.260           0.7800000E+00
  18.280           0.1206400E+02
  18.300           0.1961600E+02
  18.320           0.4107000E+01
  18.340           0.8546000E+01
  18.360           0.1695000E+01
  18.380          -0.6072000E+01
  18.400           0.1457700E+02
  18.420           0.2796000E+02
  18.440           0.2046100E+02
  18.460          -0.1579000E+01
  18.480          -0.2947500E+02
  18.500          -0.5242000E+02
  18.520          -0.5798600E+02
  18.540          -0.5381200E+02
  18.560          -0.3279000E+02
  18.580          -0.1671000E+01
  18.600           0.7466000E+01
  18.620           0.1372300E+02
  18.640           0.2028400E+02
  18.660           0.2303600E+02
  18.680           0.2415700E+02
  18.700           0.2473700E+02
  18.720           0.3019400E+02
  18.740           0.1995700E+02
  18.760           0.3518000E+01
  18.780          -0.1330400E+02
  18.800          -0.2342800E+02
  18.820          -0.8776000E+01
  18.840          -0.4930000E+00
  18.860           0.6565000E+01
  18.880           0.6480000E+00
  18.900          -0.1462100E+02
  18.920          -0.1164800E+02
  18.940          -0.1856000E+01
  18.960           0.1161100E+02
  18.980           0.2998300E+02
  19.000           0.4202700E+02
  19.020           0.3101500E+02
  19.040           0.2503000E+01
  19.060          -0.1831000E+02
  19.080          -0.1360600E+02
  19.100           0.1010000E+01
  19.120           0.2128700E+02
  19.140           0.3776600E+02
  19.160           0.2203400E+02
  19.180          -0.1008000E+01
  19.200          -0.1336200E+02
  19.220          -0.1642100E+02
  19.240          -0.1415600E+02
  19.260          -0.2737200E+02
  19.280          -0.1731600E+02
  19.300           0.6168000E+01
  19.320           0.8213000E+01
  19.340          -0.6880000E+01
  19.360          -0.1304700E+02
  19.380          -0.2277000E+01
  19.400           0.6112000E+01
  19.420           0.3942000E+01
  19.440           0.8760000E+01
  19.460           0.3529000E+01
  19.480          -0.1625000E+02
  19.500          -0.1146600E+02
  19.520          -0.7688000E+01
  19.540          -0.1566100E+02
  19.560          -0.1982000E+02
  19.580          -0.7568000E+01
  19.600           0.6419000E+01
  19.620           0.1093600E+02
  19.640           0.1642200E+02
  19.660           0.2849000E+02
  19.680           0.2425800E+02
  19.700           0.6873000E+01
  19.720          -0.5375000E+01
  19.740          -0.1322000E+02
  19.760          -0.2274300E+02
  19.780          -0.2748300E+02
  19.800          -0.2369500E+02
  19.820           0.1169000E+01
  19.840           0.2476400E+02
  19.860           0.3828600E+02
  19.880           0.3871500E+02
  19.900           0.2672000E+01
  19.920          -0.3641800E+02
  19.940          -0.4539200E+02
  19.960          -0.3577100E+02
  19.980          -0.2518200E+02
  20.000          -0.3036000E+02
  20.020          -0.1912800E+02
  20.040          -0.9685000E+01
  20.060          -0.2402300E+02
  20.080          -0.1264600E+02
  20.100           0.1641700E+02
  20.120           0.3260000E+02
  20.140           0.3414900E+02
  20.160           0.2709400E+02
  20.180           0.1969500E+02
  20.200           0.1037600E+02
  20.220           0.1635400E+02
  20.240           0.2863900E+02
  20.260           0.2578500E+02
  20.280          -0.3774000E+01
  20.300          -0.2217500E+02
  20.320          -0.1218700E+02
  20.340           0.1424000E+01
  20.360           0.2562000E+01
  20.380          -0.9460000E+01
  20.400           0.4326000E+01
  20.420           0.2260100E+02
  20.440           0.9184000E+01
  20.460          -0.1244400E+02
  20.480          -0.2789100E+02
  20.500          -0.2460900E+02
  20.520          -0.1437000E+02
  20.540          -0.1221200E+02
  20.560          -0.8948000E+01
  20.580          -0.1013900E+02
  20.600          -0.3148000E+01
  20.620          -0.2959000E+01
  20.640          -0.5985000E+01
  20.660           0.7009000E+01
  20.680           0.1688500E+02
  20.700           0.1011400E+02
  20.720           0.1099100E+02
  20.740           0.1166000E+02
  20.760           0.3870000E+01
  20.780          -0.2566000E+01
  20.800          -0.1255300E+02
  20.820          -0.1149500E+02
  20.840           0.3336000E+01
  20.860           0.4644000E+01
  20.880           0.1949000E+01
  20.900          -0.2432000E+01
  20.920          -0.4668000E+01
  20.940           0.9100000E+00
  20.960          -0.2170000E+00
  20.980          -0.2313000E+01
  21.000          -0.7094000E+01
  21.020          -0.1338000E+02
  21.040          -0.7778000E+01
  21.060          -0.6220000E+00
  21.080           0.2694000E+01
  21.100           0.2971000E+01
  21.120           0.7021000E+01
  21.140           0.2128500E+02
  21.160           0.1948200E+02
  21.180           0.5941000E+01
  21.200           0.2677000E+01
  21.220          -0.8766000E+01
  21.240          -0.2363100E+02
  21.260          -0.1912100E+02
  21.280          -0.2056000E+02
  21.300          -0.2628400E+02
  21.320          -0.2308700E+02
  21.340          -0.7809000E+01
  21.360           0.1081800E+02
  21.380           0.7119000E+01
  21.400           0.7780000E+00
  21.420          -0.1880000E+01
  21.440          -0.1099900E+02
  21.460          -0.1781000E+02
  21.480          -0.2007500E+02
  21.500          -0.6315000E+01
  21.520           0.1370900E+02
  21.540           0.8462000E+01
  21.560           0.9804000E+01
  21.580           0.1895800E+02
  21.600           0.1626200E+02
  21.620           0.2463600E+02
  21.640           0.2888400E+02
  21.660           0.2545400E+02
  21.680           0.5631000E+01
  21.700          -0.2467100E+02
  21.720          -0.3458800E+02
  21.740          -0.3606800E+02
  21.760          -0.2000600E+02
  21.780           0.2486000E+01
  21.800           0.1051400E+02
  21.820           0.5900000E+01
  21.840           0.2867000E+01
  21.860           0.6955000E+01
  21.880           0.6921000E+01
  21.900           0.2204000E+01
  21.920          -0.4318000E+01
  21.940          -0.4543000E+01
  21.960          -0.9794000E+01
  21.980          -0.1805400E+02
  22.000          -0.1141400E+02
  22.020          -0.3780000E+00
  22.040           0.1974300E+02
  22.060           0.3573200E+02
  22.080           0.3468700E+02
  22.100           0.1807700E+02
  22.120          -0.1012000E+02
  22.140          -0.2274900E+02
  22.160          -0.2677500E+02
  22.180          -0.3205600E+02
  22.200          -0.2051200E+02
  22.220          -0.4970000E+00
  22.240           0.2607400E+02
  22.260           0.3341400E+02
  22.280           0.9070000E+01
  22.300          -0.8645000E+01
  22.320          -0.5490000E+01
  22.340           0.4494000E+01
  22.360           0.1278800E+02
  22.380           0.1972200E+02
  22.400           0.2674500E+02
  22.420           0.3083400E+02
  22.440           0.2092500E+02
  22.460          -0.6000000E-02
  22.480          -0.1271600E+02
  22.500          -0.1680500E+02
  22.520          -0.7932000E+01
  22.540           0.4661000E+01
  22.560          -0.8000000E-02
  22.580          -0.9927000E+01
  22.600          -0.9938000E+01
  22.620           0.4362000E+01
  22.640           0.1421500E+02
  22.660           0.6191000E+01
  22.680          -0.9215000E+01
  22.700          -0.1304900E+02
  22.720          -0.4954000E+01
  22.740           0.5790000E+00
  22.760          -0.2918000E+01
  22.780          -0.3098000E+01
  22.800           0.1035300E+02
  22.820           0.2404500E+02
  22.840           0.1982400E+02
  22.860           0.2001000E+01
  22.880          -0.1123400E+02
  22.900          -0.1620000E+02
  22.920          -0.1481200E+02
  22.940          -0.4802000E+01
  22.960           0.7406000E+01
  22.980           0.3334000E+01
  23.000          -0.3131000E+01
  23.020           0.1535000E+01
  23.040           0.3292000E+01
  23.060          -0.3141000E+01
  23.080          -0.1247900E+02
  23.100          -0.1188800E+02
  23.120          -0.1105200E+02
  23.140          -0.1259000E+02
  23.160           0.4285000E+01
  23.180           0.1796900E+02
  23.200           0.8667000E+01
  23.220          -0.8114000E+01
  23.240          -0.1421600E+02
  23.260          -0.7415000E+01
  23.280          -0.1159600E+02
  23.300          -0.2031000E+02
  23.320          -0.1993800E+02
  23.340          -0.8179000E+01
  23.360           0.1106700E+02
  23.380           0.2579300E+02
  23.400           0.3338500E+02
  23.420           0.2770900E+02
  23.440           0.1392200E+02
  23.460           0.1359000E+02
  23.480           0.1283400E+02
  23.500          -0.1320000E+00
  23.520          -0.1209500E+02
  23.540          -0.9306000E+01
  23.560          -0.3560000E+00
  23.580           0.4740000E+00
  23.600          -0.1064800E+02
  23.620          -0.2131700E+02
  23.640          -0.1626900E+02
  23.660          -0.6157000E+01
  23.680          -0.1150000E+00
  23.700           0.3300000E+00
  23.720          -0.4401000E+01
  23.740           0.2210000E+01
  23.760           0.5937000E+01
  23.780          -0.1111000E+01
  23.800          -0.7819000E+01
  23.820          -0.7637000E+01
  23.840           0.6785000E+01
  23.860           0.9827000E+01
  23.880           0.2837000E+01
  23.900           0.4071000E+01
  23.920           0.2809000E+01
  23.940          -0.1626000E+01
  23.960          -0.1073100E+02
  23.980          -0.1725100E+02
  24.000          -0.1759800E+02
  24.020          -0.1632300E+02
  24.040          -0.1322900E+02
  24.060          -0.6540000E+01
  24.080          -0.1140000E+01
  24.100           0.5176000E+01
  24.120           0.9768000E+01
  24.140           0.8160000E+01
  24.160           0.4470000E+01
  24.180          -0.5680000E+00
  24.200           0.2640000E+00
  24.220           0.1895000E+01
  24.240           0.2550000E+01
  24.260           0.7470000E+01
  24.280           0.1106000E+02
  24.300           0.8337000E+01
  24.320           0.5697000E+01
  24.340           0.3047000E+01
  24.360           0.1989000E+01
  24.380           0.3524000E+01
  24.400           0.4486000E+01
  24.420           0.3650000E+01
  24.440           0.6872000E+01
  24.460           0.1329600E+02
  24.480           0.1408100E+02
  24.500           0.3275000E+01
  24.520          -0.3939000E+01
  24.540          -0.6320000E+00
  24.560           0.3007000E+01
  24.580           0.4622000E+01
  24.600          -0.4580000E+00
  24.620          -0.8081000E+01
  24.640          -0.4146000E+01
  24.660          -0.8710000E+00
  24.680           0.1131000E+01
  24.700           0.6657000E+01
  24.720           0.2630000E+00
  24.740          -0.9893000E+01
  24.760          -0.1329900E+02
  24.780          -0.1022400E+02
  24.800          -0.6440000E+01
  24.820          -0.2271000E+01
  24.840           0.8425000E+01
  24.860           0.1512300E+02
  24.880           0.1069600E+02
  24.900           0.6196000E+01
  24.920           0.6263000E+01
  24.940           0.5637000E+01
  24.960           0.2331000E+01
  24.980          -0.2483000E+01
  25.000          -0.1108000E+01
  25.020           0.2615000E+01
  25.040          -0.4961000E+01
  25.060          -0.1819700E+02
  25.080          -0.2264300E+02
  25.100          -0.1653200E+02
  25.120          -0.6712000E+01
  25.140          -0.3162000E+01
  25.160          -0.6691000E+01
  25.180          -0.5332000E+01
  25.200          -0.1110000E+01
  25.220           0.7538000E+01
  25.240           0.1331200E+02
  25.260           0.3103000E+01
  25.280          -0.4329000E+01
  25.300          -0.7358000E+01
  25.320          -0.1044200E+02
  25.340          -0.6760000E+01
  25.360          -0.4767000E+01
  25.380          -0.5660000E+00
  25.400           0.4664000E+01
  25.420           0.5950000E+01
  25.440           0.1007800E+02
  25.460           0.9178000E+01
  25.480           0.3343000E+01
  25.500          -0.3657000E+01
  25.520          -0.1143600E+02
  25.540          -0.9720000E+01
  25.560           0.1300000E+00
  25.580           0.6491000E+01
  25.600           0.5689000E+01
  25.620          -0.6610000E+00
  25.640          -0.1470000E+00
  25.660           0.7945000E+01
  25.680           0.6549000E+01
  25.700          -0.3242000E+01
  25.720          -0.6264000E+01
  25.740          -0.1165000E+01
  25.760           0.6283000E+01
  25.780           0.5518000E+01
  25.800          -0.2500000E+01
  25.820          -0.8739000E+01
  25.840          -0.9108000E+01
  25.860           0.3910000E+00
  25.880           0.8010000E+01
  25.900           0.5548000E+01
  25.920           0.5767000E+01
  25.940           0.1289000E+02
  25.960           0.1683000E+02
  25.980           0.1008700E+02
  26.000          -0.4170000E+00
  26.020          -0.2526000E+01
  26.040          -0.1880000E+00
  26.060           0.1012000E+01
  26.080           0.5617000E+01
  26.100           0.1048100E+02
  26.120           0.1094500E+02
  26.140           0.9308000E+01
  26.160           0.2546000E+01
  26.180          -0.1392000E+01
  26.200          -0.6000000E-02
  26.220           0.2077000E+01
  26.240           0.1429000E+01
  26.260          -0.6340000E+01
  26.280          -0.9746000E+01
  26.300          -0.4875000E+01
  26.320           0.2326000E+01
  26.340           0.5848000E+01
  26.360          -0.1084000E+01
  26.380          -0.5591000E+01
  26.400          -0.2830000E+01
  26.420          -0.5550000E+00
  26.440          -0.4244000E+01
  26.460          -0.5742000E+01
  26.480          -0.2760000E+00
  26.500           0.4460000E+01
  26.520           0.5741000E+01
  26.540           0.3472000E+01
  26.560          -0.4081000E+01
  26.580          -0.8729000E+01
  26.600          -0.4985000E+01
  26.620           0.3640000E+00
  26.640          -0.4870000E+00
  26.660          -0.2564000E+01
  26.680           0.3137000E+01
  26.700           0.9350000E+01
  26.720           0.7723000E+01
  26.740           0.3578000E+01
  26.760           0.7564000E+01
  26.780           0.1350600E+02
  26.800           0.8660000E+01
  26.820          -0.6520000E+00
  26.840          -0.3996000E+01
  26.860          -0.3859000E+01
  26.880          -0.2174000E+01
  26.900          -0.3020000E+00
  26.920           0.1093000E+01
  26.940          -0.3354000E+01
  26.960          -0.7340000E+01
  26.980          -0.2744000E+01
  27.000           0.2770000E+00
  27.020           0.1430000E+00
  27.040           0.5400000E+00
  27.060           0.1431000E+01
  27.080           0.1532000E+01
  27.100          -0.1788000E+01
  27.120          -0.2815000E+01
  27.140          -0.4090000E+01
  27.160          -0.6091000E+01
  27.180          -0.3319000E+01
  27.200          -0.2709000E+01
  27.220           0.1118000E+01
  27.240           0.9394000E+01
  27.260           0.1407800E+02
  27.280           0.1164100E+02
  27.300           0.5058000E+01
  27.320           0.3323000E+01
  27.340           0.3545000E+01
  27.360          -0.5700000E+00
  27.380          -0.9079000E+01
  27.400          -0.9630000E+01
  27.420          -0.1894000E+01
  27.440           0.3490000E+01
  27.460           0.3439000E+01
  27.480           0.4000000E-01
  27.500          -0.1006000E+01
  27.520          -0.2545000E+01
  27.540          -0.3596000E+01
  27.560          -0.8820000E+00
  27.580           0.1090000E+00
  27.600           0.2284000E+01
  27.620           0.5847000E+01
  27.640           0.4615000E+01
  27.660          -0.1050000E+00
  27.680          -0.8658000E+01
  27.700          -0.1120900E+02
  27.720          -0.5284000E+01
  27.740          -0.1066000E+01
  27.760           0.1987000E+01
  27.780           0.1286000E+01
  27.800          -0.2295000E+01
  27.820          -0.3292000E+01
  27.840          -0.6027000E+01
  27.860          -0.6846000E+01
  27.880          -0.4907000E+01
  27.900          -0.2598000E+01
  27.920           0.1662000E+01
  27.940           0.1331000E+01
  27.960          -0.2800000E+01
  27.980          -0.4275000E+01
  28.000          -0.4398000E+01
  28.020          -0.4372000E+01
  28.040          -0.4663000E+01
  28.060          -0.3755000E+01
  28.080           0.1762000E+01
  28.100           0.3075000E+01
  28.120          -0.1930000E+00
  28.140           0.1795000E+01
  28.160           0.5857000E+01
  28.180           0.4895000E+01
  28.200           0.1264000E+01
  28.220          -0.4560000E+00
  28.240           0.2388000E+01
  28.260           0.1166000E+01
  28.280          -0.9640000E+00
  28.300           0.6130000E+00
  28.320          -0.9100000E-01
  28.340           0.1785000E+01
  28.360           0.3132000E+01
  28.380           0.1704000E+01
  28.400           0.1025000E+01
  28.420          -0.2204000E+01
  28.440          -0.2281000E+01
  28.460           0.7390000E+00
  28.480          -0.3020000E+00
  28.500          -0.3200000E+00
  28.520           0.2897000E+01
  28.540           0.5458000E+01
  28.560           0.5841000E+01
  28.580           0.4819000E+01
  28.600           0.2742000E+01
  28.620           0.1480000E+01
  28.640           0.1019000E+01
  28.660           0.2582000E+01
  28.680           0.4107000E+01
  28.700           0.3146000E+01
  28.720           0.5205000E+01
  28.740           0.5000000E+01
  28.760           0.9710000E+00
  28.780          -0.1058000E+01
  28.800          -0.2545000E+01
  28.820          -0.4058000E+01
  28.840          -0.6513000E+01
  28.860          -0.5767000E+01
  28.880          -0.1804000E+01
  28.900           0.3500000E+00
  28.920           0.1351000E+01
  28.940           0.6360000E+00
  28.960          -0.1314000E+01
  28.980          -0.6890000E+00
  29.000           0.1521000E+01
  29.020           0.3938000E+01
  29.040           0.7069000E+01
  29.060           0.8312000E+01
  29.080           0.8245000E+01
  29.100           0.7433000E+01
  29.120           0.2071000E+01
  29.140          -0.3786000E+01
  29.160          -0.6261000E+01
  29.180          -0.5694000E+01
  29.200          -0.4079000E+01
  29.220          -0.5171000E+01
  29.240          -0.3858000E+01
  29.260          -0.1770000E+01
  29.280          -0.2281000E+01
  29.300          -0.2161000E+01
  29.320          -0.4754000E+01
  29.340          -0.8610000E+01
  29.360          -0.9756000E+01
  29.380          -0.8212000E+01
  29.400          -0.3280000E+01
  29.420          -0.1320000E+01
  29.440          -0.1130000E+01
  29.460           0.2383000E+01
  29.480           0.3852000E+01
  29.500           0.4490000E+00
  29.520          -0.4986000E+01
  29.540          -0.8329000E+01
  29.560          -0.9012000E+01
  29.580          -0.1185200E+02
  29.600          -0.1122300E+02
  29.620          -0.3863000E+01
  29.640           0.4460000E+00
  29.660           0.1369000E+01
  29.680           0.2100000E+01
  29.700           0.2774000E+01
  29.720           0.2032000E+01
  29.740          -0.2100000E+00
  29.760          -0.1399000E+01
  29.780          -0.2120000E+01
  29.800          -0.1203000E+01
  29.820           0.2059000E+01
  29.840           0.2957000E+01
  29.860          -0.8000000E-02
  29.880          -0.1282000E+01
  29.900          -0.4740000E+00
  29.920           0.1525000E+01
  29.940           0.3091000E+01
  29.960          -0.7700000E-01
  29.980          -0.1230000E+01
  30.000          -0.9870000E+00
  30.020          -0.7580000E+00
  30.040           0.2099000E+01
  30.060           0.5089000E+01
  30.080           0.6566000E+01
  30.100           0.6429000E+01
  30.120           0.7592000E+01
  30.140           0.9782000E+01
  30.160           0.8342000E+01
  30.180           0.6835000E+01
  30.200           0.6337000E+01
  30.220           0.5376000E+01
  30.240           0.3162000E+01
  30.260          -0.3280000E+00
  30.280          -0.1535000E+01
  30.300          -0.9800000E-01
  30.320           0.3870000E+00
  30.340           0.2212000E+01
  30.360           0.5761000E+01
  30.380           0.7198000E+01
  30.400           0.6542000E+01
  30.420           0.2999000E+01
  30.440           0.1229000E+01
  30.460           0.2969000E+01
  30.480           0.3058000E+01
  30.500           0.3967000E+01
  30.520           0.4959000E+01
  30.540           0.3758000E+01
  30.560           0.3416000E+01
  30.580           0.6670000E+00
  30.600          -0.1703000E+01
  30.620          -0.3360000E+01
  30.640          -0.5104000E+01
  30.660          -0.5984000E+01
  30.680          -0.8077000E+01
  30.700          -0.7709000E+01
  30.720          -0.3032000E+01
  30.740          -0.1078000E+01
  30.760          -0.1266000E+01
  30.780           0.9820000E+00
  30.800           0.2234000E+01
  30.820           0.1040000E+01
  30.840          -0.4250000E+00
  30.860          -0.1147000E+01
  30.880          -0.1787000E+01
  30.900          -0.4260000E+01
  30.920          -0.4306000E+01
  30.940          -0.3043000E+01
  30.960          -0.3759000E+01
  30.980          -0.3419000E+01
  31.000          -0.3675000E+01
  31.020          -0.4036000E+01
  31.040          -0.4410000E+01
  31.060          -0.7335000E+01
  31.080          -0.6170000E+01
  31.100          -0.2144000E+01
  31.120          -0.1204000E+01
  31.140           0.2150000E+00
  31.160           0.1631000E+01
  31.180           0.1141000E+01
  31.200           0.5430000E+00
  31.220          -0.7700000E-01
  31.240           0.3390000E+00
  31.260          -0.1232000E+01
  31.280          -0.4213000E+01
  31.300          -0.3359000E+01
  31.320          -0.3082000E+01
  31.340          -0.4575000E+01
  31.360          -0.4703000E+01
  31.380          -0.4375000E+01
  31.400          -0.3335000E+01
  31.420          -0.9140000E+00
  31.440           0.2365000E+01
  31.460           0.6430000E+01
  31.480           0.7144000E+01
  31.500           0.6113000E+01
  31.520           0.5230000E+01
  31.540           0.2130000E+01
  31.560          -0.5820000E+00
  31.580          -0.1250000E+00
  31.600           0.8470000E+00
  31.620           0.1645000E+01
  31.640           0.7280000E+00
  31.660           0.2454000E+01
  31.680           0.6414000E+01
  31.700           0.5781000E+01
  31.720           0.3389000E+01
  31.740           0.1480000E+01
  31.760          -0.4390000E+00
  31.780          -0.3195000E+01
  31.800          -0.5177000E+01
  31.820          -0.2143000E+01
  31.840           0.1565000E+01
  31.860           0.3803000E+01
  31.880           0.7504000E+01
  31.900           0.8516000E+01
  31.920           0.7873000E+01
  31.940           0.6991000E+01
  31.960           0.3967000E+01
  31.980           0.1520000E+01
  32.000           0.6640000E+00
  32.020          -0.6820000E+00
  32.040          -0.1082000E+01
  32.060          -0.1565000E+01
  32.080          -0.2551000E+01
  32.100          -0.1015000E+01
  32.120           0.1312000E+01
  32.140           0.3798000E+01
  32.160           0.3431000E+01
  32.180           0.1410000E+00
  32.200          -0.2058000E+01
  32.220          -0.4729000E+01
  32.240          -0.4489000E+01
  32.260          -0.2710000E+01
  32.280          -0.2128000E+01
  32.300          -0.3270000E+00
  32.320           0.2350000E+00
  32.340          -0.2440000E+00
  32.360          -0.1136000E+01
  32.380          -0.1925000E+01
  32.400          -0.8310000E+00
  32.420          -0.1750000E+01
  32.440          -0.4133000E+01
  32.460          -0.4417000E+01
  32.480          -0.4712000E+01
  32.500          -0.4344000E+01
  32.520          -0.2330000E+01
  32.540          -0.1800000E+00
  32.560           0.3256000E+01
  32.580           0.5426000E+01
  32.600           0.5724000E+01
  32.620           0.5697000E+01
  32.640           0.2959000E+01
  32.660          -0.3910000E+00
  32.680          -0.1602000E+01
  32.700          -0.1771000E+01
  32.720          -0.7930000E+00
  32.740          -0.6700000E+00
  32.760          -0.3830000E+00
  32.780           0.2244000E+01
  32.800           0.2912000E+01
  32.820           0.1492000E+01
  32.840           0.7270000E+00
  32.860           0.1276000E+01
  32.880           0.1871000E+01
  32.900           0.1490000E+01
  32.920           0.1383000E+01
  32.940           0.9700000E+00
  32.960           0.4590000E+00
  32.980           0.2840000E+01
  33.000           0.5312000E+01
  33.020           0.6293000E+01
  33.040           0.6677000E+01
  33.060           0.4908000E+01
  33.080           0.3106000E+01
  33.100           0.1098000E+01
  33.120          -0.5920000E+00
  33.140          -0.7590000E+00
  33.160          -0.1308000E+01
  33.180          -0.1261000E+01
  33.200          -0.8200000E-01
  33.220           0.8510000E+00
  33.240           0.9290000E+00
  33.260           0.1283000E+01
  33.280           0.2494000E+01
  33.300           0.1867000E+01
  33.320          -0.1012000E+01
  33.340          -0.2405000E+01
  33.360          -0.1453000E+01
  33.380          -0.1565000E+01
  33.400          -0.1618000E+01
  33.420           0.9300000E-01
  33.440           0.7040000E+00
  33.460          -0.5390000E+00
  33.480          -0.1932000E+01
  33.500          -0.1880000E+01
  33.520          -0.1770000E+01
  33.540          -0.2299000E+01
  33.560          -0.2311000E+01
  33.580          -0.2397000E+01
  33.600          -0.3186000E+01
  33.620          -0.3857000E+01
  33.640          -0.3763000E+01
  33.660          -0.3258000E+01
  33.680          -0.2451000E+01
  33.700          -0.9200000E+00
  33.720           0.1940000E+00
  33.740           0.3540000E+00
  33.760           0.2180000E+00
  33.780          -0.1240000E+00
  33.800          -0.1091000E+01
  33.820          -0.2572000E+01
  33.840          -0.3197000E+01
  33.860          -0.2484000E+01
  33.880          -0.1787000E+01
  33.900          -0.1437000E+01
  33.920          -0.1240000E+01
  33.940          -0.1131000E+01
  33.960          -0.1012000E+01
  33.980          -0.9200000E+00
  34.000          -0.8680000E+00
  34.020          -0.1009000E+01
  34.040          -0.1197000E+01
  34.060          -0.6820000E+00
  34.080          -0.7300000E-01
  34.100           0.1810000E+00
  34.120           0.5060000E+00
  34.140           0.2410000E+00
  34.160          -0.1550000E+00
  34.180          -0.1110000E+00
  34.200          -0.2060000E+00
  34.220          -0.1240000E+00
  34.240          -0.1900000E-01
  34.260          -0.6300000E-01
  34.280          -0.8100000E-01
  34.300          -0.2790000E+00
  34.320          -0.8000000E-02
  34.340           0.2620000E+00
  34.360           0.2820000E+00
  34.380           0.8700000E+00
  34.400           0.1334000E+01
  34.420           0.1383000E+01
  34.440           0.1494000E+01
  34.460           0.1209000E+01
  34.480           0.8550000E+00
  34.500           0.6940000E+00
  34.520           0.5230000E+00
  34.540           0.5440000E+00
  34.560           0.5150000E+00
  34.580           0.3640000E+00
  34.600           0.1940000E+00
  34.620          -0.3500000E-01
  34.640           0.2200000E-01
  34.660           0.4900000E-01
  34.680           0.1150000E+00
  34.700           0.4870000E+00
  34.720           0.5930000E+00
  34.740           0.5910000E+00
  34.760           0.7210000E+00
  34.780           0.6720000E+00
  34.800           0.5400000E+00
  34.820           0.4130000E+00
  34.840           0.3070000E+00
  34.860           0.2400000E+00
  34.880           0.1740000E+00
  34.900           0.1700000E+00
  34.920           0.1180000E+00
  34.940           0.3500000E-01
  34.960           0.3300000E-01
  34.980           0.1900000E-01
  35.000          -0.6000000E-02
  35.020           0.0000000E+00
  35.040           0.0000000E+00
  35.060           0.0000000E+00
  35.080           0.0000000E+00
  35.100           0.0000000E+00
  35.120           0.0000000E+00
  35.140           0.0000000E+00
  35.160           0.0000000E+00
  35.180           0.0000000E+00
  35.200           0.0000000E+00
  35.220           0.0000000E+00
  35.240           0.0000000E+00
  35.260           0.0000000E+00
  35.280           0.0000000E+00
  35.300           0.0000000E+00
  35.320           0.0000000E+00
  35.340           0.0000000E+00
  35.360           0.0000000E+00
  35.380           0.0000000E+00
  35.400           0.0000000E+00
  35.420           0.0000000E+00
  35.440           0.0000000E+00
  35.460           0.0000000E+00
  35.480           0.0000000E+00
  35.500           0.0000000E+00
  35.520           0.0000000E+00
  35.540           0.0000000E+00
  35.560           0.0000000E+00
  35.580           0.0000000E+00
  35.600           0.0000000E+00
  35.620           0.0000000E+00
  35.640           0.0000000E+00
  35.660           0.0000000E+00
  35.680           0.0000000E+00
  35.700           0.0000000E+00
  35.720           0.0000000E+00
  35.740           0.0000000E+00
  35.760           0.0000000E+00
  35.780           0.0000000E+00
  35.800           0.0000000E+00
  35.820           0.0000000E+00
  35.840           0.0000000E+00
  35.860           0.0000000E+00
  35.880           0.0000000E+00
  35.900           0.0000000E+00
  35.920           0.0000000E+00
  35.940           0.0000000E+00
  35.960           0.0000000E+00
  35.980           0.0000000E+00
  36.000           0.0000000E+00
  36.020           0.0000000E+00
  36.040           0.0000000E+00
  36.060           0.0000000E+00
  36.080           0.0000000E+00
  36.100           0.0000000E+00
  36.120           0.0000000E+00
  36.140           0.0000000E+00
  36.160           0.0000000E+00
  36.180           0.0000000E+00
  36.200           0.0000000E+00
  36.220           0.0000000E+00
  36.240           0.0000000E+00
  36.260           0.0000000E+00
  36.280           0.0000000E+00
  36.300           0.0000000E+00
  36.320           0.0000000E+00
  36.340           0.0000000E+00
  36.360           0.0000000E+00
  36.380           0.0000000E+00
  36.400           0.0000000E+00
  36.420           0.0000000E+00
  36.440           0.0000000E+00
  36.460           0.0000000E+00
  36.480           0.0000000E+00
  36.500           0.0000000E+00
  36.520           0.0000000E+00
  36.540           0.0000000E+00
  36.560           0.0000000E+00
  36.580           0.0000000E+00
  36.600           0.0000000E+00
  36.620           0.0000000E+00
  36.640           0.0000000E+00
  36.660           0.0000000E+00
  36.680           0.0000000E+00
  36.700           0.0000000E+00
  36.720           0.0000000E+00
  36.740           0.0000000E+00
  36.760           0.0000000E+00
  36.780           0.0000000E+00
  36.800           0.0000000E+00
  36.820           0.0000000E+00
  36.840           0.0000000E+00
  36.860           0.0000000E+00
  36.880           0.0000000E+00
  36.900           0.0000000E+00
  36.920           0.0000000E+00
  36.940           0.0000000E+00
  36.960           0.0000000E+00
  36.980           0.0000000E+00
  37.000           0.0000000E+00
  37.020           0.0000000E+00
  37.040           0.0000000E+00
  37.060           0.0000000E+00
  37.080           0.0000000E+00
  37.100           0.0000000E+00
  37.120           0.0000000E+00
  37.140           0.0000000E+00
  37.160           0.0000000E+00
  37.180           0.0000000E+00
  37.200           0.0000000E+00
  37.220           0.0000000E+00
  37.240           0.0000000E+00
  37.260           0.0000000E+00
  37.280           0.0000000E+00
  37.300           0.0000000E+00
  37.320           0.0000000E+00
  37.340           0.0000000E+00
  37.360           0.0000000E+00
  37.380           0.0000000E+00
  37.400           0.0000000E+00
  37.420           0.0000000E+00
  37.440           0.0000000E+00
  37.460           0.0000000E+00
  37.480           0.0000000E+00
  37.500           0.0000000E+00
  37.520           0.0000000E+00
  37.540           0.0000000E+00
  37.560           0.0000000E+00
  37.580           0.0000000E+00
  37.600           0.0000000E+00
  37.620           0.0000000E+00
  37.640           0.0000000E+00
  37.660           0.0000000E+00
  37.680           0.0000000E+00
  37.700           0.0000000E+00
  37.720           0.0000000E+00
  37.740           0.0000000E+00
  37.760           0.0000000E+00
  37.780           0.0000000E+00
  37.800           0.0000000E+00
  37.820           0.0000000E+00
  37.840           0.0000000E+00
  37.860           0.0000000E+00
  37.880           0.0000000E+00
  37.900           0.0000000E+00
  37.920           0.0000000E+00
  37.940           0.0000000E+00
  37.960           0.0000000E+00
  37.980           0.0000000E+00
  38.000           0.0000000E+00
  38.020           0.0000000E+00
  38.040           0.0000000E+00
  38.060           0.0000000E+00
  38.080           0.0000000E+00
  38.100           0.0000000E+00
  38.120           0.0000000E+00
  38.140           0.0000000E+00
  38.160           0.0000000E+00
  38.180           0.0000000E+00
  38.200           0.0000000E+00
  38.220           0.0000000E+00
  38.240           0.0000000E+00
  38.260           0.0000000E+00
  38.280           0.0000000E+00
  38.300           0.0000000E+00
  38.320           0.0000000E+00
  38.340           0.0000000E+00
  38.360           0.0000000E+00
  38.380           0.0000000E+00
  38.400           0.0000000E+00
  38.420           0.0000000E+00
  38.440           0.0000000E+00
  38.460           0.0000000E+00
  38.480           0.0000000E+00
  38.500           0.0000000E+00
  38.520           0.0000000E+00
  38.540           0.0000000E+00
  38.560           0.0000000E+00
  38.580           0.0000000E+00
  38.600           0.0000000E+00
  38.620           0.0000000E+00
  38.640           0.0000000E+00
  38.660           0.0000000E+00
  38.680           0.0000000E+00
  38.700           0.0000000E+00
  38.720           0.0000000E+00
  38.740           0.0000000E+00
  38.760           0.0000000E+00
  38.780           0.0000000E+00
  38.800           0.0000000E+00
  38.820           0.0000000E+00
  38.840           0.0000000E+00
  38.860           0.0000000E+00
  38.880           0.0000000E+00
  38.900           0.0000000E+00
  38.920           0.0000000E+00
  38.940           0.0000000E+00
  38.960           0.0000000E+00
  38.980           0.0000000E+00
  39.000           0.0000000E+00
  39.020           0.0000000E+00
  39.040           0.0000000E+00
  39.060           0.0000000E+00
  39.080           0.0000000E+00
  39.100           0.0000000E+00
  39.120           0.0000000E+00
  39.140           0.0000000E+00
  39.160           0.0000000E+00
  39.180           0.0000000E+00
  39.200           0.0000000E+00
  39.220           0.0000000E+00
  39.240           0.0000000E+00
  39.260           0.0000000E+00
  39.280           0.0000000E+00
  39.300           0.0000000E+00
  39.320           0.0000000E+00
  39.340           0.0000000E+00
  39.360           0.0000000E+00
  39.380           0.0000000E+00
  39.400           0.0000000E+00
  39.420           0.0000000E+00
  39.440           0.0000000E+00
  39.460           0.0000000E+00
  39.480           0.0000000E+00
  39.500           0.0000000E+00
  39.520           0.0000000E+00
  39.540           0.0000000E+00
  39.560           0.0000000E+00
  39.580           0.0000000E+00
  39.600           0.0000000E+00
  39.620           0.0000000E+00
  39.640           0.0000000E+00
  39.660           0.0000000E+00
  39.680           0.0000000E+00
  39.700           0.0000000E+00
  39.720           0.0000000E+00
  39.740           0.0000000E+00
  39.760           0.0000000E+00
  39.780           0.0000000E+00
  39.800           0.0000000E+00
  39.820           0.0000000E+00
  39.840           0.0000000E+00
  39.860           0.0000000E+00
  39.880           0.0000000E+00
  39.900           0.0000000E+00
  39.920           0.0000000E+00
  39.940           0.0000000E+00
  39.960           0.0000000E+00
  39.980           0.0000000E+00
  40.000           0.0000000E+00
  40.020           0.0000000E+00
  40.040           0.0000000E+00
  40.060           0.0000000E+00
  40.080           0.0000000E+00
  40.100           0.0000000E+00
  40.120           0.0000000E+00
  40.140           0.0000000E+00
  40.160           0.0000000E+00
  40.180           0.0000000E+00
  40.200           0.0000000E+00
  40.220           0.0000000E+00
  40.240           0.0000000E+00
  40.260           0.0000000E+00
  40.280           0.0000000E+00
  40.300           0.0000000E+00
  40.320           0.0000000E+00
  40.340           0.0000000E+00
  40.360           0.0000000E+00
  40.380           0.0000000E+00
  40.400           0.0000000E+00
  40.420           0.0000000E+00
  40.440           0.0000000E+00
  40.460           0.0000000E+00
  40.480           0.0000000E+00
  40.500           0.0000000E+00
  40.520           0.0000000E+00
  40.540           0.0000000E+00
  40.560           0.0000000E+00
  40.580           0.0000000E+00
  40.600           0.0000000E+00
  40.620           0.0000000E+00
  40.640           0.0000000E+00
  40.660           0.0000000E+00
  40.680           0.0000000E+00
  40.700           0.0000000E+00
  40.720           0.0000000E+00
  40.740           0.0000000E+00
  40.760           0.0000000E+00
  40.780           0.0000000E+00
  40.800           0.0000000E+00
  40.820           0.0000000E+00
  40.840           0.0000000E+00
  40.860           0.0000000E+00
  40.880           0.0000000E+00
  40.900           0.0000000E+00
  40.920           0.0000000E+00
  40.940           0.0000000E+00
  40.960           0.0000000E+00
