   0.020          -0.4800000E-01
   0.040          -0.4800000E-01
   0.060          -0.4800000E-01
   0.080          -0.6400000E-01
   0.100          -0.4800000E-01
   0.120          -0.4800000E-01
   0.140          -0.1110000E+00
   0.160          -0.5300000E-01
   0.180          -0.5300000E-01
   0.200          -0.1890000E+00
   0.220          -0.3900000E-01
   0.240          -0.4200000E-01
   0.260           0.6100000E-01
   0.280          -0.3600000E-01
   0.300          -0.3800000E-01
   0.320           0.1280000E+00
   0.340          -0.2600000E-01
   0.360          -0.2700000E-01
   0.380           0.3390000E+00
   0.400           0.7000000E-02
   0.420           0.5000000E-02
   0.440           0.6830000E+00
   0.460           0.2200000E-01
   0.480           0.1600000E-01
   0.500           0.8390000E+00
   0.520           0.6200000E-01
   0.540           0.5000000E-01
   0.560           0.1132000E+01
   0.580           0.2930000E+00
   0.600           0.2340000E+00
   0.620           0.1519000E+01
   0.640           0.4160000E+00
   0.660           0.3740000E+00
   0.680           0.1848000E+01
   0.700           0.1214000E+01
   0.720          -0.9100000E-01
   0.740          -0.2082000E+01
   0.760          -0.2431000E+01
   0.780          -0.1006000E+01
   0.800          -0.6590000E+00
   0.820          -0.1328000E+01
   0.840          -0.2176000E+01
   0.860          -0.1136000E+01
   0.880          -0.1134000E+01
   0.900          -0.2150000E+01
   0.920          -0.1315000E+01
   0.940          -0.1307000E+01
   0.960          -0.2995000E+01
   0.980          -0.1302000E+01
   1.000          -0.8890000E+00
   1.020          -0.2427000E+01
   1.040          -0.1281000E+01
   1.060          -0.1045000E+01
   1.080          -0.2987000E+01
   1.100          -0.1541000E+01
   1.120          -0.1466000E+01
   1.140          -0.4594000E+01
   1.160          -0.2567000E+01
   1.180          -0.2422000E+01
   1.200          -0.6108000E+01
   1.220          -0.3591000E+01
   1.240          -0.3089000E+01
   1.260          -0.6739000E+01
   1.280          -0.5154000E+01
   1.300          -0.4715000E+01
   1.320          -0.7403000E+01
   1.340          -0.2239000E+01
   1.360           0.2230000E+01
   1.380           0.8001000E+01
   1.400           0.4499000E+01
   1.420           0.4576000E+01
   1.440           0.8727000E+01
   1.460           0.7365000E+01
   1.480           0.7028000E+01
   1.500           0.9484000E+01
   1.520           0.8689000E+01
   1.540           0.8745000E+01
   1.560           0.8598000E+01
   1.580           0.7541000E+01
   1.600           0.6290000E+01
   1.620           0.4670000E+01
   1.640           0.6959000E+01
   1.660           0.1165700E+02
   1.680           0.6947000E+01
   1.700           0.5889000E+01
   1.720           0.1037900E+02
   1.740           0.6183000E+01
   1.760           0.6680000E+01
   1.780           0.1210700E+02
   1.800           0.9158000E+01
   1.820           0.9969000E+01
   1.840           0.1436700E+02
   1.860           0.1091700E+02
   1.880           0.7989000E+01
   1.900           0.1029600E+02
   1.920           0.9386000E+01
   1.940           0.9423000E+01
   1.960           0.8524000E+01
   1.980           0.7385000E+01
   2.000           0.3215000E+01
   2.020           0.2007000E+01
   2.040           0.1682000E+01
   2.060           0.1531000E+01
   2.080          -0.2915000E+01
   2.100          -0.4377000E+01
   2.120          -0.7119000E+01
   2.140          -0.2261000E+01
   2.160          -0.3990000E+00
   2.180           0.7075000E+01
   2.200           0.1270400E+02
   2.220           0.1353200E+02
   2.240           0.9601000E+01
   2.260           0.1031400E+02
   2.280           0.3951000E+01
   2.300          -0.1448000E+01
   2.320          -0.1185400E+02
   2.340          -0.1617600E+02
   2.360          -0.9115000E+01
   2.380           0.3129000E+01
   2.400           0.1244900E+02
   2.420           0.1435900E+02
   2.440           0.9924000E+01
   2.460           0.4045000E+01
   2.480          -0.9542000E+01
   2.500          -0.1052300E+02
   2.520          -0.5578000E+01
   2.540           0.1206800E+02
   2.560           0.2179500E+02
   2.580           0.1294100E+02
   2.600          -0.3357000E+01
   2.620          -0.1343800E+02
   2.640          -0.2291900E+02
   2.660          -0.2501000E+02
   2.680          -0.2578600E+02
   2.700          -0.1618400E+02
   2.720          -0.9043000E+01
   2.740          -0.9406000E+01
   2.760          -0.1213500E+02
   2.780          -0.6459000E+01
   2.800          -0.7656000E+01
   2.820          -0.1135600E+02
   2.840          -0.3645000E+01
   2.860           0.8986000E+01
   2.880           0.8687000E+01
   2.900           0.2001600E+02
   2.920           0.2411300E+02
   2.940           0.9102000E+01
   2.960           0.3608000E+01
   2.980           0.2369000E+01
   3.000          -0.8610000E+00
   3.020           0.1229900E+02
   3.040          -0.9790000E+00
   3.060          -0.2241400E+02
   3.080          -0.2424100E+02
   3.100          -0.2799100E+02
   3.120          -0.1450000E+02
   3.140           0.1130000E+00
   3.160          -0.7230000E+00
   3.180           0.5604000E+01
   3.200           0.1215400E+02
   3.220           0.1205500E+02
   3.240           0.1061000E+01
   3.260          -0.6760000E+01
   3.280           0.2741000E+01
   3.300           0.5928000E+01
   3.320           0.6606000E+01
   3.340          -0.1405100E+02
   3.360          -0.2321500E+02
   3.380          -0.9637000E+01
   3.400          -0.1592600E+02
   3.420          -0.1874000E+01
   3.440           0.1905100E+02
   3.460           0.2797400E+02
   3.480           0.2555100E+02
   3.500           0.1626100E+02
   3.520          -0.1105700E+02
   3.540          -0.1897000E+02
   3.560          -0.3474000E+02
   3.580          -0.5520200E+02
   3.600          -0.4969300E+02
   3.620          -0.4194300E+02
   3.640          -0.4952100E+02
   3.660          -0.4982300E+02
   3.680          -0.4528000E+02
   3.700          -0.5898300E+02
   3.720          -0.4950000E+02
   3.740          -0.3416600E+02
   3.760          -0.8185000E+01
   3.780           0.2298000E+02
   3.800           0.2167600E+02
   3.820           0.1366400E+02
   3.840           0.7744000E+01
   3.860           0.1440600E+02
   3.880           0.2140800E+02
   3.900           0.1355400E+02
   3.920          -0.1060000E+01
   3.940          -0.3928100E+02
   3.960          -0.3322400E+02
   3.980          -0.2968300E+02
   4.000          -0.1858900E+02
   4.020          -0.7065000E+01
   4.040           0.1555200E+02
   4.060           0.4806000E+02
   4.080           0.5422600E+02
   4.100           0.3845500E+02
   4.120           0.1331600E+02
   4.140          -0.9030000E+00
   4.160           0.1306400E+02
   4.180           0.2702900E+02
   4.200           0.2396900E+02
   4.220           0.2842800E+02
   4.240           0.2822700E+02
   4.260           0.2604200E+02
   4.280          -0.8867000E+01
   4.300          -0.1559700E+02
   4.320           0.1289000E+02
   4.340           0.5767700E+02
   4.360           0.6239200E+02
   4.380           0.4044500E+02
   4.400           0.9248000E+01
   4.420          -0.1721600E+02
   4.440          -0.3234600E+02
   4.460          -0.3799000E+01
   4.480           0.1798400E+02
   4.500           0.2359700E+02
   4.520           0.4576000E+02
   4.540           0.1408600E+02
   4.560          -0.2684000E+01
   4.580          -0.2101900E+02
   4.600          -0.4016000E+02
   4.620          -0.4238200E+02
   4.640          -0.5153500E+02
   4.660          -0.6860600E+02
   4.680          -0.9131500E+02
   4.700          -0.6323300E+02
   4.720          -0.4541200E+02
   4.740          -0.3115800E+02
   4.760          -0.3724000E+02
   4.780          -0.5181200E+02
   4.800          -0.1991800E+02
   4.820          -0.1000000E+01
   4.840          -0.7271000E+01
   4.860           0.2308300E+02
   4.880           0.6102200E+02
   4.900           0.6731800E+02
   4.920           0.5838700E+02
   4.940           0.5858600E+02
   4.960           0.3788500E+02
   4.980           0.9366100E+02
   5.000           0.8630200E+02
   5.020           0.7109200E+02
   5.040           0.3839600E+02
   5.060           0.2795000E+02
   5.080           0.1575900E+02
   5.100          -0.3291000E+01
   5.120          -0.4524400E+02
   5.140          -0.1013150E+03
   5.160          -0.1124580E+03
   5.180          -0.8672600E+02
   5.200          -0.3852200E+02
   5.220          -0.3025000E+02
   5.240          -0.2189000E+01
   5.260           0.6315000E+01
   5.280           0.4735700E+02
   5.300           0.6099500E+02
   5.320           0.6353900E+02
   5.340           0.8666200E+02
   5.360           0.8550600E+02
   5.380           0.8164800E+02
   5.400           0.8877100E+02
   5.420           0.8027900E+02
   5.440           0.7340700E+02
   5.460           0.5821000E+02
   5.480           0.5978000E+01
   5.500          -0.5206600E+02
   5.520          -0.5471400E+02
   5.540          -0.5713000E+02
   5.560          -0.1082800E+02
   5.580          -0.1290000E+02
   5.600          -0.4843000E+01
   5.620          -0.5347400E+02
   5.640          -0.5100000E+02
   5.660          -0.5848600E+02
   5.680          -0.3948100E+02
   5.700          -0.5616000E+01
   5.720          -0.4997500E+02
   5.740          -0.2284100E+02
   5.760           0.2686200E+02
   5.780           0.2100600E+02
   5.800           0.1231100E+02
   5.820           0.3462000E+01
   5.840          -0.1768900E+02
   5.860          -0.1001000E+01
   5.880           0.3055500E+02
   5.900           0.8857000E+01
   5.920          -0.3151200E+02
   5.940          -0.3091200E+02
   5.960          -0.2521700E+02
   5.980          -0.1795300E+02
   6.000           0.2221500E+02
   6.020           0.3784100E+02
   6.040           0.4615600E+02
   6.060           0.6534700E+02
   6.080           0.3316600E+02
   6.100           0.3620600E+02
   6.120           0.3303300E+02
   6.140           0.6659600E+02
   6.160           0.9096200E+02
   6.180           0.7203400E+02
   6.200           0.1697500E+02
   6.220          -0.2052500E+02
   6.240          -0.2520300E+02
   6.260          -0.6980900E+02
   6.280          -0.9081300E+02
   6.300          -0.9835600E+02
   6.320          -0.4141000E+02
   6.340           0.8254000E+02
   6.360           0.1064470E+03
   6.380           0.7982900E+02
   6.400           0.4633700E+02
   6.420           0.1893400E+02
   6.440          -0.6649200E+02
   6.460          -0.1143130E+03
   6.480          -0.6056500E+02
   6.500           0.3029700E+02
   6.520           0.8023900E+02
   6.540           0.1148470E+03
   6.560           0.8444200E+02
   6.580           0.7589000E+02
   6.600           0.2385500E+02
   6.620           0.1421600E+02
   6.640           0.2192900E+02
   6.660          -0.2240200E+02
   6.680          -0.6804900E+02
   6.700          -0.2021500E+02
   6.720          -0.9770000E+00
   6.740          -0.4142500E+02
   6.760          -0.9269700E+02
   6.780          -0.6357900E+02
   6.800          -0.6885500E+02
   6.820          -0.6384000E+02
   6.840          -0.6947500E+02
   6.860          -0.7433700E+02
   6.880          -0.8402400E+02
   6.900          -0.2290300E+02
   6.920           0.2857900E+02
   6.940           0.1113240E+03
   6.960           0.1081520E+03
   6.980           0.7305200E+02
   7.000           0.1493900E+02
   7.020          -0.6417000E+01
   7.040          -0.1495700E+02
   7.060           0.6030000E+00
   7.080          -0.7967000E+01
   7.100          -0.4472400E+02
   7.120          -0.3868000E+02
   7.140          -0.2302000E+02
   7.160          -0.7553000E+01
   7.180          -0.5784300E+02
   7.200          -0.9459000E+02
   7.220          -0.8130000E+02
   7.240          -0.6299100E+02
   7.260          -0.1061420E+03
   7.280          -0.6110200E+02
   7.300           0.4735000E+01
   7.320           0.5663400E+02
   7.340           0.4058500E+02
   7.360           0.4536000E+02
   7.380          -0.1562400E+02
   7.400          -0.1697300E+02
   7.420           0.2378600E+02
   7.440          -0.3127400E+02
   7.460          -0.1365300E+02
   7.480           0.4383400E+02
   7.500           0.2507800E+02
   7.520          -0.3010800E+02
   7.540          -0.4431700E+02
   7.560           0.7853000E+01
   7.580           0.7872100E+02
   7.600           0.9401500E+02
   7.620           0.9433900E+02
   7.640           0.1248980E+03
   7.660           0.6503000E+02
   7.680           0.1462000E+01
   7.700           0.2560000E+00
   7.720           0.1874100E+02
   7.740           0.2290000E+00
   7.760          -0.1240400E+02
   7.780           0.2487000E+01
   7.800           0.8918000E+01
   7.820          -0.3016700E+02
   7.840          -0.8631300E+02
   7.860          -0.4642400E+02
   7.880          -0.5329900E+02
   7.900           0.4380000E+01
   7.920           0.7488400E+02
   7.940           0.8533600E+02
   7.960           0.1391890E+03
   7.980           0.8622000E+02
   8.000           0.1337300E+02
   8.020          -0.2809000E+02
   8.040          -0.2059000E+02
   8.060           0.7237000E+01
   8.080           0.6482000E+02
   8.100           0.7895100E+02
   8.120           0.7634900E+02
   8.140           0.4996200E+02
   8.160           0.2519000E+02
   8.180           0.2555700E+02
   8.200          -0.3709300E+02
   8.220          -0.7048200E+02
   8.240          -0.3272900E+02
   8.260           0.3788400E+02
   8.280           0.2245300E+02
   8.300           0.4060200E+02
   8.320           0.4415400E+02
   8.340           0.2397300E+02
   8.360           0.6122500E+02
   8.380           0.3328300E+02
   8.400          -0.1245200E+02
   8.420          -0.2830800E+02
   8.440          -0.8823900E+02
   8.460          -0.1184630E+03
   8.480          -0.1022900E+03
   8.500          -0.8717200E+02
   8.520          -0.4559000E+02
   8.540          -0.5913400E+02
   8.560           0.1583800E+02
   8.580           0.2607700E+02
   8.600          -0.2806100E+02
   8.620          -0.4304000E+02
   8.640          -0.5574300E+02
   8.660          -0.7982700E+02
   8.680          -0.5076100E+02
   8.700          -0.1094400E+03
   8.720          -0.1294900E+03
   8.740          -0.9928000E+02
   8.760          -0.7230200E+02
   8.780           0.1679900E+02
   8.800           0.8834800E+02
   8.820           0.1025650E+03
   8.840           0.3528100E+02
   8.860          -0.1429000E+01
   8.880           0.2783500E+02
   8.900           0.1018890E+03
   8.920           0.1531880E+03
   8.940           0.1469860E+03
   8.960           0.7872100E+02
   8.980           0.2703300E+02
   9.000          -0.6310200E+02
   9.020          -0.6883500E+02
   9.040          -0.6540900E+02
   9.060          -0.1134560E+03
   9.080          -0.9313600E+02
   9.100          -0.1042660E+03
   9.120          -0.9182300E+02
   9.140          -0.2498900E+02
   9.160           0.1679400E+02
   9.180           0.8561800E+02
   9.200           0.1276500E+03
   9.220           0.5508700E+02
   9.240          -0.5721800E+02
   9.260          -0.7693100E+02
   9.280          -0.7990000E+02
   9.300          -0.1035460E+03
   9.320          -0.5764700E+02
   9.340           0.1054100E+02
   9.360           0.3176000E+02
   9.380           0.4379400E+02
   9.400           0.1490500E+02
   9.420           0.3811900E+02
   9.440           0.1082900E+02
   9.460          -0.4993700E+02
   9.480          -0.1853100E+02
   9.500           0.2400200E+02
   9.520           0.3041600E+02
   9.540           0.7963000E+01
   9.560           0.2502500E+02
   9.580           0.2872400E+02
   9.600           0.4098400E+02
   9.620           0.5237800E+02
   9.640           0.5513900E+02
   9.660           0.8637400E+02
   9.680           0.7620800E+02
   9.700           0.8333000E+01
   9.720          -0.5806500E+02
   9.740          -0.4703600E+02
   9.760          -0.9564100E+02
   9.780          -0.1495720E+03
   9.800          -0.1446120E+03
   9.820          -0.1516840E+03
   9.840          -0.8168000E+02
   9.860          -0.5819000E+01
   9.880           0.4900600E+02
   9.900           0.1059150E+03
   9.920           0.6751300E+02
   9.940           0.1879000E+02
   9.960           0.4887300E+02
   9.980           0.6051200E+02
  10.000           0.9444500E+02
  10.020           0.9439200E+02
  10.040           0.2823900E+02
  10.060          -0.2128300E+02
  10.080          -0.1685000E+02
  10.100          -0.5583700E+02
  10.120          -0.5394200E+02
  10.140          -0.4693500E+02
  10.160          -0.4507700E+02
  10.180          -0.3648200E+02
  10.200           0.3526000E+01
  10.220           0.7837000E+01
  10.240           0.1752700E+02
  10.260           0.5287500E+02
  10.280           0.2168300E+02
  10.300          -0.3881100E+02
  10.320          -0.2306900E+02
  10.340          -0.2516000E+02
  10.360          -0.4670000E+00
  10.380          -0.1039600E+02
  10.400          -0.3758100E+02
  10.420          -0.2943000E+02
  10.440           0.3547100E+02
  10.460           0.4294900E+02
  10.480           0.6406300E+02
  10.500           0.1390000E+02
  10.520           0.1652100E+02
  10.540          -0.1267500E+02
  10.560          -0.2682900E+02
  10.580          -0.2985000E+01
  10.600           0.2827900E+02
  10.620          -0.5820000E+01
  10.640          -0.8628300E+02
  10.660          -0.8809900E+02
  10.680          -0.9127800E+02
  10.700          -0.1075040E+03
  10.720          -0.3697100E+02
  10.740           0.3395000E+02
  10.760           0.9780800E+02
  10.780           0.1102480E+03
  10.800           0.1222530E+03
  10.820           0.1216780E+03
  10.840           0.8954200E+02
  10.860           0.6839900E+02
  10.880          -0.3138500E+02
  10.900          -0.3036600E+02
  10.920          -0.6086000E+01
  10.940          -0.3548300E+02
  10.960          -0.1084800E+02
  10.980          -0.2989000E+01
  11.000          -0.4440000E+01
  11.020          -0.1266200E+02
  11.040          -0.2552400E+02
  11.060          -0.7506100E+02
  11.080          -0.4308600E+02
  11.100          -0.1012800E+02
  11.120           0.3902300E+02
  11.140           0.8048100E+02
  11.160           0.2534900E+02
  11.180          -0.4200700E+02
  11.200          -0.7210400E+02
  11.220          -0.1026500E+02
  11.240           0.2002500E+02
  11.260          -0.6605000E+01
  11.280          -0.1013400E+02
  11.300          -0.3429700E+02
  11.320          -0.2997500E+02
  11.340          -0.5637200E+02
  11.360          -0.3717300E+02
  11.380           0.6235000E+02
  11.400           0.1356050E+03
  11.420           0.1325510E+03
  11.440           0.9379300E+02
  11.460           0.6858600E+02
  11.480           0.1236200E+02
  11.500          -0.2428600E+02
  11.520          -0.3865200E+02
  11.540          -0.5551000E+01
  11.560           0.4236100E+02
  11.580           0.6110600E+02
  11.600           0.1007040E+03
  11.620           0.1491350E+03
  11.640           0.8479300E+02
  11.660           0.1763400E+02
  11.680          -0.4400600E+02
  11.700          -0.4657300E+02
  11.720           0.1186200E+02
  11.740           0.4736000E+01
  11.760           0.4282400E+02
  11.780           0.1657700E+02
  11.800          -0.7716000E+01
  11.820          -0.3017800E+02
  11.840          -0.5164800E+02
  11.860          -0.7651700E+02
  11.880          -0.1064680E+03
  11.900          -0.1186910E+03
  11.920          -0.9171500E+02
  11.940          -0.3887200E+02
  11.960           0.5549000E+02
  11.980           0.9467400E+02
  12.000           0.1073160E+03
  12.020           0.4270800E+02
  12.040          -0.6500500E+02
  12.060          -0.7310800E+02
  12.080          -0.4297300E+02
  12.100          -0.2013700E+02
  12.120          -0.5430000E+00
  12.140           0.3751200E+02
  12.160           0.6420000E+01
  12.180          -0.4845300E+02
  12.200          -0.2799800E+02
  12.220          -0.6105800E+02
  12.240          -0.1142500E+03
  12.260          -0.6319000E+02
  12.280          -0.4385400E+02
  12.300          -0.5029000E+01
  12.320           0.6874800E+02
  12.340           0.4523500E+02
  12.360           0.5923900E+02
  12.380           0.3461800E+02
  12.400          -0.4972000E+01
  12.420           0.1084900E+02
  12.440          -0.3904000E+01
  12.460           0.1807300E+02
  12.480          -0.2404000E+01
  12.500           0.2792600E+02
  12.520          -0.1530800E+02
  12.540           0.6933000E+01
  12.560           0.3173000E+02
  12.580           0.5824800E+02
  12.600           0.8945200E+02
  12.620           0.6046100E+02
  12.640           0.3635800E+02
  12.660          -0.1246400E+02
  12.680          -0.7691800E+02
  12.700          -0.3999400E+02
  12.720           0.7720000E+00
  12.740           0.6179500E+02
  12.760           0.6742400E+02
  12.780           0.3224900E+02
  12.800           0.4614900E+02
  12.820           0.4767800E+02
  12.840           0.4463100E+02
  12.860           0.2998300E+02
  12.880           0.3390000E+02
  12.900           0.3062800E+02
  12.920          -0.4178500E+02
  12.940          -0.9003300E+02
  12.960          -0.8416900E+02
  12.980          -0.1124970E+03
  13.000          -0.1058090E+03
  13.020          -0.1159770E+03
  13.040          -0.8221100E+02
  13.060          -0.1028120E+03
  13.080          -0.8908300E+02
  13.100          -0.9499100E+02
  13.120          -0.3668000E+01
  13.140           0.5433400E+02
  13.160           0.9629200E+02
  13.180           0.7545900E+02
  13.200           0.1021330E+03
  13.220           0.2937200E+02
  13.240          -0.7184800E+02
  13.260          -0.1099850E+03
  13.280          -0.1102760E+03
  13.300          -0.3666600E+02
  13.320           0.5855300E+02
  13.340           0.5885100E+02
  13.360           0.6078900E+02
  13.380           0.1930800E+02
  13.400          -0.2806400E+02
  13.420          -0.1663600E+02
  13.440           0.1303000E+01
  13.460           0.3774100E+02
  13.480           0.5460800E+02
  13.500           0.7980900E+02
  13.520           0.1982500E+02
  13.540          -0.2137200E+02
  13.560          -0.2731100E+02
  13.580           0.3888200E+02
  13.600           0.1079740E+03
  13.620           0.8487000E+02
  13.640           0.4262400E+02
  13.660          -0.2647200E+02
  13.680          -0.4351400E+02
  13.700          -0.5192400E+02
  13.720          -0.6904000E+02
  13.740          -0.5491400E+02
  13.760           0.2076000E+01
  13.780           0.7745700E+02
  13.800           0.6986700E+02
  13.820           0.7695700E+02
  13.840           0.6077000E+02
  13.860           0.5141700E+02
  13.880           0.5088500E+02
  13.900           0.5133900E+02
  13.920          -0.2823500E+02
  13.940          -0.2426300E+02
  13.960          -0.2008000E+01
  13.980           0.2355600E+02
  14.000           0.4556900E+02
  14.020           0.5104800E+02
  14.040           0.2038300E+02
  14.060          -0.2584200E+02
  14.080          -0.3167000E+01
  14.100           0.1732000E+02
  14.120           0.1126600E+02
  14.140          -0.5653400E+02
  14.160          -0.9648300E+02
  14.180          -0.1063610E+03
  14.200          -0.9295500E+02
  14.220          -0.3543300E+02
  14.240           0.4397000E+01
  14.260          -0.5292700E+02
  14.280          -0.5196500E+02
  14.300          -0.3039200E+02
  14.320           0.1099000E+01
  14.340          -0.4664000E+01
  14.360           0.1052400E+02
  14.380           0.7427500E+02
  14.400           0.6571500E+02
  14.420           0.4719700E+02
  14.440          -0.7711000E+01
  14.460           0.1970600E+02
  14.480           0.7236100E+02
  14.500           0.4690000E+02
  14.520           0.4688900E+02
  14.540          -0.2760000E+00
  14.560          -0.1825000E+01
  14.580           0.2341300E+02
  14.600           0.1995100E+02
  14.620          -0.1155000E+02
  14.640          -0.3039700E+02
  14.660          -0.3871000E+02
  14.680          -0.1080580E+03
  14.700          -0.1593000E+03
  14.720          -0.1850480E+03
  14.740          -0.1143320E+03
  14.760           0.3498200E+02
  14.780           0.7001300E+02
  14.800           0.1128110E+03
  14.820           0.5085600E+02
  14.840           0.4787200E+02
  14.860           0.3335600E+02
  14.880           0.5205000E+01
  14.900           0.5659000E+01
  14.920          -0.4769100E+02
  14.940          -0.3827900E+02
  14.960          -0.1372400E+02
  14.980           0.2543900E+02
  15.000           0.8994300E+02
  15.020           0.9483200E+02
  15.040           0.9417100E+02
  15.060           0.4738700E+02
  15.080          -0.4803000E+02
  15.100          -0.6592600E+02
  15.120          -0.7009800E+02
  15.140          -0.1014180E+03
  15.160          -0.1377380E+03
  15.180          -0.6039900E+02
  15.200           0.1949600E+02
  15.220           0.7907800E+02
  15.240           0.6862100E+02
  15.260           0.3500000E-01
  15.280          -0.2531500E+02
  15.300           0.2174900E+02
  15.320           0.4394000E+02
  15.340           0.6206000E+01
  15.360           0.7493000E+01
  15.380           0.9148000E+01
  15.400           0.8521000E+01
  15.420          -0.2107800E+02
  15.440          -0.6894600E+02
  15.460          -0.6932800E+02
  15.480          -0.2280600E+02
  15.500           0.1079500E+02
  15.520           0.8957000E+01
  15.540          -0.4011600E+02
  15.560          -0.6950700E+02
  15.580          -0.5282200E+02
  15.600          -0.6417900E+02
  15.620          -0.5967000E+02
  15.640          -0.2440400E+02
  15.660          -0.1929100E+02
  15.680           0.9720000E+01
  15.700           0.2099800E+02
  15.720           0.2648700E+02
  15.740           0.1936000E+02
  15.760          -0.3271400E+02
  15.780          -0.1792300E+02
  15.800           0.8060000E+00
  15.820           0.1670900E+02
  15.840          -0.2309100E+02
  15.860          -0.7434700E+02
  15.880          -0.2940200E+02
  15.900           0.6476400E+02
  15.920           0.1131540E+03
  15.940           0.1030440E+03
  15.960           0.5708500E+02
  15.980          -0.2540200E+02
  16.000          -0.5951900E+02
  16.020          -0.1317670E+03
  16.040          -0.1385600E+03
  16.060          -0.1294480E+03
  16.080          -0.9830400E+02
  16.100          -0.7497400E+02
  16.120          -0.2892200E+02
  16.140           0.6200000E-01
  16.160           0.3797600E+02
  16.180           0.1031440E+03
  16.200           0.8498200E+02
  16.220           0.7169900E+02
  16.240           0.3491100E+02
  16.260          -0.3208000E+01
  16.280          -0.6072900E+02
  16.300          -0.2874600E+02
  16.320           0.1662300E+02
  16.340           0.7700000E+00
  16.360           0.2361500E+02
  16.380           0.3451100E+02
  16.400          -0.2621000E+01
  16.420           0.2324800E+02
  16.440          -0.5892000E+01
  16.460          -0.4198300E+02
  16.480          -0.3355300E+02
  16.500          -0.6857500E+02
  16.520          -0.4624000E+02
  16.540           0.3106700E+02
  16.560           0.5349900E+02
  16.580           0.6440700E+02
  16.600           0.7863600E+02
  16.620           0.6131500E+02
  16.640           0.6452000E+02
  16.660           0.6649100E+02
  16.680           0.6317000E+02
  16.700           0.4836600E+02
  16.720           0.3836500E+02
  16.740           0.2687000E+01
  16.760          -0.1262400E+02
  16.780          -0.6102000E+01
  16.800           0.3440300E+02
  16.820           0.5499400E+02
  16.840           0.4386100E+02
  16.860           0.1925100E+02
  16.880          -0.1185600E+02
  16.900          -0.2733400E+02
  16.920          -0.6367100E+02
  16.940          -0.5775800E+02
  16.960          -0.8421500E+02
  16.980          -0.8572100E+02
  17.000          -0.1030540E+03
  17.020          -0.1086660E+03
  17.040          -0.1016100E+03
  17.060          -0.7231200E+02
  17.080          -0.5659300E+02
  17.100          -0.3410600E+02
  17.120          -0.5203000E+01
  17.140           0.1176500E+02
  17.160           0.9180000E+00
  17.180          -0.4562900E+02
  17.200          -0.4524500E+02
  17.220          -0.2466000E+02
  17.240          -0.2698900E+02
  17.260          -0.6247600E+02
  17.280          -0.4216200E+02
  17.300           0.4747000E+01
  17.320           0.1377100E+02
  17.340           0.1866100E+02
  17.360          -0.1703800E+02
  17.380           0.1124300E+02
  17.400           0.4266500E+02
  17.420           0.4179300E+02
  17.440           0.4217800E+02
  17.460           0.7360500E+02
  17.480           0.1031680E+03
  17.500           0.1147930E+03
  17.520           0.1003840E+03
  17.540           0.7179900E+02
  17.560           0.7510100E+02
  17.580           0.4987900E+02
  17.600          -0.2223600E+02
  17.620          -0.8853500E+02
  17.640          -0.1299670E+03
  17.660          -0.1491300E+03
  17.680          -0.1073800E+03
  17.700          -0.5632300E+02
  17.720          -0.1447400E+02
  17.740          -0.7975000E+01
  17.760          -0.1124000E+02
  17.780           0.2447000E+01
  17.800          -0.5749000E+01
  17.820          -0.3090500E+02
  17.840          -0.3441300E+02
  17.860           0.3692000E+01
  17.880           0.2549000E+02
  17.900           0.3440300E+02
  17.920           0.5675700E+02
  17.940           0.4997000E+02
  17.960           0.5144500E+02
  17.980           0.3241000E+02
  18.000           0.4802200E+02
  18.020           0.5228200E+02
  18.040           0.4079400E+02
  18.060           0.7023000E+02
  18.080           0.9265500E+02
  18.100           0.9267500E+02
  18.120           0.3333600E+02
  18.140          -0.2742400E+02
  18.160          -0.6585600E+02
  18.180          -0.7009100E+02
  18.200          -0.3084400E+02
  18.220           0.8926000E+01
  18.240           0.2970600E+02
  18.260           0.3206500E+02
  18.280           0.4199300E+02
  18.300           0.3951900E+02
  18.320           0.2721000E+02
  18.340           0.8603000E+01
  18.360           0.8727000E+01
  18.380           0.4811600E+02
  18.400           0.7626500E+02
  18.420           0.8211700E+02
  18.440           0.7623400E+02
  18.460           0.8734200E+02
  18.480           0.7697400E+02
  18.500           0.3686500E+02
  18.520          -0.1164700E+02
  18.540          -0.5800500E+02
  18.560          -0.8709000E+02
  18.580          -0.6257800E+02
  18.600          -0.2556500E+02
  18.620           0.1867300E+02
  18.640           0.3788000E+02
  18.660           0.4890200E+02
  18.680           0.4046500E+02
  18.700           0.1199000E+02
  18.720          -0.2898200E+02
  18.740           0.4944000E+01
  18.760           0.5177700E+02
  18.780           0.5887600E+02
  18.800           0.4576200E+02
  18.820           0.1381800E+02
  18.840          -0.3155400E+02
  18.860          -0.4455900E+02
  18.880          -0.5343000E+02
  18.900          -0.5762800E+02
  18.920          -0.6640000E+01
  18.940           0.2959100E+02
  18.960           0.5314500E+02
  18.980           0.4217000E+02
  19.000           0.2277400E+02
  19.020           0.1271300E+02
  19.040           0.1881000E+02
  19.060           0.2357500E+02
  19.080           0.1510000E+00
  19.100          -0.3035000E+01
  19.120          -0.3817000E+01
  19.140          -0.1412700E+02
  19.160          -0.1583400E+02
  19.180          -0.6400000E+01
  19.200           0.1407200E+02
  19.220           0.2322600E+02
  19.240           0.1668500E+02
  19.260          -0.2177000E+02
  19.280          -0.3961200E+02
  19.300          -0.2760500E+02
  19.320           0.1290200E+02
  19.340           0.6107100E+02
  19.360           0.6947500E+02
  19.380           0.8937300E+02
  19.400           0.6604400E+02
  19.420           0.4158600E+02
  19.440           0.1269300E+02
  19.460          -0.1106100E+02
  19.480          -0.2436800E+02
  19.500          -0.4803400E+02
  19.520          -0.5282800E+02
  19.540          -0.3541300E+02
  19.560          -0.3484800E+02
  19.580          -0.2427700E+02
  19.600          -0.1391400E+02
  19.620          -0.2012800E+02
  19.640          -0.5153000E+02
  19.660          -0.8209100E+02
  19.680          -0.8636800E+02
  19.700          -0.7597100E+02
  19.720          -0.4325800E+02
  19.740          -0.3209500E+02
  19.760          -0.2521800E+02
  19.780           0.3466000E+01
  19.800           0.4494000E+01
  19.820           0.1883600E+02
  19.840           0.2574800E+02
  19.860           0.4396000E+01
  19.880          -0.5513000E+01
  19.900           0.5791000E+01
  19.920          -0.1622000E+01
  19.940          -0.6992000E+01
  19.960          -0.2239400E+02
  19.980          -0.3175000E+02
  20.000          -0.3050700E+02
  20.020          -0.1010100E+02
  20.040           0.7800000E+00
  20.060           0.1321600E+02
  20.080           0.3913000E+01
  20.100          -0.2194400E+02
  20.120          -0.2770500E+02
  20.140          -0.3837100E+02
  20.160          -0.4432900E+02
  20.180          -0.2209000E+01
  20.200           0.2234300E+02
  20.220           0.3811400E+02
  20.240           0.4638800E+02
  20.260           0.2126500E+02
  20.280           0.1653100E+02
  20.300           0.6050000E+01
  20.320          -0.3224800E+02
  20.340          -0.4680100E+02
  20.360          -0.3510000E+02
  20.380          -0.3997900E+02
  20.400          -0.4930900E+02
  20.420          -0.1819500E+02
  20.440          -0.2587500E+02
  20.460          -0.7409000E+01
  20.480           0.9399000E+01
  20.500           0.7976000E+01
  20.520           0.2331200E+02
  20.540           0.1317400E+02
  20.560          -0.1752800E+02
  20.580          -0.2670400E+02
  20.600          -0.1503300E+02
  20.620          -0.3358600E+02
  20.640          -0.3562900E+02
  20.660          -0.9690000E+01
  20.680          -0.2812000E+01
  20.700          -0.2327000E+01
  20.720          -0.3709500E+02
  20.740          -0.4718800E+02
  20.760          -0.3640800E+02
  20.780          -0.2849600E+02
  20.800          -0.1680400E+02
  20.820          -0.2461900E+02
  20.840          -0.2122900E+02
  20.860          -0.1125000E+01
  20.880           0.1702300E+02
  20.900           0.3956400E+02
  20.920           0.5040300E+02
  20.940           0.3600500E+02
  20.960           0.2607600E+02
  20.980           0.3214400E+02
  21.000           0.1221400E+02
  21.020           0.1003200E+02
  21.040           0.1049700E+02
  21.060          -0.1502800E+02
  21.080          -0.3892400E+02
  21.100          -0.3248400E+02
  21.120          -0.8615000E+01
  21.140           0.2383200E+02
  21.160           0.3917400E+02
  21.180           0.4589600E+02
  21.200           0.2563900E+02
  21.220           0.3241000E+01
  21.240          -0.1837700E+02
  21.260          -0.2890100E+02
  21.280          -0.4045500E+02
  21.300          -0.4986900E+02
  21.320          -0.3236400E+02
  21.340          -0.1156000E+01
  21.360           0.1727200E+02
  21.380           0.1278300E+02
  21.400           0.8577000E+01
  21.420           0.1124000E+02
  21.440           0.5420000E+01
  21.460           0.1267600E+02
  21.480           0.1536700E+02
  21.500           0.1704200E+02
  21.520          -0.8654000E+01
  21.540          -0.9197000E+01
  21.560          -0.1466400E+02
  21.580          -0.2399000E+01
  21.600           0.4896000E+01
  21.620           0.7737000E+01
  21.640           0.1056000E+01
  21.660           0.6902000E+01
  21.680           0.9874000E+01
  21.700           0.4877000E+01
  21.720           0.2172000E+01
  21.740          -0.2519000E+01
  21.760           0.8947000E+01
  21.780           0.9518000E+01
  21.800           0.2049900E+02
  21.820           0.2918300E+02
  21.840           0.3333500E+02
  21.860           0.2655700E+02
  21.880           0.1272900E+02
  21.900          -0.8089000E+01
  21.920          -0.9936000E+01
  21.940           0.4033000E+01
  21.960           0.2795600E+02
  21.980           0.3267500E+02
  22.000           0.1446000E+02
  22.020           0.1121000E+01
  22.040          -0.7930000E+00
  22.060          -0.2060000E+00
  22.080           0.1486000E+01
  22.100           0.3741000E+01
  22.120           0.1991000E+01
  22.140           0.5210000E+00
  22.160           0.8133000E+01
  22.180           0.4836000E+01
  22.200           0.8818000E+01
  22.220           0.2193900E+02
  22.240           0.1243900E+02
  22.260           0.1402000E+01
  22.280          -0.7187000E+01
  22.300          -0.2328300E+02
  22.320          -0.3193000E+02
  22.340          -0.2732600E+02
  22.360          -0.4469800E+02
  22.380          -0.4015800E+02
  22.400          -0.3219500E+02
  22.420          -0.3243700E+02
  22.440          -0.1069500E+02
  22.460           0.1815200E+02
  22.480           0.3185900E+02
  22.500           0.4501600E+02
  22.520           0.3754300E+02
  22.540           0.1661000E+02
  22.560          -0.1133000E+01
  22.580          -0.1672300E+02
  22.600          -0.1198000E+02
  22.620           0.1143500E+02
  22.640           0.1713600E+02
  22.660           0.8614000E+01
  22.680           0.1266400E+02
  22.700           0.3862000E+01
  22.720           0.1392900E+02
  22.740           0.2522100E+02
  22.760           0.1312500E+02
  22.780          -0.4510000E+01
  22.800          -0.5519000E+01
  22.820           0.9235000E+01
  22.840           0.1735000E+02
  22.860           0.1918700E+02
  22.880           0.1471700E+02
  22.900          -0.1463000E+01
  22.920          -0.1496200E+02
  22.940          -0.1671600E+02
  22.960          -0.1053500E+02
  22.980           0.1402800E+02
  23.000           0.2323700E+02
  23.020           0.2351200E+02
  23.040           0.1998900E+02
  23.060           0.1765700E+02
  23.080           0.1629200E+02
  23.100           0.6478000E+01
  23.120           0.3984000E+01
  23.140           0.2501000E+01
  23.160          -0.7203000E+01
  23.180          -0.9743000E+01
  23.200          -0.2386000E+02
  23.220          -0.2009200E+02
  23.240          -0.5875000E+01
  23.260          -0.6289000E+01
  23.280          -0.1765000E+02
  23.300          -0.1126100E+02
  23.320           0.2184000E+01
  23.340           0.5692000E+01
  23.360           0.4399000E+01
  23.380           0.4148000E+01
  23.400           0.1580300E+02
  23.420           0.1842700E+02
  23.440           0.4796000E+01
  23.460          -0.1446500E+02
  23.480          -0.3017400E+02
  23.500          -0.3588000E+02
  23.520          -0.2925100E+02
  23.540          -0.1894400E+02
  23.560          -0.4570000E+01
  23.580           0.7685000E+01
  23.600           0.1886600E+02
  23.620           0.1517900E+02
  23.640           0.1236000E+01
  23.660          -0.9073000E+01
  23.680          -0.2585000E+01
  23.700          -0.9936000E+01
  23.720          -0.1795900E+02
  23.740          -0.1526600E+02
  23.760          -0.7072000E+01
  23.780           0.6320000E+01
  23.800           0.6316000E+01
  23.820           0.7596000E+01
  23.840           0.1001400E+02
  23.860           0.2944000E+01
  23.880           0.7040000E+01
  23.900           0.1652500E+02
  23.920           0.2134400E+02
  23.940           0.1448600E+02
  23.960           0.5764000E+01
  23.980           0.1416900E+02
  24.000           0.1790900E+02
  24.020           0.1081900E+02
  24.040           0.2806000E+01
  24.060           0.7260000E+00
  24.080          -0.2129000E+01
  24.100          -0.1515700E+02
  24.120          -0.1742400E+02
  24.140          -0.1020600E+02
  24.160          -0.6090000E+00
  24.180           0.1546900E+02
  24.200           0.2715100E+02
  24.220           0.3185100E+02
  24.240           0.3210900E+02
  24.260           0.3399400E+02
  24.280           0.3939700E+02
  24.300           0.3738100E+02
  24.320           0.2509000E+02
  24.340           0.1483800E+02
  24.360           0.2344300E+02
  24.380           0.2629800E+02
  24.400           0.2007600E+02
  24.420           0.2136500E+02
  24.440           0.1773600E+02
  24.460           0.6083000E+01
  24.480          -0.5389000E+01
  24.500          -0.4257000E+01
  24.520           0.1904000E+01
  24.540           0.4402000E+01
  24.560          -0.3268000E+01
  24.580          -0.8842000E+01
  24.600          -0.1593900E+02
  24.620          -0.1308800E+02
  24.640          -0.6450000E+01
  24.660           0.4900000E-01
  24.680          -0.3104000E+01
  24.700          -0.2102900E+02
  24.720          -0.2535500E+02
  24.740          -0.1786900E+02
  24.760          -0.1096800E+02
  24.780           0.1691000E+01
  24.800           0.1240700E+02
  24.820           0.1109900E+02
  24.840           0.9255000E+01
  24.860           0.1204700E+02
  24.880           0.7574000E+01
  24.900           0.5567000E+01
  24.920          -0.7705000E+01
  24.940          -0.1707700E+02
  24.960          -0.1230700E+02
  24.980          -0.4751000E+01
  25.000          -0.2558000E+01
  25.020          -0.3766000E+01
  25.040          -0.1795200E+02
  25.060          -0.2817100E+02
  25.080          -0.2820800E+02
  25.100          -0.1542100E+02
  25.120          -0.1182000E+01
  25.140           0.4690000E+00
  25.160          -0.7868000E+01
  25.180          -0.1097700E+02
  25.200          -0.5915000E+01
  25.220          -0.8730000E+01
  25.240           0.2580000E+00
  25.260           0.6706000E+01
  25.280           0.1013400E+02
  25.300           0.3864000E+01
  25.320          -0.4549000E+01
  25.340          -0.1356000E+02
  25.360          -0.1450900E+02
  25.380          -0.1616000E+02
  25.400          -0.2139100E+02
  25.420          -0.2332900E+02
  25.440          -0.1612600E+02
  25.460          -0.1426700E+02
  25.480          -0.8764000E+01
  25.500          -0.1469000E+01
  25.520          -0.4231000E+01
  25.540          -0.7100000E+00
  25.560           0.2915000E+01
  25.580           0.1866000E+01
  25.600          -0.8700000E+00
  25.620          -0.2883000E+01
  25.640          -0.9500000E+01
  25.660          -0.6153000E+01
  25.680          -0.1054500E+02
  25.700          -0.7695000E+01
  25.720          -0.1765000E+01
  25.740          -0.4179000E+01
  25.760          -0.8316000E+01
  25.780          -0.1566400E+02
  25.800          -0.1917000E+02
  25.820          -0.1604700E+02
  25.840          -0.1582100E+02
  25.860          -0.1441000E+02
  25.880          -0.8601000E+01
  25.900          -0.6810000E+01
  25.920          -0.1324000E+02
  25.940          -0.1503700E+02
  25.960          -0.1960800E+02
  25.980          -0.1914600E+02
  26.000          -0.1195700E+02
  26.020          -0.2250000E+00
  26.040          -0.2628000E+01
  26.060          -0.7809000E+01
  26.080          -0.9457000E+01
  26.100          -0.1291600E+02
  26.120          -0.1565800E+02
  26.140          -0.1305900E+02
  26.160          -0.8521000E+01
  26.180          -0.3853000E+01
  26.200          -0.1995000E+01
  26.220          -0.4050000E+01
  26.240          -0.1079800E+02
  26.260          -0.1729200E+02
  26.280          -0.1630400E+02
  26.300          -0.5775000E+01
  26.320          -0.2112000E+01
  26.340          -0.4902000E+01
  26.360           0.5372000E+01
  26.380           0.1951900E+02
  26.400           0.2285200E+02
  26.420           0.1880400E+02
  26.440           0.7523000E+01
  26.460           0.5710000E+01
  26.480           0.1025600E+02
  26.500           0.6028000E+01
  26.520          -0.1768000E+01
  26.540          -0.1265700E+02
  26.560          -0.2218000E+02
  26.580          -0.2536200E+02
  26.600          -0.1897300E+02
  26.620          -0.3177000E+01
  26.640           0.8080000E+01
  26.660           0.1703500E+02
  26.680           0.1995700E+02
  26.700           0.1434000E+02
  26.720           0.9360000E+00
  26.740          -0.7321000E+01
  26.760          -0.1494500E+02
  26.780          -0.1402600E+02
  26.800          -0.7770000E+01
  26.820           0.1980000E+00
  26.840           0.5842000E+01
  26.860           0.1044900E+02
  26.880           0.2721000E+01
  26.900           0.1490000E+01
  26.920           0.7407000E+01
  26.940           0.9696000E+01
  26.960           0.8970000E+01
  26.980           0.1196400E+02
  27.000           0.1112900E+02
  27.020           0.1104600E+02
  27.040           0.1298300E+02
  27.060           0.5607000E+01
  27.080           0.3002000E+01
  27.100           0.7757000E+01
  27.120           0.7724000E+01
  27.140           0.8015000E+01
  27.160           0.7040000E+01
  27.180           0.2293000E+01
  27.200           0.8859000E+01
  27.220           0.1465800E+02
  27.240           0.1338300E+02
  27.260           0.9033000E+01
  27.280           0.1223100E+02
  27.300           0.7605000E+01
  27.320           0.1090000E+02
  27.340           0.5809000E+01
  27.360           0.4047000E+01
  27.380           0.9271000E+01
  27.400           0.1501300E+02
  27.420           0.1505300E+02
  27.440           0.1592400E+02
  27.460           0.1337800E+02
  27.480           0.1115600E+02
  27.500           0.1594700E+02
  27.520           0.1752200E+02
  27.540           0.1601500E+02
  27.560           0.1117900E+02
  27.580           0.1028300E+02
  27.600           0.1726700E+02
  27.620           0.1947900E+02
  27.640           0.1608200E+02
  27.660           0.1233100E+02
  27.680           0.1086600E+02
  27.700           0.1162400E+02
  27.720           0.5225000E+01
  27.740           0.9450000E+00
  27.760          -0.1310000E+01
  27.780          -0.2220000E+01
  27.800          -0.1200000E+00
  27.820           0.3718000E+01
  27.840           0.8577000E+01
  27.860           0.9371000E+01
  27.880           0.1422800E+02
  27.900           0.1542000E+02
  27.920           0.1257800E+02
  27.940           0.8559000E+01
  27.960           0.7666000E+01
  27.980           0.1263000E+02
  28.000           0.1721100E+02
  28.020           0.1638300E+02
  28.040           0.1416800E+02
  28.060           0.1121900E+02
  28.080           0.9597000E+01
  28.100           0.6534000E+01
  28.120           0.4464000E+01
  28.140           0.1300000E+01
  28.160          -0.8100000E+00
  28.180           0.3810000E+00
  28.200           0.9104000E+01
  28.220           0.1182700E+02
  28.240           0.1022100E+02
  28.260           0.4856000E+01
  28.280          -0.6280000E+00
  28.300          -0.5810000E+00
  28.320          -0.1799000E+01
  28.340          -0.3102000E+01
  28.360          -0.4645000E+01
  28.380          -0.4538000E+01
  28.400          -0.4556000E+01
  28.420          -0.2828000E+01
  28.440          -0.2283000E+01
  28.460          -0.2647000E+01
  28.480          -0.7220000E+00
  28.500          -0.1620000E+01
  28.520          -0.4311000E+01
  28.540          -0.3350000E+00
  28.560          -0.8710000E+00
  28.580          -0.3614000E+01
  28.600          -0.2719000E+01
  28.620           0.7530000E+00
  28.640          -0.1946000E+01
  28.660          -0.6680000E+01
  28.680          -0.8384000E+01
  28.700          -0.9364000E+01
  28.720          -0.1148100E+02
  28.740          -0.1161800E+02
  28.760          -0.1121900E+02
  28.780          -0.6578000E+01
  28.800          -0.4919000E+01
  28.820          -0.5091000E+01
  28.840          -0.4931000E+01
  28.860          -0.6126000E+01
  28.880          -0.8176000E+01
  28.900          -0.7183000E+01
  28.920          -0.7079000E+01
  28.940          -0.7936000E+01
  28.960          -0.6889000E+01
  28.980          -0.3458000E+01
  29.000          -0.7820000E+00
  29.020          -0.8840000E+00
  29.040          -0.8400000E-01
  29.060          -0.2191000E+01
  29.080          -0.3651000E+01
  29.100          -0.7120000E+01
  29.120          -0.1129100E+02
  29.140          -0.1292900E+02
  29.160          -0.1250300E+02
  29.180          -0.1101300E+02
  29.200          -0.1109000E+02
  29.220          -0.1162100E+02
  29.240          -0.1007600E+02
  29.260          -0.9917000E+01
  29.280          -0.1031600E+02
  29.300          -0.1150700E+02
  29.320          -0.1222500E+02
  29.340          -0.1385500E+02
  29.360          -0.1486100E+02
  29.380          -0.1325900E+02
  29.400          -0.1031900E+02
  29.420          -0.9185000E+01
  29.440          -0.8726000E+01
  29.460          -0.7569000E+01
  29.480          -0.7304000E+01
  29.500          -0.8146000E+01
  29.520          -0.8606000E+01
  29.540          -0.9087000E+01
  29.560          -0.1051400E+02
  29.580          -0.8979000E+01
  29.600          -0.5624000E+01
  29.620          -0.4433000E+01
  29.640          -0.3798000E+01
  29.660          -0.3633000E+01
  29.680          -0.2713000E+01
  29.700          -0.1258000E+01
  29.720          -0.1332000E+01
  29.740          -0.1124000E+01
  29.760           0.2052000E+01
  29.780           0.2812000E+01
  29.800           0.3242000E+01
  29.820           0.4243000E+01
  29.840           0.2930000E+01
  29.860           0.2319000E+01
  29.880           0.3081000E+01
  29.900           0.2078000E+01
  29.920           0.8190000E+00
  29.940           0.7130000E+00
  29.960           0.5880000E+00
  29.980           0.2376000E+01
  30.000           0.4740000E+01
  30.020           0.5046000E+01
  30.040           0.5598000E+01
  30.060           0.6330000E+01
  30.080           0.5130000E+01
  30.100           0.5324000E+01
  30.120           0.5763000E+01
  30.140           0.4763000E+01
  30.160           0.4575000E+01
  30.180           0.4077000E+01
  30.200           0.3082000E+01
  30.220           0.3787000E+01
  30.240           0.4853000E+01
  30.260           0.4721000E+01
  30.280           0.4764000E+01
  30.300           0.3779000E+01
  30.320           0.2770000E+01
  30.340           0.2608000E+01
  30.360           0.2273000E+01
  30.380           0.1593000E+01
  30.400           0.1756000E+01
  30.420           0.1410000E+01
  30.440           0.1597000E+01
  30.460           0.2012000E+01
  30.480           0.1593000E+01
  30.500           0.7680000E+00
  30.520           0.4740000E+00
  30.540          -0.3000000E-01
  30.560          -0.1270000E+00
  30.580           0.2310000E+00
  30.600           0.4500000E+00
  30.620           0.5360000E+00
  30.640           0.5740000E+00
  30.660           0.5080000E+00
  30.680           0.4600000E+00
  30.700           0.3110000E+00
  30.720           0.1500000E+00
  30.740           0.8800000E-01
  30.760           0.8000000E-02
  30.780           0.0000000E+00
  30.800           0.0000000E+00
  30.820           0.0000000E+00
  30.840           0.0000000E+00
  30.860           0.0000000E+00
  30.880           0.0000000E+00
  30.900           0.0000000E+00
  30.920           0.0000000E+00
  30.940           0.0000000E+00
  30.960           0.0000000E+00
  30.980           0.0000000E+00
  31.000           0.0000000E+00
  31.020           0.0000000E+00
  31.040           0.0000000E+00
  31.060           0.0000000E+00
  31.080           0.0000000E+00
  31.100           0.0000000E+00
  31.120           0.0000000E+00
  31.140           0.0000000E+00
  31.160           0.0000000E+00
  31.180           0.0000000E+00
  31.200           0.0000000E+00
  31.220           0.0000000E+00
  31.240           0.0000000E+00
  31.260           0.0000000E+00
  31.280           0.0000000E+00
  31.300           0.0000000E+00
  31.320           0.0000000E+00
  31.340           0.0000000E+00
  31.360           0.0000000E+00
  31.380           0.0000000E+00
  31.400           0.0000000E+00
  31.420           0.0000000E+00
  31.440           0.0000000E+00
  31.460           0.0000000E+00
  31.480           0.0000000E+00
  31.500           0.0000000E+00
  31.520           0.0000000E+00
  31.540           0.0000000E+00
  31.560           0.0000000E+00
  31.580           0.0000000E+00
  31.600           0.0000000E+00
  31.620           0.0000000E+00
  31.640           0.0000000E+00
  31.660           0.0000000E+00
  31.680           0.0000000E+00
  31.700           0.0000000E+00
  31.720           0.0000000E+00
  31.740           0.0000000E+00
  31.760           0.0000000E+00
  31.780           0.0000000E+00
  31.800           0.0000000E+00
  31.820           0.0000000E+00
  31.840           0.0000000E+00
  31.860           0.0000000E+00
  31.880           0.0000000E+00
  31.900           0.0000000E+00
  31.920           0.0000000E+00
  31.940           0.0000000E+00
  31.960           0.0000000E+00
  31.980           0.0000000E+00
  32.000           0.0000000E+00
  32.020           0.0000000E+00
  32.040           0.0000000E+00
  32.060           0.0000000E+00
  32.080           0.0000000E+00
  32.100           0.0000000E+00
  32.120           0.0000000E+00
  32.140           0.0000000E+00
  32.160           0.0000000E+00
  32.180           0.0000000E+00
  32.200           0.0000000E+00
  32.220           0.0000000E+00
  32.240           0.0000000E+00
  32.260           0.0000000E+00
  32.280           0.0000000E+00
  32.300           0.0000000E+00
  32.320           0.0000000E+00
  32.340           0.0000000E+00
  32.360           0.0000000E+00
  32.380           0.0000000E+00
  32.400           0.0000000E+00
  32.420           0.0000000E+00
  32.440           0.0000000E+00
  32.460           0.0000000E+00
  32.480           0.0000000E+00
  32.500           0.0000000E+00
  32.520           0.0000000E+00
  32.540           0.0000000E+00
  32.560           0.0000000E+00
  32.580           0.0000000E+00
  32.600           0.0000000E+00
  32.620           0.0000000E+00
  32.640           0.0000000E+00
  32.660           0.0000000E+00
  32.680           0.0000000E+00
  32.700           0.0000000E+00
  32.720           0.0000000E+00
  32.740           0.0000000E+00
  32.760           0.0000000E+00
  32.780           0.0000000E+00
  32.800           0.0000000E+00
  32.820           0.0000000E+00
  32.840           0.0000000E+00
  32.860           0.0000000E+00
  32.880           0.0000000E+00
  32.900           0.0000000E+00
  32.920           0.0000000E+00
  32.940           0.0000000E+00
  32.960           0.0000000E+00
  32.980           0.0000000E+00
  33.000           0.0000000E+00
  33.020           0.0000000E+00
  33.040           0.0000000E+00
  33.060           0.0000000E+00
  33.080           0.0000000E+00
  33.100           0.0000000E+00
  33.120           0.0000000E+00
  33.140           0.0000000E+00
  33.160           0.0000000E+00
  33.180           0.0000000E+00
  33.200           0.0000000E+00
  33.220           0.0000000E+00
  33.240           0.0000000E+00
  33.260           0.0000000E+00
  33.280           0.0000000E+00
  33.300           0.0000000E+00
  33.320           0.0000000E+00
  33.340           0.0000000E+00
  33.360           0.0000000E+00
  33.380           0.0000000E+00
  33.400           0.0000000E+00
  33.420           0.0000000E+00
  33.440           0.0000000E+00
  33.460           0.0000000E+00
  33.480           0.0000000E+00
  33.500           0.0000000E+00
  33.520           0.0000000E+00
  33.540           0.0000000E+00
  33.560           0.0000000E+00
  33.580           0.0000000E+00
  33.600           0.0000000E+00
  33.620           0.0000000E+00
  33.640           0.0000000E+00
  33.660           0.0000000E+00
  33.680           0.0000000E+00
  33.700           0.0000000E+00
  33.720           0.0000000E+00
  33.740           0.0000000E+00
  33.760           0.0000000E+00
  33.780           0.0000000E+00
  33.800           0.0000000E+00
  33.820           0.0000000E+00
  33.840           0.0000000E+00
  33.860           0.0000000E+00
  33.880           0.0000000E+00
  33.900           0.0000000E+00
  33.920           0.0000000E+00
  33.940           0.0000000E+00
  33.960           0.0000000E+00
  33.980           0.0000000E+00
  34.000           0.0000000E+00
  34.020           0.0000000E+00
  34.040           0.0000000E+00
  34.060           0.0000000E+00
  34.080           0.0000000E+00
  34.100           0.0000000E+00
  34.120           0.0000000E+00
  34.140           0.0000000E+00
  34.160           0.0000000E+00
  34.180           0.0000000E+00
  34.200           0.0000000E+00
  34.220           0.0000000E+00
  34.240           0.0000000E+00
  34.260           0.0000000E+00
  34.280           0.0000000E+00
  34.300           0.0000000E+00
  34.320           0.0000000E+00
  34.340           0.0000000E+00
  34.360           0.0000000E+00
  34.380           0.0000000E+00
  34.400           0.0000000E+00
  34.420           0.0000000E+00
  34.440           0.0000000E+00
  34.460           0.0000000E+00
  34.480           0.0000000E+00
  34.500           0.0000000E+00
  34.520           0.0000000E+00
  34.540           0.0000000E+00
  34.560           0.0000000E+00
  34.580           0.0000000E+00
  34.600           0.0000000E+00
  34.620           0.0000000E+00
  34.640           0.0000000E+00
  34.660           0.0000000E+00
  34.680           0.0000000E+00
  34.700           0.0000000E+00
  34.720           0.0000000E+00
  34.740           0.0000000E+00
  34.760           0.0000000E+00
  34.780           0.0000000E+00
  34.800           0.0000000E+00
  34.820           0.0000000E+00
  34.840           0.0000000E+00
  34.860           0.0000000E+00
  34.880           0.0000000E+00
  34.900           0.0000000E+00
  34.920           0.0000000E+00
  34.940           0.0000000E+00
  34.960           0.0000000E+00
  34.980           0.0000000E+00
  35.000           0.0000000E+00
  35.020           0.0000000E+00
  35.040           0.0000000E+00
  35.060           0.0000000E+00
  35.080           0.0000000E+00
  35.100           0.0000000E+00
  35.120           0.0000000E+00
  35.140           0.0000000E+00
  35.160           0.0000000E+00
  35.180           0.0000000E+00
  35.200           0.0000000E+00
  35.220           0.0000000E+00
  35.240           0.0000000E+00
  35.260           0.0000000E+00
  35.280           0.0000000E+00
  35.300           0.0000000E+00
  35.320           0.0000000E+00
  35.340           0.0000000E+00
  35.360           0.0000000E+00
  35.380           0.0000000E+00
  35.400           0.0000000E+00
  35.420           0.0000000E+00
  35.440           0.0000000E+00
  35.460           0.0000000E+00
  35.480           0.0000000E+00
  35.500           0.0000000E+00
  35.520           0.0000000E+00
  35.540           0.0000000E+00
  35.560           0.0000000E+00
  35.580           0.0000000E+00
  35.600           0.0000000E+00
  35.620           0.0000000E+00
  35.640           0.0000000E+00
  35.660           0.0000000E+00
  35.680           0.0000000E+00
  35.700           0.0000000E+00
  35.720           0.0000000E+00
  35.740           0.0000000E+00
  35.760           0.0000000E+00
  35.780           0.0000000E+00
  35.800           0.0000000E+00
  35.820           0.0000000E+00
  35.840           0.0000000E+00
  35.860           0.0000000E+00
  35.880           0.0000000E+00
  35.900           0.0000000E+00
  35.920           0.0000000E+00
  35.940           0.0000000E+00
  35.960           0.0000000E+00
  35.980           0.0000000E+00
  36.000           0.0000000E+00
  36.020           0.0000000E+00
  36.040           0.0000000E+00
  36.060           0.0000000E+00
  36.080           0.0000000E+00
  36.100           0.0000000E+00
  36.120           0.0000000E+00
  36.140           0.0000000E+00
  36.160           0.0000000E+00
  36.180           0.0000000E+00
  36.200           0.0000000E+00
  36.220           0.0000000E+00
  36.240           0.0000000E+00
  36.260           0.0000000E+00
  36.280           0.0000000E+00
  36.300           0.0000000E+00
  36.320           0.0000000E+00
  36.340           0.0000000E+00
  36.360           0.0000000E+00
  36.380           0.0000000E+00
  36.400           0.0000000E+00
  36.420           0.0000000E+00
  36.440           0.0000000E+00
  36.460           0.0000000E+00
  36.480           0.0000000E+00
  36.500           0.0000000E+00
  36.520           0.0000000E+00
  36.540           0.0000000E+00
  36.560           0.0000000E+00
  36.580           0.0000000E+00
  36.600           0.0000000E+00
  36.620           0.0000000E+00
  36.640           0.0000000E+00
  36.660           0.0000000E+00
  36.680           0.0000000E+00
  36.700           0.0000000E+00
  36.720           0.0000000E+00
  36.740           0.0000000E+00
  36.760           0.0000000E+00
  36.780           0.0000000E+00
  36.800           0.0000000E+00
  36.820           0.0000000E+00
  36.840           0.0000000E+00
  36.860           0.0000000E+00
  36.880           0.0000000E+00
  36.900           0.0000000E+00
  36.920           0.0000000E+00
  36.940           0.0000000E+00
  36.960           0.0000000E+00
  36.980           0.0000000E+00
  37.000           0.0000000E+00
  37.020           0.0000000E+00
  37.040           0.0000000E+00
  37.060           0.0000000E+00
  37.080           0.0000000E+00
  37.100           0.0000000E+00
  37.120           0.0000000E+00
  37.140           0.0000000E+00
  37.160           0.0000000E+00
  37.180           0.0000000E+00
  37.200           0.0000000E+00
  37.220           0.0000000E+00
  37.240           0.0000000E+00
  37.260           0.0000000E+00
  37.280           0.0000000E+00
  37.300           0.0000000E+00
  37.320           0.0000000E+00
  37.340           0.0000000E+00
  37.360           0.0000000E+00
  37.380           0.0000000E+00
  37.400           0.0000000E+00
  37.420           0.0000000E+00
  37.440           0.0000000E+00
  37.460           0.0000000E+00
  37.480           0.0000000E+00
  37.500           0.0000000E+00
  37.520           0.0000000E+00
  37.540           0.0000000E+00
  37.560           0.0000000E+00
  37.580           0.0000000E+00
  37.600           0.0000000E+00
  37.620           0.0000000E+00
  37.640           0.0000000E+00
  37.660           0.0000000E+00
  37.680           0.0000000E+00
  37.700           0.0000000E+00
  37.720           0.0000000E+00
  37.740           0.0000000E+00
  37.760           0.0000000E+00
  37.780           0.0000000E+00
  37.800           0.0000000E+00
  37.820           0.0000000E+00
  37.840           0.0000000E+00
  37.860           0.0000000E+00
  37.880           0.0000000E+00
  37.900           0.0000000E+00
  37.920           0.0000000E+00
  37.940           0.0000000E+00
  37.960           0.0000000E+00
  37.980           0.0000000E+00
  38.000           0.0000000E+00
  38.020           0.0000000E+00
  38.040           0.0000000E+00
  38.060           0.0000000E+00
  38.080           0.0000000E+00
  38.100           0.0000000E+00
  38.120           0.0000000E+00
  38.140           0.0000000E+00
  38.160           0.0000000E+00
  38.180           0.0000000E+00
  38.200           0.0000000E+00
  38.220           0.0000000E+00
  38.240           0.0000000E+00
  38.260           0.0000000E+00
  38.280           0.0000000E+00
  38.300           0.0000000E+00
  38.320           0.0000000E+00
  38.340           0.0000000E+00
  38.360           0.0000000E+00
  38.380           0.0000000E+00
  38.400           0.0000000E+00
  38.420           0.0000000E+00
  38.440           0.0000000E+00
  38.460           0.0000000E+00
  38.480           0.0000000E+00
  38.500           0.0000000E+00
  38.520           0.0000000E+00
  38.540           0.0000000E+00
  38.560           0.0000000E+00
  38.580           0.0000000E+00
  38.600           0.0000000E+00
  38.620           0.0000000E+00
  38.640           0.0000000E+00
  38.660           0.0000000E+00
  38.680           0.0000000E+00
  38.700           0.0000000E+00
  38.720           0.0000000E+00
  38.740           0.0000000E+00
  38.760           0.0000000E+00
  38.780           0.0000000E+00
  38.800           0.0000000E+00
  38.820           0.0000000E+00
  38.840           0.0000000E+00
  38.860           0.0000000E+00
  38.880           0.0000000E+00
  38.900           0.0000000E+00
  38.920           0.0000000E+00
  38.940           0.0000000E+00
  38.960           0.0000000E+00
  38.980           0.0000000E+00
  39.000           0.0000000E+00
  39.020           0.0000000E+00
  39.040           0.0000000E+00
  39.060           0.0000000E+00
  39.080           0.0000000E+00
  39.100           0.0000000E+00
  39.120           0.0000000E+00
  39.140           0.0000000E+00
  39.160           0.0000000E+00
  39.180           0.0000000E+00
  39.200           0.0000000E+00
  39.220           0.0000000E+00
  39.240           0.0000000E+00
  39.260           0.0000000E+00
  39.280           0.0000000E+00
  39.300           0.0000000E+00
  39.320           0.0000000E+00
  39.340           0.0000000E+00
  39.360           0.0000000E+00
  39.380           0.0000000E+00
  39.400           0.0000000E+00
  39.420           0.0000000E+00
  39.440           0.0000000E+00
  39.460           0.0000000E+00
  39.480           0.0000000E+00
  39.500           0.0000000E+00
  39.520           0.0000000E+00
  39.540           0.0000000E+00
  39.560           0.0000000E+00
  39.580           0.0000000E+00
  39.600           0.0000000E+00
  39.620           0.0000000E+00
  39.640           0.0000000E+00
  39.660           0.0000000E+00
  39.680           0.0000000E+00
  39.700           0.0000000E+00
  39.720           0.0000000E+00
  39.740           0.0000000E+00
  39.760           0.0000000E+00
  39.780           0.0000000E+00
  39.800           0.0000000E+00
  39.820           0.0000000E+00
  39.840           0.0000000E+00
  39.860           0.0000000E+00
  39.880           0.0000000E+00
  39.900           0.0000000E+00
  39.920           0.0000000E+00
  39.940           0.0000000E+00
  39.960           0.0000000E+00
  39.980           0.0000000E+00
  40.000           0.0000000E+00
  40.020           0.0000000E+00
  40.040           0.0000000E+00
  40.060           0.0000000E+00
  40.080           0.0000000E+00
  40.100           0.0000000E+00
  40.120           0.0000000E+00
  40.140           0.0000000E+00
  40.160           0.0000000E+00
  40.180           0.0000000E+00
  40.200           0.0000000E+00
  40.220           0.0000000E+00
  40.240           0.0000000E+00
  40.260           0.0000000E+00
  40.280           0.0000000E+00
  40.300           0.0000000E+00
  40.320           0.0000000E+00
  40.340           0.0000000E+00
  40.360           0.0000000E+00
  40.380           0.0000000E+00
  40.400           0.0000000E+00
  40.420           0.0000000E+00
  40.440           0.0000000E+00
  40.460           0.0000000E+00
  40.480           0.0000000E+00
  40.500           0.0000000E+00
  40.520           0.0000000E+00
  40.540           0.0000000E+00
  40.560           0.0000000E+00
  40.580           0.0000000E+00
  40.600           0.0000000E+00
  40.620           0.0000000E+00
  40.640           0.0000000E+00
  40.660           0.0000000E+00
  40.680           0.0000000E+00
  40.700           0.0000000E+00
  40.720           0.0000000E+00
  40.740           0.0000000E+00
  40.760           0.0000000E+00
  40.780           0.0000000E+00
  40.800           0.0000000E+00
  40.820           0.0000000E+00
  40.840           0.0000000E+00
  40.860           0.0000000E+00
  40.880           0.0000000E+00
  40.900           0.0000000E+00
  40.920           0.0000000E+00
  40.940           0.0000000E+00
  40.960           0.0000000E+00
