   0.020          -0.2400000E-01
   0.040          -0.2400000E-01
   0.060          -0.2400000E-01
   0.080          -0.3300000E-01
   0.100          -0.2400000E-01
   0.120          -0.2400000E-01
   0.140           0.1400000E-01
   0.160          -0.2400000E-01
   0.180          -0.2400000E-01
   0.200           0.6100000E-01
   0.220          -0.2200000E-01
   0.240          -0.2200000E-01
   0.260           0.1270000E+00
   0.280          -0.1500000E-01
   0.300          -0.1900000E-01
   0.320           0.7500000E-01
   0.340           0.4000000E-02
   0.360          -0.2000000E-02
   0.380           0.1920000E+00
   0.400           0.3800000E-01
   0.420           0.2600000E-01
   0.440           0.4370000E+00
   0.460           0.1670000E+00
   0.480          -0.1730000E+00
   0.500          -0.5500000E-01
   0.520          -0.2900000E-01
   0.540           0.1960000E+00
   0.560           0.5100000E-01
   0.580           0.7000000E-01
   0.600           0.3230000E+00
   0.620           0.8800000E-01
   0.640           0.1150000E+00
   0.660           0.7800000E+00
   0.680           0.8280000E+00
   0.700           0.7030000E+00
   0.720           0.1256000E+01
   0.740          -0.9660000E+00
   0.760          -0.5460000E+00
   0.780           0.5460000E+00
   0.800          -0.1614000E+01
   0.820          -0.1194000E+01
   0.840           0.1330000E+00
   0.860          -0.4990000E+00
   0.880          -0.7160000E+00
   0.900          -0.5130000E+00
   0.920          -0.8020000E+00
   0.940          -0.1955000E+01
   0.960          -0.5950000E+00
   0.980          -0.1500000E-01
   1.000           0.1332000E+01
   1.020           0.1106000E+01
   1.040           0.6150000E+00
   1.060           0.1334000E+01
   1.080           0.1731000E+01
   1.100           0.1429000E+01
   1.120           0.2421000E+01
   1.140           0.3254000E+01
   1.160           0.6930000E+00
   1.180          -0.1141000E+01
   1.200          -0.3662000E+01
   1.220          -0.1968000E+01
   1.240          -0.1726000E+01
   1.260          -0.3701000E+01
   1.280          -0.3815000E+01
   1.300          -0.1583000E+01
   1.320          -0.2290000E+01
   1.340          -0.4360000E+01
   1.360          -0.1958000E+01
   1.380          -0.2216000E+01
   1.400          -0.3842000E+01
   1.420          -0.2006000E+01
   1.440          -0.2703000E+01
   1.460          -0.5442000E+01
   1.480          -0.4047000E+01
   1.500          -0.4631000E+01
   1.520          -0.5193000E+01
   1.540          -0.3466000E+01
   1.560          -0.2707000E+01
   1.580          -0.1689000E+01
   1.600          -0.3254000E+01
   1.620          -0.5660000E+00
   1.640          -0.7960000E+00
   1.660          -0.2604000E+01
   1.680          -0.1035000E+01
   1.700          -0.2168000E+01
   1.720           0.3439000E+01
   1.740           0.5530000E+01
   1.760           0.4810000E+01
   1.780           0.8069000E+01
   1.800           0.5842000E+01
   1.820           0.1129000E+01
   1.840          -0.3191000E+01
   1.860          -0.3429000E+01
   1.880           0.4060000E+01
   1.900           0.5024000E+01
   1.920           0.1843000E+01
   1.940           0.3805000E+01
   1.960           0.6736000E+01
   1.980           0.1001300E+02
   2.000           0.1003900E+02
   2.020           0.8712000E+01
   2.040           0.1044100E+02
   2.060           0.6856000E+01
   2.080           0.6207000E+01
   2.100           0.4259000E+01
   2.120           0.2789000E+01
   2.140          -0.1227000E+01
   2.160          -0.6555000E+01
   2.180          -0.5208000E+01
   2.200          -0.6910000E+00
   2.220           0.5330000E+00
   2.240          -0.3519000E+01
   2.260          -0.5847000E+01
   2.280          -0.9584000E+01
   2.300          -0.1343000E+02
   2.320          -0.1337800E+02
   2.340          -0.1408700E+02
   2.360          -0.1151400E+02
   2.380          -0.5271000E+01
   2.400          -0.6860000E+01
   2.420           0.2472000E+01
   2.440           0.9769000E+01
   2.460           0.1106400E+02
   2.480           0.1578800E+02
   2.500           0.1459500E+02
   2.520           0.1052100E+02
   2.540           0.3881000E+01
   2.560          -0.4989000E+01
   2.580          -0.5354000E+01
   2.600          -0.1491000E+01
   2.620          -0.5500000E-01
   2.640           0.5297000E+01
   2.660           0.8168000E+01
   2.680           0.4798000E+01
   2.700           0.4352000E+01
   2.720           0.1186200E+02
   2.740           0.1699400E+02
   2.760           0.1694500E+02
   2.780           0.1214700E+02
   2.800           0.6636000E+01
   2.820          -0.1010000E+00
   2.840          -0.6226000E+01
   2.860          -0.5474000E+01
   2.880          -0.4409000E+01
   2.900          -0.6854000E+01
   2.920          -0.1220600E+02
   2.940          -0.1246900E+02
   2.960          -0.7652000E+01
   2.980          -0.6799000E+01
   3.000          -0.3636000E+01
   3.020          -0.4415000E+01
   3.040          -0.3022000E+01
   3.060           0.2031000E+01
   3.080          -0.6570000E+00
   3.100           0.1173000E+02
   3.120           0.2249900E+02
   3.140           0.1915300E+02
   3.160           0.1980500E+02
   3.180           0.9964000E+01
   3.200           0.4688000E+01
   3.220           0.7200000E-01
   3.240          -0.8379000E+01
   3.260          -0.6890000E+00
   3.280          -0.1396000E+01
   3.300          -0.8755000E+01
   3.320          -0.7325000E+01
   3.340          -0.2106000E+01
   3.360           0.1311800E+02
   3.380           0.1058200E+02
   3.400          -0.1766000E+01
   3.420          -0.3574000E+01
   3.440          -0.9300000E+01
   3.460          -0.2040800E+02
   3.480          -0.3130300E+02
   3.500          -0.2040400E+02
   3.520          -0.1020900E+02
   3.540          -0.5668000E+01
   3.560           0.5228000E+01
   3.580           0.8504000E+01
   3.600           0.1640500E+02
   3.620           0.2917000E+01
   3.640          -0.1814300E+02
   3.660          -0.1509800E+02
   3.680          -0.1057500E+02
   3.700          -0.6932000E+01
   3.720           0.9850000E+00
   3.740           0.3463000E+01
   3.760           0.6530000E+01
   3.780           0.2624000E+01
   3.800           0.4480000E+01
   3.820           0.1155600E+02
   3.840           0.1783000E+01
   3.860          -0.1647800E+02
   3.880          -0.3895400E+02
   3.900          -0.3619500E+02
   3.920          -0.2501600E+02
   3.940          -0.2216800E+02
   3.960           0.2558000E+01
   3.980           0.1602700E+02
   4.000           0.2033900E+02
   4.020           0.1647400E+02
   4.040           0.1895000E+01
   4.060          -0.9290000E+00
   4.080          -0.1076700E+02
   4.100          -0.1880400E+02
   4.120          -0.7260000E+01
   4.140          -0.1644000E+01
   4.160          -0.2230000E+01
   4.180           0.1039400E+02
   4.200           0.2354700E+02
   4.220           0.2676600E+02
   4.240           0.2203800E+02
   4.260           0.4693000E+01
   4.280           0.3040000E+01
   4.300           0.1454900E+02
   4.320           0.2035500E+02
   4.340           0.2287100E+02
   4.360           0.2966100E+02
   4.380           0.1395800E+02
   4.400           0.4358000E+01
   4.420           0.5114000E+01
   4.440          -0.7850000E+00
   4.460          -0.8065000E+01
   4.480          -0.9030000E+01
   4.500          -0.8225000E+01
   4.520           0.2593000E+01
   4.540           0.1881700E+02
   4.560           0.1464300E+02
   4.580           0.2182400E+02
   4.600           0.3077400E+02
   4.620           0.2940300E+02
   4.640           0.2260000E+02
   4.660          -0.1965000E+01
   4.680          -0.1762300E+02
   4.700          -0.2654200E+02
   4.720          -0.3094600E+02
   4.740          -0.1750100E+02
   4.760          -0.9038000E+01
   4.780          -0.1949000E+02
   4.800          -0.1751300E+02
   4.820          -0.1028300E+02
   4.840          -0.4765000E+01
   4.860           0.1190300E+02
   4.880           0.1967100E+02
   4.900           0.1823300E+02
   4.920           0.4759000E+01
   4.940          -0.1664500E+02
   4.960          -0.3595000E+02
   4.980          -0.3543900E+02
   5.000          -0.1651700E+02
   5.020           0.7842000E+01
   5.040           0.1082500E+02
   5.060           0.1712900E+02
   5.080           0.2937600E+02
   5.100           0.1457600E+02
   5.120           0.9885000E+01
   5.140           0.1859000E+01
   5.160          -0.1724500E+02
   5.180          -0.1087400E+02
   5.200          -0.4827000E+01
   5.220           0.9069000E+01
   5.240           0.6759000E+01
   5.260          -0.2800100E+02
   5.280          -0.1823000E+02
   5.300           0.1206500E+02
   5.320           0.1792300E+02
   5.340          -0.2877000E+01
   5.360          -0.4863700E+02
   5.380          -0.5994700E+02
   5.400          -0.4599000E+02
   5.420          -0.1280500E+02
   5.440           0.3531000E+02
   5.460           0.3920700E+02
   5.480           0.2311500E+02
   5.500           0.1322000E+01
   5.520          -0.3208900E+02
   5.540          -0.5463600E+02
   5.560          -0.6930800E+02
   5.580          -0.5826700E+02
   5.600          -0.2207200E+02
   5.620           0.1181700E+02
   5.640           0.3964000E+02
   5.660           0.5809900E+02
   5.680           0.4832900E+02
   5.700           0.2957000E+02
   5.720           0.1880600E+02
   5.740           0.1151600E+02
   5.760           0.1794200E+02
   5.780           0.4223200E+02
   5.800           0.6689300E+02
   5.820           0.8407700E+02
   5.840           0.8478800E+02
   5.860           0.5828700E+02
   5.880           0.3143300E+02
   5.900          -0.4595000E+01
   5.920          -0.1757800E+02
   5.940          -0.2255000E+02
   5.960          -0.4465600E+02
   5.980          -0.5853000E+02
   6.000          -0.4119300E+02
   6.020          -0.2942900E+02
   6.040          -0.1649200E+02
   6.060           0.2139000E+01
   6.080           0.6316000E+01
   6.100           0.6985000E+01
   6.120          -0.5918000E+01
   6.140          -0.3038700E+02
   6.160          -0.2955900E+02
   6.180          -0.9504000E+01
   6.200          -0.5664000E+01
   6.220           0.1250300E+02
   6.240           0.2454200E+02
   6.260           0.2347000E+01
   6.280          -0.3410000E+01
   6.300           0.5197000E+01
   6.320           0.1114400E+02
   6.340           0.1115600E+02
   6.360          -0.2302000E+01
   6.380          -0.3895800E+02
   6.400          -0.5939600E+02
   6.420          -0.3544500E+02
   6.440          -0.1907200E+02
   6.460          -0.1003400E+02
   6.480          -0.7910000E+01
   6.500          -0.1040900E+02
   6.520          -0.1810500E+02
   6.540           0.1443400E+02
   6.560           0.5367100E+02
   6.580           0.7108100E+02
   6.600           0.6542500E+02
   6.620           0.2383700E+02
   6.640          -0.3568000E+01
   6.660          -0.6387000E+01
   6.680          -0.9014000E+01
   6.700           0.3458000E+01
   6.720           0.1029400E+02
   6.740          -0.1626900E+02
   6.760          -0.5024200E+02
   6.780          -0.3842700E+02
   6.800           0.9706000E+01
   6.820           0.3898500E+02
   6.840          -0.1997900E+02
   6.860          -0.5669600E+02
   6.880          -0.2438100E+02
   6.900          -0.1827300E+02
   6.920          -0.1163500E+02
   6.940           0.4098000E+01
   6.960           0.7076000E+01
   6.980          -0.3753700E+02
   7.000          -0.8671700E+02
   7.020          -0.9065100E+02
   7.040          -0.4482500E+02
   7.060          -0.1601600E+02
   7.080          -0.5082000E+01
   7.100           0.3953300E+02
   7.120           0.7633800E+02
   7.140           0.5879800E+02
   7.160           0.2667800E+02
   7.180           0.4172300E+02
   7.200           0.6597500E+02
   7.220           0.4191500E+02
   7.240           0.5605000E+01
   7.260           0.1311500E+02
   7.280           0.5331800E+02
   7.300           0.5298200E+02
   7.320           0.1566500E+02
   7.340           0.3754000E+01
   7.360          -0.1576200E+02
   7.380          -0.7425900E+02
   7.400          -0.7694700E+02
   7.420          -0.2153700E+02
   7.440           0.1178400E+02
   7.460           0.1673300E+02
   7.480           0.1099000E+01
   7.500          -0.1031900E+02
   7.520          -0.2029900E+02
   7.540          -0.4432900E+02
   7.560          -0.6898900E+02
   7.580          -0.7036800E+02
   7.600          -0.6661400E+02
   7.620          -0.3394000E+02
   7.640           0.3506000E+01
   7.660           0.4410000E+00
   7.680           0.7577000E+01
   7.700           0.9861000E+01
   7.720           0.6449000E+01
   7.740           0.5940000E+00
   7.760          -0.3046900E+02
   7.780          -0.4764300E+02
   7.800           0.8333000E+01
   7.820           0.3483300E+02
   7.840           0.1818100E+02
   7.860           0.3199100E+02
   7.880           0.2284000E+02
   7.900          -0.3131000E+01
   7.920          -0.6510000E+01
   7.940           0.2756500E+02
   7.960           0.2229400E+02
   7.980          -0.9330000E+01
   8.000          -0.3381400E+02
   8.020          -0.4614300E+02
   8.040           0.6729000E+01
   8.060           0.6185500E+02
   8.080           0.6815900E+02
   8.100           0.6945000E+02
   8.120           0.5702000E+02
   8.140          -0.9137000E+01
   8.160          -0.4265100E+02
   8.180          -0.3196600E+02
   8.200          -0.2470500E+02
   8.220          -0.7659000E+01
   8.240          -0.6944000E+01
   8.260          -0.5253000E+01
   8.280           0.2284500E+02
   8.300           0.6503500E+02
   8.320           0.3730200E+02
   8.340           0.1093600E+02
   8.360          -0.4738000E+01
   8.380          -0.3960200E+02
   8.400          -0.4116000E+01
   8.420           0.2857900E+02
   8.440          -0.8440000E+00
   8.460          -0.3530000E+00
   8.480          -0.6805000E+01
   8.500           0.9972000E+01
   8.520           0.3783900E+02
   8.540           0.2303900E+02
   8.560           0.1691400E+02
   8.580          -0.9549000E+01
   8.600          -0.7762100E+02
   8.620          -0.1143160E+03
   8.640          -0.1038780E+03
   8.660          -0.8821500E+02
   8.680          -0.9546100E+02
   8.700          -0.9164000E+02
   8.720          -0.5535100E+02
   8.740           0.7383000E+01
   8.760           0.3390800E+02
   8.780           0.3130600E+02
   8.800           0.6033200E+02
   8.820           0.2892400E+02
   8.840          -0.1816500E+02
   8.860          -0.4881000E+02
   8.880          -0.6797300E+02
   8.900          -0.2800000E+02
   8.920          -0.6010000E+00
   8.940          -0.2072900E+02
   8.960          -0.1411900E+02
   8.980          -0.3036900E+02
   9.000          -0.2882100E+02
   9.020           0.1638000E+01
   9.040           0.2657300E+02
   9.060           0.6689700E+02
   9.080           0.6443900E+02
   9.100           0.6243600E+02
   9.120           0.9065900E+02
   9.140           0.8578000E+02
   9.160           0.8380600E+02
   9.180           0.3381300E+02
   9.200          -0.8725000E+01
   9.220          -0.1650400E+02
   9.240          -0.2178900E+02
   9.260          -0.8469000E+01
   9.280           0.1608500E+02
   9.300           0.3767000E+02
   9.320           0.2500400E+02
   9.340          -0.2298200E+02
   9.360          -0.6398600E+02
   9.380          -0.3868000E+02
   9.400          -0.7503000E+01
   9.420          -0.4339000E+01
   9.440          -0.3051300E+02
   9.460          -0.6934600E+02
   9.480          -0.7592900E+02
   9.500          -0.4508800E+02
   9.520           0.9131000E+01
   9.540           0.4969700E+02
   9.560           0.7990200E+02
   9.580           0.7269000E+02
   9.600           0.2906300E+02
   9.620           0.2270600E+02
   9.640           0.2233700E+02
   9.660          -0.1689500E+02
   9.680          -0.4271200E+02
   9.700          -0.2433900E+02
   9.720           0.1345900E+02
   9.740           0.5711200E+02
   9.760           0.6543700E+02
   9.780           0.5260200E+02
   9.800           0.1316600E+02
   9.820          -0.3575700E+02
   9.840          -0.4135600E+02
   9.860          -0.1013100E+02
   9.880           0.6753200E+02
   9.900           0.9677400E+02
   9.920           0.7681500E+02
   9.940           0.6689800E+02
   9.960           0.3254800E+02
   9.980          -0.1156000E+02
  10.000          -0.5819800E+02
  10.020          -0.6040200E+02
  10.040          -0.3290700E+02
  10.060          -0.7707000E+01
  10.080           0.2245300E+02
  10.100           0.6850000E+02
  10.120           0.8299600E+02
  10.140           0.7477900E+02
  10.160           0.4946000E+02
  10.180           0.4160300E+02
  10.200           0.3096500E+02
  10.220           0.7459000E+01
  10.240          -0.1779000E+01
  10.260          -0.1908300E+02
  10.280          -0.2692200E+02
  10.300          -0.5674200E+02
  10.320          -0.1815200E+02
  10.340           0.4981100E+02
  10.360           0.5852400E+02
  10.380           0.5590800E+02
  10.400           0.3866600E+02
  10.420           0.3924300E+02
  10.440           0.2698400E+02
  10.460          -0.2457800E+02
  10.480          -0.5637000E+01
  10.500           0.3353400E+02
  10.520           0.8279000E+01
  10.540          -0.2581100E+02
  10.560          -0.1565100E+02
  10.580           0.4520000E+00
  10.600           0.4867000E+01
  10.620           0.4816000E+01
  10.640           0.3437100E+02
  10.660           0.1708800E+02
  10.680          -0.1214300E+02
  10.700          -0.2635600E+02
  10.720          -0.4830000E+01
  10.740           0.4116600E+02
  10.760           0.2051200E+02
  10.780          -0.2566000E+01
  10.800          -0.1496800E+02
  10.820          -0.1289800E+02
  10.840          -0.6329000E+01
  10.860          -0.5187000E+01
  10.880           0.1344900E+02
  10.900           0.4245300E+02
  10.920           0.4352100E+02
  10.940          -0.2104600E+02
  10.960          -0.5272900E+02
  10.980           0.1311000E+01
  11.000           0.5727200E+02
  11.020           0.5819800E+02
  11.040           0.1706000E+01
  11.060          -0.5782900E+02
  11.080          -0.7635200E+02
  11.100          -0.7036000E+02
  11.120          -0.3084100E+02
  11.140           0.2931200E+02
  11.160           0.1469000E+02
  11.180           0.1729900E+02
  11.200           0.2626900E+02
  11.220           0.6405000E+01
  11.240          -0.1811700E+02
  11.260          -0.6408600E+02
  11.280          -0.1126170E+03
  11.300          -0.1400240E+03
  11.320          -0.1193110E+03
  11.340          -0.5876200E+02
  11.360          -0.1585600E+02
  11.380           0.1171800E+02
  11.400           0.4801100E+02
  11.420           0.3591900E+02
  11.440           0.4217300E+02
  11.460           0.4490500E+02
  11.480           0.2091500E+02
  11.500           0.3374100E+02
  11.520           0.4666900E+02
  11.540           0.8399400E+02
  11.560           0.1028700E+03
  11.580           0.5282900E+02
  11.600          -0.3581300E+02
  11.620          -0.8203300E+02
  11.640          -0.7910100E+02
  11.660          -0.4862300E+02
  11.680          -0.7153000E+01
  11.700           0.4486000E+01
  11.720          -0.3938000E+01
  11.740           0.8391000E+01
  11.760           0.2233900E+02
  11.780           0.8836000E+01
  11.800           0.4342900E+02
  11.820           0.6167100E+02
  11.840          -0.8174000E+01
  11.860          -0.9120400E+02
  11.880          -0.1248290E+03
  11.900          -0.6661600E+02
  11.920          -0.1757300E+02
  11.940           0.8710000E+01
  11.960           0.4085100E+02
  11.980           0.3915300E+02
  12.000           0.1087100E+02
  12.020          -0.2489900E+02
  12.040          -0.3009000E+02
  12.060          -0.3034300E+02
  12.080          -0.2393000E+01
  12.100           0.1083800E+02
  12.120           0.1061500E+02
  12.140           0.1364400E+02
  12.160           0.1732000E+02
  12.180           0.2836600E+02
  12.200           0.5253000E+02
  12.220           0.5010500E+02
  12.240           0.3483800E+02
  12.260           0.2678000E+02
  12.280          -0.8226000E+01
  12.300          -0.1113100E+02
  12.320          -0.5803000E+01
  12.340          -0.2246600E+02
  12.360          -0.3317500E+02
  12.380          -0.5809700E+02
  12.400          -0.8647000E+02
  12.420          -0.9856200E+02
  12.440          -0.4511500E+02
  12.460           0.7313000E+01
  12.480           0.2082400E+02
  12.500           0.3360000E+02
  12.520           0.1360800E+02
  12.540          -0.2541400E+02
  12.560          -0.2179000E+02
  12.580          -0.4345600E+02
  12.600          -0.4834400E+02
  12.620          -0.1939900E+02
  12.640           0.4179000E+01
  12.660           0.5529000E+02
  12.680           0.7754500E+02
  12.700           0.5848800E+02
  12.720          -0.7111000E+01
  12.740          -0.2935300E+02
  12.760          -0.6818000E+01
  12.780          -0.3302000E+02
  12.800          -0.6755800E+02
  12.820          -0.1302400E+02
  12.840           0.6769400E+02
  12.860           0.7460400E+02
  12.880           0.5245600E+02
  12.900           0.2254700E+02
  12.920           0.2087400E+02
  12.940           0.3715900E+02
  12.960          -0.1350000E+01
  12.980          -0.2984900E+02
  13.000           0.1334500E+02
  13.020           0.3037200E+02
  13.040           0.7934000E+01
  13.060          -0.2135000E+01
  13.080          -0.4541200E+02
  13.100          -0.7452100E+02
  13.120          -0.7482100E+02
  13.140          -0.3992300E+02
  13.160           0.1104800E+02
  13.180          -0.1252900E+02
  13.200          -0.2477300E+02
  13.220          -0.2464000E+01
  13.240           0.2781000E+02
  13.260           0.2247100E+02
  13.280          -0.1204600E+02
  13.300           0.6070000E+00
  13.320           0.5976000E+01
  13.340          -0.3134500E+02
  13.360          -0.6858300E+02
  13.380          -0.4643600E+02
  13.400          -0.1179800E+02
  13.420           0.1595900E+02
  13.440           0.1744200E+02
  13.460           0.5854000E+01
  13.480          -0.2183900E+02
  13.500          -0.1733000E+02
  13.520          -0.2502000E+01
  13.540           0.2045000E+02
  13.560           0.8832100E+02
  13.580           0.1157510E+03
  13.600           0.8750900E+02
  13.620           0.2744400E+02
  13.640          -0.5361900E+02
  13.660          -0.7716600E+02
  13.680          -0.3592300E+02
  13.700          -0.3235900E+02
  13.720          -0.4627500E+02
  13.740          -0.3745300E+02
  13.760          -0.7472000E+01
  13.780           0.1693200E+02
  13.800           0.5606500E+02
  13.820           0.1057070E+03
  13.840           0.9166900E+02
  13.860           0.4029000E+02
  13.880          -0.1435400E+02
  13.900          -0.5975300E+02
  13.920          -0.8545100E+02
  13.940          -0.9875600E+02
  13.960          -0.4191600E+02
  13.980           0.3880500E+02
  14.000           0.8578700E+02
  14.020           0.6236000E+02
  14.040           0.3025000E+02
  14.060           0.3099000E+01
  14.080          -0.2682700E+02
  14.100          -0.3156300E+02
  14.120           0.4483000E+01
  14.140           0.3259100E+02
  14.160          -0.2179000E+01
  14.180          -0.5708100E+02
  14.200          -0.5010000E+02
  14.220          -0.1636100E+02
  14.240          -0.6288000E+01
  14.260           0.9496000E+01
  14.280          -0.7662000E+01
  14.300          -0.4378200E+02
  14.320          -0.1770800E+02
  14.340           0.7028000E+01
  14.360           0.2100800E+02
  14.380           0.1220600E+02
  14.400           0.2615000E+01
  14.420           0.5000100E+02
  14.440           0.6452600E+02
  14.460           0.4824000E+02
  14.480           0.2630300E+02
  14.500          -0.2249700E+02
  14.520          -0.3497700E+02
  14.540          -0.1916400E+02
  14.560          -0.5172700E+02
  14.580          -0.4065500E+02
  14.600           0.1190700E+02
  14.620           0.7124100E+02
  14.640           0.9290300E+02
  14.660           0.5374200E+02
  14.680           0.2463200E+02
  14.700           0.2185500E+02
  14.720          -0.1266000E+01
  14.740          -0.4029900E+02
  14.760          -0.9465200E+02
  14.780          -0.1059730E+03
  14.800          -0.8527900E+02
  14.820          -0.7695700E+02
  14.840          -0.5260900E+02
  14.860          -0.3269000E+02
  14.880          -0.2248800E+02
  14.900          -0.1176300E+02
  14.920          -0.1321100E+02
  14.940          -0.2183000E+01
  14.960           0.2576300E+02
  14.980           0.4501800E+02
  15.000           0.3406600E+02
  15.020           0.5549900E+02
  15.040           0.6067900E+02
  15.060           0.4050600E+02
  15.080           0.1604500E+02
  15.100          -0.4953300E+02
  15.120          -0.4603200E+02
  15.140          -0.1885200E+02
  15.160          -0.2503200E+02
  15.180          -0.2806900E+02
  15.200          -0.1627300E+02
  15.220          -0.2546100E+02
  15.240          -0.5319200E+02
  15.260          -0.6691300E+02
  15.280          -0.5561700E+02
  15.300          -0.5403300E+02
  15.320          -0.2551500E+02
  15.340           0.4869500E+02
  15.360           0.7593500E+02
  15.380           0.7106900E+02
  15.400           0.3138400E+02
  15.420           0.4895100E+02
  15.440           0.1113670E+03
  15.460           0.1026140E+03
  15.480           0.7778900E+02
  15.500           0.1771500E+02
  15.520          -0.3363800E+02
  15.540          -0.5268200E+02
  15.560          -0.5724300E+02
  15.580          -0.1068200E+02
  15.600           0.5366900E+02
  15.620           0.9474900E+02
  15.640           0.1284740E+03
  15.660           0.1189990E+03
  15.680           0.9390400E+02
  15.700           0.4943900E+02
  15.720          -0.1542100E+02
  15.740          -0.2819700E+02
  15.760          -0.4100600E+02
  15.780          -0.6408000E+02
  15.800          -0.8303100E+02
  15.820          -0.8821800E+02
  15.840          -0.5210700E+02
  15.860          -0.3743500E+02
  15.880          -0.3758800E+02
  15.900          -0.1959000E+02
  15.920           0.5206000E+01
  15.940           0.2665000E+01
  15.960          -0.5555000E+01
  15.980           0.1379300E+02
  16.000          -0.1269000E+01
  16.020          -0.1016700E+02
  16.040          -0.6676000E+01
  16.060           0.6420000E+01
  16.080           0.3466200E+02
  16.100           0.3826200E+02
  16.120           0.2644000E+02
  16.140           0.4777200E+02
  16.160           0.3242100E+02
  16.180           0.7687000E+01
  16.200          -0.1050000E+00
  16.220           0.8304000E+01
  16.240           0.1448200E+02
  16.260          -0.7846000E+01
  16.280          -0.1523700E+02
  16.300          -0.3163200E+02
  16.320          -0.4456200E+02
  16.340          -0.3332300E+02
  16.360          -0.1338600E+02
  16.380           0.2142100E+02
  16.400           0.4146400E+02
  16.420           0.3017100E+02
  16.440           0.2073800E+02
  16.460           0.1579200E+02
  16.480          -0.2806000E+01
  16.500          -0.1031800E+02
  16.520          -0.5700000E+01
  16.540           0.1008500E+02
  16.560          -0.2117800E+02
  16.580          -0.7220400E+02
  16.600          -0.4914900E+02
  16.620          -0.3278400E+02
  16.640          -0.1097900E+02
  16.660           0.2285700E+02
  16.680           0.2233000E+01
  16.700           0.1923000E+01
  16.720           0.4448700E+02
  16.740           0.4675000E+02
  16.760           0.3614800E+02
  16.780           0.1115400E+02
  16.800          -0.2041800E+02
  16.820          -0.3188500E+02
  16.840          -0.4630700E+02
  16.860          -0.5828900E+02
  16.880          -0.3023700E+02
  16.900           0.8502000E+01
  16.920           0.2895800E+02
  16.940           0.7791400E+02
  16.960           0.9763300E+02
  16.980           0.6700500E+02
  17.000           0.7764100E+02
  17.020           0.1046640E+03
  17.040           0.1062470E+03
  17.060           0.7823800E+02
  17.080           0.3858400E+02
  17.100           0.1994700E+02
  17.120          -0.2801700E+02
  17.140          -0.7395000E+02
  17.160          -0.5549400E+02
  17.180          -0.3089600E+02
  17.200          -0.2803000E+02
  17.220          -0.3414500E+02
  17.240          -0.2711700E+02
  17.260           0.6706000E+01
  17.280           0.1438900E+02
  17.300           0.7036000E+01
  17.320           0.1572500E+02
  17.340           0.2788400E+02
  17.360           0.4487000E+01
  17.380          -0.1410900E+02
  17.400           0.5756000E+01
  17.420          -0.2887500E+02
  17.440          -0.3972600E+02
  17.460           0.4282000E+01
  17.480           0.2752200E+02
  17.500           0.5110100E+02
  17.520           0.4770900E+02
  17.540           0.6245000E+01
  17.560          -0.1480500E+02
  17.580          -0.3631000E+02
  17.600          -0.4514300E+02
  17.620          -0.3704300E+02
  17.640          -0.4308200E+02
  17.660          -0.2019700E+02
  17.680          -0.1928600E+02
  17.700           0.1619000E+01
  17.720           0.2159200E+02
  17.740          -0.1762600E+02
  17.760          -0.2656300E+02
  17.780          -0.1658100E+02
  17.800          -0.3706300E+02
  17.820          -0.5704000E+02
  17.840          -0.4149300E+02
  17.860          -0.1998900E+02
  17.880          -0.8909000E+01
  17.900          -0.1725900E+02
  17.920          -0.3835900E+02
  17.940          -0.1847500E+02
  17.960          -0.8935000E+01
  17.980          -0.2295100E+02
  18.000          -0.1338000E+02
  18.020           0.1165700E+02
  18.040           0.1081600E+02
  18.060           0.2741200E+02
  18.080           0.4036600E+02
  18.100           0.4199900E+02
  18.120           0.3338800E+02
  18.140           0.4523000E+01
  18.160           0.1140500E+02
  18.180           0.1421000E+02
  18.200          -0.2129800E+02
  18.220          -0.7936300E+02
  18.240          -0.7496300E+02
  18.260          -0.3812700E+02
  18.280          -0.3282900E+02
  18.300          -0.2865200E+02
  18.320          -0.1320500E+02
  18.340           0.1416800E+02
  18.360           0.3437700E+02
  18.380           0.4999900E+02
  18.400           0.6644200E+02
  18.420           0.6285700E+02
  18.440           0.5852000E+01
  18.460          -0.2499900E+02
  18.480          -0.2291200E+02
  18.500          -0.4307300E+02
  18.520          -0.4190500E+02
  18.540          -0.3396400E+02
  18.560          -0.3944000E+01
  18.580           0.1790200E+02
  18.600           0.1159000E+02
  18.620           0.1246500E+02
  18.640           0.1446300E+02
  18.660           0.8014000E+01
  18.680          -0.1520500E+02
  18.700          -0.2834500E+02
  18.720          -0.2785600E+02
  18.740          -0.2077700E+02
  18.760          -0.1281000E+01
  18.780           0.3117300E+02
  18.800           0.2890300E+02
  18.820           0.3564600E+02
  18.840           0.5536200E+02
  18.860           0.3160700E+02
  18.880           0.7232000E+01
  18.900          -0.1672700E+02
  18.920          -0.2073000E+02
  18.940          -0.2862000E+02
  18.960          -0.2642500E+02
  18.980           0.1306000E+01
  19.000           0.1259400E+02
  19.020           0.2361000E+01
  19.040          -0.1549300E+02
  19.060          -0.1820100E+02
  19.080           0.1543000E+01
  19.100           0.3165000E+01
  19.120          -0.8487000E+01
  19.140           0.5538000E+01
  19.160           0.2010000E+02
  19.180           0.2430000E+01
  19.200          -0.2530100E+02
  19.220          -0.3290700E+02
  19.240          -0.2250500E+02
  19.260           0.1360000E+00
  19.280           0.2931200E+02
  19.300           0.4455600E+02
  19.320           0.4567500E+02
  19.340           0.2732000E+02
  19.360           0.6206000E+01
  19.380           0.1247800E+02
  19.400           0.1341800E+02
  19.420           0.1988400E+02
  19.440           0.1206700E+02
  19.460          -0.1195800E+02
  19.480          -0.1513000E+02
  19.500          -0.5232000E+01
  19.520           0.3825000E+01
  19.540           0.1303400E+02
  19.560          -0.7780000E+00
  19.580          -0.9814000E+01
  19.600          -0.5550000E+00
  19.620           0.9669000E+01
  19.640           0.1193000E+02
  19.660           0.1338600E+02
  19.680           0.1563100E+02
  19.700           0.9463000E+01
  19.720           0.7477000E+01
  19.740          -0.2514000E+01
  19.760          -0.9540000E+01
  19.780          -0.1320100E+02
  19.800          -0.2601800E+02
  19.820          -0.1797200E+02
  19.840          -0.2355000E+01
  19.860           0.4657000E+01
  19.880           0.2535700E+02
  19.900           0.4264700E+02
  19.920           0.3722900E+02
  19.940           0.1060900E+02
  19.960          -0.1590900E+02
  19.980          -0.2037500E+02
  20.000          -0.1753400E+02
  20.020          -0.1343500E+02
  20.040          -0.9672000E+01
  20.060          -0.1304800E+02
  20.080          -0.2278500E+02
  20.100          -0.3598600E+02
  20.120          -0.3717300E+02
  20.140          -0.2293300E+02
  20.160          -0.1155200E+02
  20.180          -0.1106100E+02
  20.200          -0.8645000E+01
  20.220          -0.2887000E+01
  20.240          -0.1474200E+02
  20.260          -0.2728700E+02
  20.280          -0.1110200E+02
  20.300           0.1740000E+00
  20.320           0.5754000E+01
  20.340           0.1159000E+02
  20.360           0.7132000E+01
  20.380           0.7892000E+01
  20.400           0.2071000E+01
  20.420          -0.1213000E+01
  20.440           0.1052500E+02
  20.460           0.9606000E+01
  20.480          -0.2146000E+01
  20.500          -0.2146500E+02
  20.520          -0.3087600E+02
  20.540          -0.2665000E+02
  20.560          -0.2739900E+02
  20.580          -0.1892200E+02
  20.600          -0.5839000E+01
  20.620           0.5988000E+01
  20.640           0.1409300E+02
  20.660           0.1904000E+02
  20.680           0.3095700E+02
  20.700           0.3966200E+02
  20.720           0.3490900E+02
  20.740           0.4626100E+02
  20.760           0.5199200E+02
  20.780           0.4522700E+02
  20.800           0.3969300E+02
  20.820           0.1851700E+02
  20.840           0.1839500E+02
  20.860           0.2295600E+02
  20.880           0.6732000E+01
  20.900           0.1918000E+01
  20.920           0.2547000E+01
  20.940           0.2683000E+01
  20.960           0.2476000E+01
  20.980          -0.4048000E+01
  21.000          -0.1656100E+02
  21.020          -0.2922700E+02
  21.040          -0.4233100E+02
  21.060          -0.4335900E+02
  21.080          -0.2702300E+02
  21.100          -0.1236700E+02
  21.120          -0.1196600E+02
  21.140          -0.1242300E+02
  21.160          -0.6470000E+00
  21.180           0.1086400E+02
  21.200           0.2048000E+02
  21.220           0.1803400E+02
  21.240           0.1217700E+02
  21.260           0.3465000E+01
  21.280           0.1169000E+01
  21.300           0.1034200E+02
  21.320           0.5754000E+01
  21.340           0.9000000E-01
  21.360           0.3621000E+01
  21.380           0.1222500E+02
  21.400           0.1000800E+02
  21.420          -0.1889000E+02
  21.440          -0.3546700E+02
  21.460          -0.2334100E+02
  21.480          -0.2044000E+02
  21.500          -0.2197600E+02
  21.520          -0.1886500E+02
  21.540          -0.1433000E+02
  21.560          -0.1592000E+02
  21.580          -0.2107900E+02
  21.600          -0.2814700E+02
  21.620          -0.3493200E+02
  21.640          -0.2116800E+02
  21.660          -0.4639000E+01
  21.680          -0.5307000E+01
  21.700          -0.1878000E+01
  21.720          -0.4235000E+01
  21.740          -0.4782000E+01
  21.760           0.1166900E+02
  21.780           0.2287300E+02
  21.800           0.3104200E+02
  21.820           0.3529900E+02
  21.840           0.2166400E+02
  21.860           0.2488700E+02
  21.880           0.2908500E+02
  21.900           0.1832000E+02
  21.920           0.2641000E+01
  21.940          -0.4371000E+01
  21.960           0.2430000E+01
  21.980          -0.3895000E+01
  22.000          -0.1615600E+02
  22.020          -0.1729400E+02
  22.040          -0.1101700E+02
  22.060          -0.1180100E+02
  22.080          -0.1299900E+02
  22.100          -0.9763000E+01
  22.120          -0.1024300E+02
  22.140          -0.1995800E+02
  22.160          -0.1811000E+02
  22.180           0.1428000E+01
  22.200           0.2430400E+02
  22.220           0.3622700E+02
  22.240           0.2965500E+02
  22.260           0.2804500E+02
  22.280           0.3612000E+02
  22.300           0.3075600E+02
  22.320           0.1732100E+02
  22.340           0.1369000E+01
  22.360          -0.6643000E+01
  22.380          -0.3388000E+01
  22.400          -0.9930000E+00
  22.420          -0.3247000E+01
  22.440           0.3036000E+01
  22.460           0.4760000E+01
  22.480           0.8097000E+01
  22.500           0.1096900E+02
  22.520           0.1073000E+01
  22.540          -0.1051300E+02
  22.560          -0.2497600E+02
  22.580          -0.2803200E+02
  22.600          -0.1873000E+02
  22.620          -0.1218300E+02
  22.640          -0.9772000E+01
  22.660          -0.1213000E+01
  22.680           0.2552000E+01
  22.700           0.9887000E+01
  22.720           0.1326000E+02
  22.740           0.5795000E+01
  22.760           0.8272000E+01
  22.780           0.3371000E+01
  22.800          -0.4633000E+01
  22.820          -0.8600000E+01
  22.840          -0.1502400E+02
  22.860          -0.1159300E+02
  22.880          -0.1099900E+02
  22.900          -0.2242500E+02
  22.920          -0.3423600E+02
  22.940          -0.3032900E+02
  22.960          -0.2176100E+02
  22.980          -0.2040500E+02
  23.000          -0.2365100E+02
  23.020          -0.1789900E+02
  23.040          -0.1752600E+02
  23.060          -0.1242100E+02
  23.080          -0.9250000E+00
  23.100           0.1566000E+01
  23.120           0.5923000E+01
  23.140           0.3728000E+01
  23.160          -0.7006000E+01
  23.180          -0.9705000E+01
  23.200          -0.6727000E+01
  23.220          -0.1321000E+01
  23.240           0.3084000E+01
  23.260           0.1049200E+02
  23.280           0.1735500E+02
  23.300           0.2202800E+02
  23.320           0.1906200E+02
  23.340           0.1306300E+02
  23.360           0.1319900E+02
  23.380           0.2030200E+02
  23.400           0.2272500E+02
  23.420           0.1351500E+02
  23.440           0.2850000E+01
  23.460          -0.6665000E+01
  23.480          -0.2734000E+01
  23.500           0.7190000E+01
  23.520           0.1861700E+02
  23.540           0.1905500E+02
  23.560           0.1501800E+02
  23.580           0.2009700E+02
  23.600           0.2611400E+02
  23.620           0.2737000E+02
  23.640           0.1751100E+02
  23.660           0.8028000E+01
  23.680           0.9398000E+01
  23.700           0.5668000E+01
  23.720          -0.4310000E+01
  23.740          -0.9799000E+01
  23.760          -0.1039200E+02
  23.780          -0.2678000E+01
  23.800           0.1756000E+01
  23.820           0.3137000E+01
  23.840           0.1617100E+02
  23.860           0.2230100E+02
  23.880           0.1870300E+02
  23.900           0.1077200E+02
  23.920           0.9620000E+00
  23.940          -0.7376000E+01
  23.960          -0.1151200E+02
  23.980          -0.4773000E+01
  24.000          -0.2853000E+01
  24.020          -0.1021500E+02
  24.040          -0.1691000E+02
  24.060          -0.1236000E+02
  24.080          -0.2366000E+01
  24.100          -0.1298000E+01
  24.120           0.1260000E+00
  24.140           0.7821000E+01
  24.160          -0.1891000E+01
  24.180          -0.7064000E+01
  24.200          -0.8570000E+00
  24.220           0.1119000E+01
  24.240           0.3380000E+01
  24.260          -0.2161000E+01
  24.280          -0.3057000E+01
  24.300           0.2312000E+01
  24.320          -0.5066000E+01
  24.340          -0.7371000E+01
  24.360          -0.5973000E+01
  24.380          -0.1289800E+02
  24.400          -0.1820300E+02
  24.420          -0.2031500E+02
  24.440          -0.1088600E+02
  24.460           0.3500000E+00
  24.480          -0.1192000E+01
  24.500           0.5699000E+01
  24.520           0.1816700E+02
  24.540           0.1758100E+02
  24.560           0.1239300E+02
  24.580           0.1220600E+02
  24.600           0.1054800E+02
  24.620           0.9366000E+01
  24.640           0.1011200E+02
  24.660           0.8432000E+01
  24.680           0.9074000E+01
  24.700           0.1096000E+02
  24.720           0.8230000E+01
  24.740           0.3587000E+01
  24.760          -0.4963000E+01
  24.780          -0.8560000E+01
  24.800          -0.1182600E+02
  24.820          -0.1676300E+02
  24.840          -0.1253500E+02
  24.860          -0.6116000E+01
  24.880          -0.9970000E+00
  24.900           0.3651000E+01
  24.920          -0.6250000E+00
  24.940          -0.4653000E+01
  24.960          -0.1166000E+01
  24.980           0.4610000E+00
  25.000          -0.1157000E+01
  25.020          -0.3619000E+01
  25.040          -0.5741000E+01
  25.060          -0.6340000E+01
  25.080          -0.6278000E+01
  25.100          -0.5208000E+01
  25.120          -0.2428000E+01
  25.140           0.1476000E+01
  25.160          -0.3020000E+00
  25.180          -0.1114000E+01
  25.200          -0.2280000E+00
  25.220          -0.3938000E+01
  25.240          -0.1076400E+02
  25.260          -0.1527000E+02
  25.280          -0.1617900E+02
  25.300          -0.9347000E+01
  25.320          -0.1070000E+01
  25.340           0.1222000E+01
  25.360           0.3262000E+01
  25.380          -0.5223000E+01
  25.400          -0.8989000E+01
  25.420           0.1706000E+01
  25.440           0.8339000E+01
  25.460           0.7184000E+01
  25.480           0.2332000E+01
  25.500          -0.1135000E+01
  25.520          -0.3560000E+00
  25.540          -0.3939000E+01
  25.560          -0.3801000E+01
  25.580           0.6561000E+01
  25.600           0.7691000E+01
  25.620           0.5606000E+01
  25.640           0.6087000E+01
  25.660           0.2487000E+01
  25.680          -0.5190000E+01
  25.700          -0.5930000E+01
  25.720          -0.2030000E+00
  25.740          -0.7030000E+00
  25.760          -0.8840000E+00
  25.780           0.1502000E+01
  25.800           0.3602000E+01
  25.820           0.6560000E+01
  25.840           0.5844000E+01
  25.860           0.6252000E+01
  25.880           0.8942000E+01
  25.900           0.1006800E+02
  25.920           0.1280100E+02
  25.940           0.1455500E+02
  25.960           0.1280700E+02
  25.980           0.6876000E+01
  26.000           0.8887000E+01
  26.020           0.1151800E+02
  26.040           0.7103000E+01
  26.060           0.5422000E+01
  26.080           0.5815000E+01
  26.100           0.5818000E+01
  26.120           0.2753000E+01
  26.140           0.2364000E+01
  26.160           0.7683000E+01
  26.180           0.2177000E+01
  26.200          -0.7761000E+01
  26.220          -0.1029000E+02
  26.240          -0.1307400E+02
  26.260          -0.8351000E+01
  26.280          -0.8279000E+01
  26.300          -0.8870000E+01
  26.320          -0.4980000E+01
  26.340          -0.9172000E+01
  26.360          -0.9088000E+01
  26.380          -0.8627000E+01
  26.400          -0.7258000E+01
  26.420          -0.2691000E+01
  26.440          -0.9281000E+01
  26.460          -0.1170500E+02
  26.480          -0.9509000E+01
  26.500          -0.8816000E+01
  26.520          -0.1465000E+01
  26.540           0.9270000E+00
  26.560          -0.2737000E+01
  26.580          -0.1600000E+00
  26.600          -0.2973000E+01
  26.620          -0.1043200E+02
  26.640          -0.1371700E+02
  26.660          -0.1457500E+02
  26.680          -0.1759500E+02
  26.700          -0.1719400E+02
  26.720          -0.1647500E+02
  26.740          -0.1650100E+02
  26.760          -0.1143600E+02
  26.780          -0.1372300E+02
  26.800          -0.1481400E+02
  26.820          -0.9934000E+01
  26.840          -0.5087000E+01
  26.860          -0.1502000E+01
  26.880           0.2426000E+01
  26.900           0.7464000E+01
  26.920           0.8157000E+01
  26.940           0.6136000E+01
  26.960           0.5259000E+01
  26.980           0.5036000E+01
  27.000           0.8292000E+01
  27.020           0.8633000E+01
  27.040           0.8901000E+01
  27.060           0.1289000E+02
  27.080           0.1419900E+02
  27.100           0.1221000E+02
  27.120           0.9751000E+01
  27.140           0.6702000E+01
  27.160           0.2193000E+01
  27.180          -0.1177000E+01
  27.200          -0.1389000E+01
  27.220           0.2907000E+01
  27.240           0.5605000E+01
  27.260           0.9321000E+01
  27.280           0.1334300E+02
  27.300           0.1074100E+02
  27.320           0.6235000E+01
  27.340           0.5259000E+01
  27.360           0.3663000E+01
  27.380           0.5776000E+01
  27.400           0.1034600E+02
  27.420           0.8667000E+01
  27.440           0.1233000E+02
  27.460           0.1422800E+02
  27.480           0.1053100E+02
  27.500           0.1042600E+02
  27.520           0.7675000E+01
  27.540           0.1223000E+01
  27.560          -0.5825000E+01
  27.580          -0.5081000E+01
  27.600          -0.1438000E+01
  27.620           0.3090000E+00
  27.640           0.5186000E+01
  27.660           0.7575000E+01
  27.680           0.1191700E+02
  27.700           0.1630600E+02
  27.720           0.1068400E+02
  27.740           0.1299000E+01
  27.760          -0.4762000E+01
  27.780          -0.8441000E+01
  27.800          -0.9718000E+01
  27.820          -0.8816000E+01
  27.840          -0.6390000E+01
  27.860          -0.9048000E+01
  27.880          -0.1296900E+02
  27.900          -0.1233700E+02
  27.920          -0.9847000E+01
  27.940          -0.3584000E+01
  27.960          -0.9300000E-01
  27.980          -0.5490000E+00
  28.000          -0.4039000E+01
  28.020          -0.8231000E+01
  28.040          -0.8775000E+01
  28.060          -0.9261000E+01
  28.080          -0.1235400E+02
  28.100          -0.1570600E+02
  28.120          -0.1206800E+02
  28.140          -0.7433000E+01
  28.160          -0.7398000E+01
  28.180          -0.2636000E+01
  28.200           0.5180000E+00
  28.220           0.1763000E+01
  28.240           0.3625000E+01
  28.260          -0.1838000E+01
  28.280          -0.3208000E+01
  28.300          -0.5557000E+01
  28.320          -0.5365000E+01
  28.340           0.6101000E+01
  28.360           0.9248000E+01
  28.380           0.7034000E+01
  28.400           0.6547000E+01
  28.420           0.3971000E+01
  28.440           0.6162000E+01
  28.460           0.5627000E+01
  28.480           0.4263000E+01
  28.500           0.7205000E+01
  28.520           0.7547000E+01
  28.540           0.5285000E+01
  28.560           0.5798000E+01
  28.580           0.7182000E+01
  28.600           0.6048000E+01
  28.620           0.5565000E+01
  28.640           0.6211000E+01
  28.660           0.4349000E+01
  28.680           0.1715000E+01
  28.700           0.7620000E+00
  28.720          -0.9440000E+00
  28.740          -0.1592000E+01
  28.760           0.1241000E+01
  28.780           0.3182000E+01
  28.800           0.5051000E+01
  28.820           0.6557000E+01
  28.840           0.2429000E+01
  28.860           0.1184000E+01
  28.880           0.1329000E+01
  28.900          -0.2434000E+01
  28.920          -0.2018000E+01
  28.940          -0.4125000E+01
  28.960          -0.5412000E+01
  28.980          -0.2590000E+01
  29.000          -0.4818000E+01
  29.020          -0.3651000E+01
  29.040          -0.6810000E+00
  29.060           0.2100000E-01
  29.080           0.1282000E+01
  29.100          -0.5080000E+00
  29.120          -0.2790000E+01
  29.140          -0.4058000E+01
  29.160          -0.5890000E+01
  29.180          -0.5888000E+01
  29.200          -0.5655000E+01
  29.220          -0.5165000E+01
  29.240          -0.3708000E+01
  29.260          -0.3290000E+01
  29.280          -0.1887000E+01
  29.300          -0.1598000E+01
  29.320          -0.2372000E+01
  29.340          -0.2252000E+01
  29.360          -0.3088000E+01
  29.380          -0.3978000E+01
  29.400          -0.3142000E+01
  29.420          -0.2735000E+01
  29.440          -0.1188000E+01
  29.460           0.1540000E+00
  29.480          -0.7770000E+00
  29.500           0.2290000E+00
  29.520           0.8060000E+00
  29.540           0.6310000E+00
  29.560           0.6330000E+00
  29.580          -0.8620000E+00
  29.600          -0.1423000E+01
  29.620          -0.1281000E+01
  29.640          -0.1595000E+01
  29.660          -0.9150000E+00
  29.680          -0.7400000E-01
  29.700           0.6510000E+00
  29.720           0.1762000E+01
  29.740           0.1786000E+01
  29.760           0.1618000E+01
  29.780           0.1283000E+01
  29.800           0.9410000E+00
  29.820           0.1023000E+01
  29.840           0.6860000E+00
  29.860           0.9010000E+00
  29.880           0.1222000E+01
  29.900           0.1146000E+01
  29.920           0.1248000E+01
  29.940           0.1365000E+01
  29.960           0.1530000E+01
  29.980           0.1753000E+01
  30.000           0.1544000E+01
  30.020           0.1166000E+01
  30.040           0.1011000E+01
  30.060           0.6180000E+00
  30.080           0.3520000E+00
  30.100           0.2530000E+00
  30.120           0.2340000E+00
  30.140           0.3030000E+00
  30.160           0.4050000E+00
  30.180           0.3900000E+00
  30.200           0.1450000E+00
  30.220          -0.1000000E-01
  30.240          -0.1130000E+00
  30.260          -0.1740000E+00
  30.280          -0.1220000E+00
  30.300          -0.6800000E-01
  30.320          -0.3100000E-01
  30.340           0.0000000E+00
  30.360           0.0000000E+00
  30.380           0.0000000E+00
  30.400           0.0000000E+00
  30.420           0.0000000E+00
  30.440           0.0000000E+00
  30.460           0.0000000E+00
  30.480           0.0000000E+00
  30.500           0.0000000E+00
  30.520           0.0000000E+00
  30.540           0.0000000E+00
  30.560           0.0000000E+00
  30.580           0.0000000E+00
  30.600           0.0000000E+00
  30.620           0.0000000E+00
  30.640           0.0000000E+00
  30.660           0.0000000E+00
  30.680           0.0000000E+00
  30.700           0.0000000E+00
  30.720           0.0000000E+00
  30.740           0.0000000E+00
  30.760           0.0000000E+00
  30.780           0.0000000E+00
  30.800           0.0000000E+00
  30.820           0.0000000E+00
  30.840           0.0000000E+00
  30.860           0.0000000E+00
  30.880           0.0000000E+00
  30.900           0.0000000E+00
  30.920           0.0000000E+00
  30.940           0.0000000E+00
  30.960           0.0000000E+00
  30.980           0.0000000E+00
  31.000           0.0000000E+00
  31.020           0.0000000E+00
  31.040           0.0000000E+00
  31.060           0.0000000E+00
  31.080           0.0000000E+00
  31.100           0.0000000E+00
  31.120           0.0000000E+00
  31.140           0.0000000E+00
  31.160           0.0000000E+00
  31.180           0.0000000E+00
  31.200           0.0000000E+00
  31.220           0.0000000E+00
  31.240           0.0000000E+00
  31.260           0.0000000E+00
  31.280           0.0000000E+00
  31.300           0.0000000E+00
  31.320           0.0000000E+00
  31.340           0.0000000E+00
  31.360           0.0000000E+00
  31.380           0.0000000E+00
  31.400           0.0000000E+00
  31.420           0.0000000E+00
  31.440           0.0000000E+00
  31.460           0.0000000E+00
  31.480           0.0000000E+00
  31.500           0.0000000E+00
  31.520           0.0000000E+00
  31.540           0.0000000E+00
  31.560           0.0000000E+00
  31.580           0.0000000E+00
  31.600           0.0000000E+00
  31.620           0.0000000E+00
  31.640           0.0000000E+00
  31.660           0.0000000E+00
  31.680           0.0000000E+00
  31.700           0.0000000E+00
  31.720           0.0000000E+00
  31.740           0.0000000E+00
  31.760           0.0000000E+00
  31.780           0.0000000E+00
  31.800           0.0000000E+00
  31.820           0.0000000E+00
  31.840           0.0000000E+00
  31.860           0.0000000E+00
  31.880           0.0000000E+00
  31.900           0.0000000E+00
  31.920           0.0000000E+00
  31.940           0.0000000E+00
  31.960           0.0000000E+00
  31.980           0.0000000E+00
  32.000           0.0000000E+00
  32.020           0.0000000E+00
  32.040           0.0000000E+00
  32.060           0.0000000E+00
  32.080           0.0000000E+00
  32.100           0.0000000E+00
  32.120           0.0000000E+00
  32.140           0.0000000E+00
  32.160           0.0000000E+00
  32.180           0.0000000E+00
  32.200           0.0000000E+00
  32.220           0.0000000E+00
  32.240           0.0000000E+00
  32.260           0.0000000E+00
  32.280           0.0000000E+00
  32.300           0.0000000E+00
  32.320           0.0000000E+00
  32.340           0.0000000E+00
  32.360           0.0000000E+00
  32.380           0.0000000E+00
  32.400           0.0000000E+00
  32.420           0.0000000E+00
  32.440           0.0000000E+00
  32.460           0.0000000E+00
  32.480           0.0000000E+00
  32.500           0.0000000E+00
  32.520           0.0000000E+00
  32.540           0.0000000E+00
  32.560           0.0000000E+00
  32.580           0.0000000E+00
  32.600           0.0000000E+00
  32.620           0.0000000E+00
  32.640           0.0000000E+00
  32.660           0.0000000E+00
  32.680           0.0000000E+00
  32.700           0.0000000E+00
  32.720           0.0000000E+00
  32.740           0.0000000E+00
  32.760           0.0000000E+00
  32.780           0.0000000E+00
  32.800           0.0000000E+00
  32.820           0.0000000E+00
  32.840           0.0000000E+00
  32.860           0.0000000E+00
  32.880           0.0000000E+00
  32.900           0.0000000E+00
  32.920           0.0000000E+00
  32.940           0.0000000E+00
  32.960           0.0000000E+00
  32.980           0.0000000E+00
  33.000           0.0000000E+00
  33.020           0.0000000E+00
  33.040           0.0000000E+00
  33.060           0.0000000E+00
  33.080           0.0000000E+00
  33.100           0.0000000E+00
  33.120           0.0000000E+00
  33.140           0.0000000E+00
  33.160           0.0000000E+00
  33.180           0.0000000E+00
  33.200           0.0000000E+00
  33.220           0.0000000E+00
  33.240           0.0000000E+00
  33.260           0.0000000E+00
  33.280           0.0000000E+00
  33.300           0.0000000E+00
  33.320           0.0000000E+00
  33.340           0.0000000E+00
  33.360           0.0000000E+00
  33.380           0.0000000E+00
  33.400           0.0000000E+00
  33.420           0.0000000E+00
  33.440           0.0000000E+00
  33.460           0.0000000E+00
  33.480           0.0000000E+00
  33.500           0.0000000E+00
  33.520           0.0000000E+00
  33.540           0.0000000E+00
  33.560           0.0000000E+00
  33.580           0.0000000E+00
  33.600           0.0000000E+00
  33.620           0.0000000E+00
  33.640           0.0000000E+00
  33.660           0.0000000E+00
  33.680           0.0000000E+00
  33.700           0.0000000E+00
  33.720           0.0000000E+00
  33.740           0.0000000E+00
  33.760           0.0000000E+00
  33.780           0.0000000E+00
  33.800           0.0000000E+00
  33.820           0.0000000E+00
  33.840           0.0000000E+00
  33.860           0.0000000E+00
  33.880           0.0000000E+00
  33.900           0.0000000E+00
  33.920           0.0000000E+00
  33.940           0.0000000E+00
  33.960           0.0000000E+00
  33.980           0.0000000E+00
  34.000           0.0000000E+00
  34.020           0.0000000E+00
  34.040           0.0000000E+00
  34.060           0.0000000E+00
  34.080           0.0000000E+00
  34.100           0.0000000E+00
  34.120           0.0000000E+00
  34.140           0.0000000E+00
  34.160           0.0000000E+00
  34.180           0.0000000E+00
  34.200           0.0000000E+00
  34.220           0.0000000E+00
  34.240           0.0000000E+00
  34.260           0.0000000E+00
  34.280           0.0000000E+00
  34.300           0.0000000E+00
  34.320           0.0000000E+00
  34.340           0.0000000E+00
  34.360           0.0000000E+00
  34.380           0.0000000E+00
  34.400           0.0000000E+00
  34.420           0.0000000E+00
  34.440           0.0000000E+00
  34.460           0.0000000E+00
  34.480           0.0000000E+00
  34.500           0.0000000E+00
  34.520           0.0000000E+00
  34.540           0.0000000E+00
  34.560           0.0000000E+00
  34.580           0.0000000E+00
  34.600           0.0000000E+00
  34.620           0.0000000E+00
  34.640           0.0000000E+00
  34.660           0.0000000E+00
  34.680           0.0000000E+00
  34.700           0.0000000E+00
  34.720           0.0000000E+00
  34.740           0.0000000E+00
  34.760           0.0000000E+00
  34.780           0.0000000E+00
  34.800           0.0000000E+00
  34.820           0.0000000E+00
  34.840           0.0000000E+00
  34.860           0.0000000E+00
  34.880           0.0000000E+00
  34.900           0.0000000E+00
  34.920           0.0000000E+00
  34.940           0.0000000E+00
  34.960           0.0000000E+00
  34.980           0.0000000E+00
  35.000           0.0000000E+00
  35.020           0.0000000E+00
  35.040           0.0000000E+00
  35.060           0.0000000E+00
  35.080           0.0000000E+00
  35.100           0.0000000E+00
  35.120           0.0000000E+00
  35.140           0.0000000E+00
  35.160           0.0000000E+00
  35.180           0.0000000E+00
  35.200           0.0000000E+00
  35.220           0.0000000E+00
  35.240           0.0000000E+00
  35.260           0.0000000E+00
  35.280           0.0000000E+00
  35.300           0.0000000E+00
  35.320           0.0000000E+00
  35.340           0.0000000E+00
  35.360           0.0000000E+00
  35.380           0.0000000E+00
  35.400           0.0000000E+00
  35.420           0.0000000E+00
  35.440           0.0000000E+00
  35.460           0.0000000E+00
  35.480           0.0000000E+00
  35.500           0.0000000E+00
  35.520           0.0000000E+00
  35.540           0.0000000E+00
  35.560           0.0000000E+00
  35.580           0.0000000E+00
  35.600           0.0000000E+00
  35.620           0.0000000E+00
  35.640           0.0000000E+00
  35.660           0.0000000E+00
  35.680           0.0000000E+00
  35.700           0.0000000E+00
  35.720           0.0000000E+00
  35.740           0.0000000E+00
  35.760           0.0000000E+00
  35.780           0.0000000E+00
  35.800           0.0000000E+00
  35.820           0.0000000E+00
  35.840           0.0000000E+00
  35.860           0.0000000E+00
  35.880           0.0000000E+00
  35.900           0.0000000E+00
  35.920           0.0000000E+00
  35.940           0.0000000E+00
  35.960           0.0000000E+00
  35.980           0.0000000E+00
  36.000           0.0000000E+00
  36.020           0.0000000E+00
  36.040           0.0000000E+00
  36.060           0.0000000E+00
  36.080           0.0000000E+00
  36.100           0.0000000E+00
  36.120           0.0000000E+00
  36.140           0.0000000E+00
  36.160           0.0000000E+00
  36.180           0.0000000E+00
  36.200           0.0000000E+00
  36.220           0.0000000E+00
  36.240           0.0000000E+00
  36.260           0.0000000E+00
  36.280           0.0000000E+00
  36.300           0.0000000E+00
  36.320           0.0000000E+00
  36.340           0.0000000E+00
  36.360           0.0000000E+00
  36.380           0.0000000E+00
  36.400           0.0000000E+00
  36.420           0.0000000E+00
  36.440           0.0000000E+00
  36.460           0.0000000E+00
  36.480           0.0000000E+00
  36.500           0.0000000E+00
  36.520           0.0000000E+00
  36.540           0.0000000E+00
  36.560           0.0000000E+00
  36.580           0.0000000E+00
  36.600           0.0000000E+00
  36.620           0.0000000E+00
  36.640           0.0000000E+00
  36.660           0.0000000E+00
  36.680           0.0000000E+00
  36.700           0.0000000E+00
  36.720           0.0000000E+00
  36.740           0.0000000E+00
  36.760           0.0000000E+00
  36.780           0.0000000E+00
  36.800           0.0000000E+00
  36.820           0.0000000E+00
  36.840           0.0000000E+00
  36.860           0.0000000E+00
  36.880           0.0000000E+00
  36.900           0.0000000E+00
  36.920           0.0000000E+00
  36.940           0.0000000E+00
  36.960           0.0000000E+00
  36.980           0.0000000E+00
  37.000           0.0000000E+00
  37.020           0.0000000E+00
  37.040           0.0000000E+00
  37.060           0.0000000E+00
  37.080           0.0000000E+00
  37.100           0.0000000E+00
  37.120           0.0000000E+00
  37.140           0.0000000E+00
  37.160           0.0000000E+00
  37.180           0.0000000E+00
  37.200           0.0000000E+00
  37.220           0.0000000E+00
  37.240           0.0000000E+00
  37.260           0.0000000E+00
  37.280           0.0000000E+00
  37.300           0.0000000E+00
  37.320           0.0000000E+00
  37.340           0.0000000E+00
  37.360           0.0000000E+00
  37.380           0.0000000E+00
  37.400           0.0000000E+00
  37.420           0.0000000E+00
  37.440           0.0000000E+00
  37.460           0.0000000E+00
  37.480           0.0000000E+00
  37.500           0.0000000E+00
  37.520           0.0000000E+00
  37.540           0.0000000E+00
  37.560           0.0000000E+00
  37.580           0.0000000E+00
  37.600           0.0000000E+00
  37.620           0.0000000E+00
  37.640           0.0000000E+00
  37.660           0.0000000E+00
  37.680           0.0000000E+00
  37.700           0.0000000E+00
  37.720           0.0000000E+00
  37.740           0.0000000E+00
  37.760           0.0000000E+00
  37.780           0.0000000E+00
  37.800           0.0000000E+00
  37.820           0.0000000E+00
  37.840           0.0000000E+00
  37.860           0.0000000E+00
  37.880           0.0000000E+00
  37.900           0.0000000E+00
  37.920           0.0000000E+00
  37.940           0.0000000E+00
  37.960           0.0000000E+00
  37.980           0.0000000E+00
  38.000           0.0000000E+00
  38.020           0.0000000E+00
  38.040           0.0000000E+00
  38.060           0.0000000E+00
  38.080           0.0000000E+00
  38.100           0.0000000E+00
  38.120           0.0000000E+00
  38.140           0.0000000E+00
  38.160           0.0000000E+00
  38.180           0.0000000E+00
  38.200           0.0000000E+00
  38.220           0.0000000E+00
  38.240           0.0000000E+00
  38.260           0.0000000E+00
  38.280           0.0000000E+00
  38.300           0.0000000E+00
  38.320           0.0000000E+00
  38.340           0.0000000E+00
  38.360           0.0000000E+00
  38.380           0.0000000E+00
  38.400           0.0000000E+00
  38.420           0.0000000E+00
  38.440           0.0000000E+00
  38.460           0.0000000E+00
  38.480           0.0000000E+00
  38.500           0.0000000E+00
  38.520           0.0000000E+00
  38.540           0.0000000E+00
  38.560           0.0000000E+00
  38.580           0.0000000E+00
  38.600           0.0000000E+00
  38.620           0.0000000E+00
  38.640           0.0000000E+00
  38.660           0.0000000E+00
  38.680           0.0000000E+00
  38.700           0.0000000E+00
  38.720           0.0000000E+00
  38.740           0.0000000E+00
  38.760           0.0000000E+00
  38.780           0.0000000E+00
  38.800           0.0000000E+00
  38.820           0.0000000E+00
  38.840           0.0000000E+00
  38.860           0.0000000E+00
  38.880           0.0000000E+00
  38.900           0.0000000E+00
  38.920           0.0000000E+00
  38.940           0.0000000E+00
  38.960           0.0000000E+00
  38.980           0.0000000E+00
  39.000           0.0000000E+00
  39.020           0.0000000E+00
  39.040           0.0000000E+00
  39.060           0.0000000E+00
  39.080           0.0000000E+00
  39.100           0.0000000E+00
  39.120           0.0000000E+00
  39.140           0.0000000E+00
  39.160           0.0000000E+00
  39.180           0.0000000E+00
  39.200           0.0000000E+00
  39.220           0.0000000E+00
  39.240           0.0000000E+00
  39.260           0.0000000E+00
  39.280           0.0000000E+00
  39.300           0.0000000E+00
  39.320           0.0000000E+00
  39.340           0.0000000E+00
  39.360           0.0000000E+00
  39.380           0.0000000E+00
  39.400           0.0000000E+00
  39.420           0.0000000E+00
  39.440           0.0000000E+00
  39.460           0.0000000E+00
  39.480           0.0000000E+00
  39.500           0.0000000E+00
  39.520           0.0000000E+00
  39.540           0.0000000E+00
  39.560           0.0000000E+00
  39.580           0.0000000E+00
  39.600           0.0000000E+00
  39.620           0.0000000E+00
  39.640           0.0000000E+00
  39.660           0.0000000E+00
  39.680           0.0000000E+00
  39.700           0.0000000E+00
  39.720           0.0000000E+00
  39.740           0.0000000E+00
  39.760           0.0000000E+00
  39.780           0.0000000E+00
  39.800           0.0000000E+00
  39.820           0.0000000E+00
  39.840           0.0000000E+00
  39.860           0.0000000E+00
  39.880           0.0000000E+00
  39.900           0.0000000E+00
  39.920           0.0000000E+00
  39.940           0.0000000E+00
  39.960           0.0000000E+00
  39.980           0.0000000E+00
  40.000           0.0000000E+00
  40.020           0.0000000E+00
  40.040           0.0000000E+00
  40.060           0.0000000E+00
  40.080           0.0000000E+00
  40.100           0.0000000E+00
  40.120           0.0000000E+00
  40.140           0.0000000E+00
  40.160           0.0000000E+00
  40.180           0.0000000E+00
  40.200           0.0000000E+00
  40.220           0.0000000E+00
  40.240           0.0000000E+00
  40.260           0.0000000E+00
  40.280           0.0000000E+00
  40.300           0.0000000E+00
  40.320           0.0000000E+00
  40.340           0.0000000E+00
  40.360           0.0000000E+00
  40.380           0.0000000E+00
  40.400           0.0000000E+00
  40.420           0.0000000E+00
  40.440           0.0000000E+00
  40.460           0.0000000E+00
  40.480           0.0000000E+00
  40.500           0.0000000E+00
  40.520           0.0000000E+00
  40.540           0.0000000E+00
  40.560           0.0000000E+00
  40.580           0.0000000E+00
  40.600           0.0000000E+00
  40.620           0.0000000E+00
  40.640           0.0000000E+00
  40.660           0.0000000E+00
  40.680           0.0000000E+00
  40.700           0.0000000E+00
  40.720           0.0000000E+00
  40.740           0.0000000E+00
  40.760           0.0000000E+00
  40.780           0.0000000E+00
  40.800           0.0000000E+00
  40.820           0.0000000E+00
  40.840           0.0000000E+00
  40.860           0.0000000E+00
  40.880           0.0000000E+00
  40.900           0.0000000E+00
  40.920           0.0000000E+00
  40.940           0.0000000E+00
  40.960           0.0000000E+00
