   0.020           0.9000000E-02
   0.040           0.9000000E-02
   0.060           0.9000000E-02
   0.080           0.1000000E-01
   0.100           0.9000000E-02
   0.120           0.9000000E-02
   0.140           0.6000000E-02
   0.160           0.9000000E-02
   0.180           0.9000000E-02
   0.200           0.2000000E-02
   0.220           0.9000000E-02
   0.240           0.9000000E-02
   0.260          -0.1000000E-02
   0.280          -0.4000000E-02
   0.300           0.9000000E-02
   0.320           0.9000000E-02
   0.340           0.2400000E-01
   0.360           0.1000000E-01
   0.380           0.1000000E-01
   0.400           0.3500000E-01
   0.420           0.9000000E-02
   0.440           0.7000000E-02
   0.460          -0.2200000E-01
   0.480           0.9000000E-02
   0.500           0.1200000E-01
   0.520           0.3500000E-01
   0.540           0.8000000E-02
   0.560           0.7000000E-02
   0.580          -0.1300000E-01
   0.600           0.7000000E-02
   0.620           0.4000000E-02
   0.640          -0.5600000E-01
   0.660          -0.1000000E-02
   0.680          -0.4000000E-02
   0.700          -0.5100000E-01
   0.720           0.1200000E-01
   0.740           0.2900000E-01
   0.760           0.1160000E+00
   0.780           0.6100000E-01
   0.800           0.6000000E-02
   0.820           0.2100000E-01
   0.840           0.5700000E-01
   0.860           0.2100000E-01
   0.880           0.2300000E-01
   0.900           0.1120000E+00
   0.920           0.5300000E-01
   0.940           0.5400000E-01
   0.960           0.1440000E+00
   0.980           0.5800000E-01
   1.000           0.7400000E-01
   1.020           0.1660000E+00
   1.040           0.6500000E-01
   1.060           0.1090000E+00
   1.080           0.1870000E+00
   1.100           0.6200000E-01
   1.120           0.6800000E-01
   1.140           0.1810000E+00
   1.160           0.1450000E+00
   1.180           0.1180000E+00
   1.200           0.2060000E+00
   1.220           0.2900000E+00
   1.240           0.1560000E+00
   1.260          -0.3800000E-01
   1.280          -0.1200000E+00
   1.300          -0.7200000E-01
   1.320          -0.6500000E-01
   1.340          -0.1160000E+00
   1.360          -0.9700000E-01
   1.380          -0.7200000E-01
   1.400          -0.9800000E-01
   1.420          -0.1190000E+00
   1.440          -0.2170000E+00
   1.460          -0.3960000E+00
   1.480          -0.4080000E+00
   1.500          -0.3980000E+00
   1.520          -0.4140000E+00
   1.540           0.3100000E-01
   1.560           0.1000000E+00
   1.580          -0.2210000E+00
   1.600          -0.4790000E+00
   1.620          -0.1160000E+00
   1.640           0.7500000E-01
   1.660           0.4490000E+00
   1.680           0.5480000E+00
   1.700           0.1310000E+00
   1.720          -0.3500000E-01
   1.740          -0.2750000E+00
   1.760          -0.2810000E+00
   1.780          -0.2250000E+00
   1.800          -0.4260000E+00
   1.820          -0.6250000E+00
   1.840          -0.1090000E+00
   1.860           0.2070000E+00
   1.880           0.6510000E+00
   1.900           0.4160000E+00
   1.920           0.3820000E+00
   1.940           0.7300000E+00
   1.960           0.3990000E+00
   1.980           0.1510000E+00
   2.000           0.1870000E+00
   2.020           0.3360000E+00
   2.040           0.3800000E+00
   2.060           0.4930000E+00
   2.080           0.8380000E+00
   2.100           0.8470000E+00
   2.120           0.6650000E+00
   2.140           0.1900000E-01
   2.160          -0.5630000E+00
   2.180          -0.2270000E+00
   2.200          -0.3400000E-01
   2.220           0.1100000E-01
   2.240          -0.2870000E+00
   2.260          -0.1580000E+00
   2.280           0.3660000E+00
   2.300           0.8130000E+00
   2.320           0.1043000E+01
   2.340           0.8480000E+00
   2.360           0.8090000E+00
   2.380           0.4500000E-01
   2.400          -0.6290000E+00
   2.420          -0.1117000E+01
   2.440          -0.1016000E+01
   2.460          -0.8340000E+00
   2.480          -0.5060000E+00
   2.500           0.4010000E+00
   2.520           0.5820000E+00
   2.540           0.7000000E-02
   2.560          -0.6850000E+00
   2.580          -0.9200000E+00
   2.600          -0.7330000E+00
   2.620          -0.9540000E+00
   2.640          -0.1333000E+01
   2.660          -0.6850000E+00
   2.680           0.9100000E-01
   2.700           0.9260000E+00
   2.720           0.1434000E+01
   2.740           0.1011000E+01
   2.760           0.1105000E+01
   2.780           0.1498000E+01
   2.800           0.4820000E+00
   2.820          -0.2330000E+00
   2.840           0.2220000E+00
   2.860           0.1157000E+01
   2.880           0.1608000E+01
   2.900           0.1366000E+01
   2.920           0.1243000E+01
   2.940           0.7380000E+00
   2.960           0.1040000E+00
   2.980          -0.4390000E+00
   3.000          -0.1238000E+01
   3.020          -0.1751000E+01
   3.040          -0.1744000E+01
   3.060          -0.1286000E+01
   3.080          -0.4800000E-01
   3.100           0.1181000E+01
   3.120           0.1629000E+01
   3.140           0.1912000E+01
   3.160           0.1817000E+01
   3.180           0.1529000E+01
   3.200           0.1209000E+01
   3.220           0.3530000E+00
   3.240           0.2180000E+00
   3.260           0.5490000E+00
   3.280           0.1018000E+01
   3.300           0.1718000E+01
   3.320           0.2138000E+01
   3.340           0.1966000E+01
   3.360           0.1739000E+01
   3.380           0.1478000E+01
   3.400           0.1219000E+01
   3.420           0.1597000E+01
   3.440           0.1704000E+01
   3.460           0.7670000E+00
   3.480           0.3630000E+00
   3.500           0.6990000E+00
   3.520           0.2340000E+00
   3.540          -0.1090000E+01
   3.560          -0.1245000E+01
   3.580          -0.1690000E+00
   3.600           0.4620000E+00
   3.620          -0.4150000E+00
   3.640          -0.1793000E+01
   3.660          -0.2514000E+01
   3.680          -0.1272000E+01
   3.700          -0.1413000E+01
   3.720          -0.2547000E+01
   3.740          -0.1423000E+01
   3.760          -0.1216000E+01
   3.780          -0.2350000E+01
   3.800          -0.1986000E+01
   3.820          -0.1972000E+01
   3.840          -0.2844000E+01
   3.860          -0.1473000E+01
   3.880          -0.2800000E-01
   3.900           0.8950000E+00
   3.920           0.2095000E+01
   3.940           0.3013000E+01
   3.960           0.2750000E+01
   3.980           0.2246000E+01
   4.000           0.1614000E+01
   4.020           0.2474000E+01
   4.040           0.3168000E+01
   4.060           0.3061000E+01
   4.080           0.2114000E+01
   4.100           0.4220000E+00
   4.120          -0.1802000E+01
   4.140          -0.3081000E+01
   4.160          -0.3246000E+01
   4.180          -0.2349000E+01
   4.200          -0.8080000E+00
   4.220           0.2390000E+00
   4.240           0.2390000E+00
   4.260           0.6190000E+00
   4.280          -0.8240000E+00
   4.300          -0.2072000E+01
   4.320          -0.1997000E+01
   4.340          -0.2212000E+01
   4.360          -0.2603000E+01
   4.380          -0.1778000E+01
   4.400          -0.2100000E+00
   4.420           0.1533000E+01
   4.440           0.1369000E+01
   4.460           0.5080000E+00
   4.480          -0.1900000E-01
   4.500           0.6380000E+00
   4.520           0.1127000E+01
   4.540          -0.3690000E+00
   4.560          -0.2790000E+01
   4.580          -0.3488000E+01
   4.600          -0.2451000E+01
   4.620          -0.1202000E+01
   4.640           0.7220000E+00
   4.660           0.2622000E+01
   4.680           0.2984000E+01
   4.700           0.3062000E+01
   4.720           0.6620000E+00
   4.740          -0.1878000E+01
   4.760          -0.2355000E+01
   4.780          -0.2494000E+01
   4.800          -0.2284000E+01
   4.820          -0.1170000E+01
   4.840          -0.5170000E+00
   4.860          -0.5230000E+00
   4.880          -0.5950000E+00
   4.900          -0.5210000E+00
   4.920          -0.1622000E+01
   4.940          -0.2918000E+01
   4.960          -0.3423000E+01
   4.980          -0.4296000E+01
   5.000          -0.4840000E+01
   5.020          -0.4574000E+01
   5.040          -0.2701000E+01
   5.060           0.2140000E+00
   5.080           0.1815000E+01
   5.100           0.4110000E+01
   5.120           0.5094000E+01
   5.140           0.4041000E+01
   5.160           0.3951000E+01
   5.180           0.3750000E+00
   5.200          -0.3158000E+01
   5.220          -0.2344000E+01
   5.240           0.1261000E+01
   5.260           0.3016000E+01
   5.280           0.4621000E+01
   5.300           0.4572000E+01
   5.320           0.2676000E+01
   5.340           0.2542000E+01
   5.360           0.2004000E+01
   5.380           0.1804000E+01
   5.400           0.1161000E+01
   5.420          -0.9260000E+00
   5.440          -0.3036000E+01
   5.460          -0.3626000E+01
   5.480          -0.1358000E+01
   5.500          -0.1620000E+00
   5.520          -0.5210000E+00
   5.540           0.5370000E+00
   5.560           0.2757000E+01
   5.580           0.3897000E+01
   5.600           0.3130000E+01
   5.620           0.7840000E+00
   5.640          -0.1259000E+01
   5.660          -0.2562000E+01
   5.680          -0.8970000E+00
   5.700           0.1524000E+01
   5.720           0.3551000E+01
   5.740           0.6405000E+01
   5.760           0.6069000E+01
   5.780           0.1630000E+01
   5.800          -0.1219000E+01
   5.820          -0.4882000E+01
   5.840          -0.6613000E+01
   5.860          -0.4416000E+01
   5.880          -0.3400000E+00
   5.900           0.3653000E+01
   5.920           0.6116000E+01
   5.940           0.6860000E+01
   5.960           0.5277000E+01
   5.980           0.1424000E+01
   6.000          -0.4278000E+01
   6.020          -0.6479000E+01
   6.040          -0.5489000E+01
   6.060          -0.5835000E+01
   6.080          -0.6784000E+01
   6.100          -0.7218000E+01
   6.120          -0.3133000E+01
   6.140           0.3071000E+01
   6.160           0.6416000E+01
   6.180           0.4515000E+01
   6.200          -0.5800000E-01
   6.220          -0.4325000E+01
   6.240          -0.5928000E+01
   6.260          -0.5565000E+01
   6.280          -0.5385000E+01
   6.300          -0.3259000E+01
   6.320          -0.1875000E+01
   6.340           0.3610000E+00
   6.360           0.4694000E+01
   6.380           0.6911000E+01
   6.400           0.7966000E+01
   6.420           0.6962000E+01
   6.440           0.3188000E+01
   6.460          -0.1081000E+01
   6.480          -0.3612000E+01
   6.500          -0.1136000E+01
   6.520           0.3614000E+01
   6.540           0.7166000E+01
   6.560           0.8371000E+01
   6.580           0.5326000E+01
   6.600           0.5660000E+00
   6.620          -0.3834000E+01
   6.640          -0.8213000E+01
   6.660          -0.8611000E+01
   6.680          -0.5079000E+01
   6.700           0.4000000E-02
   6.720           0.2922000E+01
   6.740           0.2489000E+01
   6.760           0.5532000E+01
   6.780           0.8788000E+01
   6.800           0.8285000E+01
   6.820           0.5713000E+01
   6.840          -0.7320000E+00
   6.860          -0.6759000E+01
   6.880          -0.9191000E+01
   6.900          -0.8515000E+01
   6.920          -0.7867000E+01
   6.940          -0.6864000E+01
   6.960          -0.8200000E+00
   6.980           0.4678000E+01
   7.000           0.7281000E+01
   7.020           0.5301000E+01
   7.040           0.1019000E+01
   7.060          -0.2070000E+01
   7.080          -0.4629000E+01
   7.100          -0.6568000E+01
   7.120          -0.7969000E+01
   7.140          -0.7538000E+01
   7.160          -0.3243000E+01
   7.180           0.3216000E+01
   7.200           0.7350000E+01
   7.220           0.9290000E+01
   7.240           0.5879000E+01
   7.260          -0.2546000E+01
   7.280          -0.8757000E+01
   7.300          -0.9229000E+01
   7.320          -0.6083000E+01
   7.340           0.2014000E+01
   7.360           0.8179000E+01
   7.380           0.6034000E+01
   7.400           0.9130000E+00
   7.420           0.6990000E+00
   7.440          -0.1070000E+00
   7.460          -0.4600000E+00
   7.480           0.1499000E+01
   7.500           0.1985000E+01
   7.520          -0.2300000E-01
   7.540          -0.2998000E+01
   7.560          -0.2616000E+01
   7.580           0.2485000E+01
   7.600           0.7862000E+01
   7.620           0.9961000E+01
   7.640           0.8329000E+01
   7.660           0.6458000E+01
   7.680           0.4417000E+01
   7.700          -0.7290000E+00
   7.720          -0.6720000E+01
   7.740          -0.1164300E+02
   7.760          -0.1006000E+02
   7.780          -0.5286000E+01
   7.800          -0.5190000E+00
   7.820           0.5553000E+01
   7.840           0.7261000E+01
   7.860           0.8098000E+01
   7.880           0.7297000E+01
   7.900           0.1087000E+01
   7.920          -0.5770000E+01
   7.940          -0.1031600E+02
   7.960          -0.1231600E+02
   7.980          -0.8666000E+01
   8.000          -0.3825000E+01
   8.020           0.1600000E-01
   8.040           0.1450000E+01
   8.060           0.9480000E+00
   8.080           0.5620000E+00
   8.100           0.1742000E+01
   8.120           0.1012000E+01
   8.140           0.7240000E+00
   8.160           0.2950000E+01
   8.180           0.4370000E+01
   8.200           0.4116000E+01
   8.220           0.1249000E+01
   8.240          -0.3651000E+01
   8.260          -0.4198000E+01
   8.280          -0.2432000E+01
   8.300          -0.3565000E+01
   8.320          -0.3221000E+01
   8.340          -0.2191000E+01
   8.360          -0.3086000E+01
   8.380          -0.3199000E+01
   8.400          -0.3080000E+00
   8.420           0.2939000E+01
   8.440           0.4525000E+01
   8.460           0.4118000E+01
   8.480           0.1320000E+00
   8.500          -0.3870000E+01
   8.520          -0.3342000E+01
   8.540          -0.3563000E+01
   8.560          -0.4129000E+01
   8.580          -0.7561000E+01
   8.600          -0.1342200E+02
   8.620          -0.1214300E+02
   8.640          -0.1683000E+01
   8.660           0.6858000E+01
   8.680           0.1360600E+02
   8.700           0.1473800E+02
   8.720           0.1152000E+02
   8.740           0.7447000E+01
   8.760           0.1300000E-01
   8.780          -0.7290000E+00
   8.800           0.4138000E+01
   8.820           0.8782000E+01
   8.840           0.9253000E+01
   8.860           0.6519000E+01
   8.880           0.6920000E+01
   8.900           0.8449000E+01
   8.920           0.1780000E+01
   8.940          -0.6566000E+01
   8.960          -0.1267700E+02
   8.980          -0.1568600E+02
   9.000          -0.1127400E+02
   9.020          -0.3434000E+01
   9.040          -0.3053000E+01
   9.060          -0.5600000E+00
   9.080           0.3554000E+01
   9.100          -0.1161000E+01
   9.120          -0.5853000E+01
   9.140          -0.2409000E+01
   9.160           0.2700000E-01
   9.180          -0.3000000E-01
   9.200           0.1314000E+01
   9.220           0.2030000E+00
   9.240          -0.1339000E+01
   9.260          -0.4090000E+00
   9.280           0.7980000E+00
   9.300           0.2110000E+00
   9.320           0.4180000E+00
   9.340          -0.1879000E+01
   9.360          -0.2196000E+01
   9.380          -0.3274000E+01
   9.400          -0.4983000E+01
   9.420          -0.3392000E+01
   9.440           0.8840000E+00
   9.460           0.5802000E+01
   9.480           0.1329400E+02
   9.500           0.1757800E+02
   9.520           0.1389100E+02
   9.540           0.7367000E+01
   9.560          -0.1760000E+01
   9.580          -0.1123600E+02
   9.600          -0.1163100E+02
   9.620          -0.5723000E+01
   9.640           0.3850000E+00
   9.660           0.2177000E+01
   9.680          -0.3805000E+01
   9.700          -0.1433900E+02
   9.720          -0.1666000E+02
   9.740          -0.1149500E+02
   9.760          -0.8839000E+01
   9.780          -0.8964000E+01
   9.800          -0.6000000E-01
   9.820           0.1093400E+02
   9.840           0.1479600E+02
   9.860           0.1390300E+02
   9.880           0.1126600E+02
   9.900           0.9210000E+00
   9.920          -0.6202000E+01
   9.940          -0.1090400E+02
   9.960          -0.1025900E+02
   9.980           0.1189000E+01
  10.000           0.1055200E+02
  10.020           0.1075400E+02
  10.040           0.5453000E+01
  10.060          -0.5208000E+01
  10.080          -0.7218000E+01
  10.100          -0.3648000E+01
  10.120          -0.2746000E+01
  10.140           0.2630000E+00
  10.160           0.1562000E+01
  10.180          -0.8750000E+00
  10.200          -0.5598000E+01
  10.220          -0.8728000E+01
  10.240          -0.5445000E+01
  10.260          -0.2238000E+01
  10.280          -0.6160000E+00
  10.300           0.2447000E+01
  10.320           0.4042000E+01
  10.340          -0.2462000E+01
  10.360          -0.6592000E+01
  10.380          -0.2670000E+01
  10.400           0.2600000E+01
  10.420           0.5641000E+01
  10.440           0.7076000E+01
  10.460           0.2130000E+01
  10.480          -0.5427000E+01
  10.500          -0.6205000E+01
  10.520          -0.4445000E+01
  10.540           0.2150000E+00
  10.560           0.7449000E+01
  10.580           0.2867000E+01
  10.600          -0.3510000E+01
  10.620          -0.7195000E+01
  10.640          -0.6887000E+01
  10.660           0.3447000E+01
  10.680           0.7831000E+01
  10.700          -0.1320000E+00
  10.720          -0.6321000E+01
  10.740          -0.7189000E+01
  10.760          -0.9557000E+01
  10.780          -0.1085000E+02
  10.800          -0.4448000E+01
  10.820           0.1657000E+01
  10.840           0.3540000E+00
  10.860           0.4086000E+01
  10.880           0.1263100E+02
  10.900           0.1415800E+02
  10.920           0.7453000E+01
  10.940          -0.2634000E+01
  10.960          -0.6455000E+01
  10.980          -0.3590000E+01
  11.000          -0.4160000E+01
  11.020          -0.5547000E+01
  11.040          -0.1768000E+01
  11.060           0.2689000E+01
  11.080           0.2309000E+01
  11.100          -0.4757000E+01
  11.120          -0.1363400E+02
  11.140          -0.1278700E+02
  11.160           0.9080000E+00
  11.180           0.1260500E+02
  11.200           0.2099900E+02
  11.220           0.2453200E+02
  11.240           0.1156900E+02
  11.260          -0.6240000E+00
  11.280          -0.9060000E+00
  11.300           0.3601000E+01
  11.320           0.4062000E+01
  11.340           0.8235000E+01
  11.360           0.4844000E+01
  11.380          -0.2682000E+01
  11.400          -0.3878000E+01
  11.420          -0.6047000E+01
  11.440          -0.1334400E+02
  11.460          -0.8969000E+01
  11.480          -0.1639000E+01
  11.500          -0.2343000E+01
  11.520          -0.1059400E+02
  11.540          -0.1345300E+02
  11.560          -0.6488000E+01
  11.580          -0.3491000E+01
  11.600          -0.8218000E+01
  11.620          -0.2538000E+01
  11.640          -0.2183000E+01
  11.660          -0.1909000E+01
  11.680           0.6254000E+01
  11.700           0.3376000E+01
  11.720           0.1057000E+01
  11.740           0.3220000E+00
  11.760          -0.7421000E+01
  11.780          -0.2592000E+01
  11.800           0.5020000E+01
  11.820           0.5585000E+01
  11.840           0.7764000E+01
  11.860           0.1126600E+02
  11.880           0.6677000E+01
  11.900          -0.5812000E+01
  11.920          -0.1034800E+02
  11.940          -0.5290000E+00
  11.960           0.8241000E+01
  11.980           0.1139000E+02
  12.000           0.9197000E+01
  12.020           0.7452000E+01
  12.040           0.6896000E+01
  12.060           0.7546000E+01
  12.080           0.1740000E+00
  12.100          -0.9423000E+01
  12.120           0.3310000E+00
  12.140           0.1288900E+02
  12.160           0.4820000E+01
  12.180          -0.5122000E+01
  12.200          -0.1180000E+01
  12.220           0.4886000E+01
  12.240          -0.2940000E+00
  12.260          -0.9877000E+01
  12.280          -0.1134300E+02
  12.300          -0.1059100E+02
  12.320          -0.4162000E+01
  12.340          -0.4001000E+01
  12.360          -0.1166100E+02
  12.380          -0.1082600E+02
  12.400          -0.5550000E+00
  12.420           0.2738000E+01
  12.440          -0.5888000E+01
  12.460          -0.9664000E+01
  12.480          -0.8318000E+01
  12.500          -0.9931000E+01
  12.520           0.5110000E+00
  12.540           0.2875000E+01
  12.560          -0.1972000E+01
  12.580           0.9407000E+01
  12.600           0.1974300E+02
  12.620           0.1414800E+02
  12.640           0.1014500E+02
  12.660           0.3792000E+01
  12.680          -0.6246000E+01
  12.700          -0.5007000E+01
  12.720          -0.8423000E+01
  12.740          -0.2153900E+02
  12.760          -0.2228900E+02
  12.780          -0.1351900E+02
  12.800          -0.1053000E+01
  12.820           0.6550000E+01
  12.840           0.1352200E+02
  12.860           0.1746600E+02
  12.880           0.2382300E+02
  12.900           0.1932200E+02
  12.920           0.7894000E+01
  12.940           0.3399000E+01
  12.960           0.5201000E+01
  12.980           0.1430000E+00
  13.000          -0.1812000E+01
  13.020          -0.4598000E+01
  13.040          -0.9220000E+00
  13.060           0.1723000E+01
  13.080          -0.4822000E+01
  13.100          -0.7117000E+01
  13.120          -0.1945000E+01
  13.140           0.2406000E+01
  13.160           0.3591000E+01
  13.180          -0.1036000E+01
  13.200          -0.5823000E+01
  13.220           0.1330000E+00
  13.240           0.8347000E+01
  13.260           0.7138000E+01
  13.280           0.5746000E+01
  13.300           0.1575000E+01
  13.320          -0.6910000E+01
  13.340          -0.1344300E+02
  13.360          -0.6657000E+01
  13.380          -0.2583000E+01
  13.400           0.6244000E+01
  13.420           0.1427100E+02
  13.440           0.1572600E+02
  13.460           0.8483000E+01
  13.480          -0.1569000E+01
  13.500          -0.8266000E+01
  13.520          -0.1657300E+02
  13.540          -0.1336300E+02
  13.560          -0.8597000E+01
  13.580          -0.7906000E+01
  13.600          -0.1762000E+01
  13.620          -0.4580000E+00
  13.640          -0.5308000E+01
  13.660           0.3537000E+01
  13.680           0.2041800E+02
  13.700           0.2442000E+02
  13.720           0.1203700E+02
  13.740          -0.4426000E+01
  13.760          -0.1162900E+02
  13.780          -0.7699000E+01
  13.800          -0.4820000E+00
  13.820           0.4894000E+01
  13.840          -0.3264000E+01
  13.860          -0.1177300E+02
  13.880          -0.2740700E+02
  13.900          -0.3343000E+02
  13.920          -0.1676300E+02
  13.940           0.2839000E+01
  13.960           0.5989000E+01
  13.980           0.6804000E+01
  14.000           0.1397900E+02
  14.020           0.1487100E+02
  14.040           0.3920000E+01
  14.060           0.7070000E+01
  14.080           0.5230000E+01
  14.100           0.6014000E+01
  14.120           0.1804800E+02
  14.140           0.1635500E+02
  14.160          -0.2783000E+01
  14.180          -0.4468000E+01
  14.200           0.4070000E+01
  14.220           0.1917000E+01
  14.240           0.3726000E+01
  14.260           0.6798000E+01
  14.280           0.2105000E+01
  14.300           0.8730000E+00
  14.320           0.3586000E+01
  14.340          -0.5515000E+01
  14.360          -0.2231600E+02
  14.380          -0.2378700E+02
  14.400          -0.1572300E+02
  14.420          -0.4191000E+01
  14.440           0.2752000E+01
  14.460           0.3234000E+01
  14.480          -0.1083000E+01
  14.500          -0.8314000E+01
  14.520          -0.1765400E+02
  14.540          -0.2278400E+02
  14.560          -0.1864000E+02
  14.580           0.2494000E+01
  14.600           0.2550100E+02
  14.620           0.2752400E+02
  14.640           0.1740200E+02
  14.660           0.1541700E+02
  14.680           0.6358000E+01
  14.700          -0.1026000E+01
  14.720          -0.3420000E+00
  14.740          -0.5832000E+01
  14.760          -0.3101000E+01
  14.780           0.8623000E+01
  14.800           0.1259500E+02
  14.820           0.4509000E+01
  14.840          -0.1659000E+01
  14.860          -0.8037000E+01
  14.880          -0.1471800E+02
  14.900          -0.1358200E+02
  14.920          -0.8950000E+01
  14.940           0.2243000E+01
  14.960           0.1279900E+02
  14.980           0.1210700E+02
  15.000           0.3916000E+01
  15.020          -0.6980000E+01
  15.040          -0.9330000E+01
  15.060           0.9301000E+01
  15.080           0.1920000E+02
  15.100           0.1324800E+02
  15.120           0.6566000E+01
  15.140           0.4371000E+01
  15.160           0.1109100E+02
  15.180           0.1253600E+02
  15.200           0.6707000E+01
  15.220           0.2663000E+01
  15.240          -0.3350000E+00
  15.260          -0.1772500E+02
  15.280          -0.3547300E+02
  15.300          -0.3236700E+02
  15.320          -0.9601000E+01
  15.340           0.4078000E+01
  15.360           0.9312000E+01
  15.380           0.1655500E+02
  15.400           0.1621200E+02
  15.420           0.1857100E+02
  15.440           0.2943100E+02
  15.460           0.2445900E+02
  15.480           0.8590000E+00
  15.500          -0.2389000E+02
  15.520          -0.3212800E+02
  15.540          -0.2840100E+02
  15.560          -0.2066100E+02
  15.580          -0.5962000E+01
  15.600           0.3325000E+01
  15.620           0.1004700E+02
  15.640           0.9549000E+01
  15.660          -0.4926000E+01
  15.680          -0.5119000E+01
  15.700          -0.7750000E+00
  15.720          -0.4360000E+01
  15.740          -0.1449000E+02
  15.760          -0.1335000E+02
  15.780          -0.2820000E+01
  15.800           0.1418000E+02
  15.820           0.1312000E+02
  15.840           0.2459000E+01
  15.860           0.4426000E+01
  15.880           0.1290900E+02
  15.900           0.1803000E+02
  15.920           0.1054500E+02
  15.940          -0.1008000E+01
  15.960          -0.7320000E+01
  15.980          -0.1484600E+02
  16.000          -0.1851200E+02
  16.020          -0.1426600E+02
  16.040          -0.1189400E+02
  16.060          -0.5499000E+01
  16.080          -0.8060000E+00
  16.100           0.1191000E+01
  16.120           0.1141000E+02
  16.140           0.1664900E+02
  16.160           0.8167000E+01
  16.180           0.7018000E+01
  16.200           0.8524000E+01
  16.220           0.5466000E+01
  16.240           0.4323000E+01
  16.260          -0.5272000E+01
  16.280          -0.1090200E+02
  16.300          -0.1182100E+02
  16.320          -0.1024400E+02
  16.340          -0.1110000E+02
  16.360          -0.3795000E+01
  16.380           0.1254100E+02
  16.400           0.2160800E+02
  16.420           0.1372800E+02
  16.440          -0.4542000E+01
  16.460          -0.2613000E+01
  16.480           0.1094800E+02
  16.500           0.1134400E+02
  16.520           0.6676000E+01
  16.540          -0.1730000E+01
  16.560          -0.9144000E+01
  16.580          -0.7791000E+01
  16.600           0.8785000E+01
  16.620           0.1591000E+02
  16.640           0.1192700E+02
  16.660           0.8085000E+01
  16.680          -0.4949000E+01
  16.700          -0.1242400E+02
  16.720          -0.9896000E+01
  16.740          -0.2190000E+00
  16.760           0.1234700E+02
  16.780           0.6639000E+01
  16.800          -0.8750000E+00
  16.820          -0.6674000E+01
  16.840          -0.1557300E+02
  16.860          -0.1814100E+02
  16.880          -0.1368300E+02
  16.900          -0.5500000E+01
  16.920           0.1036000E+01
  16.940          -0.2665000E+01
  16.960          -0.2516000E+01
  16.980           0.1024700E+02
  17.000           0.1043900E+02
  17.020          -0.1459000E+01
  17.040          -0.2511000E+01
  17.060           0.4126000E+01
  17.080          -0.5050000E+00
  17.100           0.1118000E+01
  17.120           0.6538000E+01
  17.140          -0.1897000E+01
  17.160          -0.1205700E+02
  17.180          -0.1488000E+02
  17.200          -0.2177400E+02
  17.220          -0.2219700E+02
  17.240          -0.4408000E+01
  17.260           0.1197900E+02
  17.280           0.1472800E+02
  17.300           0.1073200E+02
  17.320           0.1601900E+02
  17.340           0.1553600E+02
  17.360           0.5685000E+01
  17.380           0.8210000E+00
  17.400           0.2145000E+01
  17.420           0.1130000E+01
  17.440          -0.3477000E+01
  17.460          -0.7320000E+01
  17.480          -0.1386800E+02
  17.500          -0.5936000E+01
  17.520           0.7720000E+01
  17.540           0.9981000E+01
  17.560           0.1299600E+02
  17.580           0.1119900E+02
  17.600           0.2546000E+01
  17.620          -0.6656000E+01
  17.640          -0.1931400E+02
  17.660          -0.2522300E+02
  17.680          -0.1765200E+02
  17.700           0.4820000E+00
  17.720           0.1016400E+02
  17.740           0.4149000E+01
  17.760          -0.5992000E+01
  17.780          -0.2943000E+01
  17.800           0.7805000E+01
  17.820           0.1708900E+02
  17.840           0.1795100E+02
  17.860           0.1385400E+02
  17.880           0.2980000E+01
  17.900          -0.8079000E+01
  17.920          -0.1034000E+02
  17.940          -0.1011500E+02
  17.960          -0.1488300E+02
  17.980           0.2746000E+01
  18.000           0.1991500E+02
  18.020           0.1808700E+02
  18.040           0.4784000E+01
  18.060          -0.7073000E+01
  18.080          -0.8748000E+01
  18.100          -0.7583000E+01
  18.120          -0.1540200E+02
  18.140          -0.1827600E+02
  18.160           0.1608000E+01
  18.180           0.1784700E+02
  18.200           0.1882200E+02
  18.220           0.1752300E+02
  18.240           0.3319000E+01
  18.260          -0.8326000E+01
  18.280          -0.2000600E+02
  18.300          -0.3321500E+02
  18.320          -0.3599100E+02
  18.340          -0.1461000E+02
  18.360           0.1293100E+02
  18.380           0.1834700E+02
  18.400           0.9652000E+01
  18.420           0.3754000E+01
  18.440          -0.5640000E+00
  18.460           0.4802000E+01
  18.480           0.1104100E+02
  18.500           0.1292400E+02
  18.520           0.1298300E+02
  18.540           0.5388000E+01
  18.560          -0.4546000E+01
  18.580          -0.1076800E+02
  18.600          -0.1880400E+02
  18.620          -0.1582200E+02
  18.640          -0.1090800E+02
  18.660          -0.1105400E+02
  18.680          -0.1626000E+01
  18.700           0.6525000E+01
  18.720           0.5170000E+01
  18.740           0.1605000E+01
  18.760           0.1786000E+01
  18.780           0.1228500E+02
  18.800           0.1635900E+02
  18.820           0.1464900E+02
  18.840           0.1053500E+02
  18.860           0.1964000E+01
  18.880          -0.1239900E+02
  18.900          -0.1537100E+02
  18.920           0.1780000E+00
  18.940           0.4362000E+01
  18.960           0.1224900E+02
  18.980           0.2415700E+02
  19.000           0.1813600E+02
  19.020           0.7920000E+01
  19.040           0.2815000E+01
  19.060          -0.1005000E+01
  19.080          -0.9143000E+01
  19.100          -0.1138400E+02
  19.120          -0.9208000E+01
  19.140          -0.9089000E+01
  19.160          -0.5471000E+01
  19.180           0.3642000E+01
  19.200           0.1740300E+02
  19.220           0.1433200E+02
  19.240           0.9312000E+01
  19.260          -0.9080000E+00
  19.280          -0.2117500E+02
  19.300          -0.1801000E+02
  19.320           0.4255000E+01
  19.340           0.9647000E+01
  19.360           0.2627000E+01
  19.380          -0.6500000E+01
  19.400          -0.1069600E+02
  19.420           0.6200000E-01
  19.440           0.2621700E+02
  19.460           0.2632600E+02
  19.480           0.1374000E+01
  19.500          -0.1340600E+02
  19.520          -0.1047300E+02
  19.540          -0.7560000E+01
  19.560          -0.6932000E+01
  19.580          -0.1701000E+01
  19.600          -0.1840000E+00
  19.620          -0.3500000E+00
  19.640           0.3631000E+01
  19.660          -0.4085000E+01
  19.680          -0.8254000E+01
  19.700           0.1125000E+01
  19.720          -0.4480000E+00
  19.740          -0.1952400E+02
  19.760          -0.1817700E+02
  19.780           0.2088000E+01
  19.800           0.7451000E+01
  19.820           0.1253100E+02
  19.840           0.2046700E+02
  19.860           0.1629200E+02
  19.880           0.1193200E+02
  19.900           0.2106000E+01
  19.920          -0.7462000E+01
  19.940          -0.1831600E+02
  19.960          -0.1830900E+02
  19.980          -0.1145000E+01
  20.000           0.1256800E+02
  20.020           0.1625400E+02
  20.040           0.2079100E+02
  20.060           0.2070800E+02
  20.080           0.6019000E+01
  20.100           0.9130000E+00
  20.120           0.1054000E+01
  20.140          -0.6220000E+00
  20.160           0.2267000E+01
  20.180          -0.1500000E+01
  20.200          -0.1076400E+02
  20.220          -0.1678400E+02
  20.240          -0.1996400E+02
  20.260          -0.8427000E+01
  20.280           0.5628000E+01
  20.300           0.1919500E+02
  20.320           0.2108900E+02
  20.340           0.1023900E+02
  20.360          -0.2841000E+01
  20.380          -0.1747300E+02
  20.400          -0.2939500E+02
  20.420          -0.2763300E+02
  20.440          -0.1442100E+02
  20.460          -0.7571000E+01
  20.480          -0.9946000E+01
  20.500          -0.1632700E+02
  20.520          -0.2081800E+02
  20.540          -0.1890200E+02
  20.560          -0.4118000E+01
  20.580           0.1216300E+02
  20.600           0.1979500E+02
  20.620           0.3123400E+02
  20.640           0.2895000E+02
  20.660           0.1976800E+02
  20.680           0.1379300E+02
  20.700           0.1156400E+02
  20.720           0.1091700E+02
  20.740           0.4213000E+01
  20.760           0.8360000E+00
  20.780          -0.7265000E+01
  20.800          -0.2147500E+02
  20.820          -0.1463000E+02
  20.840          -0.4313000E+01
  20.860           0.2470000E+00
  20.880           0.2351000E+01
  20.900           0.4957000E+01
  20.920           0.5925000E+01
  20.940           0.3975000E+01
  20.960           0.5840000E+01
  20.980           0.3489000E+01
  21.000           0.1893000E+01
  21.020           0.3270000E+01
  21.040          -0.7312000E+01
  21.060          -0.1214100E+02
  21.080           0.1540000E+00
  21.100           0.1253400E+02
  21.120           0.5479000E+01
  21.140          -0.7566000E+01
  21.160          -0.1446300E+02
  21.180          -0.1488500E+02
  21.200          -0.2195800E+02
  21.220          -0.2578600E+02
  21.240          -0.4595000E+01
  21.260           0.1727300E+02
  21.280           0.2784800E+02
  21.300           0.2718700E+02
  21.320           0.1515000E+02
  21.340           0.1122000E+01
  21.360          -0.3942000E+01
  21.380          -0.1040500E+02
  21.400          -0.1208800E+02
  21.420          -0.9334000E+01
  21.440          -0.5743000E+01
  21.460           0.7763000E+01
  21.480           0.2021900E+02
  21.500           0.1985500E+02
  21.520           0.1286000E+02
  21.540          -0.1618000E+01
  21.560          -0.1817700E+02
  21.580          -0.3059800E+02
  21.600          -0.2245700E+02
  21.620           0.4774000E+01
  21.640           0.2148700E+02
  21.660           0.1660300E+02
  21.680           0.2448000E+01
  21.700          -0.1607100E+02
  21.720          -0.2217700E+02
  21.740          -0.6611000E+01
  21.760           0.1045100E+02
  21.780           0.1221600E+02
  21.800           0.1786200E+02
  21.820           0.1778700E+02
  21.840           0.1921000E+01
  21.860          -0.1191600E+02
  21.880          -0.8818000E+01
  21.900          -0.4783000E+01
  21.920          -0.4568000E+01
  21.940           0.6084000E+01
  21.960           0.1230600E+02
  21.980           0.5926000E+01
  22.000          -0.5739000E+01
  22.020          -0.1043600E+02
  22.040           0.2389000E+01
  22.060           0.1533800E+02
  22.080           0.1812400E+02
  22.100           0.1372600E+02
  22.120          -0.2638000E+01
  22.140          -0.1447800E+02
  22.160          -0.1219100E+02
  22.180          -0.1485000E+02
  22.200          -0.1646200E+02
  22.220          -0.1145700E+02
  22.240          -0.3161000E+01
  22.260           0.1298000E+01
  22.280           0.7251000E+01
  22.300           0.1549700E+02
  22.320           0.1061700E+02
  22.340          -0.6649000E+01
  22.360          -0.1097600E+02
  22.380          -0.1126300E+02
  22.400          -0.1175600E+02
  22.420          -0.2300000E+00
  22.440           0.1217400E+02
  22.460           0.6071000E+01
  22.480          -0.6529000E+01
  22.500          -0.8870000E+01
  22.520          -0.1166900E+02
  22.540          -0.9783000E+01
  22.560          -0.7149000E+01
  22.580          -0.4254000E+01
  22.600          -0.9320000E+00
  22.620           0.7576000E+01
  22.640           0.7845000E+01
  22.660          -0.1327000E+01
  22.680          -0.4086000E+01
  22.700           0.1010400E+02
  22.720           0.1364900E+02
  22.740          -0.2069000E+01
  22.760          -0.9217000E+01
  22.780          -0.8533000E+01
  22.800          -0.5392000E+01
  22.820           0.2003000E+01
  22.840           0.5761000E+01
  22.860           0.1575000E+01
  22.880           0.4400000E+00
  22.900           0.1159000E+01
  22.920          -0.1066000E+01
  22.940          -0.1950000E+00
  22.960           0.9729000E+01
  22.980           0.1695900E+02
  23.000           0.1093100E+02
  23.020           0.4898000E+01
  23.040          -0.7194000E+01
  23.060          -0.1371100E+02
  23.080          -0.5195000E+01
  23.100           0.1744000E+01
  23.120          -0.3480000E+00
  23.140           0.1458000E+01
  23.160           0.5668000E+01
  23.180           0.3591000E+01
  23.200          -0.1883000E+01
  23.220          -0.1323000E+01
  23.240           0.2163000E+01
  23.260           0.1082300E+02
  23.280           0.2144500E+02
  23.300           0.1572400E+02
  23.320           0.5380000E+00
  23.340          -0.7120000E+01
  23.360          -0.9652000E+01
  23.380          -0.9077000E+01
  23.400          -0.9401000E+01
  23.420          -0.8843000E+01
  23.440          -0.7286000E+01
  23.460          -0.2109000E+01
  23.480           0.3443000E+01
  23.500          -0.3170000E+01
  23.520          -0.3638000E+01
  23.540           0.1803000E+01
  23.560          -0.5148000E+01
  23.580          -0.6334000E+01
  23.600           0.1791000E+01
  23.620           0.6966000E+01
  23.640           0.5212000E+01
  23.660          -0.5833000E+01
  23.680          -0.1833500E+02
  23.700          -0.1986600E+02
  23.720          -0.8720000E+01
  23.740           0.9727000E+01
  23.760           0.1835100E+02
  23.780           0.1450800E+02
  23.800           0.1140800E+02
  23.820           0.1059000E+01
  23.840          -0.1032200E+02
  23.860          -0.1050000E+02
  23.880           0.6110000E+00
  23.900           0.5806000E+01
  23.920          -0.4480000E+00
  23.940           0.2856000E+01
  23.960           0.5376000E+01
  23.980           0.5393000E+01
  24.000           0.1026700E+02
  24.020           0.5046000E+01
  24.040          -0.8803000E+01
  24.060          -0.1516400E+02
  24.080          -0.5816000E+01
  24.100           0.5834000E+01
  24.120           0.9556000E+01
  24.140           0.6635000E+01
  24.160          -0.7397000E+01
  24.180          -0.1971600E+02
  24.200          -0.1652400E+02
  24.220          -0.4028000E+01
  24.240           0.3257000E+01
  24.260           0.7244000E+01
  24.280           0.1083400E+02
  24.300           0.9175000E+01
  24.320           0.5657000E+01
  24.340           0.7493000E+01
  24.360           0.9818000E+01
  24.380           0.5439000E+01
  24.400           0.7130000E+00
  24.420          -0.2937000E+01
  24.440          -0.5646000E+01
  24.460          -0.8648000E+01
  24.480          -0.8360000E+01
  24.500          -0.2244000E+01
  24.520           0.2743000E+01
  24.540           0.1076200E+02
  24.560           0.1827800E+02
  24.580           0.1843200E+02
  24.600           0.1377500E+02
  24.620           0.8846000E+01
  24.640          -0.4255000E+01
  24.660          -0.1983500E+02
  24.680          -0.2466700E+02
  24.700          -0.1418900E+02
  24.720          -0.4505000E+01
  24.740          -0.1028000E+01
  24.760           0.6087000E+01
  24.780           0.1057500E+02
  24.800          -0.3230000E+00
  24.820          -0.1208600E+02
  24.840          -0.1679200E+02
  24.860          -0.1299300E+02
  24.880           0.4140000E+00
  24.900           0.1232800E+02
  24.920           0.3818000E+01
  24.940          -0.1306200E+02
  24.960          -0.1683900E+02
  24.980          -0.9555000E+01
  25.000          -0.2021000E+01
  25.020           0.3068000E+01
  25.040           0.4920000E+01
  25.060           0.5160000E+01
  25.080           0.3631000E+01
  25.100           0.2661000E+01
  25.120           0.2752000E+01
  25.140           0.3148000E+01
  25.160           0.4251000E+01
  25.180           0.7310000E+00
  25.200          -0.4165000E+01
  25.220           0.3854000E+01
  25.240           0.1310700E+02
  25.260           0.1159100E+02
  25.280           0.7138000E+01
  25.300           0.3463000E+01
  25.320          -0.3660000E+00
  25.340          -0.6456000E+01
  25.360          -0.6545000E+01
  25.380          -0.1910000E+01
  25.400           0.2620000E+00
  25.420          -0.2649000E+01
  25.440          -0.1220000E+00
  25.460           0.6140000E+01
  25.480           0.5935000E+01
  25.500           0.6489000E+01
  25.520           0.9562000E+01
  25.540           0.7678000E+01
  25.560           0.7746000E+01
  25.580           0.3354000E+01
  25.600          -0.9232000E+01
  25.620          -0.1116400E+02
  25.640          -0.4281000E+01
  25.660           0.2270000E+00
  25.680           0.4620000E+00
  25.700          -0.2659000E+01
  25.720          -0.3439000E+01
  25.740          -0.2526000E+01
  25.760           0.3920000E+00
  25.780           0.2010000E+00
  25.800           0.1042000E+01
  25.820           0.2288000E+01
  25.840          -0.3454000E+01
  25.860          -0.1122700E+02
  25.880          -0.9807000E+01
  25.900          -0.1192000E+01
  25.920           0.7945000E+01
  25.940           0.9350000E+01
  25.960           0.2910000E+01
  25.980          -0.2088000E+01
  26.000          -0.2116000E+01
  26.020           0.4030000E+00
  26.040           0.5426000E+01
  26.060           0.6548000E+01
  26.080           0.1238000E+02
  26.100           0.1554400E+02
  26.120           0.1198600E+02
  26.140           0.1722000E+01
  26.160          -0.1006300E+02
  26.180          -0.1516800E+02
  26.200          -0.1255000E+02
  26.220          -0.6912000E+01
  26.240          -0.1160000E+00
  26.260           0.3757000E+01
  26.280           0.7872000E+01
  26.300           0.8278000E+01
  26.320           0.1879000E+01
  26.340          -0.3704000E+01
  26.360          -0.2663000E+01
  26.380          -0.3939000E+01
  26.400          -0.1478000E+01
  26.420          -0.1259000E+01
  26.440          -0.6891000E+01
  26.460          -0.1106400E+02
  26.480          -0.1107800E+02
  26.500          -0.9710000E+01
  26.520          -0.4516000E+01
  26.540           0.6294000E+01
  26.560           0.1552100E+02
  26.580           0.1146500E+02
  26.600           0.2867000E+01
  26.620          -0.3975000E+01
  26.640          -0.6013000E+01
  26.660           0.6090000E+00
  26.680           0.5011000E+01
  26.700           0.7868000E+01
  26.720           0.1140400E+02
  26.740           0.1258900E+02
  26.760           0.8129000E+01
  26.780          -0.5750000E+00
  26.800          -0.4861000E+01
  26.820          -0.2437000E+01
  26.840          -0.2564000E+01
  26.860          -0.5291000E+01
  26.880          -0.2641000E+01
  26.900           0.3522000E+01
  26.920           0.6124000E+01
  26.940           0.1706000E+01
  26.960          -0.9406000E+01
  26.980          -0.1536500E+02
  27.000          -0.1155900E+02
  27.020          -0.6470000E+01
  27.040          -0.5361000E+01
  27.060          -0.3945000E+01
  27.080          -0.2130000E+01
  27.100          -0.2056000E+01
  27.120          -0.4096000E+01
  27.140          -0.3482000E+01
  27.160           0.1703000E+01
  27.180           0.2788000E+01
  27.200           0.5570000E+00
  27.220           0.3270000E+00
  27.240           0.1849000E+01
  27.260           0.4742000E+01
  27.280           0.2671000E+01
  27.300          -0.5406000E+01
  27.320          -0.7989000E+01
  27.340          -0.2881000E+01
  27.360           0.3859000E+01
  27.380           0.6454000E+01
  27.400           0.3452000E+01
  27.420           0.1153000E+01
  27.440          -0.1029000E+01
  27.460          -0.5724000E+01
  27.480          -0.6489000E+01
  27.500          -0.2240000E+01
  27.520           0.2179000E+01
  27.540           0.7095000E+01
  27.560           0.4438000E+01
  27.580          -0.2721000E+01
  27.600          -0.3437000E+01
  27.620           0.4330000E+00
  27.640           0.3688000E+01
  27.660           0.4721000E+01
  27.680           0.5373000E+01
  27.700           0.5644000E+01
  27.720           0.4119000E+01
  27.740           0.7990000E+00
  27.760          -0.3235000E+01
  27.780          -0.7518000E+01
  27.800          -0.9988000E+01
  27.820          -0.5174000E+01
  27.840           0.1164000E+01
  27.860           0.4956000E+01
  27.880           0.2674000E+01
  27.900          -0.1089000E+01
  27.920          -0.3510000E+01
  27.940          -0.2350000E+01
  27.960           0.3028000E+01
  27.980           0.1361000E+01
  28.000          -0.3921000E+01
  28.020          -0.4150000E+01
  28.040          -0.6630000E+00
  28.060           0.1611000E+01
  28.080           0.2778000E+01
  28.100           0.2636000E+01
  28.120          -0.2258000E+01
  28.140          -0.7759000E+01
  28.160          -0.9171000E+01
  28.180          -0.9104000E+01
  28.200          -0.8287000E+01
  28.220          -0.5270000E+01
  28.240          -0.1547000E+01
  28.260           0.3035000E+01
  28.280           0.8843000E+01
  28.300           0.1014300E+02
  28.320           0.7205000E+01
  28.340           0.3610000E+01
  28.360           0.2360000E+00
  28.380          -0.1726000E+01
  28.400          -0.2352000E+01
  28.420          -0.3500000E+00
  28.440           0.6506000E+01
  28.460           0.1234800E+02
  28.480           0.1044700E+02
  28.500           0.1715000E+01
  28.520          -0.5602000E+01
  28.540          -0.3299000E+01
  28.560           0.1646000E+01
  28.580           0.3862000E+01
  28.600           0.5182000E+01
  28.620           0.1402000E+01
  28.640          -0.5269000E+01
  28.660          -0.9459000E+01
  28.680          -0.8410000E+01
  28.700          -0.4015000E+01
  28.720           0.8080000E+00
  28.740           0.5030000E+01
  28.760           0.4864000E+01
  28.780           0.3413000E+01
  28.800           0.3795000E+01
  28.820           0.3361000E+01
  28.840           0.3106000E+01
  28.860           0.5807000E+01
  28.880           0.4687000E+01
  28.900           0.3540000E+00
  28.920           0.6190000E+00
  28.940           0.1457000E+01
  28.960          -0.2079000E+01
  28.980          -0.4817000E+01
  29.000          -0.4174000E+01
  29.020          -0.4000000E+01
  29.040          -0.3058000E+01
  29.060           0.1018000E+01
  29.080           0.3018000E+01
  29.100           0.3092000E+01
  29.120           0.3842000E+01
  29.140           0.3507000E+01
  29.160           0.9120000E+00
  29.180          -0.6030000E+00
  29.200          -0.7830000E+00
  29.220          -0.2309000E+01
  29.240          -0.4944000E+01
  29.260          -0.3501000E+01
  29.280           0.2223000E+01
  29.300           0.6339000E+01
  29.320           0.5460000E+01
  29.340           0.2467000E+01
  29.360          -0.2500000E-01
  29.380          -0.1474000E+01
  29.400          -0.4614000E+01
  29.420          -0.9318000E+01
  29.440          -0.1166700E+02
  29.460          -0.7016000E+01
  29.480          -0.1802000E+01
  29.500           0.3367000E+01
  29.520           0.8456000E+01
  29.540           0.9390000E+01
  29.560           0.9076000E+01
  29.580           0.6155000E+01
  29.600           0.1267000E+01
  29.620          -0.1093000E+01
  29.640          -0.8730000E+00
  29.660           0.3400000E+00
  29.680          -0.1502000E+01
  29.700          -0.3003000E+01
  29.720          -0.3004000E+01
  29.740          -0.5440000E+00
  29.760           0.2458000E+01
  29.780           0.3959000E+01
  29.800           0.2902000E+01
  29.820          -0.3240000E+00
  29.840          -0.2854000E+01
  29.860          -0.5927000E+01
  29.880          -0.7298000E+01
  29.900          -0.3466000E+01
  29.920           0.2847000E+01
  29.940           0.6919000E+01
  29.960           0.6620000E+01
  29.980           0.5115000E+01
  30.000           0.4346000E+01
  30.020           0.2538000E+01
  30.040           0.2463000E+01
  30.060           0.1447000E+01
  30.080          -0.3420000E+00
  30.100          -0.1530000E+01
  30.120          -0.3312000E+01
  30.140          -0.4921000E+01
  30.160          -0.4706000E+01
  30.180          -0.2816000E+01
  30.200          -0.1135000E+01
  30.220          -0.3123000E+01
  30.240          -0.7303000E+01
  30.260          -0.7514000E+01
  30.280          -0.5737000E+01
  30.300          -0.4583000E+01
  30.320          -0.1461000E+01
  30.340           0.1510000E+01
  30.360           0.3190000E+01
  30.380           0.2209000E+01
  30.400           0.7370000E+00
  30.420          -0.3950000E+00
  30.440          -0.3903000E+01
  30.460          -0.6263000E+01
  30.480          -0.5794000E+01
  30.500          -0.4090000E+01
  30.520          -0.6760000E+00
  30.540           0.8490000E+00
  30.560           0.1658000E+01
  30.580           0.1530000E+01
  30.600          -0.2010000E+00
  30.620           0.1033000E+01
  30.640           0.1798000E+01
  30.660          -0.2575000E+01
  30.680          -0.3641000E+01
  30.700          -0.8640000E+00
  30.720           0.1285000E+01
  30.740           0.3583000E+01
  30.760           0.6592000E+01
  30.780           0.9117000E+01
  30.800           0.7786000E+01
  30.820           0.6927000E+01
  30.840           0.6895000E+01
  30.860           0.2741000E+01
  30.880           0.2204000E+01
  30.900           0.4656000E+01
  30.920           0.4491000E+01
  30.940           0.2170000E+01
  30.960           0.1677000E+01
  30.980           0.1467000E+01
  31.000          -0.3990000E+00
  31.020          -0.2464000E+01
  31.040          -0.3984000E+01
  31.060          -0.7110000E+01
  31.080          -0.6852000E+01
  31.100          -0.3831000E+01
  31.120          -0.2555000E+01
  31.140          -0.2252000E+01
  31.160           0.2590000E+00
  31.180           0.2493000E+01
  31.200           0.3170000E+01
  31.220           0.2192000E+01
  31.240          -0.1106000E+01
  31.260          -0.4224000E+01
  31.280          -0.4694000E+01
  31.300          -0.3253000E+01
  31.320          -0.2240000E+01
  31.340          -0.1550000E+01
  31.360          -0.8110000E+00
  31.380          -0.1300000E+01
  31.400          -0.1563000E+01
  31.420          -0.2630000E+00
  31.440           0.1108000E+01
  31.460           0.1084000E+01
  31.480           0.6400000E+00
  31.500          -0.3430000E+00
  31.520          -0.2579000E+01
  31.540          -0.2269000E+01
  31.560           0.7060000E+00
  31.580           0.3821000E+01
  31.600           0.5520000E+01
  31.620           0.4507000E+01
  31.640           0.1207000E+01
  31.660          -0.9240000E+00
  31.680          -0.5990000E+00
  31.700           0.1670000E+01
  31.720           0.2714000E+01
  31.740           0.1401000E+01
  31.760          -0.3200000E-01
  31.780          -0.1935000E+01
  31.800          -0.3840000E+01
  31.820          -0.4242000E+01
  31.840          -0.3374000E+01
  31.860          -0.9750000E+00
  31.880          -0.3680000E+00
  31.900          -0.2076000E+01
  31.920           0.3500000E-01
  31.940           0.4309000E+01
  31.960           0.7648000E+01
  31.980           0.7360000E+01
  32.000           0.4033000E+01
  32.020           0.1501000E+01
  32.040           0.4280000E+00
  32.060           0.3600000E-01
  32.080           0.1850000E+00
  32.100           0.2527000E+01
  32.120           0.5758000E+01
  32.140           0.4963000E+01
  32.160           0.2467000E+01
  32.180           0.1602000E+01
  32.200          -0.8700000E+00
  32.220          -0.3960000E+01
  32.240          -0.5645000E+01
  32.260          -0.6376000E+01
  32.280          -0.3859000E+01
  32.300          -0.1800000E-01
  32.320           0.2876000E+01
  32.340           0.4076000E+01
  32.360           0.2907000E+01
  32.380           0.1738000E+01
  32.400          -0.4060000E+00
  32.420          -0.3555000E+01
  32.440          -0.5706000E+01
  32.460          -0.7724000E+01
  32.480          -0.8599000E+01
  32.500          -0.6120000E+01
  32.520          -0.4770000E+00
  32.540           0.4166000E+01
  32.560           0.5243000E+01
  32.580           0.3183000E+01
  32.600           0.1081000E+01
  32.620          -0.8460000E+00
  32.640          -0.3269000E+01
  32.660          -0.4818000E+01
  32.680          -0.5291000E+01
  32.700          -0.4521000E+01
  32.720          -0.3797000E+01
  32.740          -0.2440000E+01
  32.760           0.8570000E+00
  32.780           0.2245000E+01
  32.800           0.1955000E+01
  32.820           0.1182000E+01
  32.840          -0.3810000E+00
  32.860          -0.1286000E+01
  32.880          -0.3800000E+00
  32.900          -0.1234000E+01
  32.920          -0.2268000E+01
  32.940          -0.1525000E+01
  32.960          -0.5100000E+00
  32.980          -0.2660000E+00
  33.000          -0.1313000E+01
  33.020          -0.1378000E+01
  33.040          -0.1957000E+01
  33.060          -0.2620000E+01
  33.080          -0.4090000E+00
  33.100           0.2587000E+01
  33.120           0.5267000E+01
  33.140           0.7327000E+01
  33.160           0.6599000E+01
  33.180           0.3645000E+01
  33.200           0.1366000E+01
  33.220           0.1614000E+01
  33.240           0.1336000E+01
  33.260          -0.1400000E+01
  33.280          -0.2070000E+01
  33.300          -0.1804000E+01
  33.320          -0.2444000E+01
  33.340          -0.1011000E+01
  33.360           0.1304000E+01
  33.380           0.2047000E+01
  33.400           0.1983000E+01
  33.420           0.2580000E+00
  33.440          -0.2160000E+01
  33.460          -0.3555000E+01
  33.480          -0.3028000E+01
  33.500          -0.3110000E+01
  33.520          -0.5399000E+01
  33.540          -0.5941000E+01
  33.560          -0.4149000E+01
  33.580          -0.1841000E+01
  33.600           0.9390000E+00
  33.620           0.3585000E+01
  33.640           0.4296000E+01
  33.660           0.2934000E+01
  33.680           0.4390000E+00
  33.700          -0.2398000E+01
  33.720          -0.2881000E+01
  33.740          -0.7040000E+00
  33.760           0.1277000E+01
  33.780           0.2121000E+01
  33.800           0.1520000E+01
  33.820           0.4810000E+00
  33.840           0.7520000E+00
  33.860           0.2079000E+01
  33.880           0.2179000E+01
  33.900           0.1062000E+01
  33.920           0.4210000E+00
  33.940           0.5890000E+00
  33.960           0.1623000E+01
  33.980           0.2572000E+01
  34.000           0.2859000E+01
  34.020           0.3471000E+01
  34.040           0.4301000E+01
  34.060           0.4408000E+01
  34.080           0.2389000E+01
  34.100           0.1780000E+00
  34.120          -0.1502000E+01
  34.140          -0.2508000E+01
  34.160          -0.2067000E+01
  34.180          -0.6000000E+00
  34.200           0.8670000E+00
  34.220           0.1634000E+01
  34.240           0.1245000E+01
  34.260           0.1866000E+01
  34.280           0.1119000E+01
  34.300           0.3250000E+00
  34.320          -0.8000000E-01
  34.340          -0.9690000E+00
  34.360          -0.1456000E+01
  34.380          -0.9730000E+00
  34.400          -0.5310000E+00
  34.420           0.1910000E+00
  34.440           0.1104000E+01
  34.460           0.2154000E+01
  34.480           0.2204000E+01
  34.500           0.1579000E+01
  34.520           0.3430000E+00
  34.540          -0.4770000E+00
  34.560          -0.1286000E+01
  34.580          -0.9540000E+00
  34.600          -0.8960000E+00
  34.620          -0.1355000E+01
  34.640          -0.7220000E+00
  34.660           0.1097000E+01
  34.680           0.2645000E+01
  34.700           0.2557000E+01
  34.720           0.2880000E+00
  34.740          -0.8390000E+00
  34.760          -0.2000000E+00
  34.780           0.2080000E+00
  34.800           0.9400000E-01
  34.820           0.4730000E+00
  34.840           0.2260000E+00
  34.860          -0.5930000E+00
  34.880          -0.6850000E+00
  34.900          -0.5260000E+00
  34.920          -0.2270000E+00
  34.940           0.1270000E+01
  34.960           0.1468000E+01
  34.980           0.3730000E+00
  35.000          -0.5500000E+00
  35.020          -0.1273000E+01
  35.040          -0.1643000E+01
  35.060          -0.1404000E+01
  35.080          -0.7440000E+00
  35.100           0.7300000E+00
  35.120           0.1428000E+01
  35.140           0.1705000E+01
  35.160           0.1592000E+01
  35.180           0.9860000E+00
  35.200          -0.3400000E+00
  35.220          -0.1634000E+01
  35.240          -0.2132000E+01
  35.260          -0.2235000E+01
  35.280          -0.7480000E+00
  35.300           0.1448000E+01
  35.320           0.3521000E+01
  35.340           0.5146000E+01
  35.360           0.3928000E+01
  35.380           0.1327000E+01
  35.400          -0.5940000E+00
  35.420          -0.9180000E+00
  35.440          -0.4500000E-01
  35.460           0.9710000E+00
  35.480           0.1470000E+01
  35.500           0.3590000E+00
  35.520          -0.5680000E+00
  35.540          -0.2790000E+00
  35.560           0.7240000E+00
  35.580           0.1979000E+01
  35.600           0.1668000E+01
  35.620          -0.8060000E+00
  35.640          -0.2975000E+01
  35.660          -0.4197000E+01
  35.680          -0.3442000E+01
  35.700          -0.1455000E+01
  35.720          -0.1060000E+00
  35.740           0.2600000E+00
  35.760          -0.3600000E+00
  35.780          -0.2185000E+01
  35.800          -0.2933000E+01
  35.820          -0.2625000E+01
  35.840          -0.1989000E+01
  35.860          -0.1481000E+01
  35.880          -0.1399000E+01
  35.900          -0.1853000E+01
  35.920          -0.1749000E+01
  35.940          -0.3230000E+00
  35.960           0.1192000E+01
  35.980           0.1213000E+01
  36.000           0.9500000E-01
  36.020          -0.1274000E+01
  36.040          -0.2293000E+01
  36.060          -0.2408000E+01
  36.080          -0.9170000E+00
  36.100           0.2700000E+00
  36.120           0.3470000E+00
  36.140           0.4470000E+00
  36.160           0.6080000E+00
  36.180           0.8130000E+00
  36.200           0.1330000E+01
  36.220           0.1785000E+01
  36.240           0.1870000E+01
  36.260           0.1076000E+01
  36.280           0.1900000E-01
  36.300          -0.9180000E+00
  36.320          -0.1480000E+01
  36.340          -0.6690000E+00
  36.360           0.7130000E+00
  36.380           0.1216000E+01
  36.400           0.1468000E+01
  36.420           0.1001000E+01
  36.440          -0.1440000E+00
  36.460          -0.1073000E+01
  36.480          -0.1426000E+01
  36.500          -0.1030000E+01
  36.520          -0.4450000E+00
  36.540          -0.8100000E-01
  36.560           0.1550000E+00
  36.580           0.1750000E+00
  36.600           0.3500000E+00
  36.620           0.6500000E+00
  36.640           0.5890000E+00
  36.660           0.3670000E+00
  36.680          -0.6600000E-01
  36.700          -0.5620000E+00
  36.720          -0.8000000E+00
  36.740          -0.7540000E+00
  36.760          -0.2790000E+00
  36.780          -0.6500000E-01
  36.800          -0.3490000E+00
  36.820          -0.6470000E+00
  36.840          -0.9510000E+00
  36.860          -0.1215000E+01
  36.880          -0.1021000E+01
  36.900          -0.6230000E+00
  36.920          -0.3120000E+00
  36.940          -0.1030000E+00
  36.960          -0.2520000E+00
  36.980          -0.3300000E+00
  37.000          -0.1840000E+00
  37.020           0.3500000E-01
  37.040           0.4590000E+00
  37.060           0.6990000E+00
  37.080           0.6440000E+00
  37.100           0.4290000E+00
  37.120           0.1380000E+00
  37.140          -0.4300000E-01
  37.160           0.9300000E-01
  37.180           0.2400000E+00
  37.200           0.2810000E+00
  37.220           0.2420000E+00
  37.240           0.1050000E+00
  37.260          -0.8800000E-01
  37.280          -0.2310000E+00
  37.300          -0.2260000E+00
  37.320          -0.1220000E+00
  37.340          -0.1000000E+00
  37.360          -0.7400000E-01
  37.380          -0.5000000E-01
  37.400           0.8000000E-02
  37.420           0.6400000E-01
  37.440           0.1090000E+00
  37.460           0.9100000E-01
  37.480           0.5800000E-01
  37.500           0.2000000E-01
  37.520          -0.5000000E-02
  37.540           0.6000000E-02
  37.560           0.1600000E-01
  37.580           0.0000000E+00
  37.600           0.0000000E+00
  37.620           0.0000000E+00
  37.640           0.0000000E+00
  37.660           0.0000000E+00
  37.680           0.0000000E+00
  37.700           0.0000000E+00
  37.720           0.0000000E+00
  37.740           0.0000000E+00
  37.760           0.0000000E+00
  37.780           0.0000000E+00
  37.800           0.0000000E+00
  37.820           0.0000000E+00
  37.840           0.0000000E+00
  37.860           0.0000000E+00
  37.880           0.0000000E+00
  37.900           0.0000000E+00
  37.920           0.0000000E+00
  37.940           0.0000000E+00
  37.960           0.0000000E+00
  37.980           0.0000000E+00
  38.000           0.0000000E+00
  38.020           0.0000000E+00
  38.040           0.0000000E+00
  38.060           0.0000000E+00
  38.080           0.0000000E+00
  38.100           0.0000000E+00
  38.120           0.0000000E+00
  38.140           0.0000000E+00
  38.160           0.0000000E+00
  38.180           0.0000000E+00
  38.200           0.0000000E+00
  38.220           0.0000000E+00
  38.240           0.0000000E+00
  38.260           0.0000000E+00
  38.280           0.0000000E+00
  38.300           0.0000000E+00
  38.320           0.0000000E+00
  38.340           0.0000000E+00
  38.360           0.0000000E+00
  38.380           0.0000000E+00
  38.400           0.0000000E+00
  38.420           0.0000000E+00
  38.440           0.0000000E+00
  38.460           0.0000000E+00
  38.480           0.0000000E+00
  38.500           0.0000000E+00
  38.520           0.0000000E+00
  38.540           0.0000000E+00
  38.560           0.0000000E+00
  38.580           0.0000000E+00
  38.600           0.0000000E+00
  38.620           0.0000000E+00
  38.640           0.0000000E+00
  38.660           0.0000000E+00
  38.680           0.0000000E+00
  38.700           0.0000000E+00
  38.720           0.0000000E+00
  38.740           0.0000000E+00
  38.760           0.0000000E+00
  38.780           0.0000000E+00
  38.800           0.0000000E+00
  38.820           0.0000000E+00
  38.840           0.0000000E+00
  38.860           0.0000000E+00
  38.880           0.0000000E+00
  38.900           0.0000000E+00
  38.920           0.0000000E+00
  38.940           0.0000000E+00
  38.960           0.0000000E+00
  38.980           0.0000000E+00
  39.000           0.0000000E+00
  39.020           0.0000000E+00
  39.040           0.0000000E+00
  39.060           0.0000000E+00
  39.080           0.0000000E+00
  39.100           0.0000000E+00
  39.120           0.0000000E+00
  39.140           0.0000000E+00
  39.160           0.0000000E+00
  39.180           0.0000000E+00
  39.200           0.0000000E+00
  39.220           0.0000000E+00
  39.240           0.0000000E+00
  39.260           0.0000000E+00
  39.280           0.0000000E+00
  39.300           0.0000000E+00
  39.320           0.0000000E+00
  39.340           0.0000000E+00
  39.360           0.0000000E+00
  39.380           0.0000000E+00
  39.400           0.0000000E+00
  39.420           0.0000000E+00
  39.440           0.0000000E+00
  39.460           0.0000000E+00
  39.480           0.0000000E+00
  39.500           0.0000000E+00
  39.520           0.0000000E+00
  39.540           0.0000000E+00
  39.560           0.0000000E+00
  39.580           0.0000000E+00
  39.600           0.0000000E+00
  39.620           0.0000000E+00
  39.640           0.0000000E+00
  39.660           0.0000000E+00
  39.680           0.0000000E+00
  39.700           0.0000000E+00
  39.720           0.0000000E+00
  39.740           0.0000000E+00
  39.760           0.0000000E+00
  39.780           0.0000000E+00
  39.800           0.0000000E+00
  39.820           0.0000000E+00
  39.840           0.0000000E+00
  39.860           0.0000000E+00
  39.880           0.0000000E+00
  39.900           0.0000000E+00
  39.920           0.0000000E+00
  39.940           0.0000000E+00
  39.960           0.0000000E+00
  39.980           0.0000000E+00
  40.000           0.0000000E+00
  40.020           0.0000000E+00
  40.040           0.0000000E+00
  40.060           0.0000000E+00
  40.080           0.0000000E+00
  40.100           0.0000000E+00
  40.120           0.0000000E+00
  40.140           0.0000000E+00
  40.160           0.0000000E+00
  40.180           0.0000000E+00
  40.200           0.0000000E+00
  40.220           0.0000000E+00
  40.240           0.0000000E+00
  40.260           0.0000000E+00
  40.280           0.0000000E+00
  40.300           0.0000000E+00
  40.320           0.0000000E+00
  40.340           0.0000000E+00
  40.360           0.0000000E+00
  40.380           0.0000000E+00
  40.400           0.0000000E+00
  40.420           0.0000000E+00
  40.440           0.0000000E+00
  40.460           0.0000000E+00
  40.480           0.0000000E+00
  40.500           0.0000000E+00
  40.520           0.0000000E+00
  40.540           0.0000000E+00
  40.560           0.0000000E+00
  40.580           0.0000000E+00
  40.600           0.0000000E+00
  40.620           0.0000000E+00
  40.640           0.0000000E+00
  40.660           0.0000000E+00
  40.680           0.0000000E+00
  40.700           0.0000000E+00
  40.720           0.0000000E+00
  40.740           0.0000000E+00
  40.760           0.0000000E+00
  40.780           0.0000000E+00
  40.800           0.0000000E+00
  40.820           0.0000000E+00
  40.840           0.0000000E+00
  40.860           0.0000000E+00
  40.880           0.0000000E+00
  40.900           0.0000000E+00
  40.920           0.0000000E+00
  40.940           0.0000000E+00
  40.960           0.0000000E+00
