        4096     0.02000
      -0.003      -0.003      -0.003      -0.003      -0.003      -0.003      -0.002      -0.003      -0.003      -0.006
      -0.003      -0.003      -0.010      -0.003      -0.003      -0.014      -0.004      -0.003       0.007      -0.003
      -0.002       0.014      -0.004      -0.004       0.006       0.003       0.004       0.004      -0.004      -0.007
      -0.010      -0.005      -0.009      -0.025      -0.010      -0.022      -0.056      -0.007      -0.006      -0.027
      -0.011      -0.014      -0.066      -0.007       0.007       0.082       0.092       0.005      -0.007      -0.089
      -0.021      -0.016      -0.110      -0.024      -0.017      -0.089      -0.028      -0.027      -0.123      -0.142
      -0.101      -0.060      -0.035      -0.085      -0.067      -0.041      -0.106      -0.206      -0.115      -0.105
      -0.120      -0.089       0.077       0.196       0.157       0.060       0.113       0.264       0.246       0.137
       0.134      -0.264      -0.307      -0.249      -0.248      -0.009       0.261       0.179      -0.160      -0.318
      -0.047       0.339       0.315       0.091       0.395       0.064       0.055       0.133       0.303       0.439
       0.199       0.239       0.466       0.327       0.157       0.135       0.344       0.268       0.161       0.303
       0.413       0.386       0.532       0.573       0.240       0.035      -0.138      -0.621      -0.267      -0.380
      -0.427       0.147       0.529       0.382       0.394       0.536       0.437       0.240       0.305       0.395
       0.271       0.410       0.782       0.670       0.479       0.050      -0.465      -0.413      -0.643      -0.875
      -0.523      -0.278      -0.119      -0.222      -0.499      -0.817      -0.889      -0.663      -0.016       0.643
       1.011       0.905       0.358      -0.029      -0.331      -0.949      -1.101      -0.839      -0.575       0.517
       0.991       0.865       0.901       0.138      -0.931      -1.059      -0.975      -0.914      -0.320       0.282
       1.006       0.532      -0.167      -0.734      -1.274      -1.385      -0.766       0.146       0.697       0.770
       1.407       1.474       1.370       0.790       0.993       1.540       1.363       1.296       1.000      -0.178
      -0.960      -1.649      -1.337      -1.025       0.180       1.302       1.101      -0.412      -1.404      -1.790
      -0.161       1.331       1.837       1.409       1.689       1.542       1.306      -0.122      -1.397      -1.422
      -1.101      -1.055       0.030       0.531       0.362      -0.664      -1.934      -2.127      -1.314      -0.794
       0.750       0.605       0.122       0.273      -0.041      -0.583      -1.303      -1.574      -1.958      -2.369
      -1.756      -0.414       1.285       1.594       1.116       0.562       0.240       1.197       2.345       2.573
       1.654       0.583       0.526       0.873       0.970       0.761      -0.078       0.328       0.600      -0.688
      -2.092      -2.091      -1.157      -1.285      -0.267       0.658       0.867       0.565      -1.380      -1.832
      -1.080       0.327       1.748       2.644       3.140       2.421       1.618       2.238       1.848       1.316
       0.622       0.764       1.588       1.629       0.823      -0.687      -1.742      -2.780      -3.489      -3.286
      -2.920      -0.331       0.936       0.187      -0.433      -0.558      -0.058       0.708       1.943       2.207
       2.005       2.319       3.237       3.869       1.814      -1.402      -3.355      -3.982      -3.488      -2.110
      -0.732       2.301       3.568       1.551      -1.258      -4.099      -4.227      -3.751      -3.192      -0.391
       2.770       4.359       3.308       0.382      -2.372      -2.525      -2.915      -2.770      -0.344       1.239
       3.821       4.644       1.994      -0.399       0.285       1.055       0.495      -0.584       0.143       1.054
      -0.103      -3.185      -4.975      -4.650      -3.000      -2.904      -1.816       0.487       2.097       3.953
       4.697       4.172       4.303       2.345       1.178      -1.340      -1.362      -1.314      -2.768      -2.284
      -0.959       1.060       1.504       2.324       3.813       1.372      -1.885      -3.414      -4.075      -1.807
       0.699       1.928       2.152       1.241      -0.675      -4.511      -5.141      -4.842      -2.065       1.980
       1.919       1.156       0.252      -0.215      -0.930      -2.811      -0.997       2.155       5.003       6.475
       5.433       3.257      -0.098      -3.945      -6.212      -6.474      -4.016       1.090       2.796       3.149
       1.506      -2.397      -4.586      -5.383      -4.745      -0.816       1.923       2.459       1.611       1.688
       3.967       5.496       3.195       1.348       0.025      -2.345      -0.015       4.301       4.033       2.878
       1.198       0.226      -0.373      -1.465      -0.002      -2.264      -4.226      -1.954      -2.292      -3.592
      -0.756       1.166      -0.819      -3.512      -3.201       0.820       3.476       3.756       3.276       0.116
      -0.393      -2.059      -1.506       1.366      -1.845      -6.987      -8.325      -5.317      -3.588      -0.451
       5.211       6.181       6.996       5.498       4.288       5.171       2.400       1.058       1.309      -2.283
      -4.153      -2.807      -2.971      -2.162      -0.530       1.589       4.096       2.132      -2.418      -5.028
      -4.019       1.071       2.254       0.980       0.849       2.838       5.411       4.022       0.552       0.673
       2.568       4.461       3.539      -0.822       0.032       1.537      -1.265      -5.802      -8.186      -7.230
      -2.373       0.490       0.201      -1.873      -2.308       0.927      -1.597      -0.715       1.155      -1.896
      -3.006      -4.386      -4.393      -4.860      -4.838       0.462       0.617      -1.454      -0.857       0.698
       5.528       5.076       2.988       3.479       3.776       5.012      -0.349      -4.645      -7.499      -6.413
      -6.198      -5.876      -2.358      -1.358       2.438       4.317       2.872       0.531       1.241       6.886
       4.683      -0.239       0.816       1.036       2.487      -0.746      -1.216       2.778       7.553      11.215
       5.860      -1.357      -7.327      -6.566      -2.890      -6.695      -9.655      -7.916      -3.052       2.898
       4.915       4.341       6.836       5.467      -4.954      -9.668      -4.614       1.609       8.436      10.434
       6.490      -1.014      -1.817      -2.716      -5.962      -6.155      -5.727      -7.402      -5.931       1.772
       4.146       0.203      -0.533      -2.377      -6.108      -0.486       4.524       6.380       7.614       7.779
       0.926      -7.966      -8.275      -6.003       3.424      10.051       6.050       2.050       2.542       7.109
       7.043       5.674       4.318      -2.974      -3.969      -4.523      -6.067      -4.449      -5.132      -4.445
      -7.417      -7.474      -3.439       3.588       6.152       2.622       2.329       6.016       4.399       1.873
      -0.256      -0.444      -1.293       1.413       1.435      -3.216      -0.058       3.947       0.661      -1.946
      -6.217      -3.931       0.773       3.027      -2.852      -2.701       1.931       5.837       3.676       4.465
       6.713       3.373      -2.951      -8.992      -8.655       0.053       5.125       3.827       5.918      12.051
      10.169       5.224      -3.049     -11.873     -12.553      -8.265      -3.568      -2.620      -4.977      -1.342
      -1.077      -1.202      -0.942      -2.142       2.927       5.526       0.312      -5.521      -6.721      -4.619
      -1.532       3.953       5.684       1.806       1.579       1.974       7.306      11.227       1.665      -7.585
      -6.175      -0.179       0.764      -2.542      -3.110      -8.358     -13.778     -14.431     -11.821      -1.919
      10.227      14.067      12.686       2.454      -5.071       0.320      -0.015      -3.598      -3.462      -1.543
       9.028      20.914      19.761      17.415      15.073       2.582     -10.377     -17.293     -14.774       2.391
      10.248       9.485       3.966      -4.962      -6.051     -12.336     -18.745     -13.484      -3.499      10.039
      13.936      12.258       8.560       7.255      -1.667      -8.464      -5.872      -6.541      -0.947       0.428
      -0.185       7.048       1.205      -6.809      -7.671      -4.878      -1.730      -1.088      -0.699      -2.739
      -9.100      -3.817       6.164      11.924       4.160      -5.164     -12.083     -10.615      -0.541       1.869
      -2.272      -5.763      -5.043      -4.519      -6.566       2.541       7.522       7.388       0.488      -3.281
       3.756      12.475      10.453       4.271      -1.630      -8.885     -11.630     -12.820      -8.279       5.773
      13.411      18.236      20.809       7.752      -4.533     -12.987     -17.893     -11.548      -0.132       9.830
       2.265      -1.550      -4.496      -9.735      -4.892       1.823      14.042      21.525      18.895      16.130
       9.437      10.068       1.708     -13.778     -21.110     -17.598     -18.462     -13.990      -3.249       4.534
      10.846       9.532      -3.886     -12.312      -5.130       3.846       5.522      11.182      13.180      12.941
       8.212       3.845       2.052      -2.362      -6.366      -9.894     -14.926      -7.329      -0.972      -6.814
      -1.326       4.200      -0.542       1.592      -0.713      -1.206       2.830       0.422       0.772      -3.933
       1.501       2.584       1.601       9.612       3.359      -1.108       2.631       0.837       4.548      12.239
      12.316       2.996     -13.026     -20.686     -20.508      -7.043      12.029      16.732      10.273       8.645
       9.712       0.489      -4.231      -0.014       2.614      -0.418     -12.247      -7.579       2.507       3.495
       5.731       1.029      -1.271      -4.560      -6.219       0.673      -1.221      -9.496     -15.975     -12.364
      -0.327      -3.138      -8.888     -10.303      -9.220       6.204      17.502      23.150      23.553      10.011
      -4.176     -14.865     -18.044     -11.574      -6.352      -1.025       3.587       7.713      12.857      14.354
      10.438       5.348      -2.002      -7.213      -9.729      -0.243       7.832       5.525      10.292       8.110
       3.853       7.220       7.415       1.320      -8.351     -13.975     -11.400       1.002      15.575      20.925
      14.156       4.639      -1.059      -7.396      -7.422      -6.307     -12.801     -19.529     -25.003     -20.125
      -7.117       0.024       2.632       2.566       3.122       3.619       4.459       8.444      18.459      10.255
       0.535      -1.892       2.393      10.188       6.196      -4.310      -0.544       3.562       0.119       2.381
       6.385      10.569       2.471      -1.728      -6.765      -6.815       0.473       0.508      -4.656       0.455
       7.282       3.132      -7.259     -15.916     -14.085      -9.462      -3.512      -6.030      -9.665       2.291
       7.495       9.397      10.583       6.707      -2.426      -3.063       2.229       7.439       8.161      11.065
      12.222      10.957       8.555       2.316      -4.448     -11.320     -11.535      -9.749     -11.763     -10.250
      -2.691       1.491      -3.167       1.703      12.315      14.499      11.382       4.201      -7.415     -11.601
      -3.751      -0.990       1.942       6.187      -2.842     -13.176     -22.708     -15.055       2.436       9.484
      11.203       2.182       1.763       7.010       1.791       1.096       4.590      -1.909      -9.729     -13.544
       0.596       5.200      -4.562     -11.811     -14.718     -13.299     -11.710      -6.904       5.419      14.799
      10.594       4.730       9.372       2.635      -3.532     -11.241     -14.575      -6.997       2.199       9.070
      14.639      19.780      15.009       4.320      -6.898     -13.220      -2.852      -2.233       1.894       2.432
      -5.020      -1.614       1.727      -0.451       0.284       0.831       7.071       9.408       9.085      10.743
       0.284      -5.704     -10.376     -10.417      -8.347      -4.635       1.811      -3.632      -3.517      -4.994
      -4.524       1.924       4.186       5.665       9.070       0.801      -9.109     -11.438      -5.503       1.037
      -3.188      -5.034       1.905      10.207       9.374       4.904       2.785      -4.784      -1.104      -2.364
      -8.983      -9.641       0.337       8.811      14.838      19.245      18.865       3.624      -6.881      -7.563
      -3.892       0.599       2.554      -8.710     -18.890     -13.808      -6.389      -6.185       3.326      12.355
      12.192      -1.677     -12.396     -14.475      -7.001       4.199      10.279       8.693      14.267       5.862
      -7.301     -15.858     -18.798      -4.662       4.749       5.594       7.572       1.180       4.894       0.908
      -3.118      -1.200      -0.028       3.109      -4.069      -1.600      11.389      11.878       1.715     -10.229
     -17.310     -21.886     -20.738      -7.581       5.424      14.319      13.802       3.974       7.958      17.100
      13.660       8.663       2.691       5.813       7.085       3.983      14.089      17.052       7.874      -5.662
     -11.459      -2.591       5.091      -0.202      -9.496     -10.685     -14.380     -12.237      -3.360       3.885
       6.202      -0.561      -3.132      -8.378      -4.226       7.209      10.302       2.606      -0.220      -5.133
     -11.160     -10.505      -5.574       0.187       2.876       4.450      -1.402      -8.805      -2.784       3.878
       7.383       4.818      -4.401      -9.835      -1.608       4.423       5.520       0.935       2.570      11.066
      13.716       7.430      -2.037     -10.240     -12.473      -9.171      -4.235       1.993       7.544       5.466
       7.181       8.851       9.170       2.856       7.794       6.352      -3.785     -10.852     -13.860     -11.563
      -9.229       0.841       5.339      -1.874       0.160       5.635       8.621       1.677      -2.856      -2.007
      -7.029      -2.314       5.598       2.924       5.440      -0.998     -15.216     -20.162     -13.968      -1.690
      13.638      17.286       9.194      -3.923     -16.461     -11.061      -1.820       3.278      16.793      16.883
      13.188      12.095       5.276      -5.367     -12.957     -10.913      -8.222     -13.215      -6.479       7.580
      20.615      19.114       0.480     -14.507     -13.307     -11.085      -9.022      -0.811       6.886       7.249
       2.061      -9.303      -5.527      -2.301      -0.458      -1.244      -0.001       1.645       6.951      13.391
      16.301       9.199      -0.564      -6.491       2.687      12.322       4.428      -1.203      -3.621      -5.643
      -4.083      -0.043       1.891      -3.092      -4.045      -8.496     -10.970      -1.949      12.108       8.144
      -0.591      -3.758      -8.873     -10.170     -15.391     -13.580      -5.197       2.972       8.834      10.362
      14.131      16.351      11.155       3.984       4.016       1.540      -0.819      -3.272      -2.789       1.109
      -1.254      -1.735       5.061       7.236       1.675      -6.124      -6.715      -0.816      -0.786      -3.592
      -1.754       3.138       7.745       5.008       2.221       5.693      12.036      11.032       1.450       0.207
      -2.002      -7.974      -6.314      -1.472       0.705      -2.362      -3.649      -3.801      -2.981       4.652
       9.877       7.824      -0.864     -11.423     -10.013      -4.321      -3.749      -3.451       0.507       1.730
      -6.076     -11.553      -5.407       4.161       8.239       4.299       5.274      10.212       8.612       5.960
      -0.881      -3.575      -3.016      -3.267      -3.345      -1.244       0.712      -4.522      -6.916     -12.158
      -8.465       2.190       8.338      11.323      12.428       5.962       5.656       8.482       5.765       0.872
      -7.314     -11.365      -6.375       2.208       9.642      14.566      13.799       7.264      -1.910     -11.145
     -11.060     -11.353     -10.745      -5.155       0.868      -0.279      -2.887      -1.527       3.152       2.691
      -4.318     -11.252      -9.667      -4.392      -5.551      -7.196      -4.210       2.375       5.401       6.633
       7.681       6.233       0.945      -3.519       0.660       4.429      11.794      13.247       8.788       2.357
      -6.553     -10.446      -3.691       4.434       5.875       1.440       0.461       5.140       5.567      -0.460
      -4.861      -8.720     -12.729     -14.106     -10.904      -2.012       6.397       6.211      -0.678      -4.775
      -2.094      -3.756      -3.485      -1.011       0.111       5.246       8.542       8.171       5.853       2.597
      -1.162     -10.341     -12.114      -8.235      -0.953       4.976       2.958       2.115       1.019       2.455
       3.339       2.371       4.569       2.986       4.081       3.612      -2.023      -2.976      -3.870      -3.005
       1.481       2.451       4.209       6.883       6.220       4.780       4.624       4.215       5.770       0.067
      -3.431      -4.457      -3.135      -0.827      -2.546      -3.225      -2.165      -2.220      -0.108       0.354
      -1.241      -3.520      -6.295      -1.414      -0.265      -1.220       0.272       4.360       6.762       2.817
       1.156       2.267       0.465      -4.002      -5.925      -4.581      -2.158       4.115       3.145       0.355
       1.298      -0.722      -1.467       1.134       0.969       1.135       2.932       4.240       0.534      -2.417
      -5.455      -5.386       0.936       5.720       6.637       3.840       1.618      -0.468      -3.553      -3.667
      -1.172       3.300       3.900       3.543       0.239      -4.118      -7.641      -9.613      -8.187      -7.185
      -5.001      -2.939      -6.396      -7.144      -6.066      -3.841       0.033       2.468       4.174       5.832
       7.971       7.137       4.100       3.590       2.992      -0.477      -4.307      -5.963      -4.420       1.003
       4.713       2.411       1.375      -0.768      -0.943      -0.760      -3.592      -1.913       1.254       1.973
       3.129       0.550      -0.417       0.644       1.822       2.029       0.060       1.356       1.552      -0.660
      -0.984      -4.045      -3.665       1.327       5.023       4.891       2.477       0.316      -0.287      -2.462
      -4.108      -0.563       4.875       6.484       3.888       0.829      -1.615      -3.079      -3.798      -4.332
      -2.452       1.860       5.208       5.070       2.952       1.418      -1.200      -2.923      -3.757      -1.804
      -0.548       2.476       2.583       1.708       0.648       0.219       1.734       3.251       2.284       0.106
       1.122       2.010       0.785       1.735       1.823       0.429      -2.186      -3.028      -3.301      -2.014
      -1.481      -3.567      -4.238      -3.147       0.711       4.599       4.056       1.923       0.784      -0.138
       0.336      -0.806      -1.793       0.212       1.853       1.749      -1.007      -0.264       1.324       0.712
      -0.327      -1.983      -0.521       2.270       3.354       1.518       0.831      -1.557      -4.936      -6.043
      -6.879      -3.649       1.769       5.147       4.944       2.287       0.598       2.549       1.947      -0.415
      -0.924      -2.100      -0.895       0.469      -0.323       1.567       3.579       2.564      -1.690      -4.974
      -5.239      -4.067      -3.288      -2.651      -3.881      -2.770      -0.452       0.300       0.139       1.859
       1.777       3.266       2.486       0.766      -0.379       0.851       1.958       1.738      -0.393      -1.611
      -3.401      -3.702      -2.774      -2.210      -0.237       1.855       1.580       1.497      -0.374      -2.269
      -4.060      -4.585      -2.794       0.879       2.542       2.256       0.706       1.220       0.395       0.522
       1.352       1.618       1.260       1.044       0.873       2.045       3.356       2.343       0.689      -2.294
      -3.340      -2.164      -1.044      -0.157       0.910      -0.006      -1.575      -1.448      -1.204      -0.793
      -0.214      -0.659      -0.960      -0.630       0.206      -0.588      -0.611       0.035       1.183       1.377
       1.267       0.579       1.258       2.178       2.069       0.109       0.048       1.178      -1.600      -3.915
      -4.281      -2.418      -0.999      -0.256       0.445       0.283       0.750       1.314       0.803      -0.473
      -0.473       1.172       0.239       0.044      -0.915      -0.460       1.424       1.392       0.613      -1.476
      -2.117       0.099       1.401       2.378       3.349       2.456      -0.398      -2.268      -2.549      -1.516
      -0.576       0.815       0.908       1.086      -0.356      -1.502      -2.084      -1.582      -1.657      -0.369
       0.991       2.708       1.571      -0.927      -1.379      -1.329      -1.463       0.024       2.374       3.866
       2.117      -1.052      -2.126      -1.623      -1.040      -0.556      -1.607      -1.336      -0.606      -0.992
      -1.507      -1.394      -0.668       0.944       2.444       1.979       0.381       0.706       0.306      -0.357
       0.210       1.705       2.174       1.438       0.651       1.065       2.213       2.963       1.570      -0.318
      -2.071      -1.292      -0.605       0.417       0.078      -0.119       0.063       0.131       0.198       0.931
       2.131       3.309       2.615       1.231       0.235      -0.332      -0.899      -1.391      -1.459       0.300
       1.417       2.335       1.577       0.999      -0.571      -1.421      -1.453      -0.703       0.145       0.406
      -0.073      -0.364      -1.361      -0.465      -0.485      -0.246      -0.241      -0.446       0.153       0.672
       0.278       0.366       0.375       1.210       0.880       0.451      -0.179      -0.013       0.850       1.086
       0.675       1.043       1.162       0.193      -0.975      -1.946      -2.358      -1.274      -0.135      -0.130
      -1.120      -0.466       0.677       0.671       0.572       0.537       1.018       1.220      -0.285      -2.495
      -2.912      -0.987       0.430       0.407      -0.172      -0.988      -0.664      -0.345      -1.035      -0.615
       0.823       2.214       2.042       0.911       1.474       1.881       1.902       0.483      -1.613      -2.641
      -2.190      -1.744      -1.295       0.239       0.811       0.189      -1.163      -2.645      -2.026      -0.367
       0.848       1.278       0.561       0.698       1.442       2.435       2.139       0.878      -0.890      -1.741
      -1.012      -0.324       0.073       0.054      -0.206       0.067      -0.844      -0.640       0.786       1.147
       0.210      -0.746      -1.480      -0.709       0.005       0.299      -0.184      -0.397      -0.636      -0.899
      -1.789      -1.938      -1.789      -1.859      -1.183       0.235       0.919       1.776       2.361       1.862
       0.349      -0.187      -0.357       0.463       0.680       0.239      -0.743      -1.261      -0.907      -0.897
      -0.644       0.336       1.046       0.705      -0.635      -1.265      -0.781       0.003       0.068      -0.615
      -1.562      -1.422      -0.480       0.180      -0.124      -0.470      -0.447      -0.203      -0.052      -0.156
       0.521       1.396       1.194      -0.154      -1.056      -1.109      -1.050      -1.548      -2.140      -2.020
      -1.899      -1.906      -2.302      -1.607      -1.428      -1.288      -0.383       0.365       1.436       1.573
       1.369       1.588       0.933       0.742       0.607       0.953       1.362       0.327      -0.806      -1.102
      -0.621      -0.235      -0.695      -0.692      -0.585      -0.475      -0.625      -0.842      -0.637      -0.214
       0.242       0.199       0.144       0.407       0.367       0.416       0.107      -0.029      -0.128      -0.085
       0.124       0.293       0.555       0.629       0.596       0.885       0.952       0.915       0.717       0.415
       0.110      -0.163      -0.284      -0.245      -0.075      -0.136      -0.269      -0.372      -0.213       0.074
       0.302       0.572       0.582       0.517       0.408       0.161       0.154       0.094       0.150       0.100
       0.220       0.532       0.679       0.687       0.568       0.365       0.215       0.022      -0.005      -0.018
       0.078       0.038      -0.078      -0.091      -0.066      -0.039      -0.030      -0.036       0.027       0.001
       0.006       0.008       0.001      -0.044      -0.060      -0.047      -0.011       0.019       0.033       0.029
       0.017       0.000       0.000       0.000       0.000       0.000       0.000       0.000       0.000       0.000
       0.000       0.000       0.000       0.000       0.000       0.000       0.000       0.000       0.000       0.000
       0.000       0.000       0.000       0.000       0.000       0.000       0.000       0.000       0.000       0.000
       0.000       0.000       0.000       0.000       0.000       0.000       0.000       0.000       0.000       0.000
       0.000       0.000       0.000       0.000       0.000       0.000       0.000       0.000       0.000       0.000
       0.000       0.000       0.000       0.000       0.000       0.000       0.000       0.000       0.000       0.000
       0.000       0.000       0.000       0.000       0.000       0.000       0.000       0.000       0.000       0.000
       0.000       0.000       0.000       0.000       0.000       0.000       0.000       0.000       0.000       0.000
       0.000       0.000       0.000       0.000       0.000       0.000       0.000       0.000       0.000       0.000
       0.000       0.000       0.000       0.000       0.000       0.000       0.000       0.000       0.000       0.000
       0.000       0.000       0.000       0.000       0.000       0.000       0.000       0.000       0.000       0.000
       0.000       0.000       0.000       0.000       0.000       0.000       0.000       0.000       0.000       0.000
       0.000       0.000       0.000       0.000       0.000       0.000       0.000       0.000       0.000       0.000
       0.000       0.000       0.000       0.000       0.000       0.000       0.000       0.000       0.000       0.000
       0.000       0.000       0.000       0.000       0.000       0.000       0.000       0.000       0.000       0.000
       0.000       0.000       0.000       0.000       0.000       0.000       0.000       0.000       0.000       0.000
       0.000       0.000       0.000       0.000       0.000       0.000       0.000       0.000       0.000       0.000
       0.000       0.000       0.000       0.000       0.000       0.000       0.000       0.000       0.000       0.000
       0.000       0.000       0.000       0.000       0.000       0.000       0.000       0.000       0.000       0.000
       0.000       0.000       0.000       0.000       0.000       0.000       0.000       0.000       0.000       0.000
       0.000       0.000       0.000       0.000       0.000       0.000       0.000       0.000       0.000       0.000
       0.000       0.000       0.000       0.000       0.000       0.000       0.000       0.000       0.000       0.000
       0.000       0.000       0.000       0.000       0.000       0.000       0.000       0.000       0.000       0.000
       0.000       0.000       0.000       0.000       0.000       0.000       0.000       0.000       0.000       0.000
       0.000       0.000       0.000       0.000       0.000       0.000       0.000       0.000       0.000       0.000
       0.000       0.000       0.000       0.000       0.000       0.000       0.000       0.000       0.000       0.000
       0.000       0.000       0.000       0.000       0.000       0.000       0.000       0.000       0.000       0.000
       0.000       0.000       0.000       0.000       0.000       0.000       0.000       0.000       0.000       0.000
       0.000       0.000       0.000       0.000       0.000       0.000       0.000       0.000       0.000       0.000
       0.000       0.000       0.000       0.000       0.000       0.000       0.000       0.000       0.000       0.000
       0.000       0.000       0.000       0.000       0.000       0.000       0.000       0.000       0.000       0.000
       0.000       0.000       0.000       0.000       0.000       0.000       0.000       0.000       0.000       0.000
       0.000       0.000       0.000       0.000       0.000       0.000       0.000       0.000       0.000       0.000
       0.000       0.000       0.000       0.000       0.000       0.000       0.000       0.000       0.000       0.000
       0.000       0.000       0.000       0.000       0.000       0.000       0.000       0.000       0.000       0.000
       0.000       0.000       0.000       0.000       0.000       0.000       0.000       0.000       0.000       0.000
       0.000       0.000       0.000       0.000       0.000       0.000       0.000       0.000       0.000       0.000
       0.000       0.000       0.000       0.000       0.000       0.000       0.000       0.000       0.000       0.000
       0.000       0.000       0.000       0.000       0.000       0.000       0.000       0.000       0.000       0.000
       0.000       0.000       0.000       0.000       0.000       0.000       0.000       0.000       0.000       0.000
       0.000       0.000       0.000       0.000       0.000       0.000       0.000       0.000       0.000       0.000
       0.000       0.000       0.000       0.000       0.000       0.000       0.000       0.000       0.000       0.000
       0.000       0.000       0.000       0.000       0.000       0.000       0.000       0.000       0.000       0.000
       0.000       0.000       0.000       0.000       0.000       0.000       0.000       0.000       0.000       0.000
       0.000       0.000       0.000       0.000       0.000       0.000       0.000       0.000       0.000       0.000
       0.000       0.000       0.000       0.000       0.000       0.000       0.000       0.000       0.000       0.000
       0.000       0.000       0.000       0.000       0.000       0.000       0.000       0.000       0.000       0.000
       0.000       0.000       0.000       0.000       0.000       0.000       0.000       0.000       0.000       0.000
       0.000       0.000       0.000       0.000       0.000       0.000       0.000       0.000       0.000       0.000
       0.000       0.000       0.000       0.000       0.000       0.000       0.000       0.000       0.000       0.000
       0.000       0.000       0.000       0.000       0.000       0.000       0.000       0.000       0.000       0.000
       0.000       0.000       0.000       0.000       0.000       0.000       0.000       0.000       0.000       0.000
       0.000       0.000       0.000       0.000       0.000       0.000       0.000       0.000       0.000       0.000
       0.000       0.000       0.000       0.000       0.000       0.000       0.000       0.000       0.000       0.000
       0.000       0.000       0.000       0.000       0.000       0.000       0.000       0.000       0.000       0.000
       0.000       0.000       0.000       0.000       0.000       0.000       0.000       0.000       0.000       0.000
       0.000       0.000       0.000       0.000       0.000       0.000       0.000       0.000       0.000       0.000
       0.000       0.000       0.000       0.000       0.000       0.000       0.000       0.000       0.000       0.000
       0.000       0.000       0.000       0.000       0.000       0.000       0.000       0.000       0.000       0.000
       0.000       0.000       0.000       0.000       0.000       0.000       0.000       0.000       0.000       0.000
       0.000       0.000       0.000       0.000       0.000       0.000       0.000       0.000       0.000       0.000
       0.000       0.000       0.000       0.000       0.000       0.000       0.000       0.000       0.000       0.000
       0.000       0.000       0.000       0.000       0.000       0.000       0.000       0.000       0.000       0.000
       0.000       0.000       0.000       0.000       0.000       0.000       0.000       0.000       0.000       0.000
       0.000       0.000       0.000       0.000       0.000       0.000       0.000       0.000       0.000       0.000
       0.000       0.000       0.000       0.000       0.000       0.000       0.000       0.000       0.000       0.000
       0.000       0.000       0.000       0.000       0.000       0.000       0.000       0.000       0.000       0.000
       0.000       0.000       0.000       0.000       0.000       0.000       0.000       0.000       0.000       0.000
       0.000       0.000       0.000       0.000       0.000       0.000       0.000       0.000       0.000       0.000
       0.000       0.000       0.000       0.000       0.000       0.000       0.000       0.000       0.000       0.000
       0.000       0.000       0.000       0.000       0.000       0.000       0.000       0.000       0.000       0.000
       0.000       0.000       0.000       0.000       0.000       0.000       0.000       0.000       0.000       0.000
       0.000       0.000       0.000       0.000       0.000       0.000       0.000       0.000       0.000       0.000
       0.000       0.000       0.000       0.000       0.000       0.000       0.000       0.000       0.000       0.000
       0.000       0.000       0.000       0.000       0.000       0.000       0.000       0.000       0.000       0.000
       0.000       0.000       0.000       0.000       0.000       0.000       0.000       0.000       0.000       0.000
       0.000       0.000       0.000       0.000       0.000       0.000       0.000       0.000       0.000       0.000
       0.000       0.000       0.000       0.000       0.000       0.000       0.000       0.000       0.000       0.000
       0.000       0.000       0.000       0.000       0.000       0.000       0.000       0.000       0.000       0.000
       0.000       0.000       0.000       0.000       0.000       0.000       0.000       0.000       0.000       0.000
       0.000       0.000       0.000       0.000       0.000       0.000       0.000       0.000       0.000       0.000
       0.000       0.000       0.000       0.000       0.000       0.000       0.000       0.000       0.000       0.000
       0.000       0.000       0.000       0.000       0.000       0.000       0.000       0.000       0.000       0.000
       0.000       0.000       0.000       0.000       0.000       0.000       0.000       0.000       0.000       0.000
       0.000       0.000       0.000       0.000       0.000       0.000       0.000       0.000       0.000       0.000
       0.000       0.000       0.000       0.000       0.000       0.000       0.000       0.000       0.000       0.000
       0.000       0.000       0.000       0.000       0.000       0.000       0.000       0.000       0.000       0.000
       0.000       0.000       0.000       0.000       0.000       0.000       0.000       0.000       0.000       0.000
       0.000       0.000       0.000       0.000       0.000       0.000       0.000       0.000       0.000       0.000
       0.000       0.000       0.000       0.000       0.000       0.000       0.000       0.000       0.000       0.000
       0.000       0.000       0.000       0.000       0.000       0.000       0.000       0.000       0.000       0.000
       0.000       0.000       0.000       0.000       0.000       0.000       0.000       0.000       0.000       0.000
       0.000       0.000       0.000       0.000       0.000       0.000       0.000       0.000       0.000       0.000
       0.000       0.000       0.000       0.000       0.000       0.000       0.000       0.000       0.000       0.000
       0.000       0.000       0.000       0.000       0.000       0.000       0.000       0.000       0.000       0.000
       0.000       0.000       0.000       0.000       0.000       0.000       0.000       0.000       0.000       0.000
       0.000       0.000       0.000       0.000       0.000       0.000       0.000       0.000       0.000       0.000
       0.000       0.000       0.000       0.000       0.000       0.000       0.000       0.000       0.000       0.000
       0.000       0.000       0.000       0.000       0.000       0.000       0.000       0.000       0.000       0.000
       0.000       0.000       0.000       0.000       0.000       0.000       0.000       0.000       0.000       0.000
       0.000       0.000       0.000       0.000       0.000       0.000       0.000       0.000       0.000       0.000
       0.000       0.000       0.000       0.000       0.000       0.000       0.000       0.000       0.000       0.000
       0.000       0.000       0.000       0.000       0.000       0.000       0.000       0.000       0.000       0.000
       0.000       0.000       0.000       0.000       0.000       0.000       0.000       0.000       0.000       0.000
       0.000       0.000       0.000       0.000       0.000       0.000       0.000       0.000       0.000       0.000
       0.000       0.000       0.000       0.000       0.000       0.000       0.000       0.000       0.000       0.000
       0.000       0.000       0.000       0.000       0.000       0.000       0.000       0.000       0.000       0.000
       0.000       0.000       0.000       0.000       0.000       0.000       0.000       0.000       0.000       0.000
       0.000       0.000       0.000       0.000       0.000       0.000       0.000       0.000       0.000       0.000
       0.000       0.000       0.000       0.000       0.000       0.000       0.000       0.000       0.000       0.000
       0.000       0.000       0.000       0.000       0.000       0.000       0.000       0.000       0.000       0.000
       0.000       0.000       0.000       0.000       0.000       0.000       0.000       0.000       0.000       0.000
       0.000       0.000       0.000       0.000       0.000       0.000       0.000       0.000       0.000       0.000
       0.000       0.000       0.000       0.000       0.000       0.000       0.000       0.000       0.000       0.000
       0.000       0.000       0.000       0.000       0.000       0.000       0.000       0.000       0.000       0.000
       0.000       0.000       0.000       0.000       0.000       0.000       0.000       0.000       0.000       0.000
       0.000       0.000       0.000       0.000       0.000       0.000       0.000       0.000       0.000       0.000
       0.000       0.000       0.000       0.000       0.000       0.000       0.000       0.000       0.000       0.000
       0.000       0.000       0.000       0.000       0.000       0.000       0.000       0.000       0.000       0.000
       0.000       0.000       0.000       0.000       0.000       0.000       0.000       0.000       0.000       0.000
       0.000       0.000       0.000       0.000       0.000       0.000       0.000       0.000       0.000       0.000
       0.000       0.000       0.000       0.000       0.000       0.000       0.000       0.000       0.000       0.000
       0.000       0.000       0.000       0.000       0.000       0.000       0.000       0.000       0.000       0.000
       0.000       0.000       0.000       0.000       0.000       0.000       0.000       0.000       0.000       0.000
       0.000       0.000       0.000       0.000       0.000       0.000       0.000       0.000       0.000       0.000
       0.000       0.000       0.000       0.000       0.000       0.000       0.000       0.000       0.000       0.000
       0.000       0.000       0.000       0.000       0.000       0.000       0.000       0.000       0.000       0.000
       0.000       0.000       0.000       0.000       0.000       0.000       0.000       0.000       0.000       0.000
       0.000       0.000       0.000       0.000       0.000       0.000       0.000       0.000       0.000       0.000
       0.000       0.000       0.000       0.000       0.000       0.000       0.000       0.000       0.000       0.000
       0.000       0.000       0.000       0.000       0.000       0.000       0.000       0.000       0.000       0.000
       0.000       0.000       0.000       0.000       0.000       0.000       0.000       0.000       0.000       0.000
       0.000       0.000       0.000       0.000       0.000       0.000       0.000       0.000       0.000       0.000
       0.000       0.000       0.000       0.000       0.000       0.000       0.000       0.000       0.000       0.000
       0.000       0.000       0.000       0.000       0.000       0.000       0.000       0.000       0.000       0.000
       0.000       0.000       0.000       0.000       0.000       0.000       0.000       0.000       0.000       0.000
       0.000       0.000       0.000       0.000       0.000       0.000       0.000       0.000       0.000       0.000
       0.000       0.000       0.000       0.000       0.000       0.000       0.000       0.000       0.000       0.000
       0.000       0.000       0.000       0.000       0.000       0.000       0.000       0.000       0.000       0.000
       0.000       0.000       0.000       0.000       0.000       0.000       0.000       0.000       0.000       0.000
       0.000       0.000       0.000       0.000       0.000       0.000       0.000       0.000       0.000       0.000
       0.000       0.000       0.000       0.000       0.000       0.000       0.000       0.000       0.000       0.000
       0.000       0.000       0.000       0.000       0.000       0.000       0.000       0.000       0.000       0.000
       0.000       0.000       0.000       0.000       0.000       0.000       0.000       0.000       0.000       0.000
       0.000       0.000       0.000       0.000       0.000       0.000       0.000       0.000       0.000       0.000
       0.000       0.000       0.000       0.000       0.000       0.000       0.000       0.000       0.000       0.000
       0.000       0.000       0.000       0.000       0.000       0.000       0.000       0.000       0.000       0.000
       0.000       0.000       0.000       0.000       0.000       0.000       0.000       0.000       0.000       0.000
       0.000       0.000       0.000       0.000       0.000       0.000       0.000       0.000       0.000       0.000
       0.000       0.000       0.000       0.000       0.000       0.000       0.000       0.000       0.000       0.000
       0.000       0.000       0.000       0.000       0.000       0.000       0.000       0.000       0.000       0.000
       0.000       0.000       0.000       0.000       0.000       0.000       0.000       0.000       0.000       0.000
       0.000       0.000       0.000       0.000       0.000       0.000       0.000       0.000       0.000       0.000
       0.000       0.000       0.000       0.000       0.000       0.000       0.000       0.000       0.000       0.000
       0.000       0.000       0.000       0.000       0.000       0.000       0.000       0.000       0.000       0.000
       0.000       0.000       0.000       0.000       0.000       0.000       0.000       0.000       0.000       0.000
       0.000       0.000       0.000       0.000       0.000       0.000       0.000       0.000       0.000       0.000
       0.000       0.000       0.000       0.000       0.000       0.000       0.000       0.000       0.000       0.000
       0.000       0.000       0.000       0.000       0.000       0.000       0.000       0.000       0.000       0.000
       0.000       0.000       0.000       0.000       0.000       0.000       0.000       0.000       0.000       0.000
       0.000       0.000       0.000       0.000       0.000       0.000       0.000       0.000       0.000       0.000
       0.000       0.000       0.000       0.000       0.000       0.000       0.000       0.000       0.000       0.000
       0.000       0.000       0.000       0.000       0.000       0.000       0.000       0.000       0.000       0.000
       0.000       0.000       0.000       0.000       0.000       0.000       0.000       0.000       0.000       0.000
       0.000       0.000       0.000       0.000       0.000       0.000       0.000       0.000       0.000       0.000
       0.000       0.000       0.000       0.000       0.000       0.000       0.000       0.000       0.000       0.000
       0.000       0.000       0.000       0.000       0.000       0.000       0.000       0.000       0.000       0.000
       0.000       0.000       0.000       0.000       0.000       0.000       0.000       0.000       0.000       0.000
       0.000       0.000       0.000       0.000       0.000       0.000       0.000       0.000       0.000       0.000
       0.000       0.000       0.000       0.000       0.000       0.000       0.000       0.000       0.000       0.000
       0.000       0.000       0.000       0.000       0.000       0.000       0.000       0.000       0.000       0.000
       0.000       0.000       0.000       0.000       0.000       0.000       0.000       0.000       0.000       0.000
       0.000       0.000       0.000       0.000       0.000       0.000       0.000       0.000       0.000       0.000
       0.000       0.000       0.000       0.000       0.000       0.000       0.000       0.000       0.000       0.000
       0.000       0.000       0.000       0.000       0.000       0.000       0.000       0.000       0.000       0.000
       0.000       0.000       0.000       0.000       0.000       0.000       0.000       0.000       0.000       0.000
       0.000       0.000       0.000       0.000       0.000       0.000       0.000       0.000       0.000       0.000
       0.000       0.000       0.000       0.000       0.000       0.000       0.000       0.000       0.000       0.000
       0.000       0.000       0.000       0.000       0.000       0.000       0.000       0.000       0.000       0.000
       0.000       0.000       0.000       0.000       0.000       0.000       0.000       0.000       0.000       0.000
       0.000       0.000       0.000       0.000       0.000       0.000       0.000       0.000       0.000       0.000
       0.000       0.000       0.000       0.000       0.000       0.000       0.000       0.000       0.000       0.000
       0.000       0.000       0.000       0.000       0.000       0.000       0.000       0.000       0.000       0.000
       0.000       0.000       0.000       0.000       0.000       0.000       0.000       0.000       0.000       0.000
       0.000       0.000       0.000       0.000       0.000       0.000       0.000       0.000       0.000       0.000
       0.000       0.000       0.000       0.000       0.000       0.000       0.000       0.000       0.000       0.000
       0.000       0.000       0.000       0.000       0.000       0.000       0.000       0.000       0.000       0.000
       0.000       0.000       0.000       0.000       0.000       0.000       0.000       0.000       0.000       0.000
       0.000       0.000       0.000       0.000       0.000       0.000       0.000       0.000       0.000       0.000
       0.000       0.000       0.000       0.000       0.000       0.000       0.000       0.000       0.000       0.000
       0.000       0.000       0.000       0.000       0.000       0.000       0.000       0.000       0.000       0.000
       0.000       0.000       0.000       0.000       0.000       0.000       0.000       0.000       0.000       0.000
       0.000       0.000       0.000       0.000       0.000       0.000       0.000       0.000       0.000       0.000
       0.000       0.000       0.000       0.000       0.000       0.000       0.000       0.000       0.000       0.000
       0.000       0.000       0.000       0.000       0.000       0.000       0.000       0.000       0.000       0.000
       0.000       0.000       0.000       0.000       0.000       0.000       0.000       0.000       0.000       0.000
       0.000       0.000       0.000       0.000       0.000       0.000       0.000       0.000       0.000       0.000
       0.000       0.000       0.000       0.000       0.000       0.000       0.000       0.000       0.000       0.000
       0.000       0.000       0.000       0.000       0.000       0.000       0.000       0.000       0.000       0.000
       0.000       0.000       0.000       0.000       0.000       0.000